0.500000 	82.008476 	123.000000 	193.930237 	-99.000000 
0.600000 	82.008476 	123.000000 	193.930237 	-99.000000 
0.700000 	82.008476 	123.000000 	193.930237 	-99.000000 
0.800000 	82.008476 	123.000000 	193.930237 	-99.000000 
0.900000 	82.008476 	123.000000 	193.930237 	-99.000000 
1.000000 	82.008476 	123.000000 	193.930237 	-99.000000 
1.100000 	82.008476 	123.000000 	193.930237 	-99.000000 
1.200000 	82.008476 	123.000000 	193.930237 	-99.000000 
1.300000 	82.008476 	123.000000 	193.930237 	-99.000000 
1.400000 	82.008476 	123.000000 	193.930237 	-99.000000 
1.500000 	86.304512 	123.000000 	165.647522 	-99.000000 
1.600000 	86.304512 	123.000000 	165.647522 	-99.000000 
1.700000 	86.304512 	123.000000 	165.647522 	-99.000000 
1.800000 	86.304512 	123.000000 	165.647522 	-99.000000 
1.900000 	86.304512 	123.000000 	165.647522 	-99.000000 
2.000000 	86.304512 	123.000000 	165.647522 	-99.000000 
2.100000 	86.304512 	123.000000 	165.647522 	-99.000000 
2.200000 	86.304512 	123.000000 	165.647522 	-99.000000 
2.300000 	86.304512 	123.000000 	165.647522 	-99.000000 
2.400000 	86.304512 	123.000000 	165.647522 	-99.000000 
2.500000 	96.463676 	123.000000 	154.783798 	-99.000000 
2.600000 	96.463676 	123.000000 	154.783798 	-99.000000 
2.700000 	96.463676 	123.000000 	154.783798 	-99.000000 
2.800000 	96.463676 	123.000000 	154.783798 	-99.000000 
2.900000 	96.463676 	123.000000 	154.783798 	-99.000000 
3.000000 	96.463676 	123.000000 	154.783798 	-99.000000 
3.100000 	96.463676 	123.000000 	154.783798 	-99.000000 
3.200000 	96.463676 	123.000000 	154.783798 	-99.000000 
3.300000 	96.463676 	123.000000 	154.783798 	-99.000000 
3.400000 	96.463676 	123.000000 	154.783798 	-99.000000 
3.500000 	103.094833 	123.000000 	148.577530 	-99.000000 
3.600000 	103.094833 	123.000000 	148.577530 	-99.000000 
3.700000 	103.094833 	123.000000 	148.577530 	-99.000000 
3.800000 	103.094833 	123.000000 	148.577530 	-99.000000 
3.900000 	103.094833 	123.000000 	148.577530 	-99.000000 
4.000000 	103.094833 	123.000000 	148.577530 	-99.000000 
4.100000 	103.094833 	123.000000 	148.577530 	-99.000000 
4.200000 	103.094833 	123.000000 	148.577530 	-99.000000 
4.300000 	103.094833 	123.000000 	148.577530 	-99.000000 
4.400000 	103.094833 	123.000000 	148.577530 	-99.000000 
4.500000 	107.414253 	123.000000 	144.669113 	-99.000000 
4.600000 	107.414253 	123.000000 	144.669113 	-99.000000 
4.700000 	107.414253 	123.000000 	144.669113 	-99.000000 
4.800000 	107.414253 	123.000000 	144.669113 	-99.000000 
4.900000 	107.414253 	123.000000 	144.669113 	-99.000000 
5.000000 	107.414253 	123.000000 	144.669113 	-99.000000 
5.100000 	107.414253 	123.000000 	144.669113 	-99.000000 
5.200000 	107.414253 	123.000000 	144.669113 	-99.000000 
5.300000 	107.414253 	123.000000 	144.669113 	-99.000000 
5.400000 	107.414253 	123.000000 	144.669113 	-99.000000 
5.500000 	110.385544 	123.000000 	141.961151 	-99.000000 
5.600000 	110.385544 	123.000000 	141.961151 	-99.000000 
5.700000 	110.385544 	123.000000 	141.961151 	-99.000000 
5.800000 	110.385544 	123.000000 	141.961151 	-99.000000 
5.900000 	110.385544 	123.000000 	141.961151 	-99.000000 
6.000000 	110.385544 	123.000000 	141.961151 	-99.000000 
6.100000 	110.385544 	123.000000 	141.961151 	-99.000000 
6.200000 	110.385544 	123.000000 	141.961151 	-99.000000 
6.300000 	110.385544 	123.000000 	141.961151 	-99.000000 
6.400000 	110.385544 	123.000000 	141.961151 	-99.000000 
6.500000 	112.532463 	123.000000 	139.994339 	-99.000000 
6.600000 	112.532463 	123.000000 	139.994339 	-99.000000 
6.700000 	112.532463 	123.000000 	139.994339 	-99.000000 
6.800000 	112.532463 	123.000000 	139.994339 	-99.000000 
6.900000 	112.532463 	123.000000 	139.994339 	-99.000000 
7.000000 	112.532463 	123.000000 	139.994339 	-99.000000 
7.100000 	112.532463 	123.000000 	139.994339 	-99.000000 
7.200000 	112.532463 	123.000000 	139.994339 	-99.000000 
7.300000 	112.532463 	123.000000 	139.994339 	-99.000000 
7.400000 	112.532463 	123.000000 	139.994339 	-99.000000 
7.500000 	114.145790 	123.000000 	138.509247 	-99.000000 
7.600000 	114.145790 	123.000000 	138.509247 	-99.000000 
7.700000 	114.145790 	123.000000 	138.509247 	-99.000000 
7.800000 	114.145790 	123.000000 	138.509247 	-99.000000 
7.900000 	114.145790 	123.000000 	138.509247 	-99.000000 
8.000000 	114.145790 	123.000000 	138.509247 	-99.000000 
8.100000 	114.145790 	123.000000 	138.509247 	-99.000000 
8.200000 	114.145790 	123.000000 	138.509247 	-99.000000 
8.300000 	114.145790 	123.000000 	138.509247 	-99.000000 
8.400000 	114.145790 	123.000000 	138.509247 	-99.000000 
8.500000 	115.396324 	123.000000 	137.353714 	-99.000000 
8.600000 	115.396324 	123.000000 	137.353714 	-99.000000 
8.700000 	115.396324 	123.000000 	137.353714 	-99.000000 
8.800000 	115.396324 	123.000000 	137.353714 	-99.000000 
8.900000 	115.396324 	123.000000 	137.353714 	-99.000000 
9.000000 	115.396324 	123.000000 	137.353714 	-99.000000 
9.100000 	115.396324 	123.000000 	137.353714 	-99.000000 
9.200000 	115.396324 	123.000000 	137.353714 	-99.000000 
9.300000 	115.396324 	123.000000 	137.353714 	-99.000000 
9.400000 	115.396324 	123.000000 	137.353714 	-99.000000 
9.500000 	116.389977 	123.000000 	136.433014 	-99.000000 
9.600000 	116.389977 	123.000000 	136.433014 	-99.000000 
9.700000 	116.389977 	123.000000 	136.433014 	-99.000000 
9.800000 	116.389977 	123.000000 	136.433014 	-99.000000 
9.900000 	116.389977 	123.000000 	136.433014 	-99.000000 
10.000000 	116.389977 	123.000000 	136.433014 	-99.000000 
10.100000 	116.389977 	123.000000 	136.433014 	-99.000000 
10.200000 	116.389977 	123.000000 	136.433014 	-99.000000 
10.300000 	116.389977 	123.000000 	136.433014 	-99.000000 
10.400000 	116.389977 	123.000000 	136.433014 	-99.000000 
10.500000 	117.195580 	123.000000 	135.685242 	-99.000000 
10.600000 	117.195580 	123.000000 	135.685242 	-99.000000 
10.700000 	117.195580 	123.000000 	135.685242 	-99.000000 
10.800000 	117.195580 	123.000000 	135.685242 	-99.000000 
10.900000 	117.195580 	123.000000 	135.685242 	-99.000000 
11.000000 	117.195580 	123.000000 	135.685242 	-99.000000 
11.100000 	117.195580 	123.000000 	135.685242 	-99.000000 
11.200000 	117.195580 	123.000000 	135.685242 	-99.000000 
11.300000 	117.195580 	123.000000 	135.685242 	-99.000000 
11.400000 	117.195580 	123.000000 	135.685242 	-99.000000 
11.500000 	117.859688 	123.000000 	135.068344 	-99.000000 
11.600000 	117.859688 	123.000000 	135.068344 	-99.000000 
11.700000 	117.859688 	123.000000 	135.068344 	-99.000000 
11.800000 	117.859688 	123.000000 	135.068344 	-99.000000 
11.900000 	117.859688 	123.000000 	135.068344 	-99.000000 
12.000000 	117.859688 	123.000000 	135.068344 	-99.000000 
12.100000 	117.859688 	123.000000 	135.068344 	-99.000000 
12.200000 	117.859688 	123.000000 	135.068344 	-99.000000 
12.300000 	117.859688 	123.000000 	135.068344 	-99.000000 
12.400000 	117.859688 	123.000000 	135.068344 	-99.000000 
12.500000 	118.414810 	123.000000 	134.552734 	-99.000000 
12.600000 	118.414810 	123.000000 	134.552734 	-99.000000 
12.700000 	118.414810 	123.000000 	134.552734 	-99.000000 
12.800000 	118.414810 	123.000000 	134.552734 	-99.000000 
12.900000 	118.414810 	123.000000 	134.552734 	-99.000000 
13.000000 	118.414810 	123.000000 	134.552734 	-99.000000 
13.100000 	118.414810 	123.000000 	134.552734 	-99.000000 
13.200000 	118.414810 	123.000000 	134.552734 	-99.000000 
13.300000 	118.414810 	123.000000 	134.552734 	-99.000000 
13.400000 	118.414810 	123.000000 	134.552734 	-99.000000 
13.500000 	118.884377 	123.000000 	134.117035 	-99.000000 
13.600000 	118.884377 	123.000000 	134.117035 	-99.000000 
13.700000 	118.884377 	123.000000 	134.117035 	-99.000000 
13.800000 	118.884377 	123.000000 	134.117035 	-99.000000 
13.900000 	118.884377 	123.000000 	134.117035 	-99.000000 
14.000000 	118.884377 	123.000000 	134.117035 	-99.000000 
14.100000 	118.884377 	123.000000 	134.117035 	-99.000000 
14.200000 	118.884377 	123.000000 	134.117035 	-99.000000 
14.300000 	118.884377 	123.000000 	134.117035 	-99.000000 
14.400000 	118.884377 	123.000000 	134.117035 	-99.000000 
14.500000 	119.285606 	123.000000 	133.745422 	-99.000000 
14.600000 	119.285606 	123.000000 	133.745422 	-99.000000 
14.700000 	119.285606 	123.000000 	133.745422 	-99.000000 
14.800000 	119.285606 	123.000000 	133.745422 	-99.000000 
14.900000 	119.285606 	123.000000 	133.745422 	-99.000000 
15.000000 	119.285606 	123.000000 	133.745422 	-99.000000 
15.100000 	119.285606 	123.000000 	133.745422 	-99.000000 
15.200000 	119.285606 	123.000000 	133.745422 	-99.000000 
15.300000 	119.285606 	123.000000 	133.745422 	-99.000000 
15.400000 	119.285606 	123.000000 	133.745422 	-99.000000 
15.500000 	119.631500 	123.000000 	133.425919 	-99.000000 
15.600000 	119.631500 	123.000000 	133.425919 	-99.000000 
15.700000 	119.631500 	123.000000 	133.425919 	-99.000000 
15.800000 	119.631500 	123.000000 	133.425919 	-99.000000 
15.900000 	119.631500 	123.000000 	133.425919 	-99.000000 
16.000000 	119.631500 	123.000000 	133.425919 	-99.000000 
16.100000 	119.631500 	123.000000 	133.425919 	-99.000000 
16.200000 	119.631500 	123.000000 	133.425919 	-99.000000 
16.300000 	119.631500 	123.000000 	133.425919 	-99.000000 
16.400000 	119.631500 	123.000000 	133.425919 	-99.000000 
16.500000 	119.931992 	123.000000 	133.149323 	-99.000000 
16.600000 	119.931992 	123.000000 	133.149323 	-99.000000 
16.700000 	119.931992 	123.000000 	133.149323 	-99.000000 
16.800000 	119.931992 	123.000000 	133.149323 	-99.000000 
16.900000 	119.931992 	123.000000 	133.149323 	-99.000000 
17.000000 	119.931992 	123.000000 	133.149323 	-99.000000 
17.100000 	119.931992 	123.000000 	133.149323 	-99.000000 
17.200000 	119.931992 	123.000000 	133.149323 	-99.000000 
17.300000 	119.931992 	123.000000 	133.149323 	-99.000000 
17.400000 	119.931992 	123.000000 	133.149323 	-99.000000 
17.500000 	120.194832 	123.000000 	132.908432 	-99.000000 
17.600000 	120.194832 	123.000000 	132.908432 	-99.000000 
17.700000 	120.194832 	123.000000 	132.908432 	-99.000000 
17.800000 	120.194832 	123.000000 	132.908432 	-99.000000 
17.900000 	120.194832 	123.000000 	132.908432 	-99.000000 
18.000000 	120.194832 	123.000000 	132.908432 	-99.000000 
18.100000 	120.194832 	123.000000 	132.908432 	-99.000000 
18.200000 	120.194832 	123.000000 	132.908432 	-99.000000 
18.300000 	120.194832 	123.000000 	132.908432 	-99.000000 
18.400000 	120.194832 	123.000000 	132.908432 	-99.000000 
18.500000 	120.426155 	123.000000 	132.697540 	-99.000000 
18.600000 	120.426155 	123.000000 	132.697540 	-99.000000 
18.700000 	120.426155 	123.000000 	132.697540 	-99.000000 
18.800000 	120.426155 	123.000000 	132.697540 	-99.000000 
18.900000 	120.426155 	123.000000 	132.697540 	-99.000000 
19.000000 	120.426155 	123.000000 	132.697540 	-99.000000 
19.100000 	120.426155 	123.000000 	132.697540 	-99.000000 
19.200000 	120.426155 	123.000000 	132.697540 	-99.000000 
19.300000 	120.426155 	123.000000 	132.697540 	-99.000000 
19.400000 	120.426155 	123.000000 	132.697540 	-99.000000 
19.500000 	120.630844 	123.000000 	132.512085 	-99.000000 
19.600000 	120.630844 	123.000000 	132.512085 	-99.000000 
19.700000 	120.630844 	123.000000 	132.512085 	-99.000000 
19.800000 	120.630844 	123.000000 	132.512085 	-99.000000 
19.900000 	120.630844 	123.000000 	132.512085 	-99.000000 
20.000000 	120.630844 	123.000000 	132.512085 	-99.000000 
20.100000 	120.630844 	123.000000 	132.512085 	-99.000000 
20.200000 	120.630844 	123.000000 	132.512085 	-99.000000 
20.300000 	120.630844 	123.000000 	132.512085 	-99.000000 
20.400000 	120.630844 	123.000000 	132.512085 	-99.000000 
20.500000 	120.812874 	123.000000 	132.348343 	-99.000000 
20.600000 	120.812874 	123.000000 	132.348343 	-99.000000 
20.700000 	120.812874 	123.000000 	132.348343 	-99.000000 
20.800000 	120.812874 	123.000000 	132.348343 	-99.000000 
20.900000 	120.812874 	123.000000 	132.348343 	-99.000000 
21.000000 	120.812874 	123.000000 	132.348343 	-99.000000 
21.100000 	120.812874 	123.000000 	132.348343 	-99.000000 
21.200000 	120.812874 	123.000000 	132.348343 	-99.000000 
21.300000 	120.812874 	123.000000 	132.348343 	-99.000000 
21.400000 	120.812874 	123.000000 	132.348343 	-99.000000 
21.500000 	120.975464 	123.000000 	132.203278 	-99.000000 
21.600000 	120.975464 	123.000000 	132.203278 	-99.000000 
21.700000 	120.975464 	123.000000 	132.203278 	-99.000000 
21.800000 	120.975464 	123.000000 	132.203278 	-99.000000 
21.900000 	120.975464 	123.000000 	132.203278 	-99.000000 
22.000000 	120.975464 	123.000000 	132.203278 	-99.000000 
22.100000 	120.975464 	123.000000 	132.203278 	-99.000000 
22.200000 	120.975464 	123.000000 	132.203278 	-99.000000 
22.300000 	120.975464 	123.000000 	132.203278 	-99.000000 
22.400000 	120.975464 	123.000000 	132.203278 	-99.000000 
22.500000 	121.121292 	123.000000 	132.074356 	-99.000000 
22.600000 	121.121292 	123.000000 	132.074356 	-99.000000 
22.700000 	121.121292 	123.000000 	132.074356 	-99.000000 
22.800000 	121.121292 	123.000000 	132.074356 	-99.000000 
22.900000 	121.121292 	123.000000 	132.074356 	-99.000000 
23.000000 	121.121292 	123.000000 	132.074356 	-99.000000 
23.100000 	121.121292 	123.000000 	132.074356 	-99.000000 
23.200000 	121.121292 	123.000000 	132.074356 	-99.000000 
23.300000 	121.121292 	123.000000 	132.074356 	-99.000000 
23.400000 	121.121292 	123.000000 	132.074356 	-99.000000 
23.500000 	121.252579 	123.000000 	131.959503 	-99.000000 
23.600000 	121.252579 	123.000000 	131.959503 	-99.000000 
23.700000 	121.252579 	123.000000 	131.959503 	-99.000000 
23.800000 	121.252579 	123.000000 	131.959503 	-99.000000 
23.900000 	121.252579 	123.000000 	131.959503 	-99.000000 
24.000000 	121.252579 	123.000000 	131.959503 	-99.000000 
24.100000 	121.252579 	123.000000 	131.959503 	-99.000000 
24.200000 	121.252579 	123.000000 	131.959503 	-99.000000 
24.300000 	121.252579 	123.000000 	131.959503 	-99.000000 
24.400000 	121.252579 	123.000000 	131.959503 	-99.000000 
24.500000 	121.371178 	123.000000 	131.856964 	-99.000000 
24.600000 	121.371178 	123.000000 	131.856964 	-99.000000 
24.700000 	121.371178 	123.000000 	131.856964 	-99.000000 
24.800000 	121.371178 	123.000000 	131.856964 	-99.000000 
24.900000 	121.371178 	123.000000 	131.856964 	-99.000000 
25.000000 	121.371178 	123.000000 	131.856964 	-99.000000 
25.100000 	121.371178 	123.000000 	131.856964 	-99.000000 
25.200000 	121.371178 	123.000000 	131.856964 	-99.000000 
25.300000 	121.371178 	123.000000 	131.856964 	-99.000000 
25.400000 	121.371178 	123.000000 	131.856964 	-99.000000 
25.500000 	121.478653 	123.000000 	131.765244 	-99.000000 
25.600000 	121.478653 	123.000000 	131.765244 	-99.000000 
25.700000 	121.478653 	123.000000 	131.765244 	-99.000000 
25.800000 	121.478653 	123.000000 	131.765244 	-99.000000 
25.900000 	121.478653 	123.000000 	131.765244 	-99.000000 
26.000000 	121.478653 	123.000000 	131.765244 	-99.000000 
26.100000 	121.478653 	123.000000 	131.765244 	-99.000000 
26.200000 	121.478653 	123.000000 	131.765244 	-99.000000 
26.300000 	121.478653 	123.000000 	131.765244 	-99.000000 
26.400000 	121.478653 	123.000000 	131.765244 	-99.000000 
26.500000 	121.576340 	123.000000 	131.683075 	-99.000000 
26.600000 	121.576340 	123.000000 	131.683075 	-99.000000 
26.700000 	121.576340 	123.000000 	131.683075 	-99.000000 
26.800000 	121.576340 	123.000000 	131.683075 	-99.000000 
26.900000 	121.576340 	123.000000 	131.683075 	-99.000000 
27.000000 	121.576340 	123.000000 	131.683075 	-99.000000 
27.100000 	121.576340 	123.000000 	131.683075 	-99.000000 
27.200000 	121.576340 	123.000000 	131.683075 	-99.000000 
27.300000 	121.576340 	123.000000 	131.683075 	-99.000000 
27.400000 	121.576340 	123.000000 	131.683075 	-99.000000 
27.500000 	121.665359 	123.000000 	131.609390 	-99.000000 
27.600000 	121.665359 	123.000000 	131.609390 	-99.000000 
27.700000 	121.665359 	123.000000 	131.609390 	-99.000000 
27.800000 	121.665359 	123.000000 	131.609390 	-99.000000 
27.900000 	121.665359 	123.000000 	131.609390 	-99.000000 
28.000000 	121.665359 	123.000000 	131.609390 	-99.000000 
28.100000 	121.665359 	123.000000 	131.609390 	-99.000000 
28.200000 	121.665359 	123.000000 	131.609390 	-99.000000 
28.300000 	121.665359 	123.000000 	131.609390 	-99.000000 
28.400000 	121.665359 	123.000000 	131.609390 	-99.000000 
28.500000 	121.746689 	123.000000 	131.543243 	-99.000000 
28.600000 	121.746689 	123.000000 	131.543243 	-99.000000 
28.700000 	121.746689 	123.000000 	131.543243 	-99.000000 
28.800000 	121.746689 	123.000000 	131.543243 	-99.000000 
28.900000 	121.746689 	123.000000 	131.543243 	-99.000000 
29.000000 	121.746689 	123.000000 	131.543243 	-99.000000 
29.100000 	121.746689 	123.000000 	131.543243 	-99.000000 
29.200000 	121.746689 	123.000000 	131.543243 	-99.000000 
29.300000 	121.746689 	123.000000 	131.543243 	-99.000000 
29.400000 	121.746689 	123.000000 	131.543243 	-99.000000 
29.500000 	121.821167 	123.000000 	131.483856 	-99.000000 
29.600000 	121.821167 	123.000000 	131.483856 	-99.000000 
29.700000 	121.821167 	123.000000 	131.483856 	-99.000000 
29.800000 	121.821167 	123.000000 	131.483856 	-99.000000 
29.900000 	121.821167 	123.000000 	131.483856 	-99.000000 
30.000000 	121.821167 	123.000000 	131.483856 	-99.000000 
30.100000 	121.821167 	123.000000 	131.483856 	-99.000000 
30.200000 	121.821167 	123.000000 	131.483856 	-99.000000 
30.300000 	121.821167 	123.000000 	131.483856 	-99.000000 
30.400000 	121.821167 	123.000000 	131.483856 	-99.000000 
30.500000 	121.889519 	123.000000 	131.430527 	-99.000000 
30.600000 	121.889519 	123.000000 	131.430527 	-99.000000 
30.700000 	121.889519 	123.000000 	131.430527 	-99.000000 
30.800000 	121.889519 	123.000000 	131.430527 	-99.000000 
30.900000 	121.889519 	123.000000 	131.430527 	-99.000000 
31.000000 	121.889519 	123.000000 	131.430527 	-99.000000 
31.100000 	121.889519 	123.000000 	131.430527 	-99.000000 
31.200000 	121.889519 	123.000000 	131.430527 	-99.000000 
31.300000 	121.889519 	123.000000 	131.430527 	-99.000000 
31.400000 	121.889519 	123.000000 	131.430527 	-99.000000 
31.500000 	121.952362 	123.000000 	131.382660 	-99.000000 
31.600000 	121.952362 	123.000000 	131.382660 	-99.000000 
31.700000 	121.952362 	123.000000 	131.382660 	-99.000000 
31.800000 	121.952362 	123.000000 	131.382660 	-99.000000 
31.900000 	121.952362 	123.000000 	131.382660 	-99.000000 
32.000000 	121.952362 	123.000000 	131.382660 	-99.000000 
32.100000 	121.952362 	123.000000 	131.382660 	-99.000000 
32.200000 	121.952362 	123.000000 	131.382660 	-99.000000 
32.300000 	121.952362 	123.000000 	131.382660 	-99.000000 
32.400000 	121.952362 	123.000000 	131.382660 	-99.000000 
32.500000 	122.010262 	123.000000 	131.339706 	-99.000000 
32.600000 	122.010262 	123.000000 	131.339706 	-99.000000 
32.700000 	122.010262 	123.000000 	131.339706 	-99.000000 
32.800000 	122.010262 	123.000000 	131.339706 	-99.000000 
32.900000 	122.010262 	123.000000 	131.339706 	-99.000000 
33.000000 	122.010262 	123.000000 	131.339706 	-99.000000 
33.100000 	122.010262 	123.000000 	131.339706 	-99.000000 
33.200000 	122.010262 	123.000000 	131.339706 	-99.000000 
33.300000 	122.010262 	123.000000 	131.339706 	-99.000000 
33.400000 	122.010262 	123.000000 	131.339706 	-99.000000 
33.500000 	122.063698 	123.000000 	131.301208 	-99.000000 
33.600000 	122.063698 	123.000000 	131.301208 	-99.000000 
33.700000 	122.063698 	123.000000 	131.301208 	-99.000000 
33.800000 	122.063698 	123.000000 	131.301208 	-99.000000 
33.900000 	122.063698 	123.000000 	131.301208 	-99.000000 
34.000000 	122.063698 	123.000000 	131.301208 	-99.000000 
34.100000 	122.063698 	123.000000 	131.301208 	-99.000000 
34.200000 	122.063698 	123.000000 	131.301208 	-99.000000 
34.300000 	122.063698 	123.000000 	131.301208 	-99.000000 
34.400000 	122.063698 	123.000000 	131.301208 	-99.000000 
34.500000 	122.113075 	123.000000 	131.266769 	-99.000000 
34.600000 	122.113075 	123.000000 	131.266769 	-99.000000 
34.700000 	122.113075 	123.000000 	131.266769 	-99.000000 
34.800000 	122.113075 	123.000000 	131.266769 	-99.000000 
34.900000 	122.113075 	123.000000 	131.266769 	-99.000000 
35.000000 	122.113075 	123.000000 	131.266769 	-99.000000 
35.100000 	122.113075 	123.000000 	131.266769 	-99.000000 
35.200000 	122.113075 	123.000000 	131.266769 	-99.000000 
35.300000 	122.113075 	123.000000 	131.266769 	-99.000000 
35.400000 	122.113075 	123.000000 	131.266769 	-99.000000 
35.500000 	122.158783 	123.000000 	131.236023 	-99.000000 
35.600000 	122.158783 	123.000000 	131.236023 	-99.000000 
35.700000 	122.158783 	123.000000 	131.236023 	-99.000000 
35.800000 	122.158783 	123.000000 	131.236023 	-99.000000 
35.900000 	122.158783 	123.000000 	131.236023 	-99.000000 
36.000000 	122.158783 	123.000000 	131.236023 	-99.000000 
36.100000 	122.158783 	123.000000 	131.236023 	-99.000000 
36.200000 	122.158783 	123.000000 	131.236023 	-99.000000 
36.300000 	122.158783 	123.000000 	131.236023 	-99.000000 
36.400000 	122.158783 	123.000000 	131.236023 	-99.000000 
36.500000 	122.201141 	123.000000 	131.208664 	-99.000000 
36.600000 	122.201141 	123.000000 	131.208664 	-99.000000 
36.700000 	122.201141 	123.000000 	131.208664 	-99.000000 
36.800000 	122.201141 	123.000000 	131.208664 	-99.000000 
36.900000 	122.201141 	123.000000 	131.208664 	-99.000000 
37.000000 	122.201141 	123.000000 	131.208664 	-99.000000 
37.100000 	122.201141 	123.000000 	131.208664 	-99.000000 
37.200000 	122.201141 	123.000000 	131.208664 	-99.000000 
37.300000 	122.201141 	123.000000 	131.208664 	-99.000000 
37.400000 	122.201141 	123.000000 	131.208664 	-99.000000 
37.500000 	122.240448 	123.000000 	131.184387 	-99.000000 
37.600000 	122.240448 	123.000000 	131.184387 	-99.000000 
37.700000 	122.240448 	123.000000 	131.184387 	-99.000000 
37.800000 	122.240448 	123.000000 	131.184387 	-99.000000 
37.900000 	122.240448 	123.000000 	131.184387 	-99.000000 
38.000000 	122.240448 	123.000000 	131.184387 	-99.000000 
38.100000 	122.240448 	123.000000 	131.184387 	-99.000000 
38.200000 	122.240448 	123.000000 	131.184387 	-99.000000 
38.300000 	122.240448 	123.000000 	131.184387 	-99.000000 
38.400000 	122.240448 	123.000000 	131.184387 	-99.000000 
38.500000 	122.276955 	123.000000 	131.162949 	-99.000000 
38.600000 	122.276955 	123.000000 	131.162949 	-99.000000 
38.700000 	122.276955 	123.000000 	131.162949 	-99.000000 
38.800000 	122.276955 	123.000000 	131.162949 	-99.000000 
38.900000 	122.276955 	123.000000 	131.162949 	-99.000000 
39.000000 	122.276955 	123.000000 	131.162949 	-99.000000 
39.100000 	122.276955 	123.000000 	131.162949 	-99.000000 
39.200000 	122.276955 	123.000000 	131.162949 	-99.000000 
39.300000 	122.276955 	123.000000 	131.162949 	-99.000000 
39.400000 	122.276955 	123.000000 	131.162949 	-99.000000 
39.500000 	122.310898 	123.000000 	131.144135 	-99.000000 
39.600000 	122.310898 	123.000000 	131.144135 	-99.000000 
39.700000 	122.310898 	123.000000 	131.144135 	-99.000000 
39.800000 	122.310898 	123.000000 	131.144135 	-99.000000 
39.900000 	122.310898 	123.000000 	131.144135 	-99.000000 
40.000000 	122.310898 	123.000000 	131.144135 	-99.000000 
40.100000 	122.310898 	123.000000 	131.144135 	-99.000000 
40.200000 	122.310898 	123.000000 	131.144135 	-99.000000 
40.300000 	122.310898 	123.000000 	131.144135 	-99.000000 
40.400000 	122.310898 	123.000000 	131.144135 	-99.000000 
40.500000 	122.342484 	123.000000 	131.127731 	-99.000000 
40.600000 	122.342484 	123.000000 	131.127731 	-99.000000 
40.700000 	122.342484 	123.000000 	131.127731 	-99.000000 
40.800000 	122.342484 	123.000000 	131.127731 	-99.000000 
40.900000 	122.342484 	123.000000 	131.127731 	-99.000000 
41.000000 	122.342484 	123.000000 	131.127731 	-99.000000 
41.100000 	122.342484 	123.000000 	131.127731 	-99.000000 
41.200000 	122.342484 	123.000000 	131.127731 	-99.000000 
41.300000 	122.342484 	123.000000 	131.127731 	-99.000000 
41.400000 	122.342484 	123.000000 	131.127731 	-99.000000 
41.500000 	122.371887 	123.000000 	131.113571 	-99.000000 
41.600000 	122.371887 	123.000000 	131.113571 	-99.000000 
41.700000 	122.371887 	123.000000 	131.113571 	-99.000000 
41.800000 	122.371887 	123.000000 	131.113571 	-99.000000 
41.900000 	122.371887 	123.000000 	131.113571 	-99.000000 
42.000000 	122.371887 	123.000000 	131.113571 	-99.000000 
42.100000 	122.371887 	123.000000 	131.113571 	-99.000000 
42.200000 	122.371887 	123.000000 	131.113571 	-99.000000 
42.300000 	122.371887 	123.000000 	131.113571 	-99.000000 
42.400000 	122.371887 	123.000000 	131.113571 	-99.000000 
42.500000 	122.399284 	123.000000 	131.101471 	-99.000000 
42.600000 	122.399284 	123.000000 	131.101471 	-99.000000 
42.700000 	122.399284 	123.000000 	131.101471 	-99.000000 
42.800000 	122.399284 	123.000000 	131.101471 	-99.000000 
42.900000 	122.399284 	123.000000 	131.101471 	-99.000000 
43.000000 	122.399284 	123.000000 	131.101471 	-99.000000 
43.100000 	122.399284 	123.000000 	131.101471 	-99.000000 
43.200000 	122.399284 	123.000000 	131.101471 	-99.000000 
43.300000 	122.399284 	123.000000 	131.101471 	-99.000000 
43.400000 	122.399284 	123.000000 	131.101471 	-99.000000 
43.500000 	122.424812 	123.000000 	131.091309 	-99.000000 
43.600000 	122.424812 	123.000000 	131.091309 	-99.000000 
43.700000 	122.424812 	123.000000 	131.091309 	-99.000000 
43.800000 	122.424812 	123.000000 	131.091309 	-99.000000 
43.900000 	122.424812 	123.000000 	131.091309 	-99.000000 
44.000000 	122.424812 	123.000000 	131.091309 	-99.000000 
44.100000 	122.424812 	123.000000 	131.091309 	-99.000000 
44.200000 	122.424812 	123.000000 	131.091309 	-99.000000 
44.300000 	122.424812 	123.000000 	131.091309 	-99.000000 
44.400000 	122.424812 	123.000000 	131.091309 	-99.000000 
44.500000 	122.448624 	123.000000 	131.082947 	-99.000000 
44.600000 	122.448624 	123.000000 	131.082947 	-99.000000 
44.700000 	122.448624 	123.000000 	131.082947 	-99.000000 
44.800000 	122.448624 	123.000000 	131.082947 	-99.000000 
44.900000 	122.448624 	123.000000 	131.082947 	-99.000000 
45.000000 	122.448624 	123.000000 	131.082947 	-99.000000 
45.100000 	122.448624 	123.000000 	131.082947 	-99.000000 
45.200000 	122.448624 	123.000000 	131.082947 	-99.000000 
45.300000 	122.448624 	123.000000 	131.082947 	-99.000000 
45.400000 	122.448624 	123.000000 	131.082947 	-99.000000 
45.500000 	122.470810 	123.000000 	131.076248 	-99.000000 
45.600000 	122.470810 	123.000000 	131.076248 	-99.000000 
45.700000 	122.470810 	123.000000 	131.076248 	-99.000000 
45.800000 	122.470810 	123.000000 	131.076248 	-99.000000 
45.900000 	122.470810 	123.000000 	131.076248 	-99.000000 
46.000000 	122.470810 	123.000000 	131.076248 	-99.000000 
46.100000 	122.470810 	123.000000 	131.076248 	-99.000000 
46.200000 	122.470810 	123.000000 	131.076248 	-99.000000 
46.300000 	122.470810 	123.000000 	131.076248 	-99.000000 
46.400000 	122.470810 	123.000000 	131.076248 	-99.000000 
46.500000 	122.491501 	123.000000 	131.071136 	-99.000000 
46.600000 	122.491501 	123.000000 	131.071136 	-99.000000 
46.700000 	122.491501 	123.000000 	131.071136 	-99.000000 
46.800000 	122.491501 	123.000000 	131.071136 	-99.000000 
46.900000 	122.491501 	123.000000 	131.071136 	-99.000000 
47.000000 	122.491501 	123.000000 	131.071136 	-99.000000 
47.100000 	122.491501 	123.000000 	131.071136 	-99.000000 
47.200000 	122.491501 	123.000000 	131.071136 	-99.000000 
47.300000 	122.491501 	123.000000 	131.071136 	-99.000000 
47.400000 	122.491501 	123.000000 	131.071136 	-99.000000 
47.500000 	122.510788 	123.000000 	131.067490 	-99.000000 
47.600000 	122.510788 	123.000000 	131.067490 	-99.000000 
47.700000 	122.510788 	123.000000 	131.067490 	-99.000000 
47.800000 	122.510788 	123.000000 	131.067490 	-99.000000 
47.900000 	122.510788 	123.000000 	131.067490 	-99.000000 
48.000000 	122.510788 	123.000000 	131.067490 	-99.000000 
48.100000 	122.510788 	123.000000 	131.067490 	-99.000000 
48.200000 	122.510788 	123.000000 	131.067490 	-99.000000 
48.300000 	122.510788 	123.000000 	131.067490 	-99.000000 
48.400000 	122.510788 	123.000000 	131.067490 	-99.000000 
48.500000 	122.528755 	123.000000 	131.065247 	-99.000000 
48.600000 	122.528755 	123.000000 	131.065247 	-99.000000 
48.700000 	122.528755 	123.000000 	131.065247 	-99.000000 
48.800000 	122.528755 	123.000000 	131.065247 	-99.000000 
48.900000 	122.528755 	123.000000 	131.065247 	-99.000000 
49.000000 	122.528755 	123.000000 	131.065247 	-99.000000 
49.100000 	122.528755 	123.000000 	131.065247 	-99.000000 
49.200000 	122.528755 	123.000000 	131.065247 	-99.000000 
49.300000 	122.528755 	123.000000 	131.065247 	-99.000000 
49.400000 	122.528755 	123.000000 	131.065247 	-99.000000 
49.500000 	122.545494 	123.000000 	131.064301 	-99.000000 
49.600000 	122.545494 	123.000000 	131.064301 	-99.000000 
49.700000 	122.545494 	123.000000 	131.064301 	-99.000000 
49.800000 	122.545494 	123.000000 	131.064301 	-99.000000 
49.900000 	122.545494 	123.000000 	131.064301 	-99.000000 
50.000000 	122.545494 	123.000000 	131.064301 	-99.000000 
50.100000 	122.545494 	123.000000 	131.064301 	-99.000000 
50.200000 	122.545494 	123.000000 	131.064301 	-99.000000 
50.300000 	122.545494 	123.000000 	131.064301 	-99.000000 
50.400000 	122.545494 	123.000000 	131.064301 	-99.000000 
50.500000 	122.561066 	123.000000 	131.064590 	-99.000000 
50.600000 	122.561066 	123.000000 	131.064590 	-99.000000 
50.700000 	122.561066 	123.000000 	131.064590 	-99.000000 
50.800000 	122.561066 	123.000000 	131.064590 	-99.000000 
50.900000 	122.561066 	123.000000 	131.064590 	-99.000000 
51.000000 	122.561066 	123.000000 	131.064590 	-99.000000 
51.100000 	122.561066 	123.000000 	131.064590 	-99.000000 
51.200000 	122.561066 	123.000000 	131.064590 	-99.000000 
51.300000 	122.561066 	123.000000 	131.064590 	-99.000000 
51.400000 	122.561066 	123.000000 	131.064590 	-99.000000 
51.500000 	122.575539 	123.000000 	131.066055 	-99.000000 
51.600000 	122.575539 	123.000000 	131.066055 	-99.000000 
51.700000 	122.575539 	123.000000 	131.066055 	-99.000000 
51.800000 	122.575539 	123.000000 	131.066055 	-99.000000 
51.900000 	122.575539 	123.000000 	131.066055 	-99.000000 
52.000000 	122.575539 	123.000000 	131.066055 	-99.000000 
52.100000 	122.575539 	123.000000 	131.066055 	-99.000000 
52.200000 	122.575539 	123.000000 	131.066055 	-99.000000 
52.300000 	122.575539 	123.000000 	131.066055 	-99.000000 
52.400000 	122.575539 	123.000000 	131.066055 	-99.000000 
52.500000 	122.588974 	123.000000 	131.068634 	-99.000000 
52.600000 	122.588974 	123.000000 	131.068634 	-99.000000 
52.700000 	122.588974 	123.000000 	131.068634 	-99.000000 
52.800000 	122.588974 	123.000000 	131.068634 	-99.000000 
52.900000 	122.588974 	123.000000 	131.068634 	-99.000000 
53.000000 	122.588974 	123.000000 	131.068634 	-99.000000 
53.100000 	122.588974 	123.000000 	131.068634 	-99.000000 
53.200000 	122.588974 	123.000000 	131.068634 	-99.000000 
53.300000 	122.588974 	123.000000 	131.068634 	-99.000000 
53.400000 	122.588974 	123.000000 	131.068634 	-99.000000 
53.500000 	122.601425 	123.000000 	131.072266 	-99.000000 
53.600000 	122.601425 	123.000000 	131.072266 	-99.000000 
53.700000 	122.601425 	123.000000 	131.072266 	-99.000000 
53.800000 	122.601425 	123.000000 	131.072266 	-99.000000 
53.900000 	122.601425 	123.000000 	131.072266 	-99.000000 
54.000000 	122.601425 	123.000000 	131.072266 	-99.000000 
54.100000 	122.601425 	123.000000 	131.072266 	-99.000000 
54.200000 	122.601425 	123.000000 	131.072266 	-99.000000 
54.300000 	122.601425 	123.000000 	131.072266 	-99.000000 
54.400000 	122.601425 	123.000000 	131.072266 	-99.000000 
54.500000 	122.612946 	123.000000 	131.076904 	-99.000000 
54.600000 	122.612946 	123.000000 	131.076904 	-99.000000 
54.700000 	122.612946 	123.000000 	131.076904 	-99.000000 
54.800000 	122.612946 	123.000000 	131.076904 	-99.000000 
54.900000 	122.612946 	123.000000 	131.076904 	-99.000000 
55.000000 	122.612946 	123.000000 	131.076904 	-99.000000 
55.100000 	122.612946 	123.000000 	131.076904 	-99.000000 
55.200000 	122.612946 	123.000000 	131.076904 	-99.000000 
55.300000 	122.612946 	123.000000 	131.076904 	-99.000000 
55.400000 	122.612946 	123.000000 	131.076904 	-99.000000 
55.500000 	122.623573 	123.000000 	131.082504 	-99.000000 
55.600000 	122.623573 	123.000000 	131.082504 	-99.000000 
55.700000 	122.623573 	123.000000 	131.082504 	-99.000000 
55.800000 	122.623573 	123.000000 	131.082504 	-99.000000 
55.900000 	122.623573 	123.000000 	131.082504 	-99.000000 
56.000000 	122.623573 	123.000000 	131.082504 	-99.000000 
56.100000 	122.623573 	123.000000 	131.082504 	-99.000000 
56.200000 	122.623573 	123.000000 	131.082504 	-99.000000 
56.300000 	122.623573 	123.000000 	131.082504 	-99.000000 
56.400000 	122.623573 	123.000000 	131.082504 	-99.000000 
56.500000 	122.633354 	123.000000 	131.089020 	-99.000000 
56.600000 	122.633354 	123.000000 	131.089020 	-99.000000 
56.700000 	122.633354 	123.000000 	131.089020 	-99.000000 
56.800000 	122.633354 	123.000000 	131.089020 	-99.000000 
56.900000 	122.633354 	123.000000 	131.089020 	-99.000000 
57.000000 	122.633354 	123.000000 	131.089020 	-99.000000 
57.100000 	122.633354 	123.000000 	131.089020 	-99.000000 
57.200000 	122.633354 	123.000000 	131.089020 	-99.000000 
57.300000 	122.633354 	123.000000 	131.089020 	-99.000000 
57.400000 	122.633354 	123.000000 	131.089020 	-99.000000 
57.500000 	122.642326 	123.000000 	131.096420 	-99.000000 
57.600000 	122.642326 	123.000000 	131.096420 	-99.000000 
57.700000 	122.642326 	123.000000 	131.096420 	-99.000000 
57.800000 	122.642326 	123.000000 	131.096420 	-99.000000 
57.900000 	122.642326 	123.000000 	131.096420 	-99.000000 
58.000000 	122.642326 	123.000000 	131.096420 	-99.000000 
58.100000 	122.642326 	123.000000 	131.096420 	-99.000000 
58.200000 	122.642326 	123.000000 	131.096420 	-99.000000 
58.300000 	122.642326 	123.000000 	131.096420 	-99.000000 
58.400000 	122.642326 	123.000000 	131.096420 	-99.000000 
58.500000 	122.650513 	123.000000 	131.104675 	-99.000000 
58.600000 	122.650513 	123.000000 	131.104675 	-99.000000 
58.700000 	122.650513 	123.000000 	131.104675 	-99.000000 
58.800000 	122.650513 	123.000000 	131.104675 	-99.000000 
58.900000 	122.650513 	123.000000 	131.104675 	-99.000000 
59.000000 	122.650513 	123.000000 	131.104675 	-99.000000 
59.100000 	122.650513 	123.000000 	131.104675 	-99.000000 
59.200000 	122.650513 	123.000000 	131.104675 	-99.000000 
59.300000 	122.650513 	123.000000 	131.104675 	-99.000000 
59.400000 	122.650513 	123.000000 	131.104675 	-99.000000 
59.500000 	122.657959 	123.000000 	131.113739 	-99.000000 
59.600000 	122.657959 	123.000000 	131.113739 	-99.000000 
59.700000 	122.657959 	123.000000 	131.113739 	-99.000000 
59.800000 	122.657959 	123.000000 	131.113739 	-99.000000 
59.900000 	122.657959 	123.000000 	131.113739 	-99.000000 
60.000000 	122.657959 	123.000000 	131.113739 	-99.000000 
