0.500000 	78.499855 	107.000000 	185.753082 	-99.000000 
0.600000 	78.499855 	107.000000 	185.753082 	-99.000000 
0.700000 	78.499855 	107.000000 	185.753082 	-99.000000 
0.800000 	78.499855 	107.000000 	185.753082 	-99.000000 
0.900000 	78.499855 	107.000000 	185.753082 	-99.000000 
1.000000 	78.499855 	107.000000 	185.753082 	-99.000000 
1.100000 	78.499855 	107.000000 	185.753082 	-99.000000 
1.200000 	78.499855 	107.000000 	185.753082 	-99.000000 
1.300000 	78.499855 	107.000000 	185.753082 	-99.000000 
1.400000 	78.499855 	107.000000 	185.753082 	-99.000000 
1.500000 	80.100609 	107.000000 	157.396866 	-99.000000 
1.600000 	80.100609 	107.000000 	157.396866 	-99.000000 
1.700000 	80.100609 	107.000000 	157.396866 	-99.000000 
1.800000 	80.100609 	107.000000 	157.396866 	-99.000000 
1.900000 	80.100609 	107.000000 	157.396866 	-99.000000 
2.000000 	80.100609 	107.000000 	157.396866 	-99.000000 
2.100000 	80.100609 	107.000000 	157.396866 	-99.000000 
2.200000 	80.100609 	107.000000 	157.396866 	-99.000000 
2.300000 	80.100609 	107.000000 	157.396866 	-99.000000 
2.400000 	80.100609 	107.000000 	157.396866 	-99.000000 
2.500000 	88.546928 	107.000000 	147.421951 	-99.000000 
2.600000 	88.546928 	107.000000 	147.421951 	-99.000000 
2.700000 	88.546928 	107.000000 	147.421951 	-99.000000 
2.800000 	88.546928 	107.000000 	147.421951 	-99.000000 
2.900000 	88.546928 	107.000000 	147.421951 	-99.000000 
3.000000 	88.546928 	107.000000 	147.421951 	-99.000000 
3.100000 	88.546928 	107.000000 	147.421951 	-99.000000 
3.200000 	88.546928 	107.000000 	147.421951 	-99.000000 
3.300000 	88.546928 	107.000000 	147.421951 	-99.000000 
3.400000 	88.546928 	107.000000 	147.421951 	-99.000000 
3.500000 	94.043350 	107.000000 	142.042709 	-99.000000 
3.600000 	94.043350 	107.000000 	142.042709 	-99.000000 
3.700000 	94.043350 	107.000000 	142.042709 	-99.000000 
3.800000 	94.043350 	107.000000 	142.042709 	-99.000000 
3.900000 	94.043350 	107.000000 	142.042709 	-99.000000 
4.000000 	94.043350 	107.000000 	142.042709 	-99.000000 
4.100000 	94.043350 	107.000000 	142.042709 	-99.000000 
4.200000 	94.043350 	107.000000 	142.042709 	-99.000000 
4.300000 	94.043350 	107.000000 	142.042709 	-99.000000 
4.400000 	94.043350 	107.000000 	142.042709 	-99.000000 
4.500000 	97.504517 	107.000000 	138.832916 	-99.000000 
4.600000 	97.504517 	107.000000 	138.832916 	-99.000000 
4.700000 	97.504517 	107.000000 	138.832916 	-99.000000 
4.800000 	97.504517 	107.000000 	138.832916 	-99.000000 
4.900000 	97.504517 	107.000000 	138.832916 	-99.000000 
5.000000 	97.504517 	107.000000 	138.832916 	-99.000000 
5.100000 	97.504517 	107.000000 	138.832916 	-99.000000 
5.200000 	97.504517 	107.000000 	138.832916 	-99.000000 
5.300000 	97.504517 	107.000000 	138.832916 	-99.000000 
5.400000 	97.504517 	107.000000 	138.832916 	-99.000000 
5.500000 	99.781754 	107.000000 	136.734360 	-99.000000 
5.600000 	99.781754 	107.000000 	136.734360 	-99.000000 
5.700000 	99.781754 	107.000000 	136.734360 	-99.000000 
5.800000 	99.781754 	107.000000 	136.734360 	-99.000000 
5.900000 	99.781754 	107.000000 	136.734360 	-99.000000 
6.000000 	99.781754 	107.000000 	136.734360 	-99.000000 
6.100000 	99.781754 	107.000000 	136.734360 	-99.000000 
6.200000 	99.781754 	107.000000 	136.734360 	-99.000000 
6.300000 	99.781754 	107.000000 	136.734360 	-99.000000 
6.400000 	99.781754 	107.000000 	136.734360 	-99.000000 
6.500000 	101.348091 	107.000000 	135.297531 	-99.000000 
6.600000 	101.348091 	107.000000 	135.297531 	-99.000000 
6.700000 	101.348091 	107.000000 	135.297531 	-99.000000 
6.800000 	101.348091 	107.000000 	135.297531 	-99.000000 
6.900000 	101.348091 	107.000000 	135.297531 	-99.000000 
7.000000 	101.348091 	107.000000 	135.297531 	-99.000000 
7.100000 	101.348091 	107.000000 	135.297531 	-99.000000 
7.200000 	101.348091 	107.000000 	135.297531 	-99.000000 
7.300000 	101.348091 	107.000000 	135.297531 	-99.000000 
7.400000 	101.348091 	107.000000 	135.297531 	-99.000000 
7.500000 	102.466652 	107.000000 	134.274689 	-99.000000 
7.600000 	102.466652 	107.000000 	134.274689 	-99.000000 
7.700000 	102.466652 	107.000000 	134.274689 	-99.000000 
7.800000 	102.466652 	107.000000 	134.274689 	-99.000000 
7.900000 	102.466652 	107.000000 	134.274689 	-99.000000 
8.000000 	102.466652 	107.000000 	134.274689 	-99.000000 
8.100000 	102.466652 	107.000000 	134.274689 	-99.000000 
8.200000 	102.466652 	107.000000 	134.274689 	-99.000000 
8.300000 	102.466652 	107.000000 	134.274689 	-99.000000 
8.400000 	102.466652 	107.000000 	134.274689 	-99.000000 
8.500000 	103.290710 	107.000000 	133.523590 	-99.000000 
8.600000 	103.290710 	107.000000 	133.523590 	-99.000000 
8.700000 	103.290710 	107.000000 	133.523590 	-99.000000 
8.800000 	103.290710 	107.000000 	133.523590 	-99.000000 
8.900000 	103.290710 	107.000000 	133.523590 	-99.000000 
9.000000 	103.290710 	107.000000 	133.523590 	-99.000000 
9.100000 	103.290710 	107.000000 	133.523590 	-99.000000 
9.200000 	103.290710 	107.000000 	133.523590 	-99.000000 
9.300000 	103.290710 	107.000000 	133.523590 	-99.000000 
9.400000 	103.290710 	107.000000 	133.523590 	-99.000000 
9.500000 	103.913834 	107.000000 	132.957840 	-99.000000 
9.600000 	103.913834 	107.000000 	132.957840 	-99.000000 
9.700000 	103.913834 	107.000000 	132.957840 	-99.000000 
9.800000 	103.913834 	107.000000 	132.957840 	-99.000000 
9.900000 	103.913834 	107.000000 	132.957840 	-99.000000 
10.000000 	103.913834 	107.000000 	132.957840 	-99.000000 
10.100000 	103.913834 	107.000000 	132.957840 	-99.000000 
10.200000 	103.913834 	107.000000 	132.957840 	-99.000000 
10.300000 	103.913834 	107.000000 	132.957840 	-99.000000 
10.400000 	103.913834 	107.000000 	132.957840 	-99.000000 
10.500000 	104.395554 	107.000000 	132.522614 	-99.000000 
10.600000 	104.395554 	107.000000 	132.522614 	-99.000000 
10.700000 	104.395554 	107.000000 	132.522614 	-99.000000 
10.800000 	104.395554 	107.000000 	132.522614 	-99.000000 
10.900000 	104.395554 	107.000000 	132.522614 	-99.000000 
11.000000 	104.395554 	107.000000 	132.522614 	-99.000000 
11.100000 	104.395554 	107.000000 	132.522614 	-99.000000 
11.200000 	104.395554 	107.000000 	132.522614 	-99.000000 
11.300000 	104.395554 	107.000000 	132.522614 	-99.000000 
11.400000 	104.395554 	107.000000 	132.522614 	-99.000000 
11.500000 	104.775101 	107.000000 	132.181763 	-99.000000 
11.600000 	104.775101 	107.000000 	132.181763 	-99.000000 
11.700000 	104.775101 	107.000000 	132.181763 	-99.000000 
11.800000 	104.775101 	107.000000 	132.181763 	-99.000000 
11.900000 	104.775101 	107.000000 	132.181763 	-99.000000 
12.000000 	104.775101 	107.000000 	132.181763 	-99.000000 
12.100000 	104.775101 	107.000000 	132.181763 	-99.000000 
12.200000 	104.775101 	107.000000 	132.181763 	-99.000000 
12.300000 	104.775101 	107.000000 	132.181763 	-99.000000 
12.400000 	104.775101 	107.000000 	132.181763 	-99.000000 
12.500000 	105.079124 	107.000000 	131.910782 	-99.000000 
12.600000 	105.079124 	107.000000 	131.910782 	-99.000000 
12.700000 	105.079124 	107.000000 	131.910782 	-99.000000 
12.800000 	105.079124 	107.000000 	131.910782 	-99.000000 
12.900000 	105.079124 	107.000000 	131.910782 	-99.000000 
13.000000 	105.079124 	107.000000 	131.910782 	-99.000000 
13.100000 	105.079124 	107.000000 	131.910782 	-99.000000 
13.200000 	105.079124 	107.000000 	131.910782 	-99.000000 
13.300000 	105.079124 	107.000000 	131.910782 	-99.000000 
13.400000 	105.079124 	107.000000 	131.910782 	-99.000000 
13.500000 	105.326187 	107.000000 	131.692520 	-99.000000 
13.600000 	105.326187 	107.000000 	131.692520 	-99.000000 
13.700000 	105.326187 	107.000000 	131.692520 	-99.000000 
13.800000 	105.326187 	107.000000 	131.692520 	-99.000000 
13.900000 	105.326187 	107.000000 	131.692520 	-99.000000 
14.000000 	105.326187 	107.000000 	131.692520 	-99.000000 
14.100000 	105.326187 	107.000000 	131.692520 	-99.000000 
14.200000 	105.326187 	107.000000 	131.692520 	-99.000000 
14.300000 	105.326187 	107.000000 	131.692520 	-99.000000 
14.400000 	105.326187 	107.000000 	131.692520 	-99.000000 
14.500000 	105.529541 	107.000000 	131.514801 	-99.000000 
14.600000 	105.529541 	107.000000 	131.514801 	-99.000000 
14.700000 	105.529541 	107.000000 	131.514801 	-99.000000 
14.800000 	105.529541 	107.000000 	131.514801 	-99.000000 
14.900000 	105.529541 	107.000000 	131.514801 	-99.000000 
15.000000 	105.529541 	107.000000 	131.514801 	-99.000000 
15.100000 	105.529541 	107.000000 	131.514801 	-99.000000 
15.200000 	105.529541 	107.000000 	131.514801 	-99.000000 
15.300000 	105.529541 	107.000000 	131.514801 	-99.000000 
15.400000 	105.529541 	107.000000 	131.514801 	-99.000000 
15.500000 	105.698822 	107.000000 	131.368729 	-99.000000 
15.600000 	105.698822 	107.000000 	131.368729 	-99.000000 
15.700000 	105.698822 	107.000000 	131.368729 	-99.000000 
15.800000 	105.698822 	107.000000 	131.368729 	-99.000000 
15.900000 	105.698822 	107.000000 	131.368729 	-99.000000 
16.000000 	105.698822 	107.000000 	131.368729 	-99.000000 
16.100000 	105.698822 	107.000000 	131.368729 	-99.000000 
16.200000 	105.698822 	107.000000 	131.368729 	-99.000000 
16.300000 	105.698822 	107.000000 	131.368729 	-99.000000 
16.400000 	105.698822 	107.000000 	131.368729 	-99.000000 
16.500000 	105.841179 	107.000000 	131.247711 	-99.000000 
16.600000 	105.841179 	107.000000 	131.247711 	-99.000000 
16.700000 	105.841179 	107.000000 	131.247711 	-99.000000 
16.800000 	105.841179 	107.000000 	131.247711 	-99.000000 
16.900000 	105.841179 	107.000000 	131.247711 	-99.000000 
17.000000 	105.841179 	107.000000 	131.247711 	-99.000000 
17.100000 	105.841179 	107.000000 	131.247711 	-99.000000 
17.200000 	105.841179 	107.000000 	131.247711 	-99.000000 
17.300000 	105.841179 	107.000000 	131.247711 	-99.000000 
17.400000 	105.841179 	107.000000 	131.247711 	-99.000000 
17.500000 	105.961983 	107.000000 	131.146774 	-99.000000 
17.600000 	105.961983 	107.000000 	131.146774 	-99.000000 
17.700000 	105.961983 	107.000000 	131.146774 	-99.000000 
17.800000 	105.961983 	107.000000 	131.146774 	-99.000000 
17.900000 	105.961983 	107.000000 	131.146774 	-99.000000 
18.000000 	105.961983 	107.000000 	131.146774 	-99.000000 
18.100000 	105.961983 	107.000000 	131.146774 	-99.000000 
18.200000 	105.961983 	107.000000 	131.146774 	-99.000000 
18.300000 	105.961983 	107.000000 	131.146774 	-99.000000 
18.400000 	105.961983 	107.000000 	131.146774 	-99.000000 
18.500000 	106.065331 	107.000000 	131.062164 	-99.000000 
18.600000 	106.065331 	107.000000 	131.062164 	-99.000000 
18.700000 	106.065331 	107.000000 	131.062164 	-99.000000 
18.800000 	106.065331 	107.000000 	131.062164 	-99.000000 
18.900000 	106.065331 	107.000000 	131.062164 	-99.000000 
19.000000 	106.065331 	107.000000 	131.062164 	-99.000000 
19.100000 	106.065331 	107.000000 	131.062164 	-99.000000 
19.200000 	106.065331 	107.000000 	131.062164 	-99.000000 
19.300000 	106.065331 	107.000000 	131.062164 	-99.000000 
19.400000 	106.065331 	107.000000 	131.062164 	-99.000000 
19.500000 	106.154411 	107.000000 	130.990921 	-99.000000 
19.600000 	106.154411 	107.000000 	130.990921 	-99.000000 
19.700000 	106.154411 	107.000000 	130.990921 	-99.000000 
19.800000 	106.154411 	107.000000 	130.990921 	-99.000000 
19.900000 	106.154411 	107.000000 	130.990921 	-99.000000 
20.000000 	106.154411 	107.000000 	130.990921 	-99.000000 
20.100000 	106.154411 	107.000000 	130.990921 	-99.000000 
20.200000 	106.154411 	107.000000 	130.990921 	-99.000000 
20.300000 	106.154411 	107.000000 	130.990921 	-99.000000 
20.400000 	106.154411 	107.000000 	130.990921 	-99.000000 
20.500000 	106.231705 	107.000000 	130.930771 	-99.000000 
20.600000 	106.231705 	107.000000 	130.930771 	-99.000000 
20.700000 	106.231705 	107.000000 	130.930771 	-99.000000 
20.800000 	106.231705 	107.000000 	130.930771 	-99.000000 
20.900000 	106.231705 	107.000000 	130.930771 	-99.000000 
21.000000 	106.231705 	107.000000 	130.930771 	-99.000000 
21.100000 	106.231705 	107.000000 	130.930771 	-99.000000 
21.200000 	106.231705 	107.000000 	130.930771 	-99.000000 
21.300000 	106.231705 	107.000000 	130.930771 	-99.000000 
21.400000 	106.231705 	107.000000 	130.930771 	-99.000000 
21.500000 	106.299179 	107.000000 	130.879868 	-99.000000 
21.600000 	106.299179 	107.000000 	130.879868 	-99.000000 
21.700000 	106.299179 	107.000000 	130.879868 	-99.000000 
21.800000 	106.299179 	107.000000 	130.879868 	-99.000000 
21.900000 	106.299179 	107.000000 	130.879868 	-99.000000 
22.000000 	106.299179 	107.000000 	130.879868 	-99.000000 
22.100000 	106.299179 	107.000000 	130.879868 	-99.000000 
22.200000 	106.299179 	107.000000 	130.879868 	-99.000000 
22.300000 	106.299179 	107.000000 	130.879868 	-99.000000 
22.400000 	106.299179 	107.000000 	130.879868 	-99.000000 
22.500000 	106.358406 	107.000000 	130.836777 	-99.000000 
22.600000 	106.358406 	107.000000 	130.836777 	-99.000000 
22.700000 	106.358406 	107.000000 	130.836777 	-99.000000 
22.800000 	106.358406 	107.000000 	130.836777 	-99.000000 
22.900000 	106.358406 	107.000000 	130.836777 	-99.000000 
23.000000 	106.358406 	107.000000 	130.836777 	-99.000000 
23.100000 	106.358406 	107.000000 	130.836777 	-99.000000 
23.200000 	106.358406 	107.000000 	130.836777 	-99.000000 
23.300000 	106.358406 	107.000000 	130.836777 	-99.000000 
23.400000 	106.358406 	107.000000 	130.836777 	-99.000000 
23.500000 	106.410667 	107.000000 	130.800323 	-99.000000 
23.600000 	106.410667 	107.000000 	130.800323 	-99.000000 
23.700000 	106.410667 	107.000000 	130.800323 	-99.000000 
23.800000 	106.410667 	107.000000 	130.800323 	-99.000000 
23.900000 	106.410667 	107.000000 	130.800323 	-99.000000 
24.000000 	106.410667 	107.000000 	130.800323 	-99.000000 
24.100000 	106.410667 	107.000000 	130.800323 	-99.000000 
24.200000 	106.410667 	107.000000 	130.800323 	-99.000000 
24.300000 	106.410667 	107.000000 	130.800323 	-99.000000 
24.400000 	106.410667 	107.000000 	130.800323 	-99.000000 
24.500000 	106.456985 	107.000000 	130.769531 	-99.000000 
24.600000 	106.456985 	107.000000 	130.769531 	-99.000000 
24.700000 	106.456985 	107.000000 	130.769531 	-99.000000 
24.800000 	106.456985 	107.000000 	130.769531 	-99.000000 
24.900000 	106.456985 	107.000000 	130.769531 	-99.000000 
25.000000 	106.456985 	107.000000 	130.769531 	-99.000000 
25.100000 	106.456985 	107.000000 	130.769531 	-99.000000 
25.200000 	106.456985 	107.000000 	130.769531 	-99.000000 
25.300000 	106.456985 	107.000000 	130.769531 	-99.000000 
25.400000 	106.456985 	107.000000 	130.769531 	-99.000000 
25.500000 	106.498215 	107.000000 	130.743637 	-99.000000 
25.600000 	106.498215 	107.000000 	130.743637 	-99.000000 
25.700000 	106.498215 	107.000000 	130.743637 	-99.000000 
25.800000 	106.498215 	107.000000 	130.743637 	-99.000000 
25.900000 	106.498215 	107.000000 	130.743637 	-99.000000 
26.000000 	106.498215 	107.000000 	130.743637 	-99.000000 
26.100000 	106.498215 	107.000000 	130.743637 	-99.000000 
26.200000 	106.498215 	107.000000 	130.743637 	-99.000000 
26.300000 	106.498215 	107.000000 	130.743637 	-99.000000 
26.400000 	106.498215 	107.000000 	130.743637 	-99.000000 
26.500000 	106.535049 	107.000000 	130.721985 	-99.000000 
26.600000 	106.535049 	107.000000 	130.721985 	-99.000000 
26.700000 	106.535049 	107.000000 	130.721985 	-99.000000 
26.800000 	106.535049 	107.000000 	130.721985 	-99.000000 
26.900000 	106.535049 	107.000000 	130.721985 	-99.000000 
27.000000 	106.535049 	107.000000 	130.721985 	-99.000000 
27.100000 	106.535049 	107.000000 	130.721985 	-99.000000 
27.200000 	106.535049 	107.000000 	130.721985 	-99.000000 
27.300000 	106.535049 	107.000000 	130.721985 	-99.000000 
27.400000 	106.535049 	107.000000 	130.721985 	-99.000000 
27.500000 	106.568069 	107.000000 	130.704025 	-99.000000 
27.600000 	106.568069 	107.000000 	130.704025 	-99.000000 
27.700000 	106.568069 	107.000000 	130.704025 	-99.000000 
27.800000 	106.568069 	107.000000 	130.704025 	-99.000000 
27.900000 	106.568069 	107.000000 	130.704025 	-99.000000 
28.000000 	106.568069 	107.000000 	130.704025 	-99.000000 
28.100000 	106.568069 	107.000000 	130.704025 	-99.000000 
28.200000 	106.568069 	107.000000 	130.704025 	-99.000000 
28.300000 	106.568069 	107.000000 	130.704025 	-99.000000 
28.400000 	106.568069 	107.000000 	130.704025 	-99.000000 
28.500000 	106.597771 	107.000000 	130.689331 	-99.000000 
28.600000 	106.597771 	107.000000 	130.689331 	-99.000000 
28.700000 	106.597771 	107.000000 	130.689331 	-99.000000 
28.800000 	106.597771 	107.000000 	130.689331 	-99.000000 
28.900000 	106.597771 	107.000000 	130.689331 	-99.000000 
29.000000 	106.597771 	107.000000 	130.689331 	-99.000000 
29.100000 	106.597771 	107.000000 	130.689331 	-99.000000 
29.200000 	106.597771 	107.000000 	130.689331 	-99.000000 
29.300000 	106.597771 	107.000000 	130.689331 	-99.000000 
29.400000 	106.597771 	107.000000 	130.689331 	-99.000000 
29.500000 	106.624550 	107.000000 	130.677490 	-99.000000 
29.600000 	106.624550 	107.000000 	130.677490 	-99.000000 
29.700000 	106.624550 	107.000000 	130.677490 	-99.000000 
29.800000 	106.624550 	107.000000 	130.677490 	-99.000000 
29.900000 	106.624550 	107.000000 	130.677490 	-99.000000 
30.000000 	106.624550 	107.000000 	130.677490 	-99.000000 
30.100000 	106.624550 	107.000000 	130.677490 	-99.000000 
30.200000 	106.624550 	107.000000 	130.677490 	-99.000000 
30.300000 	106.624550 	107.000000 	130.677490 	-99.000000 
30.400000 	106.624550 	107.000000 	130.677490 	-99.000000 
30.500000 	106.648766 	107.000000 	130.668198 	-99.000000 
30.600000 	106.648766 	107.000000 	130.668198 	-99.000000 
30.700000 	106.648766 	107.000000 	130.668198 	-99.000000 
30.800000 	106.648766 	107.000000 	130.668198 	-99.000000 
30.900000 	106.648766 	107.000000 	130.668198 	-99.000000 
31.000000 	106.648766 	107.000000 	130.668198 	-99.000000 
31.100000 	106.648766 	107.000000 	130.668198 	-99.000000 
31.200000 	106.648766 	107.000000 	130.668198 	-99.000000 
31.300000 	106.648766 	107.000000 	130.668198 	-99.000000 
31.400000 	106.648766 	107.000000 	130.668198 	-99.000000 
31.500000 	106.670700 	107.000000 	130.661179 	-99.000000 
31.600000 	106.670700 	107.000000 	130.661179 	-99.000000 
31.700000 	106.670700 	107.000000 	130.661179 	-99.000000 
31.800000 	106.670700 	107.000000 	130.661179 	-99.000000 
31.900000 	106.670700 	107.000000 	130.661179 	-99.000000 
32.000000 	106.670700 	107.000000 	130.661179 	-99.000000 
32.100000 	106.670700 	107.000000 	130.661179 	-99.000000 
32.200000 	106.670700 	107.000000 	130.661179 	-99.000000 
32.300000 	106.670700 	107.000000 	130.661179 	-99.000000 
32.400000 	106.670700 	107.000000 	130.661179 	-99.000000 
32.500000 	106.690620 	107.000000 	130.656189 	-99.000000 
32.600000 	106.690620 	107.000000 	130.656189 	-99.000000 
32.700000 	106.690620 	107.000000 	130.656189 	-99.000000 
32.800000 	106.690620 	107.000000 	130.656189 	-99.000000 
32.900000 	106.690620 	107.000000 	130.656189 	-99.000000 
33.000000 	106.690620 	107.000000 	130.656189 	-99.000000 
33.100000 	106.690620 	107.000000 	130.656189 	-99.000000 
33.200000 	106.690620 	107.000000 	130.656189 	-99.000000 
33.300000 	106.690620 	107.000000 	130.656189 	-99.000000 
33.400000 	106.690620 	107.000000 	130.656189 	-99.000000 
33.500000 	106.708725 	107.000000 	130.653030 	-99.000000 
33.600000 	106.708725 	107.000000 	130.653030 	-99.000000 
33.700000 	106.708725 	107.000000 	130.653030 	-99.000000 
33.800000 	106.708725 	107.000000 	130.653030 	-99.000000 
33.900000 	106.708725 	107.000000 	130.653030 	-99.000000 
34.000000 	106.708725 	107.000000 	130.653030 	-99.000000 
34.100000 	106.708725 	107.000000 	130.653030 	-99.000000 
34.200000 	106.708725 	107.000000 	130.653030 	-99.000000 
34.300000 	106.708725 	107.000000 	130.653030 	-99.000000 
34.400000 	106.708725 	107.000000 	130.653030 	-99.000000 
34.500000 	106.725220 	107.000000 	130.651520 	-99.000000 
34.600000 	106.725220 	107.000000 	130.651520 	-99.000000 
34.700000 	106.725220 	107.000000 	130.651520 	-99.000000 
34.800000 	106.725220 	107.000000 	130.651520 	-99.000000 
34.900000 	106.725220 	107.000000 	130.651520 	-99.000000 
35.000000 	106.725220 	107.000000 	130.651520 	-99.000000 
35.100000 	106.725220 	107.000000 	130.651520 	-99.000000 
35.200000 	106.725220 	107.000000 	130.651520 	-99.000000 
35.300000 	106.725220 	107.000000 	130.651520 	-99.000000 
35.400000 	106.725220 	107.000000 	130.651520 	-99.000000 
35.500000 	106.740242 	107.000000 	130.651535 	-99.000000 
35.600000 	106.740242 	107.000000 	130.651535 	-99.000000 
35.700000 	106.740242 	107.000000 	130.651535 	-99.000000 
35.800000 	106.740242 	107.000000 	130.651535 	-99.000000 
35.900000 	106.740242 	107.000000 	130.651535 	-99.000000 
36.000000 	106.740242 	107.000000 	130.651535 	-99.000000 
36.100000 	106.740242 	107.000000 	130.651535 	-99.000000 
36.200000 	106.740242 	107.000000 	130.651535 	-99.000000 
36.300000 	106.740242 	107.000000 	130.651535 	-99.000000 
36.400000 	106.740242 	107.000000 	130.651535 	-99.000000 
36.500000 	106.753952 	107.000000 	130.652893 	-99.000000 
36.600000 	106.753952 	107.000000 	130.652893 	-99.000000 
36.700000 	106.753952 	107.000000 	130.652893 	-99.000000 
36.800000 	106.753952 	107.000000 	130.652893 	-99.000000 
36.900000 	106.753952 	107.000000 	130.652893 	-99.000000 
37.000000 	106.753952 	107.000000 	130.652893 	-99.000000 
37.100000 	106.753952 	107.000000 	130.652893 	-99.000000 
37.200000 	106.753952 	107.000000 	130.652893 	-99.000000 
37.300000 	106.753952 	107.000000 	130.652893 	-99.000000 
37.400000 	106.753952 	107.000000 	130.652893 	-99.000000 
37.500000 	106.766464 	107.000000 	130.655533 	-99.000000 
37.600000 	106.766464 	107.000000 	130.655533 	-99.000000 
37.700000 	106.766464 	107.000000 	130.655533 	-99.000000 
37.800000 	106.766464 	107.000000 	130.655533 	-99.000000 
37.900000 	106.766464 	107.000000 	130.655533 	-99.000000 
38.000000 	106.766464 	107.000000 	130.655533 	-99.000000 
38.100000 	106.766464 	107.000000 	130.655533 	-99.000000 
38.200000 	106.766464 	107.000000 	130.655533 	-99.000000 
38.300000 	106.766464 	107.000000 	130.655533 	-99.000000 
38.400000 	106.766464 	107.000000 	130.655533 	-99.000000 
38.500000 	106.777878 	107.000000 	130.659317 	-99.000000 
38.600000 	106.777878 	107.000000 	130.659317 	-99.000000 
38.700000 	106.777878 	107.000000 	130.659317 	-99.000000 
38.800000 	106.777878 	107.000000 	130.659317 	-99.000000 
38.900000 	106.777878 	107.000000 	130.659317 	-99.000000 
39.000000 	106.777878 	107.000000 	130.659317 	-99.000000 
39.100000 	106.777878 	107.000000 	130.659317 	-99.000000 
39.200000 	106.777878 	107.000000 	130.659317 	-99.000000 
39.300000 	106.777878 	107.000000 	130.659317 	-99.000000 
39.400000 	106.777878 	107.000000 	130.659317 	-99.000000 
39.500000 	106.788292 	107.000000 	130.664169 	-99.000000 
39.600000 	106.788292 	107.000000 	130.664169 	-99.000000 
39.700000 	106.788292 	107.000000 	130.664169 	-99.000000 
39.800000 	106.788292 	107.000000 	130.664169 	-99.000000 
39.900000 	106.788292 	107.000000 	130.664169 	-99.000000 
40.000000 	106.788292 	107.000000 	130.664169 	-99.000000 
40.100000 	106.788292 	107.000000 	130.664169 	-99.000000 
40.200000 	106.788292 	107.000000 	130.664169 	-99.000000 
40.300000 	106.788292 	107.000000 	130.664169 	-99.000000 
40.400000 	106.788292 	107.000000 	130.664169 	-99.000000 
40.500000 	106.797791 	107.000000 	130.669998 	-99.000000 
40.600000 	106.797791 	107.000000 	130.669998 	-99.000000 
40.700000 	106.797791 	107.000000 	130.669998 	-99.000000 
40.800000 	106.797791 	107.000000 	130.669998 	-99.000000 
40.900000 	106.797791 	107.000000 	130.669998 	-99.000000 
41.000000 	106.797791 	107.000000 	130.669998 	-99.000000 
41.100000 	106.797791 	107.000000 	130.669998 	-99.000000 
41.200000 	106.797791 	107.000000 	130.669998 	-99.000000 
41.300000 	106.797791 	107.000000 	130.669998 	-99.000000 
41.400000 	106.797791 	107.000000 	130.669998 	-99.000000 
41.500000 	106.806435 	107.000000 	130.676758 	-99.000000 
41.600000 	106.806435 	107.000000 	130.676758 	-99.000000 
41.700000 	106.806435 	107.000000 	130.676758 	-99.000000 
41.800000 	106.806435 	107.000000 	130.676758 	-99.000000 
41.900000 	106.806435 	107.000000 	130.676758 	-99.000000 
42.000000 	106.806435 	107.000000 	130.676758 	-99.000000 
42.100000 	106.806435 	107.000000 	130.676758 	-99.000000 
42.200000 	106.806435 	107.000000 	130.676758 	-99.000000 
42.300000 	106.806435 	107.000000 	130.676758 	-99.000000 
42.400000 	106.806435 	107.000000 	130.676758 	-99.000000 
42.500000 	106.814301 	107.000000 	130.684387 	-99.000000 
42.600000 	106.814301 	107.000000 	130.684387 	-99.000000 
42.700000 	106.814301 	107.000000 	130.684387 	-99.000000 
42.800000 	106.814301 	107.000000 	130.684387 	-99.000000 
42.900000 	106.814301 	107.000000 	130.684387 	-99.000000 
43.000000 	106.814301 	107.000000 	130.684387 	-99.000000 
43.100000 	106.814301 	107.000000 	130.684387 	-99.000000 
43.200000 	106.814301 	107.000000 	130.684387 	-99.000000 
43.300000 	106.814301 	107.000000 	130.684387 	-99.000000 
43.400000 	106.814301 	107.000000 	130.684387 	-99.000000 
43.500000 	106.821442 	107.000000 	130.692810 	-99.000000 
43.600000 	106.821442 	107.000000 	130.692810 	-99.000000 
43.700000 	106.821442 	107.000000 	130.692810 	-99.000000 
43.800000 	106.821442 	107.000000 	130.692810 	-99.000000 
43.900000 	106.821442 	107.000000 	130.692810 	-99.000000 
44.000000 	106.821442 	107.000000 	130.692810 	-99.000000 
44.100000 	106.821442 	107.000000 	130.692810 	-99.000000 
44.200000 	106.821442 	107.000000 	130.692810 	-99.000000 
44.300000 	106.821442 	107.000000 	130.692810 	-99.000000 
44.400000 	106.821442 	107.000000 	130.692810 	-99.000000 
44.500000 	106.827896 	107.000000 	130.701981 	-99.000000 
44.600000 	106.827896 	107.000000 	130.701981 	-99.000000 
44.700000 	106.827896 	107.000000 	130.701981 	-99.000000 
44.800000 	106.827896 	107.000000 	130.701981 	-99.000000 
44.900000 	106.827896 	107.000000 	130.701981 	-99.000000 
45.000000 	106.827896 	107.000000 	130.701981 	-99.000000 
45.100000 	106.827896 	107.000000 	130.701981 	-99.000000 
45.200000 	106.827896 	107.000000 	130.701981 	-99.000000 
45.300000 	106.827896 	107.000000 	130.701981 	-99.000000 
45.400000 	106.827896 	107.000000 	130.701981 	-99.000000 
45.500000 	106.833725 	107.000000 	130.711868 	-99.000000 
45.600000 	106.833725 	107.000000 	130.711868 	-99.000000 
45.700000 	106.833725 	107.000000 	130.711868 	-99.000000 
45.800000 	106.833725 	107.000000 	130.711868 	-99.000000 
45.900000 	106.833725 	107.000000 	130.711868 	-99.000000 
46.000000 	106.833725 	107.000000 	130.711868 	-99.000000 
46.100000 	106.833725 	107.000000 	130.711868 	-99.000000 
46.200000 	106.833725 	107.000000 	130.711868 	-99.000000 
46.300000 	106.833725 	107.000000 	130.711868 	-99.000000 
46.400000 	106.833725 	107.000000 	130.711868 	-99.000000 
46.500000 	106.838951 	107.000000 	130.722443 	-99.000000 
46.600000 	106.838951 	107.000000 	130.722443 	-99.000000 
46.700000 	106.838951 	107.000000 	130.722443 	-99.000000 
46.800000 	106.838951 	107.000000 	130.722443 	-99.000000 
46.900000 	106.838951 	107.000000 	130.722443 	-99.000000 
47.000000 	106.838951 	107.000000 	130.722443 	-99.000000 
47.100000 	106.838951 	107.000000 	130.722443 	-99.000000 
47.200000 	106.838951 	107.000000 	130.722443 	-99.000000 
47.300000 	106.838951 	107.000000 	130.722443 	-99.000000 
47.400000 	106.838951 	107.000000 	130.722443 	-99.000000 
47.500000 	106.843613 	107.000000 	130.733643 	-99.000000 
47.600000 	106.843613 	107.000000 	130.733643 	-99.000000 
47.700000 	106.843613 	107.000000 	130.733643 	-99.000000 
47.800000 	106.843613 	107.000000 	130.733643 	-99.000000 
47.900000 	106.843613 	107.000000 	130.733643 	-99.000000 
48.000000 	106.843613 	107.000000 	130.733643 	-99.000000 
48.100000 	106.843613 	107.000000 	130.733643 	-99.000000 
48.200000 	106.843613 	107.000000 	130.733643 	-99.000000 
48.300000 	106.843613 	107.000000 	130.733643 	-99.000000 
48.400000 	106.843613 	107.000000 	130.733643 	-99.000000 
48.500000 	106.847748 	107.000000 	130.745453 	-99.000000 
48.600000 	106.847748 	107.000000 	130.745453 	-99.000000 
48.700000 	106.847748 	107.000000 	130.745453 	-99.000000 
48.800000 	106.847748 	107.000000 	130.745453 	-99.000000 
48.900000 	106.847748 	107.000000 	130.745453 	-99.000000 
49.000000 	106.847748 	107.000000 	130.745453 	-99.000000 
49.100000 	106.847748 	107.000000 	130.745453 	-99.000000 
49.200000 	106.847748 	107.000000 	130.745453 	-99.000000 
49.300000 	106.847748 	107.000000 	130.745453 	-99.000000 
49.400000 	106.847748 	107.000000 	130.745453 	-99.000000 
49.500000 	106.851372 	107.000000 	130.757858 	-99.000000 
49.600000 	106.851372 	107.000000 	130.757858 	-99.000000 
49.700000 	106.851372 	107.000000 	130.757858 	-99.000000 
49.800000 	106.851372 	107.000000 	130.757858 	-99.000000 
49.900000 	106.851372 	107.000000 	130.757858 	-99.000000 
50.000000 	106.851372 	107.000000 	130.757858 	-99.000000 
50.100000 	106.851372 	107.000000 	130.757858 	-99.000000 
50.200000 	106.851372 	107.000000 	130.757858 	-99.000000 
50.300000 	106.851372 	107.000000 	130.757858 	-99.000000 
50.400000 	106.851372 	107.000000 	130.757858 	-99.000000 
50.500000 	106.854523 	107.000000 	130.770813 	-99.000000 
50.600000 	106.854523 	107.000000 	130.770813 	-99.000000 
50.700000 	106.854523 	107.000000 	130.770813 	-99.000000 
50.800000 	106.854523 	107.000000 	130.770813 	-99.000000 
50.900000 	106.854523 	107.000000 	130.770813 	-99.000000 
51.000000 	106.854523 	107.000000 	130.770813 	-99.000000 
51.100000 	106.854523 	107.000000 	130.770813 	-99.000000 
51.200000 	106.854523 	107.000000 	130.770813 	-99.000000 
51.300000 	106.854523 	107.000000 	130.770813 	-99.000000 
51.400000 	106.854523 	107.000000 	130.770813 	-99.000000 
51.500000 	106.857208 	107.000000 	130.784302 	-99.000000 
51.600000 	106.857208 	107.000000 	130.784302 	-99.000000 
51.700000 	106.857208 	107.000000 	130.784302 	-99.000000 
51.800000 	106.857208 	107.000000 	130.784302 	-99.000000 
51.900000 	106.857208 	107.000000 	130.784302 	-99.000000 
52.000000 	106.857208 	107.000000 	130.784302 	-99.000000 
52.100000 	106.857208 	107.000000 	130.784302 	-99.000000 
52.200000 	106.857208 	107.000000 	130.784302 	-99.000000 
52.300000 	106.857208 	107.000000 	130.784302 	-99.000000 
52.400000 	106.857208 	107.000000 	130.784302 	-99.000000 
52.500000 	106.859459 	107.000000 	130.798309 	-99.000000 
52.600000 	106.859459 	107.000000 	130.798309 	-99.000000 
52.700000 	106.859459 	107.000000 	130.798309 	-99.000000 
52.800000 	106.859459 	107.000000 	130.798309 	-99.000000 
52.900000 	106.859459 	107.000000 	130.798309 	-99.000000 
53.000000 	106.859459 	107.000000 	130.798309 	-99.000000 
53.100000 	106.859459 	107.000000 	130.798309 	-99.000000 
53.200000 	106.859459 	107.000000 	130.798309 	-99.000000 
53.300000 	106.859459 	107.000000 	130.798309 	-99.000000 
53.400000 	106.859459 	107.000000 	130.798309 	-99.000000 
53.500000 	106.861282 	107.000000 	130.812820 	-99.000000 
53.600000 	106.861282 	107.000000 	130.812820 	-99.000000 
53.700000 	106.861282 	107.000000 	130.812820 	-99.000000 
53.800000 	106.861282 	107.000000 	130.812820 	-99.000000 
53.900000 	106.861282 	107.000000 	130.812820 	-99.000000 
54.000000 	106.861282 	107.000000 	130.812820 	-99.000000 
54.100000 	106.861282 	107.000000 	130.812820 	-99.000000 
54.200000 	106.861282 	107.000000 	130.812820 	-99.000000 
54.300000 	106.861282 	107.000000 	130.812820 	-99.000000 
54.400000 	106.861282 	107.000000 	130.812820 	-99.000000 
54.500000 	106.862694 	107.000000 	130.827820 	-99.000000 
54.600000 	106.862694 	107.000000 	130.827820 	-99.000000 
54.700000 	106.862694 	107.000000 	130.827820 	-99.000000 
54.800000 	106.862694 	107.000000 	130.827820 	-99.000000 
54.900000 	106.862694 	107.000000 	130.827820 	-99.000000 
55.000000 	106.862694 	107.000000 	130.827820 	-99.000000 
55.100000 	106.862694 	107.000000 	130.827820 	-99.000000 
55.200000 	106.862694 	107.000000 	130.827820 	-99.000000 
55.300000 	106.862694 	107.000000 	130.827820 	-99.000000 
55.400000 	106.862694 	107.000000 	130.827820 	-99.000000 
55.500000 	106.863708 	107.000000 	130.843292 	-99.000000 
55.600000 	106.863708 	107.000000 	130.843292 	-99.000000 
55.700000 	106.863708 	107.000000 	130.843292 	-99.000000 
55.800000 	106.863708 	107.000000 	130.843292 	-99.000000 
55.900000 	106.863708 	107.000000 	130.843292 	-99.000000 
56.000000 	106.863708 	107.000000 	130.843292 	-99.000000 
56.100000 	106.863708 	107.000000 	130.843292 	-99.000000 
56.200000 	106.863708 	107.000000 	130.843292 	-99.000000 
56.300000 	106.863708 	107.000000 	130.843292 	-99.000000 
56.400000 	106.863708 	107.000000 	130.843292 	-99.000000 
56.500000 	106.864342 	107.000000 	130.859207 	-99.000000 
56.600000 	106.864342 	107.000000 	130.859207 	-99.000000 
56.700000 	106.864342 	107.000000 	130.859207 	-99.000000 
56.800000 	106.864342 	107.000000 	130.859207 	-99.000000 
56.900000 	106.864342 	107.000000 	130.859207 	-99.000000 
57.000000 	106.864342 	107.000000 	130.859207 	-99.000000 
57.100000 	106.864342 	107.000000 	130.859207 	-99.000000 
57.200000 	106.864342 	107.000000 	130.859207 	-99.000000 
57.300000 	106.864342 	107.000000 	130.859207 	-99.000000 
57.400000 	106.864342 	107.000000 	130.859207 	-99.000000 
57.500000 	106.864601 	107.000000 	130.875580 	-99.000000 
57.600000 	106.864601 	107.000000 	130.875580 	-99.000000 
57.700000 	106.864601 	107.000000 	130.875580 	-99.000000 
57.800000 	106.864601 	107.000000 	130.875580 	-99.000000 
57.900000 	106.864601 	107.000000 	130.875580 	-99.000000 
58.000000 	106.864601 	107.000000 	130.875580 	-99.000000 
58.100000 	106.864601 	107.000000 	130.875580 	-99.000000 
58.200000 	106.864601 	107.000000 	130.875580 	-99.000000 
58.300000 	106.864601 	107.000000 	130.875580 	-99.000000 
58.400000 	106.864601 	107.000000 	130.875580 	-99.000000 
58.500000 	106.864494 	107.000000 	130.892395 	-99.000000 
58.600000 	106.864494 	107.000000 	130.892395 	-99.000000 
58.700000 	106.864494 	107.000000 	130.892395 	-99.000000 
58.800000 	106.864494 	107.000000 	130.892395 	-99.000000 
58.900000 	106.864494 	107.000000 	130.892395 	-99.000000 
59.000000 	106.864494 	107.000000 	130.892395 	-99.000000 
59.100000 	106.864494 	107.000000 	130.892395 	-99.000000 
59.200000 	106.864494 	107.000000 	130.892395 	-99.000000 
59.300000 	106.864494 	107.000000 	130.892395 	-99.000000 
59.400000 	106.864494 	107.000000 	130.892395 	-99.000000 
59.500000 	106.864029 	107.000000 	130.909637 	-99.000000 
59.600000 	106.864029 	107.000000 	130.909637 	-99.000000 
59.700000 	106.864029 	107.000000 	130.909637 	-99.000000 
59.800000 	106.864029 	107.000000 	130.909637 	-99.000000 
59.900000 	106.864029 	107.000000 	130.909637 	-99.000000 
60.000000 	106.864029 	107.000000 	130.909637 	-99.000000 
