0.500000 	99.768211 	412.000000 	434.573700 	-99.000000 
0.600000 	99.768211 	412.000000 	434.573700 	-99.000000 
0.700000 	99.768211 	412.000000 	434.573700 	-99.000000 
0.800000 	99.768211 	412.000000 	434.573700 	-99.000000 
0.900000 	99.768211 	412.000000 	434.573700 	-99.000000 
1.000000 	99.768211 	412.000000 	434.573700 	-99.000000 
1.100000 	99.768211 	412.000000 	434.573700 	-99.000000 
1.200000 	99.768211 	412.000000 	434.573700 	-99.000000 
1.300000 	99.768211 	412.000000 	434.573700 	-99.000000 
1.400000 	99.768211 	412.000000 	434.573700 	-99.000000 
1.500000 	108.526306 	412.000000 	421.215485 	-99.000000 
1.600000 	108.526306 	412.000000 	421.215485 	-99.000000 
1.700000 	108.526306 	412.000000 	421.215485 	-99.000000 
1.800000 	108.526306 	412.000000 	421.215485 	-99.000000 
1.900000 	108.526306 	412.000000 	421.215485 	-99.000000 
2.000000 	108.526306 	412.000000 	421.215485 	-99.000000 
2.100000 	108.526306 	412.000000 	421.215485 	-99.000000 
2.200000 	108.526306 	412.000000 	421.215485 	-99.000000 
2.300000 	108.526306 	412.000000 	421.215485 	-99.000000 
2.400000 	108.526306 	412.000000 	421.215485 	-99.000000 
2.500000 	117.998886 	412.000000 	416.646332 	-99.000000 
2.600000 	117.998886 	412.000000 	416.646332 	-99.000000 
2.700000 	117.998886 	412.000000 	416.646332 	-99.000000 
2.800000 	117.998886 	412.000000 	416.646332 	-99.000000 
2.900000 	117.998886 	412.000000 	416.646332 	-99.000000 
3.000000 	117.998886 	412.000000 	416.646332 	-99.000000 
3.100000 	117.998886 	412.000000 	416.646332 	-99.000000 
3.200000 	117.998886 	412.000000 	416.646332 	-99.000000 
3.300000 	117.998886 	412.000000 	416.646332 	-99.000000 
3.400000 	117.998886 	412.000000 	416.646332 	-99.000000 
3.500000 	122.686188 	412.000000 	414.615265 	-99.000000 
3.600000 	122.686188 	412.000000 	414.615265 	-99.000000 
3.700000 	122.686188 	412.000000 	414.615265 	-99.000000 
3.800000 	122.686188 	412.000000 	414.615265 	-99.000000 
3.900000 	122.686188 	412.000000 	414.615265 	-99.000000 
4.000000 	122.686188 	412.000000 	414.615265 	-99.000000 
4.100000 	122.686188 	412.000000 	414.615265 	-99.000000 
4.200000 	122.686188 	412.000000 	414.615265 	-99.000000 
4.300000 	122.686188 	412.000000 	414.615265 	-99.000000 
4.400000 	122.686188 	412.000000 	414.615265 	-99.000000 
4.500000 	125.166496 	412.000000 	413.574951 	-99.000000 
4.600000 	125.166496 	412.000000 	413.574951 	-99.000000 
4.700000 	125.166496 	412.000000 	413.574951 	-99.000000 
4.800000 	125.166496 	412.000000 	413.574951 	-99.000000 
4.900000 	125.166496 	412.000000 	413.574951 	-99.000000 
5.000000 	125.166496 	412.000000 	413.574951 	-99.000000 
5.100000 	125.166496 	412.000000 	413.574951 	-99.000000 
5.200000 	125.166496 	412.000000 	413.574951 	-99.000000 
5.300000 	125.166496 	412.000000 	413.574951 	-99.000000 
5.400000 	125.166496 	412.000000 	413.574951 	-99.000000 
5.500000 	126.607796 	412.000000 	412.980927 	-99.000000 
5.600000 	126.607796 	412.000000 	412.980927 	-99.000000 
5.700000 	126.607796 	412.000000 	412.980927 	-99.000000 
5.800000 	126.607796 	412.000000 	412.980927 	-99.000000 
5.900000 	126.607796 	412.000000 	412.980927 	-99.000000 
6.000000 	126.607796 	412.000000 	412.980927 	-99.000000 
6.100000 	126.607796 	412.000000 	412.980927 	-99.000000 
6.200000 	126.607796 	412.000000 	412.980927 	-99.000000 
6.300000 	126.607796 	412.000000 	412.980927 	-99.000000 
6.400000 	126.607796 	412.000000 	412.980927 	-99.000000 
6.500000 	127.512329 	412.000000 	412.610718 	-99.000000 
6.600000 	127.512329 	412.000000 	412.610718 	-99.000000 
6.700000 	127.512329 	412.000000 	412.610718 	-99.000000 
6.800000 	127.512329 	412.000000 	412.610718 	-99.000000 
6.900000 	127.512329 	412.000000 	412.610718 	-99.000000 
7.000000 	127.512329 	412.000000 	412.610718 	-99.000000 
7.100000 	127.512329 	412.000000 	412.610718 	-99.000000 
7.200000 	127.512329 	412.000000 	412.610718 	-99.000000 
7.300000 	127.512329 	412.000000 	412.610718 	-99.000000 
7.400000 	127.512329 	412.000000 	412.610718 	-99.000000 
7.500000 	128.115372 	412.000000 	412.354858 	-99.000000 
7.600000 	128.115372 	412.000000 	412.354858 	-99.000000 
7.700000 	128.115372 	412.000000 	412.354858 	-99.000000 
7.800000 	128.115372 	412.000000 	412.354858 	-99.000000 
7.900000 	128.115372 	412.000000 	412.354858 	-99.000000 
8.000000 	128.115372 	412.000000 	412.354858 	-99.000000 
8.100000 	128.115372 	412.000000 	412.354858 	-99.000000 
8.200000 	128.115372 	412.000000 	412.354858 	-99.000000 
8.300000 	128.115372 	412.000000 	412.354858 	-99.000000 
8.400000 	128.115372 	412.000000 	412.354858 	-99.000000 
8.500000 	128.537155 	412.000000 	412.255524 	-99.000000 
8.600000 	128.537155 	412.000000 	412.255524 	-99.000000 
8.700000 	128.537155 	412.000000 	412.255524 	-99.000000 
8.800000 	128.537155 	412.000000 	412.255524 	-99.000000 
8.900000 	128.537155 	412.000000 	412.255524 	-99.000000 
9.000000 	128.537155 	412.000000 	412.255524 	-99.000000 
9.100000 	128.537155 	412.000000 	412.255524 	-99.000000 
9.200000 	128.537155 	412.000000 	412.255524 	-99.000000 
9.300000 	128.537155 	412.000000 	412.255524 	-99.000000 
9.400000 	128.537155 	412.000000 	412.255524 	-99.000000 
9.500000 	128.843811 	412.000000 	412.159241 	-99.000000 
9.600000 	128.843811 	412.000000 	412.159241 	-99.000000 
9.700000 	128.843811 	412.000000 	412.159241 	-99.000000 
9.800000 	128.843811 	412.000000 	412.159241 	-99.000000 
9.900000 	128.843811 	412.000000 	412.159241 	-99.000000 
10.000000 	128.843811 	412.000000 	412.159241 	-99.000000 
10.100000 	128.843811 	412.000000 	412.159241 	-99.000000 
10.200000 	128.843811 	412.000000 	412.159241 	-99.000000 
10.300000 	128.843811 	412.000000 	412.159241 	-99.000000 
10.400000 	128.843811 	412.000000 	412.159241 	-99.000000 
10.500000 	129.073990 	412.000000 	412.083435 	-99.000000 
10.600000 	129.073990 	412.000000 	412.083435 	-99.000000 
10.700000 	129.073990 	412.000000 	412.083435 	-99.000000 
10.800000 	129.073990 	412.000000 	412.083435 	-99.000000 
10.900000 	129.073990 	412.000000 	412.083435 	-99.000000 
11.000000 	129.073990 	412.000000 	412.083435 	-99.000000 
11.100000 	129.073990 	412.000000 	412.083435 	-99.000000 
11.200000 	129.073990 	412.000000 	412.083435 	-99.000000 
11.300000 	129.073990 	412.000000 	412.083435 	-99.000000 
11.400000 	129.073990 	412.000000 	412.083435 	-99.000000 
11.500000 	129.251480 	412.000000 	412.024811 	-99.000000 
11.600000 	129.251480 	412.000000 	412.024811 	-99.000000 
11.700000 	129.251480 	412.000000 	412.024811 	-99.000000 
11.800000 	129.251480 	412.000000 	412.024811 	-99.000000 
11.900000 	129.251480 	412.000000 	412.024811 	-99.000000 
12.000000 	129.251480 	412.000000 	412.024811 	-99.000000 
12.100000 	129.251480 	412.000000 	412.024811 	-99.000000 
12.200000 	129.251480 	412.000000 	412.024811 	-99.000000 
12.300000 	129.251480 	412.000000 	412.024811 	-99.000000 
12.400000 	129.251480 	412.000000 	412.024811 	-99.000000 
12.500000 	129.391525 	412.000000 	411.978882 	-99.000000 
12.600000 	129.391525 	412.000000 	411.978882 	-99.000000 
12.700000 	129.391525 	412.000000 	411.978882 	-99.000000 
12.800000 	129.391525 	412.000000 	411.978882 	-99.000000 
12.900000 	129.391525 	412.000000 	411.978882 	-99.000000 
13.000000 	129.391525 	412.000000 	411.978882 	-99.000000 
13.100000 	129.391525 	412.000000 	411.978882 	-99.000000 
13.200000 	129.391525 	412.000000 	411.978882 	-99.000000 
13.300000 	129.391525 	412.000000 	411.978882 	-99.000000 
13.400000 	129.391525 	412.000000 	411.978882 	-99.000000 
13.500000 	129.504227 	412.000000 	411.942383 	-99.000000 
13.600000 	129.504227 	412.000000 	411.942383 	-99.000000 
13.700000 	129.504227 	412.000000 	411.942383 	-99.000000 
13.800000 	129.504227 	412.000000 	411.942383 	-99.000000 
13.900000 	129.504227 	412.000000 	411.942383 	-99.000000 
14.000000 	129.504227 	412.000000 	411.942383 	-99.000000 
14.100000 	129.504227 	412.000000 	411.942383 	-99.000000 
14.200000 	129.504227 	412.000000 	411.942383 	-99.000000 
14.300000 	129.504227 	412.000000 	411.942383 	-99.000000 
14.400000 	129.504227 	412.000000 	411.942383 	-99.000000 
14.500000 	129.596558 	412.000000 	411.912933 	-99.000000 
14.600000 	129.596558 	412.000000 	411.912933 	-99.000000 
14.700000 	129.596558 	412.000000 	411.912933 	-99.000000 
14.800000 	129.596558 	412.000000 	411.912933 	-99.000000 
14.900000 	129.596558 	412.000000 	411.912933 	-99.000000 
15.000000 	129.596558 	412.000000 	411.912933 	-99.000000 
15.100000 	129.596558 	412.000000 	411.912933 	-99.000000 
15.200000 	129.596558 	412.000000 	411.912933 	-99.000000 
15.300000 	129.596558 	412.000000 	411.912933 	-99.000000 
15.400000 	129.596558 	412.000000 	411.912933 	-99.000000 
15.500000 	129.673386 	412.000000 	411.888824 	-99.000000 
15.600000 	129.673386 	412.000000 	411.888824 	-99.000000 
15.700000 	129.673386 	412.000000 	411.888824 	-99.000000 
15.800000 	129.673386 	412.000000 	411.888824 	-99.000000 
15.900000 	129.673386 	412.000000 	411.888824 	-99.000000 
16.000000 	129.673386 	412.000000 	411.888824 	-99.000000 
16.100000 	129.673386 	412.000000 	411.888824 	-99.000000 
16.200000 	129.673386 	412.000000 	411.888824 	-99.000000 
16.300000 	129.673386 	412.000000 	411.888824 	-99.000000 
16.400000 	129.673386 	412.000000 	411.888824 	-99.000000 
16.500000 	129.738235 	412.000000 	411.868805 	-99.000000 
16.600000 	129.738235 	412.000000 	411.868805 	-99.000000 
16.700000 	129.738235 	412.000000 	411.868805 	-99.000000 
16.800000 	129.738235 	412.000000 	411.868805 	-99.000000 
16.900000 	129.738235 	412.000000 	411.868805 	-99.000000 
17.000000 	129.738235 	412.000000 	411.868805 	-99.000000 
17.100000 	129.738235 	412.000000 	411.868805 	-99.000000 
17.200000 	129.738235 	412.000000 	411.868805 	-99.000000 
17.300000 	129.738235 	412.000000 	411.868805 	-99.000000 
17.400000 	129.738235 	412.000000 	411.868805 	-99.000000 
17.500000 	129.793686 	412.000000 	411.851959 	-99.000000 
17.600000 	129.793686 	412.000000 	411.851959 	-99.000000 
17.700000 	129.793686 	412.000000 	411.851959 	-99.000000 
17.800000 	129.793686 	412.000000 	411.851959 	-99.000000 
17.900000 	129.793686 	412.000000 	411.851959 	-99.000000 
18.000000 	129.793686 	412.000000 	411.851959 	-99.000000 
18.100000 	129.793686 	412.000000 	411.851959 	-99.000000 
18.200000 	129.793686 	412.000000 	411.851959 	-99.000000 
18.300000 	129.793686 	412.000000 	411.851959 	-99.000000 
18.400000 	129.793686 	412.000000 	411.851959 	-99.000000 
18.500000 	129.841644 	412.000000 	411.837646 	-99.000000 
18.600000 	129.841644 	412.000000 	411.837646 	-99.000000 
18.700000 	129.841644 	412.000000 	411.837646 	-99.000000 
18.800000 	129.841644 	412.000000 	411.837646 	-99.000000 
18.900000 	129.841644 	412.000000 	411.837646 	-99.000000 
19.000000 	129.841644 	412.000000 	411.837646 	-99.000000 
19.100000 	129.841644 	412.000000 	411.837646 	-99.000000 
19.200000 	129.841644 	412.000000 	411.837646 	-99.000000 
19.300000 	129.841644 	412.000000 	411.837646 	-99.000000 
19.400000 	129.841644 	412.000000 	411.837646 	-99.000000 
19.500000 	129.883621 	412.000000 	411.825287 	-99.000000 
19.600000 	129.883621 	412.000000 	411.825287 	-99.000000 
19.700000 	129.883621 	412.000000 	411.825287 	-99.000000 
19.800000 	129.883621 	412.000000 	411.825287 	-99.000000 
19.900000 	129.883621 	412.000000 	411.825287 	-99.000000 
20.000000 	129.883621 	412.000000 	411.825287 	-99.000000 
20.100000 	129.883621 	412.000000 	411.825287 	-99.000000 
20.200000 	129.883621 	412.000000 	411.825287 	-99.000000 
20.300000 	129.883621 	412.000000 	411.825287 	-99.000000 
20.400000 	129.883621 	412.000000 	411.825287 	-99.000000 
20.500000 	129.920700 	412.000000 	411.814514 	-99.000000 
20.600000 	129.920700 	412.000000 	411.814514 	-99.000000 
20.700000 	129.920700 	412.000000 	411.814514 	-99.000000 
20.800000 	129.920700 	412.000000 	411.814514 	-99.000000 
20.900000 	129.920700 	412.000000 	411.814514 	-99.000000 
21.000000 	129.920700 	412.000000 	411.814514 	-99.000000 
21.100000 	129.920700 	412.000000 	411.814514 	-99.000000 
21.200000 	129.920700 	412.000000 	411.814514 	-99.000000 
21.300000 	129.920700 	412.000000 	411.814514 	-99.000000 
21.400000 	129.920700 	412.000000 	411.814514 	-99.000000 
21.500000 	129.953796 	412.000000 	411.805023 	-99.000000 
21.600000 	129.953796 	412.000000 	411.805023 	-99.000000 
21.700000 	129.953796 	412.000000 	411.805023 	-99.000000 
21.800000 	129.953796 	412.000000 	411.805023 	-99.000000 
21.900000 	129.953796 	412.000000 	411.805023 	-99.000000 
22.000000 	129.953796 	412.000000 	411.805023 	-99.000000 
22.100000 	129.953796 	412.000000 	411.805023 	-99.000000 
22.200000 	129.953796 	412.000000 	411.805023 	-99.000000 
22.300000 	129.953796 	412.000000 	411.805023 	-99.000000 
22.400000 	129.953796 	412.000000 	411.805023 	-99.000000 
22.500000 	129.983582 	412.000000 	411.796509 	-99.000000 
22.600000 	129.983582 	412.000000 	411.796509 	-99.000000 
22.700000 	129.983582 	412.000000 	411.796509 	-99.000000 
22.800000 	129.983582 	412.000000 	411.796509 	-99.000000 
22.900000 	129.983582 	412.000000 	411.796509 	-99.000000 
23.000000 	129.983582 	412.000000 	411.796509 	-99.000000 
23.100000 	129.983582 	412.000000 	411.796509 	-99.000000 
23.200000 	129.983582 	412.000000 	411.796509 	-99.000000 
23.300000 	129.983582 	412.000000 	411.796509 	-99.000000 
23.400000 	129.983582 	412.000000 	411.796509 	-99.000000 
23.500000 	130.010620 	412.000000 	411.788849 	-99.000000 
23.600000 	130.010620 	412.000000 	411.788849 	-99.000000 
23.700000 	130.010620 	412.000000 	411.788849 	-99.000000 
23.800000 	130.010620 	412.000000 	411.788849 	-99.000000 
23.900000 	130.010620 	412.000000 	411.788849 	-99.000000 
24.000000 	130.010620 	412.000000 	411.788849 	-99.000000 
24.100000 	130.010620 	412.000000 	411.788849 	-99.000000 
24.200000 	130.010620 	412.000000 	411.788849 	-99.000000 
24.300000 	130.010620 	412.000000 	411.788849 	-99.000000 
24.400000 	130.010620 	412.000000 	411.788849 	-99.000000 
24.500000 	130.035370 	412.000000 	411.781830 	-99.000000 
24.600000 	130.035370 	412.000000 	411.781830 	-99.000000 
24.700000 	130.035370 	412.000000 	411.781830 	-99.000000 
24.800000 	130.035370 	412.000000 	411.781830 	-99.000000 
24.900000 	130.035370 	412.000000 	411.781830 	-99.000000 
25.000000 	130.035370 	412.000000 	411.781830 	-99.000000 
25.100000 	130.035370 	412.000000 	411.781830 	-99.000000 
25.200000 	130.035370 	412.000000 	411.781830 	-99.000000 
25.300000 	130.035370 	412.000000 	411.781830 	-99.000000 
25.400000 	130.035370 	412.000000 	411.781830 	-99.000000 
25.500000 	130.058197 	412.000000 	411.775330 	-99.000000 
25.600000 	130.058197 	412.000000 	411.775330 	-99.000000 
25.700000 	130.058197 	412.000000 	411.775330 	-99.000000 
25.800000 	130.058197 	412.000000 	411.775330 	-99.000000 
25.900000 	130.058197 	412.000000 	411.775330 	-99.000000 
26.000000 	130.058197 	412.000000 	411.775330 	-99.000000 
26.100000 	130.058197 	412.000000 	411.775330 	-99.000000 
26.200000 	130.058197 	412.000000 	411.775330 	-99.000000 
26.300000 	130.058197 	412.000000 	411.775330 	-99.000000 
26.400000 	130.058197 	412.000000 	411.775330 	-99.000000 
26.500000 	130.079376 	412.000000 	411.769257 	-99.000000 
26.600000 	130.079376 	412.000000 	411.769257 	-99.000000 
26.700000 	130.079376 	412.000000 	411.769257 	-99.000000 
26.800000 	130.079376 	412.000000 	411.769257 	-99.000000 
26.900000 	130.079376 	412.000000 	411.769257 	-99.000000 
27.000000 	130.079376 	412.000000 	411.769257 	-99.000000 
27.100000 	130.079376 	412.000000 	411.769257 	-99.000000 
27.200000 	130.079376 	412.000000 	411.769257 	-99.000000 
27.300000 	130.079376 	412.000000 	411.769257 	-99.000000 
27.400000 	130.079376 	412.000000 	411.769257 	-99.000000 
27.500000 	130.099167 	412.000000 	411.763519 	-99.000000 
27.600000 	130.099167 	412.000000 	411.763519 	-99.000000 
27.700000 	130.099167 	412.000000 	411.763519 	-99.000000 
27.800000 	130.099167 	412.000000 	411.763519 	-99.000000 
27.900000 	130.099167 	412.000000 	411.763519 	-99.000000 
28.000000 	130.099167 	412.000000 	411.763519 	-99.000000 
28.100000 	130.099167 	412.000000 	411.763519 	-99.000000 
28.200000 	130.099167 	412.000000 	411.763519 	-99.000000 
28.300000 	130.099167 	412.000000 	411.763519 	-99.000000 
28.400000 	130.099167 	412.000000 	411.763519 	-99.000000 
28.500000 	130.117783 	412.000000 	411.757996 	-99.000000 
28.600000 	130.117783 	412.000000 	411.757996 	-99.000000 
28.700000 	130.117783 	412.000000 	411.757996 	-99.000000 
28.800000 	130.117783 	412.000000 	411.757996 	-99.000000 
28.900000 	130.117783 	412.000000 	411.757996 	-99.000000 
29.000000 	130.117783 	412.000000 	411.757996 	-99.000000 
29.100000 	130.117783 	412.000000 	411.757996 	-99.000000 
29.200000 	130.117783 	412.000000 	411.757996 	-99.000000 
29.300000 	130.117783 	412.000000 	411.757996 	-99.000000 
29.400000 	130.117783 	412.000000 	411.757996 	-99.000000 
29.500000 	130.135376 	412.000000 	411.752686 	-99.000000 
29.600000 	130.135376 	412.000000 	411.752686 	-99.000000 
29.700000 	130.135376 	412.000000 	411.752686 	-99.000000 
29.800000 	130.135376 	412.000000 	411.752686 	-99.000000 
29.900000 	130.135376 	412.000000 	411.752686 	-99.000000 
30.000000 	130.135376 	412.000000 	411.752686 	-99.000000 
30.100000 	130.135376 	412.000000 	411.752686 	-99.000000 
30.200000 	130.135376 	412.000000 	411.752686 	-99.000000 
30.300000 	130.135376 	412.000000 	411.752686 	-99.000000 
30.400000 	130.135376 	412.000000 	411.752686 	-99.000000 
30.500000 	130.152115 	412.000000 	411.747498 	-99.000000 
30.600000 	130.152115 	412.000000 	411.747498 	-99.000000 
30.700000 	130.152115 	412.000000 	411.747498 	-99.000000 
30.800000 	130.152115 	412.000000 	411.747498 	-99.000000 
30.900000 	130.152115 	412.000000 	411.747498 	-99.000000 
31.000000 	130.152115 	412.000000 	411.747498 	-99.000000 
31.100000 	130.152115 	412.000000 	411.747498 	-99.000000 
31.200000 	130.152115 	412.000000 	411.747498 	-99.000000 
31.300000 	130.152115 	412.000000 	411.747498 	-99.000000 
31.400000 	130.152115 	412.000000 	411.747498 	-99.000000 
31.500000 	130.168106 	412.000000 	411.742371 	-99.000000 
31.600000 	130.168106 	412.000000 	411.742371 	-99.000000 
31.700000 	130.168106 	412.000000 	411.742371 	-99.000000 
31.800000 	130.168106 	412.000000 	411.742371 	-99.000000 
31.900000 	130.168106 	412.000000 	411.742371 	-99.000000 
32.000000 	130.168106 	412.000000 	411.742371 	-99.000000 
32.100000 	130.168106 	412.000000 	411.742371 	-99.000000 
32.200000 	130.168106 	412.000000 	411.742371 	-99.000000 
32.300000 	130.168106 	412.000000 	411.742371 	-99.000000 
32.400000 	130.168106 	412.000000 	411.742371 	-99.000000 
32.500000 	130.183456 	412.000000 	411.737274 	-99.000000 
32.600000 	130.183456 	412.000000 	411.737274 	-99.000000 
32.700000 	130.183456 	412.000000 	411.737274 	-99.000000 
32.800000 	130.183456 	412.000000 	411.737274 	-99.000000 
32.900000 	130.183456 	412.000000 	411.737274 	-99.000000 
33.000000 	130.183456 	412.000000 	411.737274 	-99.000000 
33.100000 	130.183456 	412.000000 	411.737274 	-99.000000 
33.200000 	130.183456 	412.000000 	411.737274 	-99.000000 
33.300000 	130.183456 	412.000000 	411.737274 	-99.000000 
33.400000 	130.183456 	412.000000 	411.737274 	-99.000000 
33.500000 	130.198257 	412.000000 	411.732178 	-99.000000 
33.600000 	130.198257 	412.000000 	411.732178 	-99.000000 
33.700000 	130.198257 	412.000000 	411.732178 	-99.000000 
33.800000 	130.198257 	412.000000 	411.732178 	-99.000000 
33.900000 	130.198257 	412.000000 	411.732178 	-99.000000 
34.000000 	130.198257 	412.000000 	411.732178 	-99.000000 
34.100000 	130.198257 	412.000000 	411.732178 	-99.000000 
34.200000 	130.198257 	412.000000 	411.732178 	-99.000000 
34.300000 	130.198257 	412.000000 	411.732178 	-99.000000 
34.400000 	130.198257 	412.000000 	411.732178 	-99.000000 
34.500000 	130.212570 	412.000000 	411.727051 	-99.000000 
34.600000 	130.212570 	412.000000 	411.727051 	-99.000000 
34.700000 	130.212570 	412.000000 	411.727051 	-99.000000 
34.800000 	130.212570 	412.000000 	411.727051 	-99.000000 
34.900000 	130.212570 	412.000000 	411.727051 	-99.000000 
35.000000 	130.212570 	412.000000 	411.727051 	-99.000000 
35.100000 	130.212570 	412.000000 	411.727051 	-99.000000 
35.200000 	130.212570 	412.000000 	411.727051 	-99.000000 
35.300000 	130.212570 	412.000000 	411.727051 	-99.000000 
35.400000 	130.212570 	412.000000 	411.727051 	-99.000000 
35.500000 	130.226501 	412.000000 	411.721863 	-99.000000 
35.600000 	130.226501 	412.000000 	411.721863 	-99.000000 
35.700000 	130.226501 	412.000000 	411.721863 	-99.000000 
35.800000 	130.226501 	412.000000 	411.721863 	-99.000000 
35.900000 	130.226501 	412.000000 	411.721863 	-99.000000 
36.000000 	130.226501 	412.000000 	411.721863 	-99.000000 
36.100000 	130.226501 	412.000000 	411.721863 	-99.000000 
36.200000 	130.226501 	412.000000 	411.721863 	-99.000000 
36.300000 	130.226501 	412.000000 	411.721863 	-99.000000 
36.400000 	130.226501 	412.000000 	411.721863 	-99.000000 
36.500000 	130.240067 	412.000000 	411.716583 	-99.000000 
36.600000 	130.240067 	412.000000 	411.716583 	-99.000000 
36.700000 	130.240067 	412.000000 	411.716583 	-99.000000 
36.800000 	130.240067 	412.000000 	411.716583 	-99.000000 
36.900000 	130.240067 	412.000000 	411.716583 	-99.000000 
37.000000 	130.240067 	412.000000 	411.716583 	-99.000000 
37.100000 	130.240067 	412.000000 	411.716583 	-99.000000 
37.200000 	130.240067 	412.000000 	411.716583 	-99.000000 
37.300000 	130.240067 	412.000000 	411.716583 	-99.000000 
37.400000 	130.240067 	412.000000 	411.716583 	-99.000000 
37.500000 	130.253342 	412.000000 	411.711151 	-99.000000 
37.600000 	130.253342 	412.000000 	411.711151 	-99.000000 
37.700000 	130.253342 	412.000000 	411.711151 	-99.000000 
37.800000 	130.253342 	412.000000 	411.711151 	-99.000000 
37.900000 	130.253342 	412.000000 	411.711151 	-99.000000 
38.000000 	130.253342 	412.000000 	411.711151 	-99.000000 
38.100000 	130.253342 	412.000000 	411.711151 	-99.000000 
38.200000 	130.253342 	412.000000 	411.711151 	-99.000000 
38.300000 	130.253342 	412.000000 	411.711151 	-99.000000 
38.400000 	130.253342 	412.000000 	411.711151 	-99.000000 
38.500000 	130.266357 	412.000000 	411.705597 	-99.000000 
38.600000 	130.266357 	412.000000 	411.705597 	-99.000000 
38.700000 	130.266357 	412.000000 	411.705597 	-99.000000 
38.800000 	130.266357 	412.000000 	411.705597 	-99.000000 
38.900000 	130.266357 	412.000000 	411.705597 	-99.000000 
39.000000 	130.266357 	412.000000 	411.705597 	-99.000000 
39.100000 	130.266357 	412.000000 	411.705597 	-99.000000 
39.200000 	130.266357 	412.000000 	411.705597 	-99.000000 
39.300000 	130.266357 	412.000000 	411.705597 	-99.000000 
39.400000 	130.266357 	412.000000 	411.705597 	-99.000000 
39.500000 	130.279160 	412.000000 	411.699860 	-99.000000 
39.600000 	130.279160 	412.000000 	411.699860 	-99.000000 
39.700000 	130.279160 	412.000000 	411.699860 	-99.000000 
39.800000 	130.279160 	412.000000 	411.699860 	-99.000000 
39.900000 	130.279160 	412.000000 	411.699860 	-99.000000 
40.000000 	130.279160 	412.000000 	411.699860 	-99.000000 
40.100000 	130.279160 	412.000000 	411.699860 	-99.000000 
40.200000 	130.279160 	412.000000 	411.699860 	-99.000000 
40.300000 	130.279160 	412.000000 	411.699860 	-99.000000 
40.400000 	130.279160 	412.000000 	411.699860 	-99.000000 
40.500000 	130.291779 	412.000000 	411.693939 	-99.000000 
40.600000 	130.291779 	412.000000 	411.693939 	-99.000000 
40.700000 	130.291779 	412.000000 	411.693939 	-99.000000 
40.800000 	130.291779 	412.000000 	411.693939 	-99.000000 
40.900000 	130.291779 	412.000000 	411.693939 	-99.000000 
41.000000 	130.291779 	412.000000 	411.693939 	-99.000000 
41.100000 	130.291779 	412.000000 	411.693939 	-99.000000 
41.200000 	130.291779 	412.000000 	411.693939 	-99.000000 
41.300000 	130.291779 	412.000000 	411.693939 	-99.000000 
41.400000 	130.291779 	412.000000 	411.693939 	-99.000000 
41.500000 	130.304260 	412.000000 	411.687805 	-99.000000 
41.600000 	130.304260 	412.000000 	411.687805 	-99.000000 
41.700000 	130.304260 	412.000000 	411.687805 	-99.000000 
41.800000 	130.304260 	412.000000 	411.687805 	-99.000000 
41.900000 	130.304260 	412.000000 	411.687805 	-99.000000 
42.000000 	130.304260 	412.000000 	411.687805 	-99.000000 
42.100000 	130.304260 	412.000000 	411.687805 	-99.000000 
42.200000 	130.304260 	412.000000 	411.687805 	-99.000000 
42.300000 	130.304260 	412.000000 	411.687805 	-99.000000 
42.400000 	130.304260 	412.000000 	411.687805 	-99.000000 
42.500000 	130.316620 	412.000000 	411.681427 	-99.000000 
42.600000 	130.316620 	412.000000 	411.681427 	-99.000000 
42.700000 	130.316620 	412.000000 	411.681427 	-99.000000 
42.800000 	130.316620 	412.000000 	411.681427 	-99.000000 
42.900000 	130.316620 	412.000000 	411.681427 	-99.000000 
43.000000 	130.316620 	412.000000 	411.681427 	-99.000000 
43.100000 	130.316620 	412.000000 	411.681427 	-99.000000 
43.200000 	130.316620 	412.000000 	411.681427 	-99.000000 
43.300000 	130.316620 	412.000000 	411.681427 	-99.000000 
43.400000 	130.316620 	412.000000 	411.681427 	-99.000000 
43.500000 	130.328873 	412.000000 	411.674835 	-99.000000 
43.600000 	130.328873 	412.000000 	411.674835 	-99.000000 
43.700000 	130.328873 	412.000000 	411.674835 	-99.000000 
43.800000 	130.328873 	412.000000 	411.674835 	-99.000000 
43.900000 	130.328873 	412.000000 	411.674835 	-99.000000 
44.000000 	130.328873 	412.000000 	411.674835 	-99.000000 
44.100000 	130.328873 	412.000000 	411.674835 	-99.000000 
44.200000 	130.328873 	412.000000 	411.674835 	-99.000000 
44.300000 	130.328873 	412.000000 	411.674835 	-99.000000 
44.400000 	130.328873 	412.000000 	411.674835 	-99.000000 
44.500000 	130.341049 	412.000000 	411.667938 	-99.000000 
44.600000 	130.341049 	412.000000 	411.667938 	-99.000000 
44.700000 	130.341049 	412.000000 	411.667938 	-99.000000 
44.800000 	130.341049 	412.000000 	411.667938 	-99.000000 
44.900000 	130.341049 	412.000000 	411.667938 	-99.000000 
45.000000 	130.341049 	412.000000 	411.667938 	-99.000000 
45.100000 	130.341049 	412.000000 	411.667938 	-99.000000 
45.200000 	130.341049 	412.000000 	411.667938 	-99.000000 
45.300000 	130.341049 	412.000000 	411.667938 	-99.000000 
45.400000 	130.341049 	412.000000 	411.667938 	-99.000000 
45.500000 	130.353165 	412.000000 	411.660797 	-99.000000 
45.600000 	130.353165 	412.000000 	411.660797 	-99.000000 
45.700000 	130.353165 	412.000000 	411.660797 	-99.000000 
45.800000 	130.353165 	412.000000 	411.660797 	-99.000000 
45.900000 	130.353165 	412.000000 	411.660797 	-99.000000 
46.000000 	130.353165 	412.000000 	411.660797 	-99.000000 
46.100000 	130.353165 	412.000000 	411.660797 	-99.000000 
46.200000 	130.353165 	412.000000 	411.660797 	-99.000000 
46.300000 	130.353165 	412.000000 	411.660797 	-99.000000 
46.400000 	130.353165 	412.000000 	411.660797 	-99.000000 
46.500000 	130.365265 	412.000000 	411.653320 	-99.000000 
46.600000 	130.365265 	412.000000 	411.653320 	-99.000000 
46.700000 	130.365265 	412.000000 	411.653320 	-99.000000 
46.800000 	130.365265 	412.000000 	411.653320 	-99.000000 
46.900000 	130.365265 	412.000000 	411.653320 	-99.000000 
47.000000 	130.365265 	412.000000 	411.653320 	-99.000000 
47.100000 	130.365265 	412.000000 	411.653320 	-99.000000 
47.200000 	130.365265 	412.000000 	411.653320 	-99.000000 
47.300000 	130.365265 	412.000000 	411.653320 	-99.000000 
47.400000 	130.365265 	412.000000 	411.653320 	-99.000000 
47.500000 	130.377319 	412.000000 	411.645538 	-99.000000 
47.600000 	130.377319 	412.000000 	411.645538 	-99.000000 
47.700000 	130.377319 	412.000000 	411.645538 	-99.000000 
47.800000 	130.377319 	412.000000 	411.645538 	-99.000000 
47.900000 	130.377319 	412.000000 	411.645538 	-99.000000 
48.000000 	130.377319 	412.000000 	411.645538 	-99.000000 
48.100000 	130.377319 	412.000000 	411.645538 	-99.000000 
48.200000 	130.377319 	412.000000 	411.645538 	-99.000000 
48.300000 	130.377319 	412.000000 	411.645538 	-99.000000 
48.400000 	130.377319 	412.000000 	411.645538 	-99.000000 
48.500000 	130.389389 	412.000000 	411.637421 	-99.000000 
48.600000 	130.389389 	412.000000 	411.637421 	-99.000000 
48.700000 	130.389389 	412.000000 	411.637421 	-99.000000 
48.800000 	130.389389 	412.000000 	411.637421 	-99.000000 
48.900000 	130.389389 	412.000000 	411.637421 	-99.000000 
49.000000 	130.389389 	412.000000 	411.637421 	-99.000000 
49.100000 	130.389389 	412.000000 	411.637421 	-99.000000 
49.200000 	130.389389 	412.000000 	411.637421 	-99.000000 
49.300000 	130.389389 	412.000000 	411.637421 	-99.000000 
49.400000 	130.389389 	412.000000 	411.637421 	-99.000000 
49.500000 	130.401459 	412.000000 	411.628937 	-99.000000 
49.600000 	130.401459 	412.000000 	411.628937 	-99.000000 
49.700000 	130.401459 	412.000000 	411.628937 	-99.000000 
49.800000 	130.401459 	412.000000 	411.628937 	-99.000000 
49.900000 	130.401459 	412.000000 	411.628937 	-99.000000 
50.000000 	130.401459 	412.000000 	411.628937 	-99.000000 
50.100000 	130.401459 	412.000000 	411.628937 	-99.000000 
50.200000 	130.401459 	412.000000 	411.628937 	-99.000000 
50.300000 	130.401459 	412.000000 	411.628937 	-99.000000 
50.400000 	130.401459 	412.000000 	411.628937 	-99.000000 
50.500000 	130.413544 	412.000000 	411.620087 	-99.000000 
50.600000 	130.413544 	412.000000 	411.620087 	-99.000000 
50.700000 	130.413544 	412.000000 	411.620087 	-99.000000 
50.800000 	130.413544 	412.000000 	411.620087 	-99.000000 
50.900000 	130.413544 	412.000000 	411.620087 	-99.000000 
51.000000 	130.413544 	412.000000 	411.620087 	-99.000000 
51.100000 	130.413544 	412.000000 	411.620087 	-99.000000 
51.200000 	130.413544 	412.000000 	411.620087 	-99.000000 
51.300000 	130.413544 	412.000000 	411.620087 	-99.000000 
51.400000 	130.413544 	412.000000 	411.620087 	-99.000000 
51.500000 	130.425674 	412.000000 	411.610870 	-99.000000 
51.600000 	130.425674 	412.000000 	411.610870 	-99.000000 
51.700000 	130.425674 	412.000000 	411.610870 	-99.000000 
51.800000 	130.425674 	412.000000 	411.610870 	-99.000000 
51.900000 	130.425674 	412.000000 	411.610870 	-99.000000 
52.000000 	130.425674 	412.000000 	411.610870 	-99.000000 
52.100000 	130.425674 	412.000000 	411.610870 	-99.000000 
52.200000 	130.425674 	412.000000 	411.610870 	-99.000000 
52.300000 	130.425674 	412.000000 	411.610870 	-99.000000 
52.400000 	130.425674 	412.000000 	411.610870 	-99.000000 
52.500000 	130.437836 	412.000000 	411.601227 	-99.000000 
52.600000 	130.437836 	412.000000 	411.601227 	-99.000000 
52.700000 	130.437836 	412.000000 	411.601227 	-99.000000 
52.800000 	130.437836 	412.000000 	411.601227 	-99.000000 
52.900000 	130.437836 	412.000000 	411.601227 	-99.000000 
53.000000 	130.437836 	412.000000 	411.601227 	-99.000000 
53.100000 	130.437836 	412.000000 	411.601227 	-99.000000 
53.200000 	130.437836 	412.000000 	411.601227 	-99.000000 
53.300000 	130.437836 	412.000000 	411.601227 	-99.000000 
53.400000 	130.437836 	412.000000 	411.601227 	-99.000000 
53.500000 	130.450058 	412.000000 	411.591156 	-99.000000 
53.600000 	130.450058 	412.000000 	411.591156 	-99.000000 
53.700000 	130.450058 	412.000000 	411.591156 	-99.000000 
53.800000 	130.450058 	412.000000 	411.591156 	-99.000000 
53.900000 	130.450058 	412.000000 	411.591156 	-99.000000 
54.000000 	130.450058 	412.000000 	411.591156 	-99.000000 
54.100000 	130.450058 	412.000000 	411.591156 	-99.000000 
54.200000 	130.450058 	412.000000 	411.591156 	-99.000000 
54.300000 	130.450058 	412.000000 	411.591156 	-99.000000 
54.400000 	130.450058 	412.000000 	411.591156 	-99.000000 
54.500000 	130.462341 	412.000000 	411.580627 	-99.000000 
54.600000 	130.462341 	412.000000 	411.580627 	-99.000000 
54.700000 	130.462341 	412.000000 	411.580627 	-99.000000 
54.800000 	130.462341 	412.000000 	411.580627 	-99.000000 
54.900000 	130.462341 	412.000000 	411.580627 	-99.000000 
55.000000 	130.462341 	412.000000 	411.580627 	-99.000000 
55.100000 	130.462341 	412.000000 	411.580627 	-99.000000 
55.200000 	130.462341 	412.000000 	411.580627 	-99.000000 
55.300000 	130.462341 	412.000000 	411.580627 	-99.000000 
55.400000 	130.462341 	412.000000 	411.580627 	-99.000000 
55.500000 	130.474701 	412.000000 	411.569672 	-99.000000 
55.600000 	130.474701 	412.000000 	411.569672 	-99.000000 
55.700000 	130.474701 	412.000000 	411.569672 	-99.000000 
55.800000 	130.474701 	412.000000 	411.569672 	-99.000000 
55.900000 	130.474701 	412.000000 	411.569672 	-99.000000 
56.000000 	130.474701 	412.000000 	411.569672 	-99.000000 
56.100000 	130.474701 	412.000000 	411.569672 	-99.000000 
56.200000 	130.474701 	412.000000 	411.569672 	-99.000000 
56.300000 	130.474701 	412.000000 	411.569672 	-99.000000 
56.400000 	130.474701 	412.000000 	411.569672 	-99.000000 
56.500000 	130.487152 	412.000000 	411.558197 	-99.000000 
56.600000 	130.487152 	412.000000 	411.558197 	-99.000000 
56.700000 	130.487152 	412.000000 	411.558197 	-99.000000 
56.800000 	130.487152 	412.000000 	411.558197 	-99.000000 
56.900000 	130.487152 	412.000000 	411.558197 	-99.000000 
57.000000 	130.487152 	412.000000 	411.558197 	-99.000000 
57.100000 	130.487152 	412.000000 	411.558197 	-99.000000 
57.200000 	130.487152 	412.000000 	411.558197 	-99.000000 
57.300000 	130.487152 	412.000000 	411.558197 	-99.000000 
57.400000 	130.487152 	412.000000 	411.558197 	-99.000000 
57.500000 	130.499680 	412.000000 	411.546265 	-99.000000 
57.600000 	130.499680 	412.000000 	411.546265 	-99.000000 
57.700000 	130.499680 	412.000000 	411.546265 	-99.000000 
57.800000 	130.499680 	412.000000 	411.546265 	-99.000000 
57.900000 	130.499680 	412.000000 	411.546265 	-99.000000 
58.000000 	130.499680 	412.000000 	411.546265 	-99.000000 
58.100000 	130.499680 	412.000000 	411.546265 	-99.000000 
58.200000 	130.499680 	412.000000 	411.546265 	-99.000000 
58.300000 	130.499680 	412.000000 	411.546265 	-99.000000 
58.400000 	130.499680 	412.000000 	411.546265 	-99.000000 
58.500000 	130.512314 	412.000000 	411.533783 	-99.000000 
58.600000 	130.512314 	412.000000 	411.533783 	-99.000000 
58.700000 	130.512314 	412.000000 	411.533783 	-99.000000 
58.800000 	130.512314 	412.000000 	411.533783 	-99.000000 
58.900000 	130.512314 	412.000000 	411.533783 	-99.000000 
59.000000 	130.512314 	412.000000 	411.533783 	-99.000000 
59.100000 	130.512314 	412.000000 	411.533783 	-99.000000 
59.200000 	130.512314 	412.000000 	411.533783 	-99.000000 
59.300000 	130.512314 	412.000000 	411.533783 	-99.000000 
59.400000 	130.512314 	412.000000 	411.533783 	-99.000000 
59.500000 	130.525055 	412.000000 	411.520752 	-99.000000 
59.600000 	130.525055 	412.000000 	411.520752 	-99.000000 
59.700000 	130.525055 	412.000000 	411.520752 	-99.000000 
59.800000 	130.525055 	412.000000 	411.520752 	-99.000000 
59.900000 	130.525055 	412.000000 	411.520752 	-99.000000 
60.000000 	130.525055 	412.000000 	411.520752 	-99.000000 
