0.500000 	79.274696 	135.000000 	196.953003 	154.134003 
0.600000 	79.274696 	135.000000 	196.953003 	154.134003 
0.700000 	79.274696 	135.000000 	196.953003 	154.134003 
0.800000 	79.274696 	135.000000 	196.953003 	154.134003 
0.900000 	79.274696 	135.000000 	196.953003 	154.134003 
1.000000 	79.274696 	135.000000 	196.953003 	154.134003 
1.100000 	79.274696 	135.000000 	196.953003 	154.134003 
1.200000 	79.274696 	135.000000 	196.953003 	154.134003 
1.300000 	79.274696 	135.000000 	196.953003 	154.134003 
1.400000 	79.274696 	135.000000 	196.953003 	154.134003 
1.500000 	85.729301 	135.000000 	171.287003 	156.072006 
1.600000 	85.729301 	135.000000 	171.287003 	156.072006 
1.700000 	85.729301 	135.000000 	171.287003 	156.072006 
1.800000 	85.729301 	135.000000 	171.287003 	156.072006 
1.900000 	85.729301 	135.000000 	171.287003 	156.072006 
2.000000 	85.729301 	135.000000 	171.287003 	156.072006 
2.100000 	85.729301 	135.000000 	171.287003 	156.072006 
2.200000 	85.729301 	135.000000 	171.287003 	156.072006 
2.300000 	85.729301 	135.000000 	171.287003 	156.072006 
2.400000 	85.729301 	135.000000 	171.287003 	156.072006 
2.500000 	97.359200 	135.000000 	160.481995 	156.445007 
2.600000 	97.359200 	135.000000 	160.481995 	156.445007 
2.700000 	97.359200 	135.000000 	160.481995 	156.445007 
2.800000 	97.359200 	135.000000 	160.481995 	156.445007 
2.900000 	97.359200 	135.000000 	160.481995 	156.445007 
3.000000 	97.359200 	135.000000 	160.481995 	156.445007 
3.100000 	97.359200 	135.000000 	160.481995 	156.445007 
3.200000 	97.359200 	135.000000 	160.481995 	156.445007 
3.300000 	97.359200 	135.000000 	160.481995 	156.445007 
3.400000 	97.359200 	135.000000 	160.481995 	156.445007 
3.500000 	104.692001 	135.000000 	154.164001 	156.602005 
3.600000 	104.692001 	135.000000 	154.164001 	156.602005 
3.700000 	104.692001 	135.000000 	154.164001 	156.602005 
3.800000 	104.692001 	135.000000 	154.164001 	156.602005 
3.900000 	104.692001 	135.000000 	154.164001 	156.602005 
4.000000 	104.692001 	135.000000 	154.164001 	156.602005 
4.100000 	104.692001 	135.000000 	154.164001 	156.602005 
4.200000 	104.692001 	135.000000 	154.164001 	156.602005 
4.300000 	104.692001 	135.000000 	154.164001 	156.602005 
4.400000 	104.692001 	135.000000 	154.164001 	156.602005 
4.500000 	109.396004 	135.000000 	150.143997 	156.701996 
4.600000 	109.396004 	135.000000 	150.143997 	156.701996 
4.700000 	109.396004 	135.000000 	150.143997 	156.701996 
4.800000 	109.396004 	135.000000 	150.143997 	156.701996 
4.900000 	109.396004 	135.000000 	150.143997 	156.701996 
5.000000 	109.396004 	135.000000 	150.143997 	156.701996 
5.100000 	109.396004 	135.000000 	150.143997 	156.701996 
5.200000 	109.396004 	135.000000 	150.143997 	156.701996 
5.300000 	109.396004 	135.000000 	150.143997 	156.701996 
5.400000 	109.396004 	135.000000 	150.143997 	156.701996 
5.500000 	112.601997 	135.000000 	147.354996 	156.785004 
5.600000 	112.601997 	135.000000 	147.354996 	156.785004 
5.700000 	112.601997 	135.000000 	147.354996 	156.785004 
5.800000 	112.601997 	135.000000 	147.354996 	156.785004 
5.900000 	112.601997 	135.000000 	147.354996 	156.785004 
6.000000 	112.601997 	135.000000 	147.354996 	156.785004 
6.100000 	112.601997 	135.000000 	147.354996 	156.785004 
6.200000 	112.601997 	135.000000 	147.354996 	156.785004 
6.300000 	112.601997 	135.000000 	147.354996 	156.785004 
6.400000 	112.601997 	135.000000 	147.354996 	156.785004 
6.500000 	114.902000 	135.000000 	145.326004 	156.863998 
6.600000 	114.902000 	135.000000 	145.326004 	156.863998 
6.700000 	114.902000 	135.000000 	145.326004 	156.863998 
6.800000 	114.902000 	135.000000 	145.326004 	156.863998 
6.900000 	114.902000 	135.000000 	145.326004 	156.863998 
7.000000 	114.902000 	135.000000 	145.326004 	156.863998 
7.100000 	114.902000 	135.000000 	145.326004 	156.863998 
7.200000 	114.902000 	135.000000 	145.326004 	156.863998 
7.300000 	114.902000 	135.000000 	145.326004 	156.863998 
7.400000 	114.902000 	135.000000 	145.326004 	156.863998 
7.500000 	116.622002 	135.000000 	143.794006 	156.947006 
7.600000 	116.622002 	135.000000 	143.794006 	156.947006 
7.700000 	116.622002 	135.000000 	143.794006 	156.947006 
7.800000 	116.622002 	135.000000 	143.794006 	156.947006 
7.900000 	116.622002 	135.000000 	143.794006 	156.947006 
8.000000 	116.622002 	135.000000 	143.794006 	156.947006 
8.100000 	116.622002 	135.000000 	143.794006 	156.947006 
8.200000 	116.622002 	135.000000 	143.794006 	156.947006 
8.300000 	116.622002 	135.000000 	143.794006 	156.947006 
8.400000 	116.622002 	135.000000 	143.794006 	156.947006 
8.500000 	117.948997 	135.000000 	142.602005 	157.033997 
8.600000 	117.948997 	135.000000 	142.602005 	157.033997 
8.700000 	117.948997 	135.000000 	142.602005 	157.033997 
8.800000 	117.948997 	135.000000 	142.602005 	157.033997 
8.900000 	117.948997 	135.000000 	142.602005 	157.033997 
9.000000 	117.948997 	135.000000 	142.602005 	157.033997 
9.100000 	117.948997 	135.000000 	142.602005 	157.033997 
9.200000 	117.948997 	135.000000 	142.602005 	157.033997 
9.300000 	117.948997 	135.000000 	142.602005 	157.033997 
9.400000 	117.948997 	135.000000 	142.602005 	157.033997 
9.500000 	118.999001 	135.000000 	141.653000 	157.126999 
9.600000 	118.999001 	135.000000 	141.653000 	157.126999 
9.700000 	118.999001 	135.000000 	141.653000 	157.126999 
9.800000 	118.999001 	135.000000 	141.653000 	157.126999 
9.900000 	118.999001 	135.000000 	141.653000 	157.126999 
10.000000 	118.999001 	135.000000 	141.653000 	157.126999 
10.100000 	118.999001 	135.000000 	141.653000 	157.126999 
10.200000 	118.999001 	135.000000 	141.653000 	157.126999 
10.300000 	118.999001 	135.000000 	141.653000 	157.126999 
10.400000 	118.999001 	135.000000 	141.653000 	157.126999 
10.500000 	119.848000 	135.000000 	140.882004 	157.227005 
10.600000 	119.848000 	135.000000 	140.882004 	157.227005 
10.700000 	119.848000 	135.000000 	140.882004 	157.227005 
10.800000 	119.848000 	135.000000 	140.882004 	157.227005 
10.900000 	119.848000 	135.000000 	140.882004 	157.227005 
11.000000 	119.848000 	135.000000 	140.882004 	157.227005 
11.100000 	119.848000 	135.000000 	140.882004 	157.227005 
11.200000 	119.848000 	135.000000 	140.882004 	157.227005 
11.300000 	119.848000 	135.000000 	140.882004 	157.227005 
11.400000 	119.848000 	135.000000 	140.882004 	157.227005 
11.500000 	120.546997 	135.000000 	140.246994 	157.334000 
11.600000 	120.546997 	135.000000 	140.246994 	157.334000 
11.700000 	120.546997 	135.000000 	140.246994 	157.334000 
11.800000 	120.546997 	135.000000 	140.246994 	157.334000 
11.900000 	120.546997 	135.000000 	140.246994 	157.334000 
12.000000 	120.546997 	135.000000 	140.246994 	157.334000 
12.100000 	120.546997 	135.000000 	140.246994 	157.334000 
12.200000 	120.546997 	135.000000 	140.246994 	157.334000 
12.300000 	120.546997 	135.000000 	140.246994 	157.334000 
12.400000 	120.546997 	135.000000 	140.246994 	157.334000 
12.500000 	121.128998 	135.000000 	139.714996 	157.447006 
12.600000 	121.128998 	135.000000 	139.714996 	157.447006 
12.700000 	121.128998 	135.000000 	139.714996 	157.447006 
12.800000 	121.128998 	135.000000 	139.714996 	157.447006 
12.900000 	121.128998 	135.000000 	139.714996 	157.447006 
13.000000 	121.128998 	135.000000 	139.714996 	157.447006 
13.100000 	121.128998 	135.000000 	139.714996 	157.447006 
13.200000 	121.128998 	135.000000 	139.714996 	157.447006 
13.300000 	121.128998 	135.000000 	139.714996 	157.447006 
13.400000 	121.128998 	135.000000 	139.714996 	157.447006 
13.500000 	121.621002 	135.000000 	139.266006 	157.567993 
13.600000 	121.621002 	135.000000 	139.266006 	157.567993 
13.700000 	121.621002 	135.000000 	139.266006 	157.567993 
13.800000 	121.621002 	135.000000 	139.266006 	157.567993 
13.900000 	121.621002 	135.000000 	139.266006 	157.567993 
14.000000 	121.621002 	135.000000 	139.266006 	157.567993 
14.100000 	121.621002 	135.000000 	139.266006 	157.567993 
14.200000 	121.621002 	135.000000 	139.266006 	157.567993 
14.300000 	121.621002 	135.000000 	139.266006 	157.567993 
14.400000 	121.621002 	135.000000 	139.266006 	157.567993 
14.500000 	122.042000 	135.000000 	138.882004 	157.695007 
14.600000 	122.042000 	135.000000 	138.882004 	157.695007 
14.700000 	122.042000 	135.000000 	138.882004 	157.695007 
14.800000 	122.042000 	135.000000 	138.882004 	157.695007 
14.900000 	122.042000 	135.000000 	138.882004 	157.695007 
15.000000 	122.042000 	135.000000 	138.882004 	157.695007 
15.100000 	122.042000 	135.000000 	138.882004 	157.695007 
15.200000 	122.042000 	135.000000 	138.882004 	157.695007 
15.300000 	122.042000 	135.000000 	138.882004 	157.695007 
15.400000 	122.042000 	135.000000 	138.882004 	157.695007 
15.500000 	122.404999 	135.000000 	138.552002 	157.830002 
15.600000 	122.404999 	135.000000 	138.552002 	157.830002 
15.700000 	122.404999 	135.000000 	138.552002 	157.830002 
15.800000 	122.404999 	135.000000 	138.552002 	157.830002 
15.900000 	122.404999 	135.000000 	138.552002 	157.830002 
16.000000 	122.404999 	135.000000 	138.552002 	157.830002 
16.100000 	122.404999 	135.000000 	138.552002 	157.830002 
16.200000 	122.404999 	135.000000 	138.552002 	157.830002 
16.300000 	122.404999 	135.000000 	138.552002 	157.830002 
16.400000 	122.404999 	135.000000 	138.552002 	157.830002 
16.500000 	122.720001 	135.000000 	138.264008 	157.970993 
16.600000 	122.720001 	135.000000 	138.264008 	157.970993 
16.700000 	122.720001 	135.000000 	138.264008 	157.970993 
16.800000 	122.720001 	135.000000 	138.264008 	157.970993 
16.900000 	122.720001 	135.000000 	138.264008 	157.970993 
17.000000 	122.720001 	135.000000 	138.264008 	157.970993 
17.100000 	122.720001 	135.000000 	138.264008 	157.970993 
17.200000 	122.720001 	135.000000 	138.264008 	157.970993 
17.300000 	122.720001 	135.000000 	138.264008 	157.970993 
17.400000 	122.720001 	135.000000 	138.264008 	157.970993 
17.500000 	122.997002 	135.000000 	138.013000 	158.119003 
17.600000 	122.997002 	135.000000 	138.013000 	158.119003 
17.700000 	122.997002 	135.000000 	138.013000 	158.119003 
17.800000 	122.997002 	135.000000 	138.013000 	158.119003 
17.900000 	122.997002 	135.000000 	138.013000 	158.119003 
18.000000 	122.997002 	135.000000 	138.013000 	158.119003 
18.100000 	122.997002 	135.000000 	138.013000 	158.119003 
18.200000 	122.997002 	135.000000 	138.013000 	158.119003 
18.300000 	122.997002 	135.000000 	138.013000 	158.119003 
18.400000 	122.997002 	135.000000 	138.013000 	158.119003 
18.500000 	123.241997 	135.000000 	137.792007 	158.272995 
18.600000 	123.241997 	135.000000 	137.792007 	158.272995 
18.700000 	123.241997 	135.000000 	137.792007 	158.272995 
18.800000 	123.241997 	135.000000 	137.792007 	158.272995 
18.900000 	123.241997 	135.000000 	137.792007 	158.272995 
19.000000 	123.241997 	135.000000 	137.792007 	158.272995 
19.100000 	123.241997 	135.000000 	137.792007 	158.272995 
19.200000 	123.241997 	135.000000 	137.792007 	158.272995 
19.300000 	123.241997 	135.000000 	137.792007 	158.272995 
19.400000 	123.241997 	135.000000 	137.792007 	158.272995 
19.500000 	123.459000 	135.000000 	137.597000 	158.434006 
19.600000 	123.459000 	135.000000 	137.597000 	158.434006 
19.700000 	123.459000 	135.000000 	137.597000 	158.434006 
19.800000 	123.459000 	135.000000 	137.597000 	158.434006 
19.900000 	123.459000 	135.000000 	137.597000 	158.434006 
20.000000 	123.459000 	135.000000 	137.597000 	158.434006 
20.100000 	123.459000 	135.000000 	137.597000 	158.434006 
20.200000 	123.459000 	135.000000 	137.597000 	158.434006 
20.300000 	123.459000 	135.000000 	137.597000 	158.434006 
20.400000 	123.459000 	135.000000 	137.597000 	158.434006 
20.500000 	123.653000 	135.000000 	137.423004 	158.600998 
20.600000 	123.653000 	135.000000 	137.423004 	158.600998 
20.700000 	123.653000 	135.000000 	137.423004 	158.600998 
20.800000 	123.653000 	135.000000 	137.423004 	158.600998 
20.900000 	123.653000 	135.000000 	137.423004 	158.600998 
21.000000 	123.653000 	135.000000 	137.423004 	158.600998 
21.100000 	123.653000 	135.000000 	137.423004 	158.600998 
21.200000 	123.653000 	135.000000 	137.423004 	158.600998 
21.300000 	123.653000 	135.000000 	137.423004 	158.600998 
21.400000 	123.653000 	135.000000 	137.423004 	158.600998 
21.500000 	123.828003 	135.000000 	137.268005 	158.774002 
21.600000 	123.828003 	135.000000 	137.268005 	158.774002 
21.700000 	123.828003 	135.000000 	137.268005 	158.774002 
21.800000 	123.828003 	135.000000 	137.268005 	158.774002 
21.900000 	123.828003 	135.000000 	137.268005 	158.774002 
22.000000 	123.828003 	135.000000 	137.268005 	158.774002 
22.100000 	123.828003 	135.000000 	137.268005 	158.774002 
22.200000 	123.828003 	135.000000 	137.268005 	158.774002 
22.300000 	123.828003 	135.000000 	137.268005 	158.774002 
22.400000 	123.828003 	135.000000 	137.268005 	158.774002 
22.500000 	123.985001 	135.000000 	137.128006 	158.951996 
22.600000 	123.985001 	135.000000 	137.128006 	158.951996 
22.700000 	123.985001 	135.000000 	137.128006 	158.951996 
22.800000 	123.985001 	135.000000 	137.128006 	158.951996 
22.900000 	123.985001 	135.000000 	137.128006 	158.951996 
23.000000 	123.985001 	135.000000 	137.128006 	158.951996 
23.100000 	123.985001 	135.000000 	137.128006 	158.951996 
23.200000 	123.985001 	135.000000 	137.128006 	158.951996 
23.300000 	123.985001 	135.000000 	137.128006 	158.951996 
23.400000 	123.985001 	135.000000 	137.128006 	158.951996 
23.500000 	124.128998 	135.000000 	137.003006 	159.136993 
23.600000 	124.128998 	135.000000 	137.003006 	159.136993 
23.700000 	124.128998 	135.000000 	137.003006 	159.136993 
23.800000 	124.128998 	135.000000 	137.003006 	159.136993 
23.900000 	124.128998 	135.000000 	137.003006 	159.136993 
24.000000 	124.128998 	135.000000 	137.003006 	159.136993 
24.100000 	124.128998 	135.000000 	137.003006 	159.136993 
24.200000 	124.128998 	135.000000 	137.003006 	159.136993 
24.300000 	124.128998 	135.000000 	137.003006 	159.136993 
24.400000 	124.128998 	135.000000 	137.003006 	159.136993 
24.500000 	124.259003 	135.000000 	136.889008 	159.326996 
24.600000 	124.259003 	135.000000 	136.889008 	159.326996 
24.700000 	124.259003 	135.000000 	136.889008 	159.326996 
24.800000 	124.259003 	135.000000 	136.889008 	159.326996 
24.900000 	124.259003 	135.000000 	136.889008 	159.326996 
25.000000 	124.259003 	135.000000 	136.889008 	159.326996 
25.100000 	124.259003 	135.000000 	136.889008 	159.326996 
25.200000 	124.259003 	135.000000 	136.889008 	159.326996 
25.300000 	124.259003 	135.000000 	136.889008 	159.326996 
25.400000 	124.259003 	135.000000 	136.889008 	159.326996 
25.500000 	124.378998 	135.000000 	136.785995 	159.522995 
25.600000 	124.378998 	135.000000 	136.785995 	159.522995 
25.700000 	124.378998 	135.000000 	136.785995 	159.522995 
25.800000 	124.378998 	135.000000 	136.785995 	159.522995 
25.900000 	124.378998 	135.000000 	136.785995 	159.522995 
26.000000 	124.378998 	135.000000 	136.785995 	159.522995 
26.100000 	124.378998 	135.000000 	136.785995 	159.522995 
26.200000 	124.378998 	135.000000 	136.785995 	159.522995 
26.300000 	124.378998 	135.000000 	136.785995 	159.522995 
26.400000 	124.378998 	135.000000 	136.785995 	159.522995 
26.500000 	124.489998 	135.000000 	136.692001 	159.723999 
26.600000 	124.489998 	135.000000 	136.692001 	159.723999 
26.700000 	124.489998 	135.000000 	136.692001 	159.723999 
26.800000 	124.489998 	135.000000 	136.692001 	159.723999 
26.900000 	124.489998 	135.000000 	136.692001 	159.723999 
27.000000 	124.489998 	135.000000 	136.692001 	159.723999 
27.100000 	124.489998 	135.000000 	136.692001 	159.723999 
27.200000 	124.489998 	135.000000 	136.692001 	159.723999 
27.300000 	124.489998 	135.000000 	136.692001 	159.723999 
27.400000 	124.489998 	135.000000 	136.692001 	159.723999 
27.500000 	124.592003 	135.000000 	136.606003 	159.929993 
27.600000 	124.592003 	135.000000 	136.606003 	159.929993 
27.700000 	124.592003 	135.000000 	136.606003 	159.929993 
27.800000 	124.592003 	135.000000 	136.606003 	159.929993 
27.900000 	124.592003 	135.000000 	136.606003 	159.929993 
28.000000 	124.592003 	135.000000 	136.606003 	159.929993 
28.100000 	124.592003 	135.000000 	136.606003 	159.929993 
28.200000 	124.592003 	135.000000 	136.606003 	159.929993 
28.300000 	124.592003 	135.000000 	136.606003 	159.929993 
28.400000 	124.592003 	135.000000 	136.606003 	159.929993 
28.500000 	124.686996 	135.000000 	136.526993 	160.141998 
28.600000 	124.686996 	135.000000 	136.526993 	160.141998 
28.700000 	124.686996 	135.000000 	136.526993 	160.141998 
28.800000 	124.686996 	135.000000 	136.526993 	160.141998 
28.900000 	124.686996 	135.000000 	136.526993 	160.141998 
29.000000 	124.686996 	135.000000 	136.526993 	160.141998 
29.100000 	124.686996 	135.000000 	136.526993 	160.141998 
29.200000 	124.686996 	135.000000 	136.526993 	160.141998 
29.300000 	124.686996 	135.000000 	136.526993 	160.141998 
29.400000 	124.686996 	135.000000 	136.526993 	160.141998 
29.500000 	124.776001 	135.000000 	136.453995 	160.358002 
29.600000 	124.776001 	135.000000 	136.453995 	160.358002 
29.700000 	124.776001 	135.000000 	136.453995 	160.358002 
29.800000 	124.776001 	135.000000 	136.453995 	160.358002 
29.900000 	124.776001 	135.000000 	136.453995 	160.358002 
30.000000 	124.776001 	135.000000 	136.453995 	160.358002 
30.100000 	124.776001 	135.000000 	136.453995 	160.358002 
30.200000 	124.776001 	135.000000 	136.453995 	160.358002 
30.300000 	124.776001 	135.000000 	136.453995 	160.358002 
30.400000 	124.776001 	135.000000 	136.453995 	160.358002 
30.500000 	124.858002 	135.000000 	136.386993 	160.578995 
30.600000 	124.858002 	135.000000 	136.386993 	160.578995 
30.700000 	124.858002 	135.000000 	136.386993 	160.578995 
30.800000 	124.858002 	135.000000 	136.386993 	160.578995 
30.900000 	124.858002 	135.000000 	136.386993 	160.578995 
31.000000 	124.858002 	135.000000 	136.386993 	160.578995 
31.100000 	124.858002 	135.000000 	136.386993 	160.578995 
31.200000 	124.858002 	135.000000 	136.386993 	160.578995 
31.300000 	124.858002 	135.000000 	136.386993 	160.578995 
31.400000 	124.858002 	135.000000 	136.386993 	160.578995 
31.500000 	124.934998 	135.000000 	136.324997 	160.804001 
31.600000 	124.934998 	135.000000 	136.324997 	160.804001 
31.700000 	124.934998 	135.000000 	136.324997 	160.804001 
31.800000 	124.934998 	135.000000 	136.324997 	160.804001 
31.900000 	124.934998 	135.000000 	136.324997 	160.804001 
32.000000 	124.934998 	135.000000 	136.324997 	160.804001 
32.100000 	124.934998 	135.000000 	136.324997 	160.804001 
32.200000 	124.934998 	135.000000 	136.324997 	160.804001 
32.300000 	124.934998 	135.000000 	136.324997 	160.804001 
32.400000 	124.934998 	135.000000 	136.324997 	160.804001 
32.500000 	125.007004 	135.000000 	136.268005 	161.033997 
32.600000 	125.007004 	135.000000 	136.268005 	161.033997 
32.700000 	125.007004 	135.000000 	136.268005 	161.033997 
32.800000 	125.007004 	135.000000 	136.268005 	161.033997 
32.900000 	125.007004 	135.000000 	136.268005 	161.033997 
33.000000 	125.007004 	135.000000 	136.268005 	161.033997 
33.100000 	125.007004 	135.000000 	136.268005 	161.033997 
33.200000 	125.007004 	135.000000 	136.268005 	161.033997 
33.300000 	125.007004 	135.000000 	136.268005 	161.033997 
33.400000 	125.007004 	135.000000 	136.268005 	161.033997 
33.500000 	125.074997 	135.000000 	136.214005 	161.268997 
33.600000 	125.074997 	135.000000 	136.214005 	161.268997 
33.700000 	125.074997 	135.000000 	136.214005 	161.268997 
33.800000 	125.074997 	135.000000 	136.214005 	161.268997 
33.900000 	125.074997 	135.000000 	136.214005 	161.268997 
34.000000 	125.074997 	135.000000 	136.214005 	161.268997 
34.100000 	125.074997 	135.000000 	136.214005 	161.268997 
34.200000 	125.074997 	135.000000 	136.214005 	161.268997 
34.300000 	125.074997 	135.000000 	136.214005 	161.268997 
34.400000 	125.074997 	135.000000 	136.214005 	161.268997 
34.500000 	125.139999 	135.000000 	136.164993 	161.507004 
34.600000 	125.139999 	135.000000 	136.164993 	161.507004 
34.700000 	125.139999 	135.000000 	136.164993 	161.507004 
34.800000 	125.139999 	135.000000 	136.164993 	161.507004 
34.900000 	125.139999 	135.000000 	136.164993 	161.507004 
35.000000 	125.139999 	135.000000 	136.164993 	161.507004 
35.100000 	125.139999 	135.000000 	136.164993 	161.507004 
35.200000 	125.139999 	135.000000 	136.164993 	161.507004 
35.300000 	125.139999 	135.000000 	136.164993 	161.507004 
35.400000 	125.139999 	135.000000 	136.164993 	161.507004 
35.500000 	125.200996 	135.000000 	136.117996 	161.750000 
35.600000 	125.200996 	135.000000 	136.117996 	161.750000 
35.700000 	125.200996 	135.000000 	136.117996 	161.750000 
35.800000 	125.200996 	135.000000 	136.117996 	161.750000 
35.900000 	125.200996 	135.000000 	136.117996 	161.750000 
36.000000 	125.200996 	135.000000 	136.117996 	161.750000 
36.100000 	125.200996 	135.000000 	136.117996 	161.750000 
36.200000 	125.200996 	135.000000 	136.117996 	161.750000 
36.300000 	125.200996 	135.000000 	136.117996 	161.750000 
36.400000 	125.200996 	135.000000 	136.117996 	161.750000 
36.500000 	125.259003 	135.000000 	136.074997 	161.996002 
36.600000 	125.259003 	135.000000 	136.074997 	161.996002 
36.700000 	125.259003 	135.000000 	136.074997 	161.996002 
36.800000 	125.259003 	135.000000 	136.074997 	161.996002 
36.900000 	125.259003 	135.000000 	136.074997 	161.996002 
37.000000 	125.259003 	135.000000 	136.074997 	161.996002 
37.100000 	125.259003 	135.000000 	136.074997 	161.996002 
37.200000 	125.259003 	135.000000 	136.074997 	161.996002 
37.300000 	125.259003 	135.000000 	136.074997 	161.996002 
37.400000 	125.259003 	135.000000 	136.074997 	161.996002 
37.500000 	125.315002 	135.000000 	136.033997 	162.246994 
37.600000 	125.315002 	135.000000 	136.033997 	162.246994 
37.700000 	125.315002 	135.000000 	136.033997 	162.246994 
37.800000 	125.315002 	135.000000 	136.033997 	162.246994 
37.900000 	125.315002 	135.000000 	136.033997 	162.246994 
38.000000 	125.315002 	135.000000 	136.033997 	162.246994 
38.100000 	125.315002 	135.000000 	136.033997 	162.246994 
38.200000 	125.315002 	135.000000 	136.033997 	162.246994 
38.300000 	125.315002 	135.000000 	136.033997 	162.246994 
38.400000 	125.315002 	135.000000 	136.033997 	162.246994 
38.500000 	125.367996 	135.000000 	135.994995 	162.501007 
38.600000 	125.367996 	135.000000 	135.994995 	162.501007 
38.700000 	125.367996 	135.000000 	135.994995 	162.501007 
38.800000 	125.367996 	135.000000 	135.994995 	162.501007 
38.900000 	125.367996 	135.000000 	135.994995 	162.501007 
39.000000 	125.367996 	135.000000 	135.994995 	162.501007 
39.100000 	125.367996 	135.000000 	135.994995 	162.501007 
39.200000 	125.367996 	135.000000 	135.994995 	162.501007 
39.300000 	125.367996 	135.000000 	135.994995 	162.501007 
39.400000 	125.367996 	135.000000 	135.994995 	162.501007 
39.500000 	125.417999 	135.000000 	135.959000 	162.757996 
39.600000 	125.417999 	135.000000 	135.959000 	162.757996 
39.700000 	125.417999 	135.000000 	135.959000 	162.757996 
39.800000 	125.417999 	135.000000 	135.959000 	162.757996 
39.900000 	125.417999 	135.000000 	135.959000 	162.757996 
40.000000 	125.417999 	135.000000 	135.959000 	162.757996 
40.100000 	125.417999 	135.000000 	135.959000 	162.757996 
40.200000 	125.417999 	135.000000 	135.959000 	162.757996 
40.300000 	125.417999 	135.000000 	135.959000 	162.757996 
40.400000 	125.417999 	135.000000 	135.959000 	162.757996 
40.500000 	125.467003 	135.000000 	135.925003 	163.018997 
40.600000 	125.467003 	135.000000 	135.925003 	163.018997 
40.700000 	125.467003 	135.000000 	135.925003 	163.018997 
40.800000 	125.467003 	135.000000 	135.925003 	163.018997 
40.900000 	125.467003 	135.000000 	135.925003 	163.018997 
41.000000 	125.467003 	135.000000 	135.925003 	163.018997 
41.100000 	125.467003 	135.000000 	135.925003 	163.018997 
41.200000 	125.467003 	135.000000 	135.925003 	163.018997 
41.300000 	125.467003 	135.000000 	135.925003 	163.018997 
41.400000 	125.467003 	135.000000 	135.925003 	163.018997 
41.500000 	125.514000 	135.000000 	135.891998 	163.283997 
41.600000 	125.514000 	135.000000 	135.891998 	163.283997 
41.700000 	125.514000 	135.000000 	135.891998 	163.283997 
41.800000 	125.514000 	135.000000 	135.891998 	163.283997 
41.900000 	125.514000 	135.000000 	135.891998 	163.283997 
42.000000 	125.514000 	135.000000 	135.891998 	163.283997 
42.100000 	125.514000 	135.000000 	135.891998 	163.283997 
42.200000 	125.514000 	135.000000 	135.891998 	163.283997 
42.300000 	125.514000 	135.000000 	135.891998 	163.283997 
42.400000 	125.514000 	135.000000 	135.891998 	163.283997 
42.500000 	125.559998 	135.000000 	135.860992 	163.550995 
42.600000 	125.559998 	135.000000 	135.860992 	163.550995 
42.700000 	125.559998 	135.000000 	135.860992 	163.550995 
42.800000 	125.559998 	135.000000 	135.860992 	163.550995 
42.900000 	125.559998 	135.000000 	135.860992 	163.550995 
43.000000 	125.559998 	135.000000 	135.860992 	163.550995 
43.100000 	125.559998 	135.000000 	135.860992 	163.550995 
43.200000 	125.559998 	135.000000 	135.860992 	163.550995 
43.300000 	125.559998 	135.000000 	135.860992 	163.550995 
43.400000 	125.559998 	135.000000 	135.860992 	163.550995 
43.500000 	125.603996 	135.000000 	135.832001 	163.822006 
43.600000 	125.603996 	135.000000 	135.832001 	163.822006 
43.700000 	125.603996 	135.000000 	135.832001 	163.822006 
43.800000 	125.603996 	135.000000 	135.832001 	163.822006 
43.900000 	125.603996 	135.000000 	135.832001 	163.822006 
44.000000 	125.603996 	135.000000 	135.832001 	163.822006 
44.100000 	125.603996 	135.000000 	135.832001 	163.822006 
44.200000 	125.603996 	135.000000 	135.832001 	163.822006 
44.300000 	125.603996 	135.000000 	135.832001 	163.822006 
44.400000 	125.603996 	135.000000 	135.832001 	163.822006 
44.500000 	125.646004 	135.000000 	135.804001 	164.095001 
44.600000 	125.646004 	135.000000 	135.804001 	164.095001 
44.700000 	125.646004 	135.000000 	135.804001 	164.095001 
44.800000 	125.646004 	135.000000 	135.804001 	164.095001 
44.900000 	125.646004 	135.000000 	135.804001 	164.095001 
45.000000 	125.646004 	135.000000 	135.804001 	164.095001 
45.100000 	125.646004 	135.000000 	135.804001 	164.095001 
45.200000 	125.646004 	135.000000 	135.804001 	164.095001 
45.300000 	125.646004 	135.000000 	135.804001 	164.095001 
45.400000 	125.646004 	135.000000 	135.804001 	164.095001 
45.500000 	125.688004 	135.000000 	135.776993 	164.371002 
45.600000 	125.688004 	135.000000 	135.776993 	164.371002 
45.700000 	125.688004 	135.000000 	135.776993 	164.371002 
45.800000 	125.688004 	135.000000 	135.776993 	164.371002 
45.900000 	125.688004 	135.000000 	135.776993 	164.371002 
46.000000 	125.688004 	135.000000 	135.776993 	164.371002 
46.100000 	125.688004 	135.000000 	135.776993 	164.371002 
46.200000 	125.688004 	135.000000 	135.776993 	164.371002 
46.300000 	125.688004 	135.000000 	135.776993 	164.371002 
46.400000 	125.688004 	135.000000 	135.776993 	164.371002 
46.500000 	125.727997 	135.000000 	135.751999 	164.651001 
46.600000 	125.727997 	135.000000 	135.751999 	164.651001 
46.700000 	125.727997 	135.000000 	135.751999 	164.651001 
46.800000 	125.727997 	135.000000 	135.751999 	164.651001 
46.900000 	125.727997 	135.000000 	135.751999 	164.651001 
47.000000 	125.727997 	135.000000 	135.751999 	164.651001 
47.100000 	125.727997 	135.000000 	135.751999 	164.651001 
47.200000 	125.727997 	135.000000 	135.751999 	164.651001 
47.300000 	125.727997 	135.000000 	135.751999 	164.651001 
47.400000 	125.727997 	135.000000 	135.751999 	164.651001 
47.500000 	125.766998 	135.000000 	135.727005 	164.932007 
47.600000 	125.766998 	135.000000 	135.727005 	164.932007 
47.700000 	125.766998 	135.000000 	135.727005 	164.932007 
47.800000 	125.766998 	135.000000 	135.727005 	164.932007 
47.900000 	125.766998 	135.000000 	135.727005 	164.932007 
48.000000 	125.766998 	135.000000 	135.727005 	164.932007 
48.100000 	125.766998 	135.000000 	135.727005 	164.932007 
48.200000 	125.766998 	135.000000 	135.727005 	164.932007 
48.300000 	125.766998 	135.000000 	135.727005 	164.932007 
48.400000 	125.766998 	135.000000 	135.727005 	164.932007 
48.500000 	125.805000 	135.000000 	135.703003 	165.216003 
48.600000 	125.805000 	135.000000 	135.703003 	165.216003 
48.700000 	125.805000 	135.000000 	135.703003 	165.216003 
48.800000 	125.805000 	135.000000 	135.703003 	165.216003 
48.900000 	125.805000 	135.000000 	135.703003 	165.216003 
49.000000 	125.805000 	135.000000 	135.703003 	165.216003 
49.100000 	125.805000 	135.000000 	135.703003 	165.216003 
49.200000 	125.805000 	135.000000 	135.703003 	165.216003 
49.300000 	125.805000 	135.000000 	135.703003 	165.216003 
49.400000 	125.805000 	135.000000 	135.703003 	165.216003 
49.500000 	125.843002 	135.000000 	135.681000 	165.503006 
49.600000 	125.843002 	135.000000 	135.681000 	165.503006 
49.700000 	125.843002 	135.000000 	135.681000 	165.503006 
49.800000 	125.843002 	135.000000 	135.681000 	165.503006 
49.900000 	125.843002 	135.000000 	135.681000 	165.503006 
50.000000 	125.843002 	135.000000 	135.681000 	165.503006 
50.100000 	125.843002 	135.000000 	135.681000 	165.503006 
50.200000 	125.843002 	135.000000 	135.681000 	165.503006 
50.300000 	125.843002 	135.000000 	135.681000 	165.503006 
50.400000 	125.843002 	135.000000 	135.681000 	165.503006 
50.500000 	125.878998 	135.000000 	135.658997 	165.792007 
50.600000 	125.878998 	135.000000 	135.658997 	165.792007 
50.700000 	125.878998 	135.000000 	135.658997 	165.792007 
50.800000 	125.878998 	135.000000 	135.658997 	165.792007 
50.900000 	125.878998 	135.000000 	135.658997 	165.792007 
51.000000 	125.878998 	135.000000 	135.658997 	165.792007 
51.100000 	125.878998 	135.000000 	135.658997 	165.792007 
51.200000 	125.878998 	135.000000 	135.658997 	165.792007 
51.300000 	125.878998 	135.000000 	135.658997 	165.792007 
51.400000 	125.878998 	135.000000 	135.658997 	165.792007 
51.500000 	125.915001 	135.000000 	135.636993 	166.082993 
51.600000 	125.915001 	135.000000 	135.636993 	166.082993 
51.700000 	125.915001 	135.000000 	135.636993 	166.082993 
51.800000 	125.915001 	135.000000 	135.636993 	166.082993 
51.900000 	125.915001 	135.000000 	135.636993 	166.082993 
52.000000 	125.915001 	135.000000 	135.636993 	166.082993 
52.100000 	125.915001 	135.000000 	135.636993 	166.082993 
52.200000 	125.915001 	135.000000 	135.636993 	166.082993 
52.300000 	125.915001 	135.000000 	135.636993 	166.082993 
52.400000 	125.915001 	135.000000 	135.636993 	166.082993 
52.500000 	125.949997 	135.000000 	135.617004 	166.376007 
52.600000 	125.949997 	135.000000 	135.617004 	166.376007 
52.700000 	125.949997 	135.000000 	135.617004 	166.376007 
52.800000 	125.949997 	135.000000 	135.617004 	166.376007 
52.900000 	125.949997 	135.000000 	135.617004 	166.376007 
53.000000 	125.949997 	135.000000 	135.617004 	166.376007 
53.100000 	125.949997 	135.000000 	135.617004 	166.376007 
53.200000 	125.949997 	135.000000 	135.617004 	166.376007 
53.300000 	125.949997 	135.000000 	135.617004 	166.376007 
53.400000 	125.949997 	135.000000 	135.617004 	166.376007 
53.500000 	125.985001 	135.000000 	135.597000 	166.671005 
53.600000 	125.985001 	135.000000 	135.597000 	166.671005 
53.700000 	125.985001 	135.000000 	135.597000 	166.671005 
53.800000 	125.985001 	135.000000 	135.597000 	166.671005 
53.900000 	125.985001 	135.000000 	135.597000 	166.671005 
54.000000 	125.985001 	135.000000 	135.597000 	166.671005 
54.100000 	125.985001 	135.000000 	135.597000 	166.671005 
54.200000 	125.985001 	135.000000 	135.597000 	166.671005 
54.300000 	125.985001 	135.000000 	135.597000 	166.671005 
54.400000 	125.985001 	135.000000 	135.597000 	166.671005 
54.500000 	126.018997 	135.000000 	135.576996 	166.968002 
54.600000 	126.018997 	135.000000 	135.576996 	166.968002 
54.700000 	126.018997 	135.000000 	135.576996 	166.968002 
54.800000 	126.018997 	135.000000 	135.576996 	166.968002 
54.900000 	126.018997 	135.000000 	135.576996 	166.968002 
55.000000 	126.018997 	135.000000 	135.576996 	166.968002 
55.100000 	126.018997 	135.000000 	135.576996 	166.968002 
55.200000 	126.018997 	135.000000 	135.576996 	166.968002 
55.300000 	126.018997 	135.000000 	135.576996 	166.968002 
55.400000 	126.018997 	135.000000 	135.576996 	166.968002 
55.500000 	126.053001 	135.000000 	135.557999 	167.266998 
55.600000 	126.053001 	135.000000 	135.557999 	167.266998 
55.700000 	126.053001 	135.000000 	135.557999 	167.266998 
55.800000 	126.053001 	135.000000 	135.557999 	167.266998 
55.900000 	126.053001 	135.000000 	135.557999 	167.266998 
56.000000 	126.053001 	135.000000 	135.557999 	167.266998 
56.100000 	126.053001 	135.000000 	135.557999 	167.266998 
56.200000 	126.053001 	135.000000 	135.557999 	167.266998 
56.300000 	126.053001 	135.000000 	135.557999 	167.266998 
56.400000 	126.053001 	135.000000 	135.557999 	167.266998 
56.500000 	126.085999 	135.000000 	135.539001 	167.567993 
56.600000 	126.085999 	135.000000 	135.539001 	167.567993 
56.700000 	126.085999 	135.000000 	135.539001 	167.567993 
56.800000 	126.085999 	135.000000 	135.539001 	167.567993 
56.900000 	126.085999 	135.000000 	135.539001 	167.567993 
57.000000 	126.085999 	135.000000 	135.539001 	167.567993 
57.100000 	126.085999 	135.000000 	135.539001 	167.567993 
57.200000 	126.085999 	135.000000 	135.539001 	167.567993 
57.300000 	126.085999 	135.000000 	135.539001 	167.567993 
57.400000 	126.085999 	135.000000 	135.539001 	167.567993 
57.500000 	126.117996 	135.000000 	135.520996 	167.869995 
57.600000 	126.117996 	135.000000 	135.520996 	167.869995 
57.700000 	126.117996 	135.000000 	135.520996 	167.869995 
57.800000 	126.117996 	135.000000 	135.520996 	167.869995 
57.900000 	126.117996 	135.000000 	135.520996 	167.869995 
58.000000 	126.117996 	135.000000 	135.520996 	167.869995 
58.100000 	126.117996 	135.000000 	135.520996 	167.869995 
58.200000 	126.117996 	135.000000 	135.520996 	167.869995 
58.300000 	126.117996 	135.000000 	135.520996 	167.869995 
58.400000 	126.117996 	135.000000 	135.520996 	167.869995 
58.500000 	126.150002 	135.000000 	135.503006 	168.173996 
58.600000 	126.150002 	135.000000 	135.503006 	168.173996 
58.700000 	126.150002 	135.000000 	135.503006 	168.173996 
58.800000 	126.150002 	135.000000 	135.503006 	168.173996 
58.900000 	126.150002 	135.000000 	135.503006 	168.173996 
59.000000 	126.150002 	135.000000 	135.503006 	168.173996 
59.100000 	126.150002 	135.000000 	135.503006 	168.173996 
59.200000 	126.150002 	135.000000 	135.503006 	168.173996 
59.300000 	126.150002 	135.000000 	135.503006 	168.173996 
59.400000 	126.150002 	135.000000 	135.503006 	168.173996 
59.500000 	126.181999 	135.000000 	135.485992 	168.477997 
59.600000 	126.181999 	135.000000 	135.485992 	168.477997 
59.700000 	126.181999 	135.000000 	135.485992 	168.477997 
59.800000 	126.181999 	135.000000 	135.485992 	168.477997 
59.900000 	126.181999 	135.000000 	135.485992 	168.477997 
60.000000 	126.181999 	135.000000 	135.485992 	168.477997 
