0.500000 	93.023499 	887.000000 	892.934021 	889.260010 
0.600000 	93.023499 	887.000000 	892.934021 	889.260010 
0.700000 	93.023499 	887.000000 	892.934021 	889.260010 
0.800000 	93.023499 	887.000000 	892.934021 	889.260010 
0.900000 	93.023499 	887.000000 	892.934021 	889.260010 
1.000000 	93.023499 	887.000000 	892.934021 	889.260010 
1.100000 	93.023499 	887.000000 	892.934021 	889.260010 
1.200000 	93.023499 	887.000000 	892.934021 	889.260010 
1.300000 	93.023499 	887.000000 	892.934021 	889.260010 
1.400000 	93.023499 	887.000000 	892.934021 	889.260010 
1.500000 	104.161003 	887.000000 	890.479004 	890.741028 
1.600000 	104.161003 	887.000000 	890.479004 	890.741028 
1.700000 	104.161003 	887.000000 	890.479004 	890.741028 
1.800000 	104.161003 	887.000000 	890.479004 	890.741028 
1.900000 	104.161003 	887.000000 	890.479004 	890.741028 
2.000000 	104.161003 	887.000000 	890.479004 	890.741028 
2.100000 	104.161003 	887.000000 	890.479004 	890.741028 
2.200000 	104.161003 	887.000000 	890.479004 	890.741028 
2.300000 	104.161003 	887.000000 	890.479004 	890.741028 
2.400000 	104.161003 	887.000000 	890.479004 	890.741028 
2.500000 	114.045998 	887.000000 	888.885010 	890.778015 
2.600000 	114.045998 	887.000000 	888.885010 	890.778015 
2.700000 	114.045998 	887.000000 	888.885010 	890.778015 
2.800000 	114.045998 	887.000000 	888.885010 	890.778015 
2.900000 	114.045998 	887.000000 	888.885010 	890.778015 
3.000000 	114.045998 	887.000000 	888.885010 	890.778015 
3.100000 	114.045998 	887.000000 	888.885010 	890.778015 
3.200000 	114.045998 	887.000000 	888.885010 	890.778015 
3.300000 	114.045998 	887.000000 	888.885010 	890.778015 
3.400000 	114.045998 	887.000000 	888.885010 	890.778015 
3.500000 	118.752998 	887.000000 	888.119019 	890.776001 
3.600000 	118.752998 	887.000000 	888.119019 	890.776001 
3.700000 	118.752998 	887.000000 	888.119019 	890.776001 
3.800000 	118.752998 	887.000000 	888.119019 	890.776001 
3.900000 	118.752998 	887.000000 	888.119019 	890.776001 
4.000000 	118.752998 	887.000000 	888.119019 	890.776001 
4.100000 	118.752998 	887.000000 	888.119019 	890.776001 
4.200000 	118.752998 	887.000000 	888.119019 	890.776001 
4.300000 	118.752998 	887.000000 	888.119019 	890.776001 
4.400000 	118.752998 	887.000000 	888.119019 	890.776001 
4.500000 	121.205002 	887.000000 	887.715027 	890.773010 
4.600000 	121.205002 	887.000000 	887.715027 	890.773010 
4.700000 	121.205002 	887.000000 	887.715027 	890.773010 
4.800000 	121.205002 	887.000000 	887.715027 	890.773010 
4.900000 	121.205002 	887.000000 	887.715027 	890.773010 
5.000000 	121.205002 	887.000000 	887.715027 	890.773010 
5.100000 	121.205002 	887.000000 	887.715027 	890.773010 
5.200000 	121.205002 	887.000000 	887.715027 	890.773010 
5.300000 	121.205002 	887.000000 	887.715027 	890.773010 
5.400000 	121.205002 	887.000000 	887.715027 	890.773010 
5.500000 	122.616997 	887.000000 	887.481018 	890.773010 
5.600000 	122.616997 	887.000000 	887.481018 	890.773010 
5.700000 	122.616997 	887.000000 	887.481018 	890.773010 
5.800000 	122.616997 	887.000000 	887.481018 	890.773010 
5.900000 	122.616997 	887.000000 	887.481018 	890.773010 
6.000000 	122.616997 	887.000000 	887.481018 	890.773010 
6.100000 	122.616997 	887.000000 	887.481018 	890.773010 
6.200000 	122.616997 	887.000000 	887.481018 	890.773010 
6.300000 	122.616997 	887.000000 	887.481018 	890.773010 
6.400000 	122.616997 	887.000000 	887.481018 	890.773010 
6.500000 	123.500000 	887.000000 	887.333984 	890.773987 
6.600000 	123.500000 	887.000000 	887.333984 	890.773987 
6.700000 	123.500000 	887.000000 	887.333984 	890.773987 
6.800000 	123.500000 	887.000000 	887.333984 	890.773987 
6.900000 	123.500000 	887.000000 	887.333984 	890.773987 
7.000000 	123.500000 	887.000000 	887.333984 	890.773987 
7.100000 	123.500000 	887.000000 	887.333984 	890.773987 
7.200000 	123.500000 	887.000000 	887.333984 	890.773987 
7.300000 	123.500000 	887.000000 	887.333984 	890.773987 
7.400000 	123.500000 	887.000000 	887.333984 	890.773987 
7.500000 	124.085999 	887.000000 	887.234985 	890.776001 
7.600000 	124.085999 	887.000000 	887.234985 	890.776001 
7.700000 	124.085999 	887.000000 	887.234985 	890.776001 
7.800000 	124.085999 	887.000000 	887.234985 	890.776001 
7.900000 	124.085999 	887.000000 	887.234985 	890.776001 
8.000000 	124.085999 	887.000000 	887.234985 	890.776001 
8.100000 	124.085999 	887.000000 	887.234985 	890.776001 
8.200000 	124.085999 	887.000000 	887.234985 	890.776001 
8.300000 	124.085999 	887.000000 	887.234985 	890.776001 
8.400000 	124.085999 	887.000000 	887.234985 	890.776001 
8.500000 	124.496002 	887.000000 	887.164978 	890.778992 
8.600000 	124.496002 	887.000000 	887.164978 	890.778992 
8.700000 	124.496002 	887.000000 	887.164978 	890.778992 
8.800000 	124.496002 	887.000000 	887.164978 	890.778992 
8.900000 	124.496002 	887.000000 	887.164978 	890.778992 
9.000000 	124.496002 	887.000000 	887.164978 	890.778992 
9.100000 	124.496002 	887.000000 	887.164978 	890.778992 
9.200000 	124.496002 	887.000000 	887.164978 	890.778992 
9.300000 	124.496002 	887.000000 	887.164978 	890.778992 
9.400000 	124.496002 	887.000000 	887.164978 	890.778992 
9.500000 	124.792999 	887.000000 	887.114014 	890.783020 
9.600000 	124.792999 	887.000000 	887.114014 	890.783020 
9.700000 	124.792999 	887.000000 	887.114014 	890.783020 
9.800000 	124.792999 	887.000000 	887.114014 	890.783020 
9.900000 	124.792999 	887.000000 	887.114014 	890.783020 
10.000000 	124.792999 	887.000000 	887.114014 	890.783020 
10.100000 	124.792999 	887.000000 	887.114014 	890.783020 
10.200000 	124.792999 	887.000000 	887.114014 	890.783020 
10.300000 	124.792999 	887.000000 	887.114014 	890.783020 
10.400000 	124.792999 	887.000000 	887.114014 	890.783020 
10.500000 	125.014999 	887.000000 	887.075012 	890.786987 
10.600000 	125.014999 	887.000000 	887.075012 	890.786987 
10.700000 	125.014999 	887.000000 	887.075012 	890.786987 
10.800000 	125.014999 	887.000000 	887.075012 	890.786987 
10.900000 	125.014999 	887.000000 	887.075012 	890.786987 
11.000000 	125.014999 	887.000000 	887.075012 	890.786987 
11.100000 	125.014999 	887.000000 	887.075012 	890.786987 
11.200000 	125.014999 	887.000000 	887.075012 	890.786987 
11.300000 	125.014999 	887.000000 	887.075012 	890.786987 
11.400000 	125.014999 	887.000000 	887.075012 	890.786987 
11.500000 	125.185997 	887.000000 	887.044006 	890.791992 
11.600000 	125.185997 	887.000000 	887.044006 	890.791992 
11.700000 	125.185997 	887.000000 	887.044006 	890.791992 
11.800000 	125.185997 	887.000000 	887.044006 	890.791992 
11.900000 	125.185997 	887.000000 	887.044006 	890.791992 
12.000000 	125.185997 	887.000000 	887.044006 	890.791992 
12.100000 	125.185997 	887.000000 	887.044006 	890.791992 
12.200000 	125.185997 	887.000000 	887.044006 	890.791992 
12.300000 	125.185997 	887.000000 	887.044006 	890.791992 
12.400000 	125.185997 	887.000000 	887.044006 	890.791992 
12.500000 	125.320999 	887.000000 	887.018005 	890.797974 
12.600000 	125.320999 	887.000000 	887.018005 	890.797974 
12.700000 	125.320999 	887.000000 	887.018005 	890.797974 
12.800000 	125.320999 	887.000000 	887.018005 	890.797974 
12.900000 	125.320999 	887.000000 	887.018005 	890.797974 
13.000000 	125.320999 	887.000000 	887.018005 	890.797974 
13.100000 	125.320999 	887.000000 	887.018005 	890.797974 
13.200000 	125.320999 	887.000000 	887.018005 	890.797974 
13.300000 	125.320999 	887.000000 	887.018005 	890.797974 
13.400000 	125.320999 	887.000000 	887.018005 	890.797974 
13.500000 	125.429001 	887.000000 	886.997009 	890.802979 
13.600000 	125.429001 	887.000000 	886.997009 	890.802979 
13.700000 	125.429001 	887.000000 	886.997009 	890.802979 
13.800000 	125.429001 	887.000000 	886.997009 	890.802979 
13.900000 	125.429001 	887.000000 	886.997009 	890.802979 
14.000000 	125.429001 	887.000000 	886.997009 	890.802979 
14.100000 	125.429001 	887.000000 	886.997009 	890.802979 
14.200000 	125.429001 	887.000000 	886.997009 	890.802979 
14.300000 	125.429001 	887.000000 	886.997009 	890.802979 
14.400000 	125.429001 	887.000000 	886.997009 	890.802979 
14.500000 	125.517998 	887.000000 	886.979004 	890.809998 
14.600000 	125.517998 	887.000000 	886.979004 	890.809998 
14.700000 	125.517998 	887.000000 	886.979004 	890.809998 
14.800000 	125.517998 	887.000000 	886.979004 	890.809998 
14.900000 	125.517998 	887.000000 	886.979004 	890.809998 
15.000000 	125.517998 	887.000000 	886.979004 	890.809998 
15.100000 	125.517998 	887.000000 	886.979004 	890.809998 
15.200000 	125.517998 	887.000000 	886.979004 	890.809998 
15.300000 	125.517998 	887.000000 	886.979004 	890.809998 
15.400000 	125.517998 	887.000000 	886.979004 	890.809998 
15.500000 	125.591003 	887.000000 	886.963013 	890.815979 
15.600000 	125.591003 	887.000000 	886.963013 	890.815979 
15.700000 	125.591003 	887.000000 	886.963013 	890.815979 
15.800000 	125.591003 	887.000000 	886.963013 	890.815979 
15.900000 	125.591003 	887.000000 	886.963013 	890.815979 
16.000000 	125.591003 	887.000000 	886.963013 	890.815979 
16.100000 	125.591003 	887.000000 	886.963013 	890.815979 
16.200000 	125.591003 	887.000000 	886.963013 	890.815979 
16.300000 	125.591003 	887.000000 	886.963013 	890.815979 
16.400000 	125.591003 	887.000000 	886.963013 	890.815979 
16.500000 	125.652000 	887.000000 	886.947998 	890.822021 
16.600000 	125.652000 	887.000000 	886.947998 	890.822021 
16.700000 	125.652000 	887.000000 	886.947998 	890.822021 
16.800000 	125.652000 	887.000000 	886.947998 	890.822021 
16.900000 	125.652000 	887.000000 	886.947998 	890.822021 
17.000000 	125.652000 	887.000000 	886.947998 	890.822021 
17.100000 	125.652000 	887.000000 	886.947998 	890.822021 
17.200000 	125.652000 	887.000000 	886.947998 	890.822021 
17.300000 	125.652000 	887.000000 	886.947998 	890.822021 
17.400000 	125.652000 	887.000000 	886.947998 	890.822021 
17.500000 	125.705002 	887.000000 	886.934998 	890.828979 
17.600000 	125.705002 	887.000000 	886.934998 	890.828979 
17.700000 	125.705002 	887.000000 	886.934998 	890.828979 
17.800000 	125.705002 	887.000000 	886.934998 	890.828979 
17.900000 	125.705002 	887.000000 	886.934998 	890.828979 
18.000000 	125.705002 	887.000000 	886.934998 	890.828979 
18.100000 	125.705002 	887.000000 	886.934998 	890.828979 
18.200000 	125.705002 	887.000000 	886.934998 	890.828979 
18.300000 	125.705002 	887.000000 	886.934998 	890.828979 
18.400000 	125.705002 	887.000000 	886.934998 	890.828979 
18.500000 	125.750000 	887.000000 	886.921997 	890.835999 
18.600000 	125.750000 	887.000000 	886.921997 	890.835999 
18.700000 	125.750000 	887.000000 	886.921997 	890.835999 
18.800000 	125.750000 	887.000000 	886.921997 	890.835999 
18.900000 	125.750000 	887.000000 	886.921997 	890.835999 
19.000000 	125.750000 	887.000000 	886.921997 	890.835999 
19.100000 	125.750000 	887.000000 	886.921997 	890.835999 
19.200000 	125.750000 	887.000000 	886.921997 	890.835999 
19.300000 	125.750000 	887.000000 	886.921997 	890.835999 
19.400000 	125.750000 	887.000000 	886.921997 	890.835999 
19.500000 	125.789001 	887.000000 	886.909973 	890.841980 
19.600000 	125.789001 	887.000000 	886.909973 	890.841980 
19.700000 	125.789001 	887.000000 	886.909973 	890.841980 
19.800000 	125.789001 	887.000000 	886.909973 	890.841980 
19.900000 	125.789001 	887.000000 	886.909973 	890.841980 
20.000000 	125.789001 	887.000000 	886.909973 	890.841980 
20.100000 	125.789001 	887.000000 	886.909973 	890.841980 
20.200000 	125.789001 	887.000000 	886.909973 	890.841980 
20.300000 	125.789001 	887.000000 	886.909973 	890.841980 
20.400000 	125.789001 	887.000000 	886.909973 	890.841980 
20.500000 	125.822998 	887.000000 	886.898010 	890.848999 
20.600000 	125.822998 	887.000000 	886.898010 	890.848999 
20.700000 	125.822998 	887.000000 	886.898010 	890.848999 
20.800000 	125.822998 	887.000000 	886.898010 	890.848999 
20.900000 	125.822998 	887.000000 	886.898010 	890.848999 
21.000000 	125.822998 	887.000000 	886.898010 	890.848999 
21.100000 	125.822998 	887.000000 	886.898010 	890.848999 
21.200000 	125.822998 	887.000000 	886.898010 	890.848999 
21.300000 	125.822998 	887.000000 	886.898010 	890.848999 
21.400000 	125.822998 	887.000000 	886.898010 	890.848999 
21.500000 	125.852997 	887.000000 	886.887024 	890.856018 
21.600000 	125.852997 	887.000000 	886.887024 	890.856018 
21.700000 	125.852997 	887.000000 	886.887024 	890.856018 
21.800000 	125.852997 	887.000000 	886.887024 	890.856018 
21.900000 	125.852997 	887.000000 	886.887024 	890.856018 
22.000000 	125.852997 	887.000000 	886.887024 	890.856018 
22.100000 	125.852997 	887.000000 	886.887024 	890.856018 
22.200000 	125.852997 	887.000000 	886.887024 	890.856018 
22.300000 	125.852997 	887.000000 	886.887024 	890.856018 
22.400000 	125.852997 	887.000000 	886.887024 	890.856018 
22.500000 	125.880997 	887.000000 	886.875000 	890.862976 
22.600000 	125.880997 	887.000000 	886.875000 	890.862976 
22.700000 	125.880997 	887.000000 	886.875000 	890.862976 
22.800000 	125.880997 	887.000000 	886.875000 	890.862976 
22.900000 	125.880997 	887.000000 	886.875000 	890.862976 
23.000000 	125.880997 	887.000000 	886.875000 	890.862976 
23.100000 	125.880997 	887.000000 	886.875000 	890.862976 
23.200000 	125.880997 	887.000000 	886.875000 	890.862976 
23.300000 	125.880997 	887.000000 	886.875000 	890.862976 
23.400000 	125.880997 	887.000000 	886.875000 	890.862976 
23.500000 	125.904999 	887.000000 	886.864014 	890.869995 
23.600000 	125.904999 	887.000000 	886.864014 	890.869995 
23.700000 	125.904999 	887.000000 	886.864014 	890.869995 
23.800000 	125.904999 	887.000000 	886.864014 	890.869995 
23.900000 	125.904999 	887.000000 	886.864014 	890.869995 
24.000000 	125.904999 	887.000000 	886.864014 	890.869995 
24.100000 	125.904999 	887.000000 	886.864014 	890.869995 
24.200000 	125.904999 	887.000000 	886.864014 	890.869995 
24.300000 	125.904999 	887.000000 	886.864014 	890.869995 
24.400000 	125.904999 	887.000000 	886.864014 	890.869995 
24.500000 	125.927002 	887.000000 	886.851990 	890.875977 
24.600000 	125.927002 	887.000000 	886.851990 	890.875977 
24.700000 	125.927002 	887.000000 	886.851990 	890.875977 
24.800000 	125.927002 	887.000000 	886.851990 	890.875977 
24.900000 	125.927002 	887.000000 	886.851990 	890.875977 
25.000000 	125.927002 	887.000000 	886.851990 	890.875977 
25.100000 	125.927002 	887.000000 	886.851990 	890.875977 
25.200000 	125.927002 	887.000000 	886.851990 	890.875977 
25.300000 	125.927002 	887.000000 	886.851990 	890.875977 
25.400000 	125.927002 	887.000000 	886.851990 	890.875977 
25.500000 	125.946999 	887.000000 	886.840027 	890.882019 
25.600000 	125.946999 	887.000000 	886.840027 	890.882019 
25.700000 	125.946999 	887.000000 	886.840027 	890.882019 
25.800000 	125.946999 	887.000000 	886.840027 	890.882019 
25.900000 	125.946999 	887.000000 	886.840027 	890.882019 
26.000000 	125.946999 	887.000000 	886.840027 	890.882019 
26.100000 	125.946999 	887.000000 	886.840027 	890.882019 
26.200000 	125.946999 	887.000000 	886.840027 	890.882019 
26.300000 	125.946999 	887.000000 	886.840027 	890.882019 
26.400000 	125.946999 	887.000000 	886.840027 	890.882019 
26.500000 	125.966003 	887.000000 	886.828003 	890.888000 
26.600000 	125.966003 	887.000000 	886.828003 	890.888000 
26.700000 	125.966003 	887.000000 	886.828003 	890.888000 
26.800000 	125.966003 	887.000000 	886.828003 	890.888000 
26.900000 	125.966003 	887.000000 	886.828003 	890.888000 
27.000000 	125.966003 	887.000000 	886.828003 	890.888000 
27.100000 	125.966003 	887.000000 	886.828003 	890.888000 
27.200000 	125.966003 	887.000000 	886.828003 	890.888000 
27.300000 	125.966003 	887.000000 	886.828003 	890.888000 
27.400000 	125.966003 	887.000000 	886.828003 	890.888000 
27.500000 	125.983002 	887.000000 	886.815002 	890.893982 
27.600000 	125.983002 	887.000000 	886.815002 	890.893982 
27.700000 	125.983002 	887.000000 	886.815002 	890.893982 
27.800000 	125.983002 	887.000000 	886.815002 	890.893982 
27.900000 	125.983002 	887.000000 	886.815002 	890.893982 
28.000000 	125.983002 	887.000000 	886.815002 	890.893982 
28.100000 	125.983002 	887.000000 	886.815002 	890.893982 
28.200000 	125.983002 	887.000000 	886.815002 	890.893982 
28.300000 	125.983002 	887.000000 	886.815002 	890.893982 
28.400000 	125.983002 	887.000000 	886.815002 	890.893982 
28.500000 	125.999001 	887.000000 	886.802979 	890.898987 
28.600000 	125.999001 	887.000000 	886.802979 	890.898987 
28.700000 	125.999001 	887.000000 	886.802979 	890.898987 
28.800000 	125.999001 	887.000000 	886.802979 	890.898987 
28.900000 	125.999001 	887.000000 	886.802979 	890.898987 
29.000000 	125.999001 	887.000000 	886.802979 	890.898987 
29.100000 	125.999001 	887.000000 	886.802979 	890.898987 
29.200000 	125.999001 	887.000000 	886.802979 	890.898987 
29.300000 	125.999001 	887.000000 	886.802979 	890.898987 
29.400000 	125.999001 	887.000000 	886.802979 	890.898987 
29.500000 	126.014000 	887.000000 	886.789001 	890.903992 
29.600000 	126.014000 	887.000000 	886.789001 	890.903992 
29.700000 	126.014000 	887.000000 	886.789001 	890.903992 
29.800000 	126.014000 	887.000000 	886.789001 	890.903992 
29.900000 	126.014000 	887.000000 	886.789001 	890.903992 
30.000000 	126.014000 	887.000000 	886.789001 	890.903992 
30.100000 	126.014000 	887.000000 	886.789001 	890.903992 
30.200000 	126.014000 	887.000000 	886.789001 	890.903992 
30.300000 	126.014000 	887.000000 	886.789001 	890.903992 
30.400000 	126.014000 	887.000000 	886.789001 	890.903992 
30.500000 	126.028000 	887.000000 	886.775024 	890.908997 
30.600000 	126.028000 	887.000000 	886.775024 	890.908997 
30.700000 	126.028000 	887.000000 	886.775024 	890.908997 
30.800000 	126.028000 	887.000000 	886.775024 	890.908997 
30.900000 	126.028000 	887.000000 	886.775024 	890.908997 
31.000000 	126.028000 	887.000000 	886.775024 	890.908997 
31.100000 	126.028000 	887.000000 	886.775024 	890.908997 
31.200000 	126.028000 	887.000000 	886.775024 	890.908997 
31.300000 	126.028000 	887.000000 	886.775024 	890.908997 
31.400000 	126.028000 	887.000000 	886.775024 	890.908997 
31.500000 	126.041000 	887.000000 	886.760986 	890.913025 
31.600000 	126.041000 	887.000000 	886.760986 	890.913025 
31.700000 	126.041000 	887.000000 	886.760986 	890.913025 
31.800000 	126.041000 	887.000000 	886.760986 	890.913025 
31.900000 	126.041000 	887.000000 	886.760986 	890.913025 
32.000000 	126.041000 	887.000000 	886.760986 	890.913025 
32.100000 	126.041000 	887.000000 	886.760986 	890.913025 
32.200000 	126.041000 	887.000000 	886.760986 	890.913025 
32.300000 	126.041000 	887.000000 	886.760986 	890.913025 
32.400000 	126.041000 	887.000000 	886.760986 	890.913025 
32.500000 	126.054001 	887.000000 	886.745972 	890.916992 
32.600000 	126.054001 	887.000000 	886.745972 	890.916992 
32.700000 	126.054001 	887.000000 	886.745972 	890.916992 
32.800000 	126.054001 	887.000000 	886.745972 	890.916992 
32.900000 	126.054001 	887.000000 	886.745972 	890.916992 
33.000000 	126.054001 	887.000000 	886.745972 	890.916992 
33.100000 	126.054001 	887.000000 	886.745972 	890.916992 
33.200000 	126.054001 	887.000000 	886.745972 	890.916992 
33.300000 	126.054001 	887.000000 	886.745972 	890.916992 
33.400000 	126.054001 	887.000000 	886.745972 	890.916992 
33.500000 	126.066002 	887.000000 	886.729980 	890.919983 
33.600000 	126.066002 	887.000000 	886.729980 	890.919983 
33.700000 	126.066002 	887.000000 	886.729980 	890.919983 
33.800000 	126.066002 	887.000000 	886.729980 	890.919983 
33.900000 	126.066002 	887.000000 	886.729980 	890.919983 
34.000000 	126.066002 	887.000000 	886.729980 	890.919983 
34.100000 	126.066002 	887.000000 	886.729980 	890.919983 
34.200000 	126.066002 	887.000000 	886.729980 	890.919983 
34.300000 	126.066002 	887.000000 	886.729980 	890.919983 
34.400000 	126.066002 	887.000000 	886.729980 	890.919983 
34.500000 	126.077003 	887.000000 	886.713989 	890.921997 
34.600000 	126.077003 	887.000000 	886.713989 	890.921997 
34.700000 	126.077003 	887.000000 	886.713989 	890.921997 
34.800000 	126.077003 	887.000000 	886.713989 	890.921997 
34.900000 	126.077003 	887.000000 	886.713989 	890.921997 
35.000000 	126.077003 	887.000000 	886.713989 	890.921997 
35.100000 	126.077003 	887.000000 	886.713989 	890.921997 
35.200000 	126.077003 	887.000000 	886.713989 	890.921997 
35.300000 	126.077003 	887.000000 	886.713989 	890.921997 
35.400000 	126.077003 	887.000000 	886.713989 	890.921997 
35.500000 	126.087997 	887.000000 	886.697021 	890.924011 
35.600000 	126.087997 	887.000000 	886.697021 	890.924011 
35.700000 	126.087997 	887.000000 	886.697021 	890.924011 
35.800000 	126.087997 	887.000000 	886.697021 	890.924011 
35.900000 	126.087997 	887.000000 	886.697021 	890.924011 
36.000000 	126.087997 	887.000000 	886.697021 	890.924011 
36.100000 	126.087997 	887.000000 	886.697021 	890.924011 
36.200000 	126.087997 	887.000000 	886.697021 	890.924011 
36.300000 	126.087997 	887.000000 	886.697021 	890.924011 
36.400000 	126.087997 	887.000000 	886.697021 	890.924011 
36.500000 	126.098999 	887.000000 	886.679016 	890.924988 
36.600000 	126.098999 	887.000000 	886.679016 	890.924988 
36.700000 	126.098999 	887.000000 	886.679016 	890.924988 
36.800000 	126.098999 	887.000000 	886.679016 	890.924988 
36.900000 	126.098999 	887.000000 	886.679016 	890.924988 
37.000000 	126.098999 	887.000000 	886.679016 	890.924988 
37.100000 	126.098999 	887.000000 	886.679016 	890.924988 
37.200000 	126.098999 	887.000000 	886.679016 	890.924988 
37.300000 	126.098999 	887.000000 	886.679016 	890.924988 
37.400000 	126.098999 	887.000000 	886.679016 	890.924988 
37.500000 	126.109001 	887.000000 	886.659973 	890.924988 
37.600000 	126.109001 	887.000000 	886.659973 	890.924988 
37.700000 	126.109001 	887.000000 	886.659973 	890.924988 
37.800000 	126.109001 	887.000000 	886.659973 	890.924988 
37.900000 	126.109001 	887.000000 	886.659973 	890.924988 
38.000000 	126.109001 	887.000000 	886.659973 	890.924988 
38.100000 	126.109001 	887.000000 	886.659973 	890.924988 
38.200000 	126.109001 	887.000000 	886.659973 	890.924988 
38.300000 	126.109001 	887.000000 	886.659973 	890.924988 
38.400000 	126.109001 	887.000000 	886.659973 	890.924988 
38.500000 	126.119003 	887.000000 	886.640991 	890.924011 
38.600000 	126.119003 	887.000000 	886.640991 	890.924011 
38.700000 	126.119003 	887.000000 	886.640991 	890.924011 
38.800000 	126.119003 	887.000000 	886.640991 	890.924011 
38.900000 	126.119003 	887.000000 	886.640991 	890.924011 
39.000000 	126.119003 	887.000000 	886.640991 	890.924011 
39.100000 	126.119003 	887.000000 	886.640991 	890.924011 
39.200000 	126.119003 	887.000000 	886.640991 	890.924011 
39.300000 	126.119003 	887.000000 	886.640991 	890.924011 
39.400000 	126.119003 	887.000000 	886.640991 	890.924011 
39.500000 	126.128998 	887.000000 	886.619995 	890.921997 
39.600000 	126.128998 	887.000000 	886.619995 	890.921997 
39.700000 	126.128998 	887.000000 	886.619995 	890.921997 
39.800000 	126.128998 	887.000000 	886.619995 	890.921997 
39.900000 	126.128998 	887.000000 	886.619995 	890.921997 
40.000000 	126.128998 	887.000000 	886.619995 	890.921997 
40.100000 	126.128998 	887.000000 	886.619995 	890.921997 
40.200000 	126.128998 	887.000000 	886.619995 	890.921997 
40.300000 	126.128998 	887.000000 	886.619995 	890.921997 
40.400000 	126.128998 	887.000000 	886.619995 	890.921997 
40.500000 	126.139000 	887.000000 	886.598999 	890.919983 
40.600000 	126.139000 	887.000000 	886.598999 	890.919983 
40.700000 	126.139000 	887.000000 	886.598999 	890.919983 
40.800000 	126.139000 	887.000000 	886.598999 	890.919983 
40.900000 	126.139000 	887.000000 	886.598999 	890.919983 
41.000000 	126.139000 	887.000000 	886.598999 	890.919983 
41.100000 	126.139000 	887.000000 	886.598999 	890.919983 
41.200000 	126.139000 	887.000000 	886.598999 	890.919983 
41.300000 	126.139000 	887.000000 	886.598999 	890.919983 
41.400000 	126.139000 	887.000000 	886.598999 	890.919983 
41.500000 	126.148003 	887.000000 	886.575989 	890.916992 
41.600000 	126.148003 	887.000000 	886.575989 	890.916992 
41.700000 	126.148003 	887.000000 	886.575989 	890.916992 
41.800000 	126.148003 	887.000000 	886.575989 	890.916992 
41.900000 	126.148003 	887.000000 	886.575989 	890.916992 
42.000000 	126.148003 	887.000000 	886.575989 	890.916992 
42.100000 	126.148003 	887.000000 	886.575989 	890.916992 
42.200000 	126.148003 	887.000000 	886.575989 	890.916992 
42.300000 	126.148003 	887.000000 	886.575989 	890.916992 
42.400000 	126.148003 	887.000000 	886.575989 	890.916992 
42.500000 	126.156998 	887.000000 	886.552979 	890.911987 
42.600000 	126.156998 	887.000000 	886.552979 	890.911987 
42.700000 	126.156998 	887.000000 	886.552979 	890.911987 
42.800000 	126.156998 	887.000000 	886.552979 	890.911987 
42.900000 	126.156998 	887.000000 	886.552979 	890.911987 
43.000000 	126.156998 	887.000000 	886.552979 	890.911987 
43.100000 	126.156998 	887.000000 	886.552979 	890.911987 
43.200000 	126.156998 	887.000000 	886.552979 	890.911987 
43.300000 	126.156998 	887.000000 	886.552979 	890.911987 
43.400000 	126.156998 	887.000000 	886.552979 	890.911987 
43.500000 	126.166000 	887.000000 	886.528015 	890.906982 
43.600000 	126.166000 	887.000000 	886.528015 	890.906982 
43.700000 	126.166000 	887.000000 	886.528015 	890.906982 
43.800000 	126.166000 	887.000000 	886.528015 	890.906982 
43.900000 	126.166000 	887.000000 	886.528015 	890.906982 
44.000000 	126.166000 	887.000000 	886.528015 	890.906982 
44.100000 	126.166000 	887.000000 	886.528015 	890.906982 
44.200000 	126.166000 	887.000000 	886.528015 	890.906982 
44.300000 	126.166000 	887.000000 	886.528015 	890.906982 
44.400000 	126.166000 	887.000000 	886.528015 	890.906982 
44.500000 	126.175003 	887.000000 	886.502991 	890.900024 
44.600000 	126.175003 	887.000000 	886.502991 	890.900024 
44.700000 	126.175003 	887.000000 	886.502991 	890.900024 
44.800000 	126.175003 	887.000000 	886.502991 	890.900024 
44.900000 	126.175003 	887.000000 	886.502991 	890.900024 
45.000000 	126.175003 	887.000000 	886.502991 	890.900024 
45.100000 	126.175003 	887.000000 	886.502991 	890.900024 
45.200000 	126.175003 	887.000000 	886.502991 	890.900024 
45.300000 	126.175003 	887.000000 	886.502991 	890.900024 
45.400000 	126.175003 	887.000000 	886.502991 	890.900024 
45.500000 	126.183998 	887.000000 	886.476013 	890.892029 
45.600000 	126.183998 	887.000000 	886.476013 	890.892029 
45.700000 	126.183998 	887.000000 	886.476013 	890.892029 
45.800000 	126.183998 	887.000000 	886.476013 	890.892029 
45.900000 	126.183998 	887.000000 	886.476013 	890.892029 
46.000000 	126.183998 	887.000000 	886.476013 	890.892029 
46.100000 	126.183998 	887.000000 	886.476013 	890.892029 
46.200000 	126.183998 	887.000000 	886.476013 	890.892029 
46.300000 	126.183998 	887.000000 	886.476013 	890.892029 
46.400000 	126.183998 	887.000000 	886.476013 	890.892029 
46.500000 	126.193001 	887.000000 	886.447998 	890.882996 
46.600000 	126.193001 	887.000000 	886.447998 	890.882996 
46.700000 	126.193001 	887.000000 	886.447998 	890.882996 
46.800000 	126.193001 	887.000000 	886.447998 	890.882996 
46.900000 	126.193001 	887.000000 	886.447998 	890.882996 
47.000000 	126.193001 	887.000000 	886.447998 	890.882996 
47.100000 	126.193001 	887.000000 	886.447998 	890.882996 
47.200000 	126.193001 	887.000000 	886.447998 	890.882996 
47.300000 	126.193001 	887.000000 	886.447998 	890.882996 
47.400000 	126.193001 	887.000000 	886.447998 	890.882996 
47.500000 	126.202003 	887.000000 	886.419006 	890.872986 
47.600000 	126.202003 	887.000000 	886.419006 	890.872986 
47.700000 	126.202003 	887.000000 	886.419006 	890.872986 
47.800000 	126.202003 	887.000000 	886.419006 	890.872986 
47.900000 	126.202003 	887.000000 	886.419006 	890.872986 
48.000000 	126.202003 	887.000000 	886.419006 	890.872986 
48.100000 	126.202003 	887.000000 	886.419006 	890.872986 
48.200000 	126.202003 	887.000000 	886.419006 	890.872986 
48.300000 	126.202003 	887.000000 	886.419006 	890.872986 
48.400000 	126.202003 	887.000000 	886.419006 	890.872986 
48.500000 	126.210999 	887.000000 	886.388000 	890.861023 
48.600000 	126.210999 	887.000000 	886.388000 	890.861023 
48.700000 	126.210999 	887.000000 	886.388000 	890.861023 
48.800000 	126.210999 	887.000000 	886.388000 	890.861023 
48.900000 	126.210999 	887.000000 	886.388000 	890.861023 
49.000000 	126.210999 	887.000000 	886.388000 	890.861023 
49.100000 	126.210999 	887.000000 	886.388000 	890.861023 
49.200000 	126.210999 	887.000000 	886.388000 	890.861023 
49.300000 	126.210999 	887.000000 	886.388000 	890.861023 
49.400000 	126.210999 	887.000000 	886.388000 	890.861023 
49.500000 	126.219002 	887.000000 	886.356018 	890.848022 
49.600000 	126.219002 	887.000000 	886.356018 	890.848022 
49.700000 	126.219002 	887.000000 	886.356018 	890.848022 
49.800000 	126.219002 	887.000000 	886.356018 	890.848022 
49.900000 	126.219002 	887.000000 	886.356018 	890.848022 
50.000000 	126.219002 	887.000000 	886.356018 	890.848022 
50.100000 	126.219002 	887.000000 	886.356018 	890.848022 
50.200000 	126.219002 	887.000000 	886.356018 	890.848022 
50.300000 	126.219002 	887.000000 	886.356018 	890.848022 
50.400000 	126.219002 	887.000000 	886.356018 	890.848022 
50.500000 	126.227997 	887.000000 	886.322998 	890.833008 
50.600000 	126.227997 	887.000000 	886.322998 	890.833008 
50.700000 	126.227997 	887.000000 	886.322998 	890.833008 
50.800000 	126.227997 	887.000000 	886.322998 	890.833008 
50.900000 	126.227997 	887.000000 	886.322998 	890.833008 
51.000000 	126.227997 	887.000000 	886.322998 	890.833008 
51.100000 	126.227997 	887.000000 	886.322998 	890.833008 
51.200000 	126.227997 	887.000000 	886.322998 	890.833008 
51.300000 	126.227997 	887.000000 	886.322998 	890.833008 
51.400000 	126.227997 	887.000000 	886.322998 	890.833008 
51.500000 	126.237000 	887.000000 	886.288025 	890.817017 
51.600000 	126.237000 	887.000000 	886.288025 	890.817017 
51.700000 	126.237000 	887.000000 	886.288025 	890.817017 
51.800000 	126.237000 	887.000000 	886.288025 	890.817017 
51.900000 	126.237000 	887.000000 	886.288025 	890.817017 
52.000000 	126.237000 	887.000000 	886.288025 	890.817017 
52.100000 	126.237000 	887.000000 	886.288025 	890.817017 
52.200000 	126.237000 	887.000000 	886.288025 	890.817017 
52.300000 	126.237000 	887.000000 	886.288025 	890.817017 
52.400000 	126.237000 	887.000000 	886.288025 	890.817017 
52.500000 	126.245003 	887.000000 	886.250977 	890.799011 
52.600000 	126.245003 	887.000000 	886.250977 	890.799011 
52.700000 	126.245003 	887.000000 	886.250977 	890.799011 
52.800000 	126.245003 	887.000000 	886.250977 	890.799011 
52.900000 	126.245003 	887.000000 	886.250977 	890.799011 
53.000000 	126.245003 	887.000000 	886.250977 	890.799011 
53.100000 	126.245003 	887.000000 	886.250977 	890.799011 
53.200000 	126.245003 	887.000000 	886.250977 	890.799011 
53.300000 	126.245003 	887.000000 	886.250977 	890.799011 
53.400000 	126.245003 	887.000000 	886.250977 	890.799011 
53.500000 	126.253998 	887.000000 	886.213013 	890.780029 
53.600000 	126.253998 	887.000000 	886.213013 	890.780029 
53.700000 	126.253998 	887.000000 	886.213013 	890.780029 
53.800000 	126.253998 	887.000000 	886.213013 	890.780029 
53.900000 	126.253998 	887.000000 	886.213013 	890.780029 
54.000000 	126.253998 	887.000000 	886.213013 	890.780029 
54.100000 	126.253998 	887.000000 	886.213013 	890.780029 
54.200000 	126.253998 	887.000000 	886.213013 	890.780029 
54.300000 	126.253998 	887.000000 	886.213013 	890.780029 
54.400000 	126.253998 	887.000000 	886.213013 	890.780029 
54.500000 	126.263000 	887.000000 	886.172974 	890.758972 
54.600000 	126.263000 	887.000000 	886.172974 	890.758972 
54.700000 	126.263000 	887.000000 	886.172974 	890.758972 
54.800000 	126.263000 	887.000000 	886.172974 	890.758972 
54.900000 	126.263000 	887.000000 	886.172974 	890.758972 
55.000000 	126.263000 	887.000000 	886.172974 	890.758972 
55.100000 	126.263000 	887.000000 	886.172974 	890.758972 
55.200000 	126.263000 	887.000000 	886.172974 	890.758972 
55.300000 	126.263000 	887.000000 	886.172974 	890.758972 
55.400000 	126.263000 	887.000000 	886.172974 	890.758972 
55.500000 	126.271004 	887.000000 	886.132019 	890.559998 
55.600000 	126.271004 	887.000000 	886.132019 	890.559998 
55.700000 	126.271004 	887.000000 	886.132019 	890.559998 
55.800000 	126.271004 	887.000000 	886.132019 	890.559998 
55.900000 	126.271004 	887.000000 	886.132019 	890.559998 
56.000000 	126.271004 	887.000000 	886.132019 	890.559998 
56.100000 	126.271004 	887.000000 	886.132019 	890.559998 
56.200000 	126.271004 	887.000000 	886.132019 	890.559998 
56.300000 	126.271004 	887.000000 	886.132019 	890.559998 
56.400000 	126.271004 	887.000000 	886.132019 	890.559998 
56.500000 	126.279999 	887.000000 	886.088989 	890.531982 
56.600000 	126.279999 	887.000000 	886.088989 	890.531982 
56.700000 	126.279999 	887.000000 	886.088989 	890.531982 
56.800000 	126.279999 	887.000000 	886.088989 	890.531982 
56.900000 	126.279999 	887.000000 	886.088989 	890.531982 
57.000000 	126.279999 	887.000000 	886.088989 	890.531982 
57.100000 	126.279999 	887.000000 	886.088989 	890.531982 
57.200000 	126.279999 	887.000000 	886.088989 	890.531982 
57.300000 	126.279999 	887.000000 	886.088989 	890.531982 
57.400000 	126.279999 	887.000000 	886.088989 	890.531982 
57.500000 	126.289001 	887.000000 	886.043030 	890.502014 
57.600000 	126.289001 	887.000000 	886.043030 	890.502014 
57.700000 	126.289001 	887.000000 	886.043030 	890.502014 
57.800000 	126.289001 	887.000000 	886.043030 	890.502014 
57.900000 	126.289001 	887.000000 	886.043030 	890.502014 
58.000000 	126.289001 	887.000000 	886.043030 	890.502014 
58.100000 	126.289001 	887.000000 	886.043030 	890.502014 
58.200000 	126.289001 	887.000000 	886.043030 	890.502014 
58.300000 	126.289001 	887.000000 	886.043030 	890.502014 
58.400000 	126.289001 	887.000000 	886.043030 	890.502014 
58.500000 	126.297997 	887.000000 	885.995972 	890.471008 
58.600000 	126.297997 	887.000000 	885.995972 	890.471008 
58.700000 	126.297997 	887.000000 	885.995972 	890.471008 
58.800000 	126.297997 	887.000000 	885.995972 	890.471008 
58.900000 	126.297997 	887.000000 	885.995972 	890.471008 
59.000000 	126.297997 	887.000000 	885.995972 	890.471008 
59.100000 	126.297997 	887.000000 	885.995972 	890.471008 
59.200000 	126.297997 	887.000000 	885.995972 	890.471008 
59.300000 	126.297997 	887.000000 	885.995972 	890.471008 
59.400000 	126.297997 	887.000000 	885.995972 	890.471008 
59.500000 	126.306999 	887.000000 	885.947021 	890.437012 
59.600000 	126.306999 	887.000000 	885.947021 	890.437012 
59.700000 	126.306999 	887.000000 	885.947021 	890.437012 
59.800000 	126.306999 	887.000000 	885.947021 	890.437012 
59.900000 	126.306999 	887.000000 	885.947021 	890.437012 
60.000000 	126.306999 	887.000000 	885.947021 	890.437012 
