0.500000 	91.628403 	384.000000 	407.980011 	393.023987 
0.600000 	91.628403 	384.000000 	407.980011 	393.023987 
0.700000 	91.628403 	384.000000 	407.980011 	393.023987 
0.800000 	91.628403 	384.000000 	407.980011 	393.023987 
0.900000 	91.628403 	384.000000 	407.980011 	393.023987 
1.000000 	91.628403 	384.000000 	407.980011 	393.023987 
1.100000 	91.628403 	384.000000 	407.980011 	393.023987 
1.200000 	91.628403 	384.000000 	407.980011 	393.023987 
1.300000 	91.628403 	384.000000 	407.980011 	393.023987 
1.400000 	91.628403 	384.000000 	407.980011 	393.023987 
1.500000 	102.384003 	384.000000 	394.364014 	392.402008 
1.600000 	102.384003 	384.000000 	394.364014 	392.402008 
1.700000 	102.384003 	384.000000 	394.364014 	392.402008 
1.800000 	102.384003 	384.000000 	394.364014 	392.402008 
1.900000 	102.384003 	384.000000 	394.364014 	392.402008 
2.000000 	102.384003 	384.000000 	394.364014 	392.402008 
2.100000 	102.384003 	384.000000 	394.364014 	392.402008 
2.200000 	102.384003 	384.000000 	394.364014 	392.402008 
2.300000 	102.384003 	384.000000 	394.364014 	392.402008 
2.400000 	102.384003 	384.000000 	394.364014 	392.402008 
2.500000 	112.814003 	384.000000 	389.506012 	392.290009 
2.600000 	112.814003 	384.000000 	389.506012 	392.290009 
2.700000 	112.814003 	384.000000 	389.506012 	392.290009 
2.800000 	112.814003 	384.000000 	389.506012 	392.290009 
2.900000 	112.814003 	384.000000 	389.506012 	392.290009 
3.000000 	112.814003 	384.000000 	389.506012 	392.290009 
3.100000 	112.814003 	384.000000 	389.506012 	392.290009 
3.200000 	112.814003 	384.000000 	389.506012 	392.290009 
3.300000 	112.814003 	384.000000 	389.506012 	392.290009 
3.400000 	112.814003 	384.000000 	389.506012 	392.290009 
3.500000 	117.918999 	384.000000 	387.302002 	392.281006 
3.600000 	117.918999 	384.000000 	387.302002 	392.281006 
3.700000 	117.918999 	384.000000 	387.302002 	392.281006 
3.800000 	117.918999 	384.000000 	387.302002 	392.281006 
3.900000 	117.918999 	384.000000 	387.302002 	392.281006 
4.000000 	117.918999 	384.000000 	387.302002 	392.281006 
4.100000 	117.918999 	384.000000 	387.302002 	392.281006 
4.200000 	117.918999 	384.000000 	387.302002 	392.281006 
4.300000 	117.918999 	384.000000 	387.302002 	392.281006 
4.400000 	117.918999 	384.000000 	387.302002 	392.281006 
4.500000 	120.612000 	384.000000 	386.161011 	392.292999 
4.600000 	120.612000 	384.000000 	386.161011 	392.292999 
4.700000 	120.612000 	384.000000 	386.161011 	392.292999 
4.800000 	120.612000 	384.000000 	386.161011 	392.292999 
4.900000 	120.612000 	384.000000 	386.161011 	392.292999 
5.000000 	120.612000 	384.000000 	386.161011 	392.292999 
5.100000 	120.612000 	384.000000 	386.161011 	392.292999 
5.200000 	120.612000 	384.000000 	386.161011 	392.292999 
5.300000 	120.612000 	384.000000 	386.161011 	392.292999 
5.400000 	120.612000 	384.000000 	386.161011 	392.292999 
5.500000 	122.175003 	384.000000 	385.503998 	392.312988 
5.600000 	122.175003 	384.000000 	385.503998 	392.312988 
5.700000 	122.175003 	384.000000 	385.503998 	392.312988 
5.800000 	122.175003 	384.000000 	385.503998 	392.312988 
5.900000 	122.175003 	384.000000 	385.503998 	392.312988 
6.000000 	122.175003 	384.000000 	385.503998 	392.312988 
6.100000 	122.175003 	384.000000 	385.503998 	392.312988 
6.200000 	122.175003 	384.000000 	385.503998 	392.312988 
6.300000 	122.175003 	384.000000 	385.503998 	392.312988 
6.400000 	122.175003 	384.000000 	385.503998 	392.312988 
6.500000 	123.154999 	384.000000 	385.095001 	392.339996 
6.600000 	123.154999 	384.000000 	385.095001 	392.339996 
6.700000 	123.154999 	384.000000 	385.095001 	392.339996 
6.800000 	123.154999 	384.000000 	385.095001 	392.339996 
6.900000 	123.154999 	384.000000 	385.095001 	392.339996 
7.000000 	123.154999 	384.000000 	385.095001 	392.339996 
7.100000 	123.154999 	384.000000 	385.095001 	392.339996 
7.200000 	123.154999 	384.000000 	385.095001 	392.339996 
7.300000 	123.154999 	384.000000 	385.095001 	392.339996 
7.400000 	123.154999 	384.000000 	385.095001 	392.339996 
7.500000 	123.808998 	384.000000 	384.825012 	392.364990 
7.600000 	123.808998 	384.000000 	384.825012 	392.364990 
7.700000 	123.808998 	384.000000 	384.825012 	392.364990 
7.800000 	123.808998 	384.000000 	384.825012 	392.364990 
7.900000 	123.808998 	384.000000 	384.825012 	392.364990 
8.000000 	123.808998 	384.000000 	384.825012 	392.364990 
8.100000 	123.808998 	384.000000 	384.825012 	392.364990 
8.200000 	123.808998 	384.000000 	384.825012 	392.364990 
8.300000 	123.808998 	384.000000 	384.825012 	392.364990 
8.400000 	123.808998 	384.000000 	384.825012 	392.364990 
8.500000 	124.265999 	384.000000 	384.636993 	392.391998 
8.600000 	124.265999 	384.000000 	384.636993 	392.391998 
8.700000 	124.265999 	384.000000 	384.636993 	392.391998 
8.800000 	124.265999 	384.000000 	384.636993 	392.391998 
8.900000 	124.265999 	384.000000 	384.636993 	392.391998 
9.000000 	124.265999 	384.000000 	384.636993 	392.391998 
9.100000 	124.265999 	384.000000 	384.636993 	392.391998 
9.200000 	124.265999 	384.000000 	384.636993 	392.391998 
9.300000 	124.265999 	384.000000 	384.636993 	392.391998 
9.400000 	124.265999 	384.000000 	384.636993 	392.391998 
9.500000 	124.598000 	384.000000 	384.501007 	392.420990 
9.600000 	124.598000 	384.000000 	384.501007 	392.420990 
9.700000 	124.598000 	384.000000 	384.501007 	392.420990 
9.800000 	124.598000 	384.000000 	384.501007 	392.420990 
9.900000 	124.598000 	384.000000 	384.501007 	392.420990 
10.000000 	124.598000 	384.000000 	384.501007 	392.420990 
10.100000 	124.598000 	384.000000 	384.501007 	392.420990 
10.200000 	124.598000 	384.000000 	384.501007 	392.420990 
10.300000 	124.598000 	384.000000 	384.501007 	392.420990 
10.400000 	124.598000 	384.000000 	384.501007 	392.420990 
10.500000 	124.847000 	384.000000 	384.401001 	392.451996 
10.600000 	124.847000 	384.000000 	384.401001 	392.451996 
10.700000 	124.847000 	384.000000 	384.401001 	392.451996 
10.800000 	124.847000 	384.000000 	384.401001 	392.451996 
10.900000 	124.847000 	384.000000 	384.401001 	392.451996 
11.000000 	124.847000 	384.000000 	384.401001 	392.451996 
11.100000 	124.847000 	384.000000 	384.401001 	392.451996 
11.200000 	124.847000 	384.000000 	384.401001 	392.451996 
11.300000 	124.847000 	384.000000 	384.401001 	392.451996 
11.400000 	124.847000 	384.000000 	384.401001 	392.451996 
11.500000 	125.040001 	384.000000 	384.324005 	392.484985 
11.600000 	125.040001 	384.000000 	384.324005 	392.484985 
11.700000 	125.040001 	384.000000 	384.324005 	392.484985 
11.800000 	125.040001 	384.000000 	384.324005 	392.484985 
11.900000 	125.040001 	384.000000 	384.324005 	392.484985 
12.000000 	125.040001 	384.000000 	384.324005 	392.484985 
12.100000 	125.040001 	384.000000 	384.324005 	392.484985 
12.200000 	125.040001 	384.000000 	384.324005 	392.484985 
12.300000 	125.040001 	384.000000 	384.324005 	392.484985 
12.400000 	125.040001 	384.000000 	384.324005 	392.484985 
12.500000 	125.191002 	384.000000 	384.263000 	392.519989 
12.600000 	125.191002 	384.000000 	384.263000 	392.519989 
12.700000 	125.191002 	384.000000 	384.263000 	392.519989 
12.800000 	125.191002 	384.000000 	384.263000 	392.519989 
12.900000 	125.191002 	384.000000 	384.263000 	392.519989 
13.000000 	125.191002 	384.000000 	384.263000 	392.519989 
13.100000 	125.191002 	384.000000 	384.263000 	392.519989 
13.200000 	125.191002 	384.000000 	384.263000 	392.519989 
13.300000 	125.191002 	384.000000 	384.263000 	392.519989 
13.400000 	125.191002 	384.000000 	384.263000 	392.519989 
13.500000 	125.313004 	384.000000 	384.214996 	392.557007 
13.600000 	125.313004 	384.000000 	384.214996 	392.557007 
13.700000 	125.313004 	384.000000 	384.214996 	392.557007 
13.800000 	125.313004 	384.000000 	384.214996 	392.557007 
13.900000 	125.313004 	384.000000 	384.214996 	392.557007 
14.000000 	125.313004 	384.000000 	384.214996 	392.557007 
14.100000 	125.313004 	384.000000 	384.214996 	392.557007 
14.200000 	125.313004 	384.000000 	384.214996 	392.557007 
14.300000 	125.313004 	384.000000 	384.214996 	392.557007 
14.400000 	125.313004 	384.000000 	384.214996 	392.557007 
14.500000 	125.413002 	384.000000 	384.175995 	392.595001 
14.600000 	125.413002 	384.000000 	384.175995 	392.595001 
14.700000 	125.413002 	384.000000 	384.175995 	392.595001 
14.800000 	125.413002 	384.000000 	384.175995 	392.595001 
14.900000 	125.413002 	384.000000 	384.175995 	392.595001 
15.000000 	125.413002 	384.000000 	384.175995 	392.595001 
15.100000 	125.413002 	384.000000 	384.175995 	392.595001 
15.200000 	125.413002 	384.000000 	384.175995 	392.595001 
15.300000 	125.413002 	384.000000 	384.175995 	392.595001 
15.400000 	125.413002 	384.000000 	384.175995 	392.595001 
15.500000 	125.496002 	384.000000 	384.144012 	392.635986 
15.600000 	125.496002 	384.000000 	384.144012 	392.635986 
15.700000 	125.496002 	384.000000 	384.144012 	392.635986 
15.800000 	125.496002 	384.000000 	384.144012 	392.635986 
15.900000 	125.496002 	384.000000 	384.144012 	392.635986 
16.000000 	125.496002 	384.000000 	384.144012 	392.635986 
16.100000 	125.496002 	384.000000 	384.144012 	392.635986 
16.200000 	125.496002 	384.000000 	384.144012 	392.635986 
16.300000 	125.496002 	384.000000 	384.144012 	392.635986 
16.400000 	125.496002 	384.000000 	384.144012 	392.635986 
16.500000 	125.566002 	384.000000 	384.118011 	392.678009 
16.600000 	125.566002 	384.000000 	384.118011 	392.678009 
16.700000 	125.566002 	384.000000 	384.118011 	392.678009 
16.800000 	125.566002 	384.000000 	384.118011 	392.678009 
16.900000 	125.566002 	384.000000 	384.118011 	392.678009 
17.000000 	125.566002 	384.000000 	384.118011 	392.678009 
17.100000 	125.566002 	384.000000 	384.118011 	392.678009 
17.200000 	125.566002 	384.000000 	384.118011 	392.678009 
17.300000 	125.566002 	384.000000 	384.118011 	392.678009 
17.400000 	125.566002 	384.000000 	384.118011 	392.678009 
17.500000 	125.625999 	384.000000 	384.095001 	392.721985 
17.600000 	125.625999 	384.000000 	384.095001 	392.721985 
17.700000 	125.625999 	384.000000 	384.095001 	392.721985 
17.800000 	125.625999 	384.000000 	384.095001 	392.721985 
17.900000 	125.625999 	384.000000 	384.095001 	392.721985 
18.000000 	125.625999 	384.000000 	384.095001 	392.721985 
18.100000 	125.625999 	384.000000 	384.095001 	392.721985 
18.200000 	125.625999 	384.000000 	384.095001 	392.721985 
18.300000 	125.625999 	384.000000 	384.095001 	392.721985 
18.400000 	125.625999 	384.000000 	384.095001 	392.721985 
18.500000 	125.677002 	384.000000 	384.075012 	392.768005 
18.600000 	125.677002 	384.000000 	384.075012 	392.768005 
18.700000 	125.677002 	384.000000 	384.075012 	392.768005 
18.800000 	125.677002 	384.000000 	384.075012 	392.768005 
18.900000 	125.677002 	384.000000 	384.075012 	392.768005 
19.000000 	125.677002 	384.000000 	384.075012 	392.768005 
19.100000 	125.677002 	384.000000 	384.075012 	392.768005 
19.200000 	125.677002 	384.000000 	384.075012 	392.768005 
19.300000 	125.677002 	384.000000 	384.075012 	392.768005 
19.400000 	125.677002 	384.000000 	384.075012 	392.768005 
19.500000 	125.722000 	384.000000 	384.058990 	392.816010 
19.600000 	125.722000 	384.000000 	384.058990 	392.816010 
19.700000 	125.722000 	384.000000 	384.058990 	392.816010 
19.800000 	125.722000 	384.000000 	384.058990 	392.816010 
19.900000 	125.722000 	384.000000 	384.058990 	392.816010 
20.000000 	125.722000 	384.000000 	384.058990 	392.816010 
20.100000 	125.722000 	384.000000 	384.058990 	392.816010 
20.200000 	125.722000 	384.000000 	384.058990 	392.816010 
20.300000 	125.722000 	384.000000 	384.058990 	392.816010 
20.400000 	125.722000 	384.000000 	384.058990 	392.816010 
20.500000 	125.762001 	384.000000 	384.044006 	392.864990 
20.600000 	125.762001 	384.000000 	384.044006 	392.864990 
20.700000 	125.762001 	384.000000 	384.044006 	392.864990 
20.800000 	125.762001 	384.000000 	384.044006 	392.864990 
20.900000 	125.762001 	384.000000 	384.044006 	392.864990 
21.000000 	125.762001 	384.000000 	384.044006 	392.864990 
21.100000 	125.762001 	384.000000 	384.044006 	392.864990 
21.200000 	125.762001 	384.000000 	384.044006 	392.864990 
21.300000 	125.762001 	384.000000 	384.044006 	392.864990 
21.400000 	125.762001 	384.000000 	384.044006 	392.864990 
21.500000 	125.796997 	384.000000 	384.031006 	392.915985 
21.600000 	125.796997 	384.000000 	384.031006 	392.915985 
21.700000 	125.796997 	384.000000 	384.031006 	392.915985 
21.800000 	125.796997 	384.000000 	384.031006 	392.915985 
21.900000 	125.796997 	384.000000 	384.031006 	392.915985 
22.000000 	125.796997 	384.000000 	384.031006 	392.915985 
22.100000 	125.796997 	384.000000 	384.031006 	392.915985 
22.200000 	125.796997 	384.000000 	384.031006 	392.915985 
22.300000 	125.796997 	384.000000 	384.031006 	392.915985 
22.400000 	125.796997 	384.000000 	384.031006 	392.915985 
22.500000 	125.829002 	384.000000 	384.019012 	392.968994 
22.600000 	125.829002 	384.000000 	384.019012 	392.968994 
22.700000 	125.829002 	384.000000 	384.019012 	392.968994 
22.800000 	125.829002 	384.000000 	384.019012 	392.968994 
22.900000 	125.829002 	384.000000 	384.019012 	392.968994 
23.000000 	125.829002 	384.000000 	384.019012 	392.968994 
23.100000 	125.829002 	384.000000 	384.019012 	392.968994 
23.200000 	125.829002 	384.000000 	384.019012 	392.968994 
23.300000 	125.829002 	384.000000 	384.019012 	392.968994 
23.400000 	125.829002 	384.000000 	384.019012 	392.968994 
23.500000 	125.858002 	384.000000 	384.007996 	393.023010 
23.600000 	125.858002 	384.000000 	384.007996 	393.023010 
23.700000 	125.858002 	384.000000 	384.007996 	393.023010 
23.800000 	125.858002 	384.000000 	384.007996 	393.023010 
23.900000 	125.858002 	384.000000 	384.007996 	393.023010 
24.000000 	125.858002 	384.000000 	384.007996 	393.023010 
24.100000 	125.858002 	384.000000 	384.007996 	393.023010 
24.200000 	125.858002 	384.000000 	384.007996 	393.023010 
24.300000 	125.858002 	384.000000 	384.007996 	393.023010 
24.400000 	125.858002 	384.000000 	384.007996 	393.023010 
24.500000 	125.884003 	384.000000 	383.998993 	393.079010 
24.600000 	125.884003 	384.000000 	383.998993 	393.079010 
24.700000 	125.884003 	384.000000 	383.998993 	393.079010 
24.800000 	125.884003 	384.000000 	383.998993 	393.079010 
24.900000 	125.884003 	384.000000 	383.998993 	393.079010 
25.000000 	125.884003 	384.000000 	383.998993 	393.079010 
25.100000 	125.884003 	384.000000 	383.998993 	393.079010 
25.200000 	125.884003 	384.000000 	383.998993 	393.079010 
25.300000 	125.884003 	384.000000 	383.998993 	393.079010 
25.400000 	125.884003 	384.000000 	383.998993 	393.079010 
25.500000 	125.907997 	384.000000 	383.989990 	393.135986 
25.600000 	125.907997 	384.000000 	383.989990 	393.135986 
25.700000 	125.907997 	384.000000 	383.989990 	393.135986 
25.800000 	125.907997 	384.000000 	383.989990 	393.135986 
25.900000 	125.907997 	384.000000 	383.989990 	393.135986 
26.000000 	125.907997 	384.000000 	383.989990 	393.135986 
26.100000 	125.907997 	384.000000 	383.989990 	393.135986 
26.200000 	125.907997 	384.000000 	383.989990 	393.135986 
26.300000 	125.907997 	384.000000 	383.989990 	393.135986 
26.400000 	125.907997 	384.000000 	383.989990 	393.135986 
26.500000 	125.931000 	384.000000 	383.980988 	393.195007 
26.600000 	125.931000 	384.000000 	383.980988 	393.195007 
26.700000 	125.931000 	384.000000 	383.980988 	393.195007 
26.800000 	125.931000 	384.000000 	383.980988 	393.195007 
26.900000 	125.931000 	384.000000 	383.980988 	393.195007 
27.000000 	125.931000 	384.000000 	383.980988 	393.195007 
27.100000 	125.931000 	384.000000 	383.980988 	393.195007 
27.200000 	125.931000 	384.000000 	383.980988 	393.195007 
27.300000 	125.931000 	384.000000 	383.980988 	393.195007 
27.400000 	125.931000 	384.000000 	383.980988 	393.195007 
27.500000 	125.950996 	384.000000 	383.972992 	393.256012 
27.600000 	125.950996 	384.000000 	383.972992 	393.256012 
27.700000 	125.950996 	384.000000 	383.972992 	393.256012 
27.800000 	125.950996 	384.000000 	383.972992 	393.256012 
27.900000 	125.950996 	384.000000 	383.972992 	393.256012 
28.000000 	125.950996 	384.000000 	383.972992 	393.256012 
28.100000 	125.950996 	384.000000 	383.972992 	393.256012 
28.200000 	125.950996 	384.000000 	383.972992 	393.256012 
28.300000 	125.950996 	384.000000 	383.972992 	393.256012 
28.400000 	125.950996 	384.000000 	383.972992 	393.256012 
28.500000 	125.971001 	384.000000 	383.966003 	393.316986 
28.600000 	125.971001 	384.000000 	383.966003 	393.316986 
28.700000 	125.971001 	384.000000 	383.966003 	393.316986 
28.800000 	125.971001 	384.000000 	383.966003 	393.316986 
28.900000 	125.971001 	384.000000 	383.966003 	393.316986 
29.000000 	125.971001 	384.000000 	383.966003 	393.316986 
29.100000 	125.971001 	384.000000 	383.966003 	393.316986 
29.200000 	125.971001 	384.000000 	383.966003 	393.316986 
29.300000 	125.971001 	384.000000 	383.966003 	393.316986 
29.400000 	125.971001 	384.000000 	383.966003 	393.316986 
29.500000 	125.988998 	384.000000 	383.958008 	393.380005 
29.600000 	125.988998 	384.000000 	383.958008 	393.380005 
29.700000 	125.988998 	384.000000 	383.958008 	393.380005 
29.800000 	125.988998 	384.000000 	383.958008 	393.380005 
29.900000 	125.988998 	384.000000 	383.958008 	393.380005 
30.000000 	125.988998 	384.000000 	383.958008 	393.380005 
30.100000 	125.988998 	384.000000 	383.958008 	393.380005 
30.200000 	125.988998 	384.000000 	383.958008 	393.380005 
30.300000 	125.988998 	384.000000 	383.958008 	393.380005 
30.400000 	125.988998 	384.000000 	383.958008 	393.380005 
30.500000 	126.007004 	384.000000 	383.950989 	393.445007 
30.600000 	126.007004 	384.000000 	383.950989 	393.445007 
30.700000 	126.007004 	384.000000 	383.950989 	393.445007 
30.800000 	126.007004 	384.000000 	383.950989 	393.445007 
30.900000 	126.007004 	384.000000 	383.950989 	393.445007 
31.000000 	126.007004 	384.000000 	383.950989 	393.445007 
31.100000 	126.007004 	384.000000 	383.950989 	393.445007 
31.200000 	126.007004 	384.000000 	383.950989 	393.445007 
31.300000 	126.007004 	384.000000 	383.950989 	393.445007 
31.400000 	126.007004 	384.000000 	383.950989 	393.445007 
31.500000 	126.023003 	384.000000 	383.944000 	393.510010 
31.600000 	126.023003 	384.000000 	383.944000 	393.510010 
31.700000 	126.023003 	384.000000 	383.944000 	393.510010 
31.800000 	126.023003 	384.000000 	383.944000 	393.510010 
31.900000 	126.023003 	384.000000 	383.944000 	393.510010 
32.000000 	126.023003 	384.000000 	383.944000 	393.510010 
32.100000 	126.023003 	384.000000 	383.944000 	393.510010 
32.200000 	126.023003 	384.000000 	383.944000 	393.510010 
32.300000 	126.023003 	384.000000 	383.944000 	393.510010 
32.400000 	126.023003 	384.000000 	383.944000 	393.510010 
32.500000 	126.039001 	384.000000 	383.937012 	393.576996 
32.600000 	126.039001 	384.000000 	383.937012 	393.576996 
32.700000 	126.039001 	384.000000 	383.937012 	393.576996 
32.800000 	126.039001 	384.000000 	383.937012 	393.576996 
32.900000 	126.039001 	384.000000 	383.937012 	393.576996 
33.000000 	126.039001 	384.000000 	383.937012 	393.576996 
33.100000 	126.039001 	384.000000 	383.937012 	393.576996 
33.200000 	126.039001 	384.000000 	383.937012 	393.576996 
33.300000 	126.039001 	384.000000 	383.937012 	393.576996 
33.400000 	126.039001 	384.000000 	383.937012 	393.576996 
33.500000 	126.054001 	384.000000 	383.931000 	393.644989 
33.600000 	126.054001 	384.000000 	383.931000 	393.644989 
33.700000 	126.054001 	384.000000 	383.931000 	393.644989 
33.800000 	126.054001 	384.000000 	383.931000 	393.644989 
33.900000 	126.054001 	384.000000 	383.931000 	393.644989 
34.000000 	126.054001 	384.000000 	383.931000 	393.644989 
34.100000 	126.054001 	384.000000 	383.931000 	393.644989 
34.200000 	126.054001 	384.000000 	383.931000 	393.644989 
34.300000 	126.054001 	384.000000 	383.931000 	393.644989 
34.400000 	126.054001 	384.000000 	383.931000 	393.644989 
34.500000 	126.069000 	384.000000 	383.924011 	393.713989 
34.600000 	126.069000 	384.000000 	383.924011 	393.713989 
34.700000 	126.069000 	384.000000 	383.924011 	393.713989 
34.800000 	126.069000 	384.000000 	383.924011 	393.713989 
34.900000 	126.069000 	384.000000 	383.924011 	393.713989 
35.000000 	126.069000 	384.000000 	383.924011 	393.713989 
35.100000 	126.069000 	384.000000 	383.924011 	393.713989 
35.200000 	126.069000 	384.000000 	383.924011 	393.713989 
35.300000 	126.069000 	384.000000 	383.924011 	393.713989 
35.400000 	126.069000 	384.000000 	383.924011 	393.713989 
35.500000 	126.083000 	384.000000 	383.916992 	393.783997 
35.600000 	126.083000 	384.000000 	383.916992 	393.783997 
35.700000 	126.083000 	384.000000 	383.916992 	393.783997 
35.800000 	126.083000 	384.000000 	383.916992 	393.783997 
35.900000 	126.083000 	384.000000 	383.916992 	393.783997 
36.000000 	126.083000 	384.000000 	383.916992 	393.783997 
36.100000 	126.083000 	384.000000 	383.916992 	393.783997 
36.200000 	126.083000 	384.000000 	383.916992 	393.783997 
36.300000 	126.083000 	384.000000 	383.916992 	393.783997 
36.400000 	126.083000 	384.000000 	383.916992 	393.783997 
36.500000 	126.097000 	384.000000 	383.910004 	393.855988 
36.600000 	126.097000 	384.000000 	383.910004 	393.855988 
36.700000 	126.097000 	384.000000 	383.910004 	393.855988 
36.800000 	126.097000 	384.000000 	383.910004 	393.855988 
36.900000 	126.097000 	384.000000 	383.910004 	393.855988 
37.000000 	126.097000 	384.000000 	383.910004 	393.855988 
37.100000 	126.097000 	384.000000 	383.910004 	393.855988 
37.200000 	126.097000 	384.000000 	383.910004 	393.855988 
37.300000 	126.097000 	384.000000 	383.910004 	393.855988 
37.400000 	126.097000 	384.000000 	383.910004 	393.855988 
37.500000 	126.111000 	384.000000 	383.903015 	393.928009 
37.600000 	126.111000 	384.000000 	383.903015 	393.928009 
37.700000 	126.111000 	384.000000 	383.903015 	393.928009 
37.800000 	126.111000 	384.000000 	383.903015 	393.928009 
37.900000 	126.111000 	384.000000 	383.903015 	393.928009 
38.000000 	126.111000 	384.000000 	383.903015 	393.928009 
38.100000 	126.111000 	384.000000 	383.903015 	393.928009 
38.200000 	126.111000 	384.000000 	383.903015 	393.928009 
38.300000 	126.111000 	384.000000 	383.903015 	393.928009 
38.400000 	126.111000 	384.000000 	383.903015 	393.928009 
38.500000 	126.124001 	384.000000 	383.894989 	394.001007 
38.600000 	126.124001 	384.000000 	383.894989 	394.001007 
38.700000 	126.124001 	384.000000 	383.894989 	394.001007 
38.800000 	126.124001 	384.000000 	383.894989 	394.001007 
38.900000 	126.124001 	384.000000 	383.894989 	394.001007 
39.000000 	126.124001 	384.000000 	383.894989 	394.001007 
39.100000 	126.124001 	384.000000 	383.894989 	394.001007 
39.200000 	126.124001 	384.000000 	383.894989 	394.001007 
39.300000 	126.124001 	384.000000 	383.894989 	394.001007 
39.400000 	126.124001 	384.000000 	383.894989 	394.001007 
39.500000 	126.137001 	384.000000 	383.888000 	394.075989 
39.600000 	126.137001 	384.000000 	383.888000 	394.075989 
39.700000 	126.137001 	384.000000 	383.888000 	394.075989 
39.800000 	126.137001 	384.000000 	383.888000 	394.075989 
39.900000 	126.137001 	384.000000 	383.888000 	394.075989 
40.000000 	126.137001 	384.000000 	383.888000 	394.075989 
40.100000 	126.137001 	384.000000 	383.888000 	394.075989 
40.200000 	126.137001 	384.000000 	383.888000 	394.075989 
40.300000 	126.137001 	384.000000 	383.888000 	394.075989 
40.400000 	126.137001 	384.000000 	383.888000 	394.075989 
40.500000 	126.150002 	384.000000 	383.880005 	394.151001 
40.600000 	126.150002 	384.000000 	383.880005 	394.151001 
40.700000 	126.150002 	384.000000 	383.880005 	394.151001 
40.800000 	126.150002 	384.000000 	383.880005 	394.151001 
40.900000 	126.150002 	384.000000 	383.880005 	394.151001 
41.000000 	126.150002 	384.000000 	383.880005 	394.151001 
41.100000 	126.150002 	384.000000 	383.880005 	394.151001 
41.200000 	126.150002 	384.000000 	383.880005 	394.151001 
41.300000 	126.150002 	384.000000 	383.880005 	394.151001 
41.400000 	126.150002 	384.000000 	383.880005 	394.151001 
41.500000 	126.163002 	384.000000 	383.872009 	394.226990 
41.600000 	126.163002 	384.000000 	383.872009 	394.226990 
41.700000 	126.163002 	384.000000 	383.872009 	394.226990 
41.800000 	126.163002 	384.000000 	383.872009 	394.226990 
41.900000 	126.163002 	384.000000 	383.872009 	394.226990 
42.000000 	126.163002 	384.000000 	383.872009 	394.226990 
42.100000 	126.163002 	384.000000 	383.872009 	394.226990 
42.200000 	126.163002 	384.000000 	383.872009 	394.226990 
42.300000 	126.163002 	384.000000 	383.872009 	394.226990 
42.400000 	126.163002 	384.000000 	383.872009 	394.226990 
42.500000 	126.175003 	384.000000 	383.864014 	394.303009 
42.600000 	126.175003 	384.000000 	383.864014 	394.303009 
42.700000 	126.175003 	384.000000 	383.864014 	394.303009 
42.800000 	126.175003 	384.000000 	383.864014 	394.303009 
42.900000 	126.175003 	384.000000 	383.864014 	394.303009 
43.000000 	126.175003 	384.000000 	383.864014 	394.303009 
43.100000 	126.175003 	384.000000 	383.864014 	394.303009 
43.200000 	126.175003 	384.000000 	383.864014 	394.303009 
43.300000 	126.175003 	384.000000 	383.864014 	394.303009 
43.400000 	126.175003 	384.000000 	383.864014 	394.303009 
43.500000 	126.188004 	384.000000 	383.855011 	394.381012 
43.600000 	126.188004 	384.000000 	383.855011 	394.381012 
43.700000 	126.188004 	384.000000 	383.855011 	394.381012 
43.800000 	126.188004 	384.000000 	383.855011 	394.381012 
43.900000 	126.188004 	384.000000 	383.855011 	394.381012 
44.000000 	126.188004 	384.000000 	383.855011 	394.381012 
44.100000 	126.188004 	384.000000 	383.855011 	394.381012 
44.200000 	126.188004 	384.000000 	383.855011 	394.381012 
44.300000 	126.188004 	384.000000 	383.855011 	394.381012 
44.400000 	126.188004 	384.000000 	383.855011 	394.381012 
44.500000 	126.199997 	384.000000 	383.846008 	394.459015 
44.600000 	126.199997 	384.000000 	383.846008 	394.459015 
44.700000 	126.199997 	384.000000 	383.846008 	394.459015 
44.800000 	126.199997 	384.000000 	383.846008 	394.459015 
44.900000 	126.199997 	384.000000 	383.846008 	394.459015 
45.000000 	126.199997 	384.000000 	383.846008 	394.459015 
45.100000 	126.199997 	384.000000 	383.846008 	394.459015 
45.200000 	126.199997 	384.000000 	383.846008 	394.459015 
45.300000 	126.199997 	384.000000 	383.846008 	394.459015 
45.400000 	126.199997 	384.000000 	383.846008 	394.459015 
45.500000 	126.212997 	384.000000 	383.837006 	394.537994 
45.600000 	126.212997 	384.000000 	383.837006 	394.537994 
45.700000 	126.212997 	384.000000 	383.837006 	394.537994 
45.800000 	126.212997 	384.000000 	383.837006 	394.537994 
45.900000 	126.212997 	384.000000 	383.837006 	394.537994 
46.000000 	126.212997 	384.000000 	383.837006 	394.537994 
46.100000 	126.212997 	384.000000 	383.837006 	394.537994 
46.200000 	126.212997 	384.000000 	383.837006 	394.537994 
46.300000 	126.212997 	384.000000 	383.837006 	394.537994 
46.400000 	126.212997 	384.000000 	383.837006 	394.537994 
46.500000 	126.224998 	384.000000 	383.826996 	394.618011 
46.600000 	126.224998 	384.000000 	383.826996 	394.618011 
46.700000 	126.224998 	384.000000 	383.826996 	394.618011 
46.800000 	126.224998 	384.000000 	383.826996 	394.618011 
46.900000 	126.224998 	384.000000 	383.826996 	394.618011 
47.000000 	126.224998 	384.000000 	383.826996 	394.618011 
47.100000 	126.224998 	384.000000 	383.826996 	394.618011 
47.200000 	126.224998 	384.000000 	383.826996 	394.618011 
47.300000 	126.224998 	384.000000 	383.826996 	394.618011 
47.400000 	126.224998 	384.000000 	383.826996 	394.618011 
47.500000 	126.237000 	384.000000 	383.816986 	394.697998 
47.600000 	126.237000 	384.000000 	383.816986 	394.697998 
47.700000 	126.237000 	384.000000 	383.816986 	394.697998 
47.800000 	126.237000 	384.000000 	383.816986 	394.697998 
47.900000 	126.237000 	384.000000 	383.816986 	394.697998 
48.000000 	126.237000 	384.000000 	383.816986 	394.697998 
48.100000 	126.237000 	384.000000 	383.816986 	394.697998 
48.200000 	126.237000 	384.000000 	383.816986 	394.697998 
48.300000 	126.237000 	384.000000 	383.816986 	394.697998 
48.400000 	126.237000 	384.000000 	383.816986 	394.697998 
48.500000 	126.249001 	384.000000 	383.807007 	394.778992 
48.600000 	126.249001 	384.000000 	383.807007 	394.778992 
48.700000 	126.249001 	384.000000 	383.807007 	394.778992 
48.800000 	126.249001 	384.000000 	383.807007 	394.778992 
48.900000 	126.249001 	384.000000 	383.807007 	394.778992 
49.000000 	126.249001 	384.000000 	383.807007 	394.778992 
49.100000 	126.249001 	384.000000 	383.807007 	394.778992 
49.200000 	126.249001 	384.000000 	383.807007 	394.778992 
49.300000 	126.249001 	384.000000 	383.807007 	394.778992 
49.400000 	126.249001 	384.000000 	383.807007 	394.778992 
49.500000 	126.261002 	384.000000 	383.795990 	394.860992 
49.600000 	126.261002 	384.000000 	383.795990 	394.860992 
49.700000 	126.261002 	384.000000 	383.795990 	394.860992 
49.800000 	126.261002 	384.000000 	383.795990 	394.860992 
49.900000 	126.261002 	384.000000 	383.795990 	394.860992 
50.000000 	126.261002 	384.000000 	383.795990 	394.860992 
50.100000 	126.261002 	384.000000 	383.795990 	394.860992 
50.200000 	126.261002 	384.000000 	383.795990 	394.860992 
50.300000 	126.261002 	384.000000 	383.795990 	394.860992 
50.400000 	126.261002 	384.000000 	383.795990 	394.860992 
50.500000 	126.274002 	384.000000 	383.785004 	394.942993 
50.600000 	126.274002 	384.000000 	383.785004 	394.942993 
50.700000 	126.274002 	384.000000 	383.785004 	394.942993 
50.800000 	126.274002 	384.000000 	383.785004 	394.942993 
50.900000 	126.274002 	384.000000 	383.785004 	394.942993 
51.000000 	126.274002 	384.000000 	383.785004 	394.942993 
51.100000 	126.274002 	384.000000 	383.785004 	394.942993 
51.200000 	126.274002 	384.000000 	383.785004 	394.942993 
51.300000 	126.274002 	384.000000 	383.785004 	394.942993 
51.400000 	126.274002 	384.000000 	383.785004 	394.942993 
51.500000 	126.286003 	384.000000 	383.773010 	395.024994 
51.600000 	126.286003 	384.000000 	383.773010 	395.024994 
51.700000 	126.286003 	384.000000 	383.773010 	395.024994 
51.800000 	126.286003 	384.000000 	383.773010 	395.024994 
51.900000 	126.286003 	384.000000 	383.773010 	395.024994 
52.000000 	126.286003 	384.000000 	383.773010 	395.024994 
52.100000 	126.286003 	384.000000 	383.773010 	395.024994 
52.200000 	126.286003 	384.000000 	383.773010 	395.024994 
52.300000 	126.286003 	384.000000 	383.773010 	395.024994 
52.400000 	126.286003 	384.000000 	383.773010 	395.024994 
52.500000 	126.297997 	384.000000 	383.760986 	395.108002 
52.600000 	126.297997 	384.000000 	383.760986 	395.108002 
52.700000 	126.297997 	384.000000 	383.760986 	395.108002 
52.800000 	126.297997 	384.000000 	383.760986 	395.108002 
52.900000 	126.297997 	384.000000 	383.760986 	395.108002 
53.000000 	126.297997 	384.000000 	383.760986 	395.108002 
53.100000 	126.297997 	384.000000 	383.760986 	395.108002 
53.200000 	126.297997 	384.000000 	383.760986 	395.108002 
53.300000 	126.297997 	384.000000 	383.760986 	395.108002 
53.400000 	126.297997 	384.000000 	383.760986 	395.108002 
53.500000 	126.310997 	384.000000 	383.747986 	395.191010 
53.600000 	126.310997 	384.000000 	383.747986 	395.191010 
53.700000 	126.310997 	384.000000 	383.747986 	395.191010 
53.800000 	126.310997 	384.000000 	383.747986 	395.191010 
53.900000 	126.310997 	384.000000 	383.747986 	395.191010 
54.000000 	126.310997 	384.000000 	383.747986 	395.191010 
54.100000 	126.310997 	384.000000 	383.747986 	395.191010 
54.200000 	126.310997 	384.000000 	383.747986 	395.191010 
54.300000 	126.310997 	384.000000 	383.747986 	395.191010 
54.400000 	126.310997 	384.000000 	383.747986 	395.191010 
54.500000 	126.322998 	384.000000 	383.734009 	395.274994 
54.600000 	126.322998 	384.000000 	383.734009 	395.274994 
54.700000 	126.322998 	384.000000 	383.734009 	395.274994 
54.800000 	126.322998 	384.000000 	383.734009 	395.274994 
54.900000 	126.322998 	384.000000 	383.734009 	395.274994 
55.000000 	126.322998 	384.000000 	383.734009 	395.274994 
55.100000 	126.322998 	384.000000 	383.734009 	395.274994 
55.200000 	126.322998 	384.000000 	383.734009 	395.274994 
55.300000 	126.322998 	384.000000 	383.734009 	395.274994 
55.400000 	126.322998 	384.000000 	383.734009 	395.274994 
55.500000 	126.335999 	384.000000 	383.720001 	395.359009 
55.600000 	126.335999 	384.000000 	383.720001 	395.359009 
55.700000 	126.335999 	384.000000 	383.720001 	395.359009 
55.800000 	126.335999 	384.000000 	383.720001 	395.359009 
55.900000 	126.335999 	384.000000 	383.720001 	395.359009 
56.000000 	126.335999 	384.000000 	383.720001 	395.359009 
56.100000 	126.335999 	384.000000 	383.720001 	395.359009 
56.200000 	126.335999 	384.000000 	383.720001 	395.359009 
56.300000 	126.335999 	384.000000 	383.720001 	395.359009 
56.400000 	126.335999 	384.000000 	383.720001 	395.359009 
56.500000 	126.348000 	384.000000 	383.704987 	395.444000 
56.600000 	126.348000 	384.000000 	383.704987 	395.444000 
56.700000 	126.348000 	384.000000 	383.704987 	395.444000 
56.800000 	126.348000 	384.000000 	383.704987 	395.444000 
56.900000 	126.348000 	384.000000 	383.704987 	395.444000 
57.000000 	126.348000 	384.000000 	383.704987 	395.444000 
57.100000 	126.348000 	384.000000 	383.704987 	395.444000 
57.200000 	126.348000 	384.000000 	383.704987 	395.444000 
57.300000 	126.348000 	384.000000 	383.704987 	395.444000 
57.400000 	126.348000 	384.000000 	383.704987 	395.444000 
57.500000 	126.361000 	384.000000 	383.690002 	395.528015 
57.600000 	126.361000 	384.000000 	383.690002 	395.528015 
57.700000 	126.361000 	384.000000 	383.690002 	395.528015 
57.800000 	126.361000 	384.000000 	383.690002 	395.528015 
57.900000 	126.361000 	384.000000 	383.690002 	395.528015 
58.000000 	126.361000 	384.000000 	383.690002 	395.528015 
58.100000 	126.361000 	384.000000 	383.690002 	395.528015 
58.200000 	126.361000 	384.000000 	383.690002 	395.528015 
58.300000 	126.361000 	384.000000 	383.690002 	395.528015 
58.400000 	126.361000 	384.000000 	383.690002 	395.528015 
58.500000 	126.374001 	384.000000 	383.674011 	395.613007 
58.600000 	126.374001 	384.000000 	383.674011 	395.613007 
58.700000 	126.374001 	384.000000 	383.674011 	395.613007 
58.800000 	126.374001 	384.000000 	383.674011 	395.613007 
58.900000 	126.374001 	384.000000 	383.674011 	395.613007 
59.000000 	126.374001 	384.000000 	383.674011 	395.613007 
59.100000 	126.374001 	384.000000 	383.674011 	395.613007 
59.200000 	126.374001 	384.000000 	383.674011 	395.613007 
59.300000 	126.374001 	384.000000 	383.674011 	395.613007 
59.400000 	126.374001 	384.000000 	383.674011 	395.613007 
59.500000 	126.387001 	384.000000 	383.657013 	395.697998 
59.600000 	126.387001 	384.000000 	383.657013 	395.697998 
59.700000 	126.387001 	384.000000 	383.657013 	395.697998 
59.800000 	126.387001 	384.000000 	383.657013 	395.697998 
59.900000 	126.387001 	384.000000 	383.657013 	395.697998 
60.000000 	126.387001 	384.000000 	383.657013 	395.697998 
