0.500000 	92.842499 	685.000000 	695.434021 	689.129028 
0.600000 	92.842499 	685.000000 	695.434021 	689.129028 
0.700000 	92.842499 	685.000000 	695.434021 	689.129028 
0.800000 	92.842499 	685.000000 	695.434021 	689.129028 
0.900000 	92.842499 	685.000000 	695.434021 	689.129028 
1.000000 	92.842499 	685.000000 	695.434021 	689.129028 
1.100000 	92.842499 	685.000000 	695.434021 	689.129028 
1.200000 	92.842499 	685.000000 	695.434021 	689.129028 
1.300000 	92.842499 	685.000000 	695.434021 	689.129028 
1.400000 	92.842499 	685.000000 	695.434021 	689.129028 
1.500000 	103.871002 	685.000000 	690.096008 	689.914001 
1.600000 	103.871002 	685.000000 	690.096008 	689.914001 
1.700000 	103.871002 	685.000000 	690.096008 	689.914001 
1.800000 	103.871002 	685.000000 	690.096008 	689.914001 
1.900000 	103.871002 	685.000000 	690.096008 	689.914001 
2.000000 	103.871002 	685.000000 	690.096008 	689.914001 
2.100000 	103.871002 	685.000000 	690.096008 	689.914001 
2.200000 	103.871002 	685.000000 	690.096008 	689.914001 
2.300000 	103.871002 	685.000000 	690.096008 	689.914001 
2.400000 	103.871002 	685.000000 	690.096008 	689.914001 
2.500000 	113.844002 	685.000000 	687.731018 	689.874023 
2.600000 	113.844002 	685.000000 	687.731018 	689.874023 
2.700000 	113.844002 	685.000000 	687.731018 	689.874023 
2.800000 	113.844002 	685.000000 	687.731018 	689.874023 
2.900000 	113.844002 	685.000000 	687.731018 	689.874023 
3.000000 	113.844002 	685.000000 	687.731018 	689.874023 
3.100000 	113.844002 	685.000000 	687.731018 	689.874023 
3.200000 	113.844002 	685.000000 	687.731018 	689.874023 
3.300000 	113.844002 	685.000000 	687.731018 	689.874023 
3.400000 	113.844002 	685.000000 	687.731018 	689.874023 
3.500000 	118.615997 	685.000000 	686.637024 	689.846985 
3.600000 	118.615997 	685.000000 	686.637024 	689.846985 
3.700000 	118.615997 	685.000000 	686.637024 	689.846985 
3.800000 	118.615997 	685.000000 	686.637024 	689.846985 
3.900000 	118.615997 	685.000000 	686.637024 	689.846985 
4.000000 	118.615997 	685.000000 	686.637024 	689.846985 
4.100000 	118.615997 	685.000000 	686.637024 	689.846985 
4.200000 	118.615997 	685.000000 	686.637024 	689.846985 
4.300000 	118.615997 	685.000000 	686.637024 	689.846985 
4.400000 	118.615997 	685.000000 	686.637024 	689.846985 
4.500000 	121.106003 	685.000000 	686.067993 	689.833984 
4.600000 	121.106003 	685.000000 	686.067993 	689.833984 
4.700000 	121.106003 	685.000000 	686.067993 	689.833984 
4.800000 	121.106003 	685.000000 	686.067993 	689.833984 
4.900000 	121.106003 	685.000000 	686.067993 	689.833984 
5.000000 	121.106003 	685.000000 	686.067993 	689.833984 
5.100000 	121.106003 	685.000000 	686.067993 	689.833984 
5.200000 	121.106003 	685.000000 	686.067993 	689.833984 
5.300000 	121.106003 	685.000000 	686.067993 	689.833984 
5.400000 	121.106003 	685.000000 	686.067993 	689.833984 
5.500000 	122.542000 	685.000000 	685.739014 	689.828979 
5.600000 	122.542000 	685.000000 	685.739014 	689.828979 
5.700000 	122.542000 	685.000000 	685.739014 	689.828979 
5.800000 	122.542000 	685.000000 	685.739014 	689.828979 
5.900000 	122.542000 	685.000000 	685.739014 	689.828979 
6.000000 	122.542000 	685.000000 	685.739014 	689.828979 
6.100000 	122.542000 	685.000000 	685.739014 	689.828979 
6.200000 	122.542000 	685.000000 	685.739014 	689.828979 
6.300000 	122.542000 	685.000000 	685.739014 	689.828979 
6.400000 	122.542000 	685.000000 	685.739014 	689.828979 
6.500000 	123.440002 	685.000000 	685.533020 	689.828979 
6.600000 	123.440002 	685.000000 	685.533020 	689.828979 
6.700000 	123.440002 	685.000000 	685.533020 	689.828979 
6.800000 	123.440002 	685.000000 	685.533020 	689.828979 
6.900000 	123.440002 	685.000000 	685.533020 	689.828979 
7.000000 	123.440002 	685.000000 	685.533020 	689.828979 
7.100000 	123.440002 	685.000000 	685.533020 	689.828979 
7.200000 	123.440002 	685.000000 	685.533020 	689.828979 
7.300000 	123.440002 	685.000000 	685.533020 	689.828979 
7.400000 	123.440002 	685.000000 	685.533020 	689.828979 
7.500000 	124.037003 	685.000000 	685.395996 	689.831970 
7.600000 	124.037003 	685.000000 	685.395996 	689.831970 
7.700000 	124.037003 	685.000000 	685.395996 	689.831970 
7.800000 	124.037003 	685.000000 	685.395996 	689.831970 
7.900000 	124.037003 	685.000000 	685.395996 	689.831970 
8.000000 	124.037003 	685.000000 	685.395996 	689.831970 
8.100000 	124.037003 	685.000000 	685.395996 	689.831970 
8.200000 	124.037003 	685.000000 	685.395996 	689.831970 
8.300000 	124.037003 	685.000000 	685.395996 	689.831970 
8.400000 	124.037003 	685.000000 	685.395996 	689.831970 
8.500000 	124.454002 	685.000000 	685.299988 	689.836975 
8.600000 	124.454002 	685.000000 	685.299988 	689.836975 
8.700000 	124.454002 	685.000000 	685.299988 	689.836975 
8.800000 	124.454002 	685.000000 	685.299988 	689.836975 
8.900000 	124.454002 	685.000000 	685.299988 	689.836975 
9.000000 	124.454002 	685.000000 	685.299988 	689.836975 
9.100000 	124.454002 	685.000000 	685.299988 	689.836975 
9.200000 	124.454002 	685.000000 	685.299988 	689.836975 
9.300000 	124.454002 	685.000000 	685.299988 	689.836975 
9.400000 	124.454002 	685.000000 	685.299988 	689.836975 
9.500000 	124.757004 	685.000000 	685.229980 	689.843994 
9.600000 	124.757004 	685.000000 	685.229980 	689.843994 
9.700000 	124.757004 	685.000000 	685.229980 	689.843994 
9.800000 	124.757004 	685.000000 	685.229980 	689.843994 
9.900000 	124.757004 	685.000000 	685.229980 	689.843994 
10.000000 	124.757004 	685.000000 	685.229980 	689.843994 
10.100000 	124.757004 	685.000000 	685.229980 	689.843994 
10.200000 	124.757004 	685.000000 	685.229980 	689.843994 
10.300000 	124.757004 	685.000000 	685.229980 	689.843994 
10.400000 	124.757004 	685.000000 	685.229980 	689.843994 
10.500000 	124.984001 	685.000000 	685.177002 	689.851990 
10.600000 	124.984001 	685.000000 	685.177002 	689.851990 
10.700000 	124.984001 	685.000000 	685.177002 	689.851990 
10.800000 	124.984001 	685.000000 	685.177002 	689.851990 
10.900000 	124.984001 	685.000000 	685.177002 	689.851990 
11.000000 	124.984001 	685.000000 	685.177002 	689.851990 
11.100000 	124.984001 	685.000000 	685.177002 	689.851990 
11.200000 	124.984001 	685.000000 	685.177002 	689.851990 
11.300000 	124.984001 	685.000000 	685.177002 	689.851990 
11.400000 	124.984001 	685.000000 	685.177002 	689.851990 
11.500000 	125.157997 	685.000000 	685.135986 	689.861023 
11.600000 	125.157997 	685.000000 	685.135986 	689.861023 
11.700000 	125.157997 	685.000000 	685.135986 	689.861023 
11.800000 	125.157997 	685.000000 	685.135986 	689.861023 
11.900000 	125.157997 	685.000000 	685.135986 	689.861023 
12.000000 	125.157997 	685.000000 	685.135986 	689.861023 
12.100000 	125.157997 	685.000000 	685.135986 	689.861023 
12.200000 	125.157997 	685.000000 	685.135986 	689.861023 
12.300000 	125.157997 	685.000000 	685.135986 	689.861023 
12.400000 	125.157997 	685.000000 	685.135986 	689.861023 
12.500000 	125.295998 	685.000000 	685.103027 	689.872009 
12.600000 	125.295998 	685.000000 	685.103027 	689.872009 
12.700000 	125.295998 	685.000000 	685.103027 	689.872009 
12.800000 	125.295998 	685.000000 	685.103027 	689.872009 
12.900000 	125.295998 	685.000000 	685.103027 	689.872009 
13.000000 	125.295998 	685.000000 	685.103027 	689.872009 
13.100000 	125.295998 	685.000000 	685.103027 	689.872009 
13.200000 	125.295998 	685.000000 	685.103027 	689.872009 
13.300000 	125.295998 	685.000000 	685.103027 	689.872009 
13.400000 	125.295998 	685.000000 	685.103027 	689.872009 
13.500000 	125.405998 	685.000000 	685.075989 	689.882996 
13.600000 	125.405998 	685.000000 	685.075989 	689.882996 
13.700000 	125.405998 	685.000000 	685.075989 	689.882996 
13.800000 	125.405998 	685.000000 	685.075989 	689.882996 
13.900000 	125.405998 	685.000000 	685.075989 	689.882996 
14.000000 	125.405998 	685.000000 	685.075989 	689.882996 
14.100000 	125.405998 	685.000000 	685.075989 	689.882996 
14.200000 	125.405998 	685.000000 	685.075989 	689.882996 
14.300000 	125.405998 	685.000000 	685.075989 	689.882996 
14.400000 	125.405998 	685.000000 	685.075989 	689.882996 
14.500000 	125.496002 	685.000000 	685.052979 	689.895020 
14.600000 	125.496002 	685.000000 	685.052979 	689.895020 
14.700000 	125.496002 	685.000000 	685.052979 	689.895020 
14.800000 	125.496002 	685.000000 	685.052979 	689.895020 
14.900000 	125.496002 	685.000000 	685.052979 	689.895020 
15.000000 	125.496002 	685.000000 	685.052979 	689.895020 
15.100000 	125.496002 	685.000000 	685.052979 	689.895020 
15.200000 	125.496002 	685.000000 	685.052979 	689.895020 
15.300000 	125.496002 	685.000000 	685.052979 	689.895020 
15.400000 	125.496002 	685.000000 	685.052979 	689.895020 
15.500000 	125.570999 	685.000000 	685.033997 	689.908020 
15.600000 	125.570999 	685.000000 	685.033997 	689.908020 
15.700000 	125.570999 	685.000000 	685.033997 	689.908020 
15.800000 	125.570999 	685.000000 	685.033997 	689.908020 
15.900000 	125.570999 	685.000000 	685.033997 	689.908020 
16.000000 	125.570999 	685.000000 	685.033997 	689.908020 
16.100000 	125.570999 	685.000000 	685.033997 	689.908020 
16.200000 	125.570999 	685.000000 	685.033997 	689.908020 
16.300000 	125.570999 	685.000000 	685.033997 	689.908020 
16.400000 	125.570999 	685.000000 	685.033997 	689.908020 
16.500000 	125.634003 	685.000000 	685.017029 	689.921997 
16.600000 	125.634003 	685.000000 	685.017029 	689.921997 
16.700000 	125.634003 	685.000000 	685.017029 	689.921997 
16.800000 	125.634003 	685.000000 	685.017029 	689.921997 
16.900000 	125.634003 	685.000000 	685.017029 	689.921997 
17.000000 	125.634003 	685.000000 	685.017029 	689.921997 
17.100000 	125.634003 	685.000000 	685.017029 	689.921997 
17.200000 	125.634003 	685.000000 	685.017029 	689.921997 
17.300000 	125.634003 	685.000000 	685.017029 	689.921997 
17.400000 	125.634003 	685.000000 	685.017029 	689.921997 
17.500000 	125.688004 	685.000000 	685.000977 	689.935974 
17.600000 	125.688004 	685.000000 	685.000977 	689.935974 
17.700000 	125.688004 	685.000000 	685.000977 	689.935974 
17.800000 	125.688004 	685.000000 	685.000977 	689.935974 
17.900000 	125.688004 	685.000000 	685.000977 	689.935974 
18.000000 	125.688004 	685.000000 	685.000977 	689.935974 
18.100000 	125.688004 	685.000000 	685.000977 	689.935974 
18.200000 	125.688004 	685.000000 	685.000977 	689.935974 
18.300000 	125.688004 	685.000000 	685.000977 	689.935974 
18.400000 	125.688004 	685.000000 	685.000977 	689.935974 
18.500000 	125.734001 	685.000000 	684.987976 	689.950989 
18.600000 	125.734001 	685.000000 	684.987976 	689.950989 
18.700000 	125.734001 	685.000000 	684.987976 	689.950989 
18.800000 	125.734001 	685.000000 	684.987976 	689.950989 
18.900000 	125.734001 	685.000000 	684.987976 	689.950989 
19.000000 	125.734001 	685.000000 	684.987976 	689.950989 
19.100000 	125.734001 	685.000000 	684.987976 	689.950989 
19.200000 	125.734001 	685.000000 	684.987976 	689.950989 
19.300000 	125.734001 	685.000000 	684.987976 	689.950989 
19.400000 	125.734001 	685.000000 	684.987976 	689.950989 
19.500000 	125.774002 	685.000000 	684.974976 	689.966980 
19.600000 	125.774002 	685.000000 	684.974976 	689.966980 
19.700000 	125.774002 	685.000000 	684.974976 	689.966980 
19.800000 	125.774002 	685.000000 	684.974976 	689.966980 
19.900000 	125.774002 	685.000000 	684.974976 	689.966980 
20.000000 	125.774002 	685.000000 	684.974976 	689.966980 
20.100000 	125.774002 	685.000000 	684.974976 	689.966980 
20.200000 	125.774002 	685.000000 	684.974976 	689.966980 
20.300000 	125.774002 	685.000000 	684.974976 	689.966980 
20.400000 	125.774002 	685.000000 	684.974976 	689.966980 
20.500000 	125.809998 	685.000000 	684.963013 	689.982971 
20.600000 	125.809998 	685.000000 	684.963013 	689.982971 
20.700000 	125.809998 	685.000000 	684.963013 	689.982971 
20.800000 	125.809998 	685.000000 	684.963013 	689.982971 
20.900000 	125.809998 	685.000000 	684.963013 	689.982971 
21.000000 	125.809998 	685.000000 	684.963013 	689.982971 
21.100000 	125.809998 	685.000000 	684.963013 	689.982971 
21.200000 	125.809998 	685.000000 	684.963013 	689.982971 
21.300000 	125.809998 	685.000000 	684.963013 	689.982971 
21.400000 	125.809998 	685.000000 	684.963013 	689.982971 
21.500000 	125.841003 	685.000000 	684.952026 	689.999023 
21.600000 	125.841003 	685.000000 	684.952026 	689.999023 
21.700000 	125.841003 	685.000000 	684.952026 	689.999023 
21.800000 	125.841003 	685.000000 	684.952026 	689.999023 
21.900000 	125.841003 	685.000000 	684.952026 	689.999023 
22.000000 	125.841003 	685.000000 	684.952026 	689.999023 
22.100000 	125.841003 	685.000000 	684.952026 	689.999023 
22.200000 	125.841003 	685.000000 	684.952026 	689.999023 
22.300000 	125.841003 	685.000000 	684.952026 	689.999023 
22.400000 	125.841003 	685.000000 	684.952026 	689.999023 
22.500000 	125.869003 	685.000000 	684.940979 	690.015991 
22.600000 	125.869003 	685.000000 	684.940979 	690.015991 
22.700000 	125.869003 	685.000000 	684.940979 	690.015991 
22.800000 	125.869003 	685.000000 	684.940979 	690.015991 
22.900000 	125.869003 	685.000000 	684.940979 	690.015991 
23.000000 	125.869003 	685.000000 	684.940979 	690.015991 
23.100000 	125.869003 	685.000000 	684.940979 	690.015991 
23.200000 	125.869003 	685.000000 	684.940979 	690.015991 
23.300000 	125.869003 	685.000000 	684.940979 	690.015991 
23.400000 	125.869003 	685.000000 	684.940979 	690.015991 
23.500000 	125.893997 	685.000000 	684.929993 	690.033020 
23.600000 	125.893997 	685.000000 	684.929993 	690.033020 
23.700000 	125.893997 	685.000000 	684.929993 	690.033020 
23.800000 	125.893997 	685.000000 	684.929993 	690.033020 
23.900000 	125.893997 	685.000000 	684.929993 	690.033020 
24.000000 	125.893997 	685.000000 	684.929993 	690.033020 
24.100000 	125.893997 	685.000000 	684.929993 	690.033020 
24.200000 	125.893997 	685.000000 	684.929993 	690.033020 
24.300000 	125.893997 	685.000000 	684.929993 	690.033020 
24.400000 	125.893997 	685.000000 	684.929993 	690.033020 
24.500000 	125.917000 	685.000000 	684.919983 	690.049988 
24.600000 	125.917000 	685.000000 	684.919983 	690.049988 
24.700000 	125.917000 	685.000000 	684.919983 	690.049988 
24.800000 	125.917000 	685.000000 	684.919983 	690.049988 
24.900000 	125.917000 	685.000000 	684.919983 	690.049988 
25.000000 	125.917000 	685.000000 	684.919983 	690.049988 
25.100000 	125.917000 	685.000000 	684.919983 	690.049988 
25.200000 	125.917000 	685.000000 	684.919983 	690.049988 
25.300000 	125.917000 	685.000000 	684.919983 	690.049988 
25.400000 	125.917000 	685.000000 	684.919983 	690.049988 
25.500000 	125.938004 	685.000000 	684.908997 	690.067993 
25.600000 	125.938004 	685.000000 	684.908997 	690.067993 
25.700000 	125.938004 	685.000000 	684.908997 	690.067993 
25.800000 	125.938004 	685.000000 	684.908997 	690.067993 
25.900000 	125.938004 	685.000000 	684.908997 	690.067993 
26.000000 	125.938004 	685.000000 	684.908997 	690.067993 
26.100000 	125.938004 	685.000000 	684.908997 	690.067993 
26.200000 	125.938004 	685.000000 	684.908997 	690.067993 
26.300000 	125.938004 	685.000000 	684.908997 	690.067993 
26.400000 	125.938004 	685.000000 	684.908997 	690.067993 
26.500000 	125.957001 	685.000000 	684.898987 	690.085999 
26.600000 	125.957001 	685.000000 	684.898987 	690.085999 
26.700000 	125.957001 	685.000000 	684.898987 	690.085999 
26.800000 	125.957001 	685.000000 	684.898987 	690.085999 
26.900000 	125.957001 	685.000000 	684.898987 	690.085999 
27.000000 	125.957001 	685.000000 	684.898987 	690.085999 
27.100000 	125.957001 	685.000000 	684.898987 	690.085999 
27.200000 	125.957001 	685.000000 	684.898987 	690.085999 
27.300000 	125.957001 	685.000000 	684.898987 	690.085999 
27.400000 	125.957001 	685.000000 	684.898987 	690.085999 
27.500000 	125.974998 	685.000000 	684.888000 	690.104004 
27.600000 	125.974998 	685.000000 	684.888000 	690.104004 
27.700000 	125.974998 	685.000000 	684.888000 	690.104004 
27.800000 	125.974998 	685.000000 	684.888000 	690.104004 
27.900000 	125.974998 	685.000000 	684.888000 	690.104004 
28.000000 	125.974998 	685.000000 	684.888000 	690.104004 
28.100000 	125.974998 	685.000000 	684.888000 	690.104004 
28.200000 	125.974998 	685.000000 	684.888000 	690.104004 
28.300000 	125.974998 	685.000000 	684.888000 	690.104004 
28.400000 	125.974998 	685.000000 	684.888000 	690.104004 
28.500000 	125.991997 	685.000000 	684.877014 	690.122986 
28.600000 	125.991997 	685.000000 	684.877014 	690.122986 
28.700000 	125.991997 	685.000000 	684.877014 	690.122986 
28.800000 	125.991997 	685.000000 	684.877014 	690.122986 
28.900000 	125.991997 	685.000000 	684.877014 	690.122986 
29.000000 	125.991997 	685.000000 	684.877014 	690.122986 
29.100000 	125.991997 	685.000000 	684.877014 	690.122986 
29.200000 	125.991997 	685.000000 	684.877014 	690.122986 
29.300000 	125.991997 	685.000000 	684.877014 	690.122986 
29.400000 	125.991997 	685.000000 	684.877014 	690.122986 
29.500000 	126.008003 	685.000000 	684.866028 	690.140991 
29.600000 	126.008003 	685.000000 	684.866028 	690.140991 
29.700000 	126.008003 	685.000000 	684.866028 	690.140991 
29.800000 	126.008003 	685.000000 	684.866028 	690.140991 
29.900000 	126.008003 	685.000000 	684.866028 	690.140991 
30.000000 	126.008003 	685.000000 	684.866028 	690.140991 
30.100000 	126.008003 	685.000000 	684.866028 	690.140991 
30.200000 	126.008003 	685.000000 	684.866028 	690.140991 
30.300000 	126.008003 	685.000000 	684.866028 	690.140991 
30.400000 	126.008003 	685.000000 	684.866028 	690.140991 
30.500000 	126.022003 	685.000000 	684.854980 	690.159973 
30.600000 	126.022003 	685.000000 	684.854980 	690.159973 
30.700000 	126.022003 	685.000000 	684.854980 	690.159973 
30.800000 	126.022003 	685.000000 	684.854980 	690.159973 
30.900000 	126.022003 	685.000000 	684.854980 	690.159973 
31.000000 	126.022003 	685.000000 	684.854980 	690.159973 
31.100000 	126.022003 	685.000000 	684.854980 	690.159973 
31.200000 	126.022003 	685.000000 	684.854980 	690.159973 
31.300000 	126.022003 	685.000000 	684.854980 	690.159973 
31.400000 	126.022003 	685.000000 	684.854980 	690.159973 
31.500000 	126.036003 	685.000000 	684.843994 	690.177979 
31.600000 	126.036003 	685.000000 	684.843994 	690.177979 
31.700000 	126.036003 	685.000000 	684.843994 	690.177979 
31.800000 	126.036003 	685.000000 	684.843994 	690.177979 
31.900000 	126.036003 	685.000000 	684.843994 	690.177979 
32.000000 	126.036003 	685.000000 	684.843994 	690.177979 
32.100000 	126.036003 	685.000000 	684.843994 	690.177979 
32.200000 	126.036003 	685.000000 	684.843994 	690.177979 
32.300000 	126.036003 	685.000000 	684.843994 	690.177979 
32.400000 	126.036003 	685.000000 	684.843994 	690.177979 
32.500000 	126.050003 	685.000000 	684.831970 	690.197021 
32.600000 	126.050003 	685.000000 	684.831970 	690.197021 
32.700000 	126.050003 	685.000000 	684.831970 	690.197021 
32.800000 	126.050003 	685.000000 	684.831970 	690.197021 
32.900000 	126.050003 	685.000000 	684.831970 	690.197021 
33.000000 	126.050003 	685.000000 	684.831970 	690.197021 
33.100000 	126.050003 	685.000000 	684.831970 	690.197021 
33.200000 	126.050003 	685.000000 	684.831970 	690.197021 
33.300000 	126.050003 	685.000000 	684.831970 	690.197021 
33.400000 	126.050003 	685.000000 	684.831970 	690.197021 
33.500000 	126.063004 	685.000000 	684.818970 	690.215027 
33.600000 	126.063004 	685.000000 	684.818970 	690.215027 
33.700000 	126.063004 	685.000000 	684.818970 	690.215027 
33.800000 	126.063004 	685.000000 	684.818970 	690.215027 
33.900000 	126.063004 	685.000000 	684.818970 	690.215027 
34.000000 	126.063004 	685.000000 	684.818970 	690.215027 
34.100000 	126.063004 	685.000000 	684.818970 	690.215027 
34.200000 	126.063004 	685.000000 	684.818970 	690.215027 
34.300000 	126.063004 	685.000000 	684.818970 	690.215027 
34.400000 	126.063004 	685.000000 	684.818970 	690.215027 
34.500000 	126.074997 	685.000000 	684.807007 	690.232971 
34.600000 	126.074997 	685.000000 	684.807007 	690.232971 
34.700000 	126.074997 	685.000000 	684.807007 	690.232971 
34.800000 	126.074997 	685.000000 	684.807007 	690.232971 
34.900000 	126.074997 	685.000000 	684.807007 	690.232971 
35.000000 	126.074997 	685.000000 	684.807007 	690.232971 
35.100000 	126.074997 	685.000000 	684.807007 	690.232971 
35.200000 	126.074997 	685.000000 	684.807007 	690.232971 
35.300000 	126.074997 	685.000000 	684.807007 	690.232971 
35.400000 	126.074997 	685.000000 	684.807007 	690.232971 
35.500000 	126.086998 	685.000000 	684.793030 	690.252014 
35.600000 	126.086998 	685.000000 	684.793030 	690.252014 
35.700000 	126.086998 	685.000000 	684.793030 	690.252014 
35.800000 	126.086998 	685.000000 	684.793030 	690.252014 
35.900000 	126.086998 	685.000000 	684.793030 	690.252014 
36.000000 	126.086998 	685.000000 	684.793030 	690.252014 
36.100000 	126.086998 	685.000000 	684.793030 	690.252014 
36.200000 	126.086998 	685.000000 	684.793030 	690.252014 
36.300000 	126.086998 	685.000000 	684.793030 	690.252014 
36.400000 	126.086998 	685.000000 	684.793030 	690.252014 
36.500000 	126.098000 	685.000000 	684.778992 	690.270020 
36.600000 	126.098000 	685.000000 	684.778992 	690.270020 
36.700000 	126.098000 	685.000000 	684.778992 	690.270020 
36.800000 	126.098000 	685.000000 	684.778992 	690.270020 
36.900000 	126.098000 	685.000000 	684.778992 	690.270020 
37.000000 	126.098000 	685.000000 	684.778992 	690.270020 
37.100000 	126.098000 	685.000000 	684.778992 	690.270020 
37.200000 	126.098000 	685.000000 	684.778992 	690.270020 
37.300000 	126.098000 	685.000000 	684.778992 	690.270020 
37.400000 	126.098000 	685.000000 	684.778992 	690.270020 
37.500000 	126.109001 	685.000000 	684.765015 	690.286987 
37.600000 	126.109001 	685.000000 	684.765015 	690.286987 
37.700000 	126.109001 	685.000000 	684.765015 	690.286987 
37.800000 	126.109001 	685.000000 	684.765015 	690.286987 
37.900000 	126.109001 	685.000000 	684.765015 	690.286987 
38.000000 	126.109001 	685.000000 	684.765015 	690.286987 
38.100000 	126.109001 	685.000000 	684.765015 	690.286987 
38.200000 	126.109001 	685.000000 	684.765015 	690.286987 
38.300000 	126.109001 	685.000000 	684.765015 	690.286987 
38.400000 	126.109001 	685.000000 	684.765015 	690.286987 
38.500000 	126.120003 	685.000000 	684.750000 	690.304993 
38.600000 	126.120003 	685.000000 	684.750000 	690.304993 
38.700000 	126.120003 	685.000000 	684.750000 	690.304993 
38.800000 	126.120003 	685.000000 	684.750000 	690.304993 
38.900000 	126.120003 	685.000000 	684.750000 	690.304993 
39.000000 	126.120003 	685.000000 	684.750000 	690.304993 
39.100000 	126.120003 	685.000000 	684.750000 	690.304993 
39.200000 	126.120003 	685.000000 	684.750000 	690.304993 
39.300000 	126.120003 	685.000000 	684.750000 	690.304993 
39.400000 	126.120003 	685.000000 	684.750000 	690.304993 
39.500000 	126.130997 	685.000000 	684.734009 	690.322021 
39.600000 	126.130997 	685.000000 	684.734009 	690.322021 
39.700000 	126.130997 	685.000000 	684.734009 	690.322021 
39.800000 	126.130997 	685.000000 	684.734009 	690.322021 
39.900000 	126.130997 	685.000000 	684.734009 	690.322021 
40.000000 	126.130997 	685.000000 	684.734009 	690.322021 
40.100000 	126.130997 	685.000000 	684.734009 	690.322021 
40.200000 	126.130997 	685.000000 	684.734009 	690.322021 
40.300000 	126.130997 	685.000000 	684.734009 	690.322021 
40.400000 	126.130997 	685.000000 	684.734009 	690.322021 
40.500000 	126.140999 	685.000000 	684.718018 	690.338989 
40.600000 	126.140999 	685.000000 	684.718018 	690.338989 
40.700000 	126.140999 	685.000000 	684.718018 	690.338989 
40.800000 	126.140999 	685.000000 	684.718018 	690.338989 
40.900000 	126.140999 	685.000000 	684.718018 	690.338989 
41.000000 	126.140999 	685.000000 	684.718018 	690.338989 
41.100000 	126.140999 	685.000000 	684.718018 	690.338989 
41.200000 	126.140999 	685.000000 	684.718018 	690.338989 
41.300000 	126.140999 	685.000000 	684.718018 	690.338989 
41.400000 	126.140999 	685.000000 	684.718018 	690.338989 
41.500000 	126.151001 	685.000000 	684.700989 	690.354980 
41.600000 	126.151001 	685.000000 	684.700989 	690.354980 
41.700000 	126.151001 	685.000000 	684.700989 	690.354980 
41.800000 	126.151001 	685.000000 	684.700989 	690.354980 
41.900000 	126.151001 	685.000000 	684.700989 	690.354980 
42.000000 	126.151001 	685.000000 	684.700989 	690.354980 
42.100000 	126.151001 	685.000000 	684.700989 	690.354980 
42.200000 	126.151001 	685.000000 	684.700989 	690.354980 
42.300000 	126.151001 	685.000000 	684.700989 	690.354980 
42.400000 	126.151001 	685.000000 	684.700989 	690.354980 
42.500000 	126.161003 	685.000000 	684.682983 	690.370972 
42.600000 	126.161003 	685.000000 	684.682983 	690.370972 
42.700000 	126.161003 	685.000000 	684.682983 	690.370972 
42.800000 	126.161003 	685.000000 	684.682983 	690.370972 
42.900000 	126.161003 	685.000000 	684.682983 	690.370972 
43.000000 	126.161003 	685.000000 	684.682983 	690.370972 
43.100000 	126.161003 	685.000000 	684.682983 	690.370972 
43.200000 	126.161003 	685.000000 	684.682983 	690.370972 
43.300000 	126.161003 	685.000000 	684.682983 	690.370972 
43.400000 	126.161003 	685.000000 	684.682983 	690.370972 
43.500000 	126.170998 	685.000000 	684.664978 	690.387024 
43.600000 	126.170998 	685.000000 	684.664978 	690.387024 
43.700000 	126.170998 	685.000000 	684.664978 	690.387024 
43.800000 	126.170998 	685.000000 	684.664978 	690.387024 
43.900000 	126.170998 	685.000000 	684.664978 	690.387024 
44.000000 	126.170998 	685.000000 	684.664978 	690.387024 
44.100000 	126.170998 	685.000000 	684.664978 	690.387024 
44.200000 	126.170998 	685.000000 	684.664978 	690.387024 
44.300000 	126.170998 	685.000000 	684.664978 	690.387024 
44.400000 	126.170998 	685.000000 	684.664978 	690.387024 
44.500000 	126.181000 	685.000000 	684.645996 	690.401978 
44.600000 	126.181000 	685.000000 	684.645996 	690.401978 
44.700000 	126.181000 	685.000000 	684.645996 	690.401978 
44.800000 	126.181000 	685.000000 	684.645996 	690.401978 
44.900000 	126.181000 	685.000000 	684.645996 	690.401978 
45.000000 	126.181000 	685.000000 	684.645996 	690.401978 
45.100000 	126.181000 	685.000000 	684.645996 	690.401978 
45.200000 	126.181000 	685.000000 	684.645996 	690.401978 
45.300000 	126.181000 	685.000000 	684.645996 	690.401978 
45.400000 	126.181000 	685.000000 	684.645996 	690.401978 
45.500000 	126.191002 	685.000000 	684.625000 	690.416992 
45.600000 	126.191002 	685.000000 	684.625000 	690.416992 
45.700000 	126.191002 	685.000000 	684.625000 	690.416992 
45.800000 	126.191002 	685.000000 	684.625000 	690.416992 
45.900000 	126.191002 	685.000000 	684.625000 	690.416992 
46.000000 	126.191002 	685.000000 	684.625000 	690.416992 
46.100000 	126.191002 	685.000000 	684.625000 	690.416992 
46.200000 	126.191002 	685.000000 	684.625000 	690.416992 
46.300000 	126.191002 	685.000000 	684.625000 	690.416992 
46.400000 	126.191002 	685.000000 	684.625000 	690.416992 
46.500000 	126.199997 	685.000000 	684.604004 	690.429993 
46.600000 	126.199997 	685.000000 	684.604004 	690.429993 
46.700000 	126.199997 	685.000000 	684.604004 	690.429993 
46.800000 	126.199997 	685.000000 	684.604004 	690.429993 
46.900000 	126.199997 	685.000000 	684.604004 	690.429993 
47.000000 	126.199997 	685.000000 	684.604004 	690.429993 
47.100000 	126.199997 	685.000000 	684.604004 	690.429993 
47.200000 	126.199997 	685.000000 	684.604004 	690.429993 
47.300000 	126.199997 	685.000000 	684.604004 	690.429993 
47.400000 	126.199997 	685.000000 	684.604004 	690.429993 
47.500000 	126.209999 	685.000000 	684.581970 	690.443970 
47.600000 	126.209999 	685.000000 	684.581970 	690.443970 
47.700000 	126.209999 	685.000000 	684.581970 	690.443970 
47.800000 	126.209999 	685.000000 	684.581970 	690.443970 
47.900000 	126.209999 	685.000000 	684.581970 	690.443970 
48.000000 	126.209999 	685.000000 	684.581970 	690.443970 
48.100000 	126.209999 	685.000000 	684.581970 	690.443970 
48.200000 	126.209999 	685.000000 	684.581970 	690.443970 
48.300000 	126.209999 	685.000000 	684.581970 	690.443970 
48.400000 	126.209999 	685.000000 	684.581970 	690.443970 
48.500000 	126.220001 	685.000000 	684.559021 	690.455994 
48.600000 	126.220001 	685.000000 	684.559021 	690.455994 
48.700000 	126.220001 	685.000000 	684.559021 	690.455994 
48.800000 	126.220001 	685.000000 	684.559021 	690.455994 
48.900000 	126.220001 	685.000000 	684.559021 	690.455994 
49.000000 	126.220001 	685.000000 	684.559021 	690.455994 
49.100000 	126.220001 	685.000000 	684.559021 	690.455994 
49.200000 	126.220001 	685.000000 	684.559021 	690.455994 
49.300000 	126.220001 	685.000000 	684.559021 	690.455994 
49.400000 	126.220001 	685.000000 	684.559021 	690.455994 
49.500000 	126.228996 	685.000000 	684.534973 	690.468018 
49.600000 	126.228996 	685.000000 	684.534973 	690.468018 
49.700000 	126.228996 	685.000000 	684.534973 	690.468018 
49.800000 	126.228996 	685.000000 	684.534973 	690.468018 
49.900000 	126.228996 	685.000000 	684.534973 	690.468018 
50.000000 	126.228996 	685.000000 	684.534973 	690.468018 
50.100000 	126.228996 	685.000000 	684.534973 	690.468018 
50.200000 	126.228996 	685.000000 	684.534973 	690.468018 
50.300000 	126.228996 	685.000000 	684.534973 	690.468018 
50.400000 	126.228996 	685.000000 	684.534973 	690.468018 
50.500000 	126.238998 	685.000000 	684.510010 	690.479004 
50.600000 	126.238998 	685.000000 	684.510010 	690.479004 
50.700000 	126.238998 	685.000000 	684.510010 	690.479004 
50.800000 	126.238998 	685.000000 	684.510010 	690.479004 
50.900000 	126.238998 	685.000000 	684.510010 	690.479004 
51.000000 	126.238998 	685.000000 	684.510010 	690.479004 
51.100000 	126.238998 	685.000000 	684.510010 	690.479004 
51.200000 	126.238998 	685.000000 	684.510010 	690.479004 
51.300000 	126.238998 	685.000000 	684.510010 	690.479004 
51.400000 	126.238998 	685.000000 	684.510010 	690.479004 
51.500000 	126.248001 	685.000000 	684.484009 	690.489990 
51.600000 	126.248001 	685.000000 	684.484009 	690.489990 
51.700000 	126.248001 	685.000000 	684.484009 	690.489990 
51.800000 	126.248001 	685.000000 	684.484009 	690.489990 
51.900000 	126.248001 	685.000000 	684.484009 	690.489990 
52.000000 	126.248001 	685.000000 	684.484009 	690.489990 
52.100000 	126.248001 	685.000000 	684.484009 	690.489990 
52.200000 	126.248001 	685.000000 	684.484009 	690.489990 
52.300000 	126.248001 	685.000000 	684.484009 	690.489990 
52.400000 	126.248001 	685.000000 	684.484009 	690.489990 
52.500000 	126.258003 	685.000000 	684.455994 	690.499023 
52.600000 	126.258003 	685.000000 	684.455994 	690.499023 
52.700000 	126.258003 	685.000000 	684.455994 	690.499023 
52.800000 	126.258003 	685.000000 	684.455994 	690.499023 
52.900000 	126.258003 	685.000000 	684.455994 	690.499023 
53.000000 	126.258003 	685.000000 	684.455994 	690.499023 
53.100000 	126.258003 	685.000000 	684.455994 	690.499023 
53.200000 	126.258003 	685.000000 	684.455994 	690.499023 
53.300000 	126.258003 	685.000000 	684.455994 	690.499023 
53.400000 	126.258003 	685.000000 	684.455994 	690.499023 
53.500000 	126.266998 	685.000000 	684.427979 	690.507996 
53.600000 	126.266998 	685.000000 	684.427979 	690.507996 
53.700000 	126.266998 	685.000000 	684.427979 	690.507996 
53.800000 	126.266998 	685.000000 	684.427979 	690.507996 
53.900000 	126.266998 	685.000000 	684.427979 	690.507996 
54.000000 	126.266998 	685.000000 	684.427979 	690.507996 
54.100000 	126.266998 	685.000000 	684.427979 	690.507996 
54.200000 	126.266998 	685.000000 	684.427979 	690.507996 
54.300000 	126.266998 	685.000000 	684.427979 	690.507996 
54.400000 	126.266998 	685.000000 	684.427979 	690.507996 
54.500000 	126.277000 	685.000000 	684.398010 	690.515015 
54.600000 	126.277000 	685.000000 	684.398010 	690.515015 
54.700000 	126.277000 	685.000000 	684.398010 	690.515015 
54.800000 	126.277000 	685.000000 	684.398010 	690.515015 
54.900000 	126.277000 	685.000000 	684.398010 	690.515015 
55.000000 	126.277000 	685.000000 	684.398010 	690.515015 
55.100000 	126.277000 	685.000000 	684.398010 	690.515015 
55.200000 	126.277000 	685.000000 	684.398010 	690.515015 
55.300000 	126.277000 	685.000000 	684.398010 	690.515015 
55.400000 	126.277000 	685.000000 	684.398010 	690.515015 
55.500000 	126.287003 	685.000000 	684.367004 	690.521973 
55.600000 	126.287003 	685.000000 	684.367004 	690.521973 
55.700000 	126.287003 	685.000000 	684.367004 	690.521973 
55.800000 	126.287003 	685.000000 	684.367004 	690.521973 
55.900000 	126.287003 	685.000000 	684.367004 	690.521973 
56.000000 	126.287003 	685.000000 	684.367004 	690.521973 
56.100000 	126.287003 	685.000000 	684.367004 	690.521973 
56.200000 	126.287003 	685.000000 	684.367004 	690.521973 
56.300000 	126.287003 	685.000000 	684.367004 	690.521973 
56.400000 	126.287003 	685.000000 	684.367004 	690.521973 
56.500000 	126.295998 	685.000000 	684.335022 	690.528015 
56.600000 	126.295998 	685.000000 	684.335022 	690.528015 
56.700000 	126.295998 	685.000000 	684.335022 	690.528015 
56.800000 	126.295998 	685.000000 	684.335022 	690.528015 
56.900000 	126.295998 	685.000000 	684.335022 	690.528015 
57.000000 	126.295998 	685.000000 	684.335022 	690.528015 
57.100000 	126.295998 	685.000000 	684.335022 	690.528015 
57.200000 	126.295998 	685.000000 	684.335022 	690.528015 
57.300000 	126.295998 	685.000000 	684.335022 	690.528015 
57.400000 	126.295998 	685.000000 	684.335022 	690.528015 
57.500000 	126.306000 	685.000000 	684.301025 	690.533020 
57.600000 	126.306000 	685.000000 	684.301025 	690.533020 
57.700000 	126.306000 	685.000000 	684.301025 	690.533020 
57.800000 	126.306000 	685.000000 	684.301025 	690.533020 
57.900000 	126.306000 	685.000000 	684.301025 	690.533020 
58.000000 	126.306000 	685.000000 	684.301025 	690.533020 
58.100000 	126.306000 	685.000000 	684.301025 	690.533020 
58.200000 	126.306000 	685.000000 	684.301025 	690.533020 
58.300000 	126.306000 	685.000000 	684.301025 	690.533020 
58.400000 	126.306000 	685.000000 	684.301025 	690.533020 
58.500000 	126.316002 	685.000000 	684.265015 	690.536011 
58.600000 	126.316002 	685.000000 	684.265015 	690.536011 
58.700000 	126.316002 	685.000000 	684.265015 	690.536011 
58.800000 	126.316002 	685.000000 	684.265015 	690.536011 
58.900000 	126.316002 	685.000000 	684.265015 	690.536011 
59.000000 	126.316002 	685.000000 	684.265015 	690.536011 
59.100000 	126.316002 	685.000000 	684.265015 	690.536011 
59.200000 	126.316002 	685.000000 	684.265015 	690.536011 
59.300000 	126.316002 	685.000000 	684.265015 	690.536011 
59.400000 	126.316002 	685.000000 	684.265015 	690.536011 
59.500000 	126.325996 	685.000000 	684.229004 	690.539001 
59.600000 	126.325996 	685.000000 	684.229004 	690.539001 
59.700000 	126.325996 	685.000000 	684.229004 	690.539001 
59.800000 	126.325996 	685.000000 	684.229004 	690.539001 
59.900000 	126.325996 	685.000000 	684.229004 	690.539001 
60.000000 	126.325996 	685.000000 	684.229004 	690.539001 
