0.500000 	92.978104 	817.000000 	824.276978 	819.840027 
0.600000 	92.978104 	817.000000 	824.276978 	819.840027 
0.700000 	92.978104 	817.000000 	824.276978 	819.840027 
0.800000 	92.978104 	817.000000 	824.276978 	819.840027 
0.900000 	92.978104 	817.000000 	824.276978 	819.840027 
1.000000 	92.978104 	817.000000 	824.276978 	819.840027 
1.100000 	92.978104 	817.000000 	824.276978 	819.840027 
1.200000 	92.978104 	817.000000 	824.276978 	819.840027 
1.300000 	92.978104 	817.000000 	824.276978 	819.840027 
1.400000 	92.978104 	817.000000 	824.276978 	819.840027 
1.500000 	104.082001 	817.000000 	820.950012 	821.085022 
1.600000 	104.082001 	817.000000 	820.950012 	821.085022 
1.700000 	104.082001 	817.000000 	820.950012 	821.085022 
1.800000 	104.082001 	817.000000 	820.950012 	821.085022 
1.900000 	104.082001 	817.000000 	820.950012 	821.085022 
2.000000 	104.082001 	817.000000 	820.950012 	821.085022 
2.100000 	104.082001 	817.000000 	820.950012 	821.085022 
2.200000 	104.082001 	817.000000 	820.950012 	821.085022 
2.300000 	104.082001 	817.000000 	820.950012 	821.085022 
2.400000 	104.082001 	817.000000 	820.950012 	821.085022 
2.500000 	113.989998 	817.000000 	819.130981 	821.098022 
2.600000 	113.989998 	817.000000 	819.130981 	821.098022 
2.700000 	113.989998 	817.000000 	819.130981 	821.098022 
2.800000 	113.989998 	817.000000 	819.130981 	821.098022 
2.900000 	113.989998 	817.000000 	819.130981 	821.098022 
3.000000 	113.989998 	817.000000 	819.130981 	821.098022 
3.100000 	113.989998 	817.000000 	819.130981 	821.098022 
3.200000 	113.989998 	817.000000 	819.130981 	821.098022 
3.300000 	113.989998 	817.000000 	819.130981 	821.098022 
3.400000 	113.989998 	817.000000 	819.130981 	821.098022 
3.500000 	118.716003 	817.000000 	818.270020 	821.088013 
3.600000 	118.716003 	817.000000 	818.270020 	821.088013 
3.700000 	118.716003 	817.000000 	818.270020 	821.088013 
3.800000 	118.716003 	817.000000 	818.270020 	821.088013 
3.900000 	118.716003 	817.000000 	818.270020 	821.088013 
4.000000 	118.716003 	817.000000 	818.270020 	821.088013 
4.100000 	118.716003 	817.000000 	818.270020 	821.088013 
4.200000 	118.716003 	817.000000 	818.270020 	821.088013 
4.300000 	118.716003 	817.000000 	818.270020 	821.088013 
4.400000 	118.716003 	817.000000 	818.270020 	821.088013 
4.500000 	121.177002 	817.000000 	817.817993 	821.083008 
4.600000 	121.177002 	817.000000 	817.817993 	821.083008 
4.700000 	121.177002 	817.000000 	817.817993 	821.083008 
4.800000 	121.177002 	817.000000 	817.817993 	821.083008 
4.900000 	121.177002 	817.000000 	817.817993 	821.083008 
5.000000 	121.177002 	817.000000 	817.817993 	821.083008 
5.100000 	121.177002 	817.000000 	817.817993 	821.083008 
5.200000 	121.177002 	817.000000 	817.817993 	821.083008 
5.300000 	121.177002 	817.000000 	817.817993 	821.083008 
5.400000 	121.177002 	817.000000 	817.817993 	821.083008 
5.500000 	122.596001 	817.000000 	817.557007 	821.080994 
5.600000 	122.596001 	817.000000 	817.557007 	821.080994 
5.700000 	122.596001 	817.000000 	817.557007 	821.080994 
5.800000 	122.596001 	817.000000 	817.557007 	821.080994 
5.900000 	122.596001 	817.000000 	817.557007 	821.080994 
6.000000 	122.596001 	817.000000 	817.557007 	821.080994 
6.100000 	122.596001 	817.000000 	817.557007 	821.080994 
6.200000 	122.596001 	817.000000 	817.557007 	821.080994 
6.300000 	122.596001 	817.000000 	817.557007 	821.080994 
6.400000 	122.596001 	817.000000 	817.557007 	821.080994 
6.500000 	123.483002 	817.000000 	817.393005 	821.080994 
6.600000 	123.483002 	817.000000 	817.393005 	821.080994 
6.700000 	123.483002 	817.000000 	817.393005 	821.080994 
6.800000 	123.483002 	817.000000 	817.393005 	821.080994 
6.900000 	123.483002 	817.000000 	817.393005 	821.080994 
7.000000 	123.483002 	817.000000 	817.393005 	821.080994 
7.100000 	123.483002 	817.000000 	817.393005 	821.080994 
7.200000 	123.483002 	817.000000 	817.393005 	821.080994 
7.300000 	123.483002 	817.000000 	817.393005 	821.080994 
7.400000 	123.483002 	817.000000 	817.393005 	821.080994 
7.500000 	124.071999 	817.000000 	817.283020 	821.083984 
7.600000 	124.071999 	817.000000 	817.283020 	821.083984 
7.700000 	124.071999 	817.000000 	817.283020 	821.083984 
7.800000 	124.071999 	817.000000 	817.283020 	821.083984 
7.900000 	124.071999 	817.000000 	817.283020 	821.083984 
8.000000 	124.071999 	817.000000 	817.283020 	821.083984 
8.100000 	124.071999 	817.000000 	817.283020 	821.083984 
8.200000 	124.071999 	817.000000 	817.283020 	821.083984 
8.300000 	124.071999 	817.000000 	817.283020 	821.083984 
8.400000 	124.071999 	817.000000 	817.283020 	821.083984 
8.500000 	124.484001 	817.000000 	817.205994 	821.086975 
8.600000 	124.484001 	817.000000 	817.205994 	821.086975 
8.700000 	124.484001 	817.000000 	817.205994 	821.086975 
8.800000 	124.484001 	817.000000 	817.205994 	821.086975 
8.900000 	124.484001 	817.000000 	817.205994 	821.086975 
9.000000 	124.484001 	817.000000 	817.205994 	821.086975 
9.100000 	124.484001 	817.000000 	817.205994 	821.086975 
9.200000 	124.484001 	817.000000 	817.205994 	821.086975 
9.300000 	124.484001 	817.000000 	817.205994 	821.086975 
9.400000 	124.484001 	817.000000 	817.205994 	821.086975 
9.500000 	124.781998 	817.000000 	817.148987 	821.091980 
9.600000 	124.781998 	817.000000 	817.148987 	821.091980 
9.700000 	124.781998 	817.000000 	817.148987 	821.091980 
9.800000 	124.781998 	817.000000 	817.148987 	821.091980 
9.900000 	124.781998 	817.000000 	817.148987 	821.091980 
10.000000 	124.781998 	817.000000 	817.148987 	821.091980 
10.100000 	124.781998 	817.000000 	817.148987 	821.091980 
10.200000 	124.781998 	817.000000 	817.148987 	821.091980 
10.300000 	124.781998 	817.000000 	817.148987 	821.091980 
10.400000 	124.781998 	817.000000 	817.148987 	821.091980 
10.500000 	125.005997 	817.000000 	817.106018 	821.096985 
10.600000 	125.005997 	817.000000 	817.106018 	821.096985 
10.700000 	125.005997 	817.000000 	817.106018 	821.096985 
10.800000 	125.005997 	817.000000 	817.106018 	821.096985 
10.900000 	125.005997 	817.000000 	817.106018 	821.096985 
11.000000 	125.005997 	817.000000 	817.106018 	821.096985 
11.100000 	125.005997 	817.000000 	817.106018 	821.096985 
11.200000 	125.005997 	817.000000 	817.106018 	821.096985 
11.300000 	125.005997 	817.000000 	817.106018 	821.096985 
11.400000 	125.005997 	817.000000 	817.106018 	821.096985 
11.500000 	125.178001 	817.000000 	817.072021 	821.104004 
11.600000 	125.178001 	817.000000 	817.072021 	821.104004 
11.700000 	125.178001 	817.000000 	817.072021 	821.104004 
11.800000 	125.178001 	817.000000 	817.072021 	821.104004 
11.900000 	125.178001 	817.000000 	817.072021 	821.104004 
12.000000 	125.178001 	817.000000 	817.072021 	821.104004 
12.100000 	125.178001 	817.000000 	817.072021 	821.104004 
12.200000 	125.178001 	817.000000 	817.072021 	821.104004 
12.300000 	125.178001 	817.000000 	817.072021 	821.104004 
12.400000 	125.178001 	817.000000 	817.072021 	821.104004 
12.500000 	125.314003 	817.000000 	817.044006 	821.111023 
12.600000 	125.314003 	817.000000 	817.044006 	821.111023 
12.700000 	125.314003 	817.000000 	817.044006 	821.111023 
12.800000 	125.314003 	817.000000 	817.044006 	821.111023 
12.900000 	125.314003 	817.000000 	817.044006 	821.111023 
13.000000 	125.314003 	817.000000 	817.044006 	821.111023 
13.100000 	125.314003 	817.000000 	817.044006 	821.111023 
13.200000 	125.314003 	817.000000 	817.044006 	821.111023 
13.300000 	125.314003 	817.000000 	817.044006 	821.111023 
13.400000 	125.314003 	817.000000 	817.044006 	821.111023 
13.500000 	125.421997 	817.000000 	817.020996 	821.117981 
13.600000 	125.421997 	817.000000 	817.020996 	821.117981 
13.700000 	125.421997 	817.000000 	817.020996 	821.117981 
13.800000 	125.421997 	817.000000 	817.020996 	821.117981 
13.900000 	125.421997 	817.000000 	817.020996 	821.117981 
14.000000 	125.421997 	817.000000 	817.020996 	821.117981 
14.100000 	125.421997 	817.000000 	817.020996 	821.117981 
14.200000 	125.421997 	817.000000 	817.020996 	821.117981 
14.300000 	125.421997 	817.000000 	817.020996 	821.117981 
14.400000 	125.421997 	817.000000 	817.020996 	821.117981 
14.500000 	125.511002 	817.000000 	817.002014 	821.125977 
14.600000 	125.511002 	817.000000 	817.002014 	821.125977 
14.700000 	125.511002 	817.000000 	817.002014 	821.125977 
14.800000 	125.511002 	817.000000 	817.002014 	821.125977 
14.900000 	125.511002 	817.000000 	817.002014 	821.125977 
15.000000 	125.511002 	817.000000 	817.002014 	821.125977 
15.100000 	125.511002 	817.000000 	817.002014 	821.125977 
15.200000 	125.511002 	817.000000 	817.002014 	821.125977 
15.300000 	125.511002 	817.000000 	817.002014 	821.125977 
15.400000 	125.511002 	817.000000 	817.002014 	821.125977 
15.500000 	125.584999 	817.000000 	816.984985 	821.133972 
15.600000 	125.584999 	817.000000 	816.984985 	821.133972 
15.700000 	125.584999 	817.000000 	816.984985 	821.133972 
15.800000 	125.584999 	817.000000 	816.984985 	821.133972 
15.900000 	125.584999 	817.000000 	816.984985 	821.133972 
16.000000 	125.584999 	817.000000 	816.984985 	821.133972 
16.100000 	125.584999 	817.000000 	816.984985 	821.133972 
16.200000 	125.584999 	817.000000 	816.984985 	821.133972 
16.300000 	125.584999 	817.000000 	816.984985 	821.133972 
16.400000 	125.584999 	817.000000 	816.984985 	821.133972 
16.500000 	125.647003 	817.000000 	816.969971 	821.143005 
16.600000 	125.647003 	817.000000 	816.969971 	821.143005 
16.700000 	125.647003 	817.000000 	816.969971 	821.143005 
16.800000 	125.647003 	817.000000 	816.969971 	821.143005 
16.900000 	125.647003 	817.000000 	816.969971 	821.143005 
17.000000 	125.647003 	817.000000 	816.969971 	821.143005 
17.100000 	125.647003 	817.000000 	816.969971 	821.143005 
17.200000 	125.647003 	817.000000 	816.969971 	821.143005 
17.300000 	125.647003 	817.000000 	816.969971 	821.143005 
17.400000 	125.647003 	817.000000 	816.969971 	821.143005 
17.500000 	125.699997 	817.000000 	816.955994 	821.151978 
17.600000 	125.699997 	817.000000 	816.955994 	821.151978 
17.700000 	125.699997 	817.000000 	816.955994 	821.151978 
17.800000 	125.699997 	817.000000 	816.955994 	821.151978 
17.900000 	125.699997 	817.000000 	816.955994 	821.151978 
18.000000 	125.699997 	817.000000 	816.955994 	821.151978 
18.100000 	125.699997 	817.000000 	816.955994 	821.151978 
18.200000 	125.699997 	817.000000 	816.955994 	821.151978 
18.300000 	125.699997 	817.000000 	816.955994 	821.151978 
18.400000 	125.699997 	817.000000 	816.955994 	821.151978 
18.500000 	125.745003 	817.000000 	816.942993 	821.161011 
18.600000 	125.745003 	817.000000 	816.942993 	821.161011 
18.700000 	125.745003 	817.000000 	816.942993 	821.161011 
18.800000 	125.745003 	817.000000 	816.942993 	821.161011 
18.900000 	125.745003 	817.000000 	816.942993 	821.161011 
19.000000 	125.745003 	817.000000 	816.942993 	821.161011 
19.100000 	125.745003 	817.000000 	816.942993 	821.161011 
19.200000 	125.745003 	817.000000 	816.942993 	821.161011 
19.300000 	125.745003 	817.000000 	816.942993 	821.161011 
19.400000 	125.745003 	817.000000 	816.942993 	821.161011 
19.500000 	125.783997 	817.000000 	816.931030 	821.169983 
19.600000 	125.783997 	817.000000 	816.931030 	821.169983 
19.700000 	125.783997 	817.000000 	816.931030 	821.169983 
19.800000 	125.783997 	817.000000 	816.931030 	821.169983 
19.900000 	125.783997 	817.000000 	816.931030 	821.169983 
20.000000 	125.783997 	817.000000 	816.931030 	821.169983 
20.100000 	125.783997 	817.000000 	816.931030 	821.169983 
20.200000 	125.783997 	817.000000 	816.931030 	821.169983 
20.300000 	125.783997 	817.000000 	816.931030 	821.169983 
20.400000 	125.783997 	817.000000 	816.931030 	821.169983 
20.500000 	125.819000 	817.000000 	816.919006 	821.179993 
20.600000 	125.819000 	817.000000 	816.919006 	821.179993 
20.700000 	125.819000 	817.000000 	816.919006 	821.179993 
20.800000 	125.819000 	817.000000 	816.919006 	821.179993 
20.900000 	125.819000 	817.000000 	816.919006 	821.179993 
21.000000 	125.819000 	817.000000 	816.919006 	821.179993 
21.100000 	125.819000 	817.000000 	816.919006 	821.179993 
21.200000 	125.819000 	817.000000 	816.919006 	821.179993 
21.300000 	125.819000 	817.000000 	816.919006 	821.179993 
21.400000 	125.819000 	817.000000 	816.919006 	821.179993 
21.500000 	125.849998 	817.000000 	816.908020 	821.189026 
21.600000 	125.849998 	817.000000 	816.908020 	821.189026 
21.700000 	125.849998 	817.000000 	816.908020 	821.189026 
21.800000 	125.849998 	817.000000 	816.908020 	821.189026 
21.900000 	125.849998 	817.000000 	816.908020 	821.189026 
22.000000 	125.849998 	817.000000 	816.908020 	821.189026 
22.100000 	125.849998 	817.000000 	816.908020 	821.189026 
22.200000 	125.849998 	817.000000 	816.908020 	821.189026 
22.300000 	125.849998 	817.000000 	816.908020 	821.189026 
22.400000 	125.849998 	817.000000 	816.908020 	821.189026 
22.500000 	125.876999 	817.000000 	816.895996 	821.198975 
22.600000 	125.876999 	817.000000 	816.895996 	821.198975 
22.700000 	125.876999 	817.000000 	816.895996 	821.198975 
22.800000 	125.876999 	817.000000 	816.895996 	821.198975 
22.900000 	125.876999 	817.000000 	816.895996 	821.198975 
23.000000 	125.876999 	817.000000 	816.895996 	821.198975 
23.100000 	125.876999 	817.000000 	816.895996 	821.198975 
23.200000 	125.876999 	817.000000 	816.895996 	821.198975 
23.300000 	125.876999 	817.000000 	816.895996 	821.198975 
23.400000 	125.876999 	817.000000 	816.895996 	821.198975 
23.500000 	125.902000 	817.000000 	816.885010 	821.208984 
23.600000 	125.902000 	817.000000 	816.885010 	821.208984 
23.700000 	125.902000 	817.000000 	816.885010 	821.208984 
23.800000 	125.902000 	817.000000 	816.885010 	821.208984 
23.900000 	125.902000 	817.000000 	816.885010 	821.208984 
24.000000 	125.902000 	817.000000 	816.885010 	821.208984 
24.100000 	125.902000 	817.000000 	816.885010 	821.208984 
24.200000 	125.902000 	817.000000 	816.885010 	821.208984 
24.300000 	125.902000 	817.000000 	816.885010 	821.208984 
24.400000 	125.902000 	817.000000 	816.885010 	821.208984 
24.500000 	125.924004 	817.000000 	816.874023 	821.218994 
24.600000 	125.924004 	817.000000 	816.874023 	821.218994 
24.700000 	125.924004 	817.000000 	816.874023 	821.218994 
24.800000 	125.924004 	817.000000 	816.874023 	821.218994 
24.900000 	125.924004 	817.000000 	816.874023 	821.218994 
25.000000 	125.924004 	817.000000 	816.874023 	821.218994 
25.100000 	125.924004 	817.000000 	816.874023 	821.218994 
25.200000 	125.924004 	817.000000 	816.874023 	821.218994 
25.300000 	125.924004 	817.000000 	816.874023 	821.218994 
25.400000 	125.924004 	817.000000 	816.874023 	821.218994 
25.500000 	125.944000 	817.000000 	816.862976 	821.228027 
25.600000 	125.944000 	817.000000 	816.862976 	821.228027 
25.700000 	125.944000 	817.000000 	816.862976 	821.228027 
25.800000 	125.944000 	817.000000 	816.862976 	821.228027 
25.900000 	125.944000 	817.000000 	816.862976 	821.228027 
26.000000 	125.944000 	817.000000 	816.862976 	821.228027 
26.100000 	125.944000 	817.000000 	816.862976 	821.228027 
26.200000 	125.944000 	817.000000 	816.862976 	821.228027 
26.300000 	125.944000 	817.000000 	816.862976 	821.228027 
26.400000 	125.944000 	817.000000 	816.862976 	821.228027 
26.500000 	125.962997 	817.000000 	816.851013 	821.237976 
26.600000 	125.962997 	817.000000 	816.851013 	821.237976 
26.700000 	125.962997 	817.000000 	816.851013 	821.237976 
26.800000 	125.962997 	817.000000 	816.851013 	821.237976 
26.900000 	125.962997 	817.000000 	816.851013 	821.237976 
27.000000 	125.962997 	817.000000 	816.851013 	821.237976 
27.100000 	125.962997 	817.000000 	816.851013 	821.237976 
27.200000 	125.962997 	817.000000 	816.851013 	821.237976 
27.300000 	125.962997 	817.000000 	816.851013 	821.237976 
27.400000 	125.962997 	817.000000 	816.851013 	821.237976 
27.500000 	125.981003 	817.000000 	816.838989 	821.247009 
27.600000 	125.981003 	817.000000 	816.838989 	821.247009 
27.700000 	125.981003 	817.000000 	816.838989 	821.247009 
27.800000 	125.981003 	817.000000 	816.838989 	821.247009 
27.900000 	125.981003 	817.000000 	816.838989 	821.247009 
28.000000 	125.981003 	817.000000 	816.838989 	821.247009 
28.100000 	125.981003 	817.000000 	816.838989 	821.247009 
28.200000 	125.981003 	817.000000 	816.838989 	821.247009 
28.300000 	125.981003 	817.000000 	816.838989 	821.247009 
28.400000 	125.981003 	817.000000 	816.838989 	821.247009 
28.500000 	125.997002 	817.000000 	816.827026 	821.257019 
28.600000 	125.997002 	817.000000 	816.827026 	821.257019 
28.700000 	125.997002 	817.000000 	816.827026 	821.257019 
28.800000 	125.997002 	817.000000 	816.827026 	821.257019 
28.900000 	125.997002 	817.000000 	816.827026 	821.257019 
29.000000 	125.997002 	817.000000 	816.827026 	821.257019 
29.100000 	125.997002 	817.000000 	816.827026 	821.257019 
29.200000 	125.997002 	817.000000 	816.827026 	821.257019 
29.300000 	125.997002 	817.000000 	816.827026 	821.257019 
29.400000 	125.997002 	817.000000 	816.827026 	821.257019 
29.500000 	126.012001 	817.000000 	816.815002 	821.265991 
29.600000 	126.012001 	817.000000 	816.815002 	821.265991 
29.700000 	126.012001 	817.000000 	816.815002 	821.265991 
29.800000 	126.012001 	817.000000 	816.815002 	821.265991 
29.900000 	126.012001 	817.000000 	816.815002 	821.265991 
30.000000 	126.012001 	817.000000 	816.815002 	821.265991 
30.100000 	126.012001 	817.000000 	816.815002 	821.265991 
30.200000 	126.012001 	817.000000 	816.815002 	821.265991 
30.300000 	126.012001 	817.000000 	816.815002 	821.265991 
30.400000 	126.012001 	817.000000 	816.815002 	821.265991 
30.500000 	126.026001 	817.000000 	816.802002 	821.273987 
30.600000 	126.026001 	817.000000 	816.802002 	821.273987 
30.700000 	126.026001 	817.000000 	816.802002 	821.273987 
30.800000 	126.026001 	817.000000 	816.802002 	821.273987 
30.900000 	126.026001 	817.000000 	816.802002 	821.273987 
31.000000 	126.026001 	817.000000 	816.802002 	821.273987 
31.100000 	126.026001 	817.000000 	816.802002 	821.273987 
31.200000 	126.026001 	817.000000 	816.802002 	821.273987 
31.300000 	126.026001 	817.000000 	816.802002 	821.273987 
31.400000 	126.026001 	817.000000 	816.802002 	821.273987 
31.500000 	126.040001 	817.000000 	816.788025 	821.283020 
31.600000 	126.040001 	817.000000 	816.788025 	821.283020 
31.700000 	126.040001 	817.000000 	816.788025 	821.283020 
31.800000 	126.040001 	817.000000 	816.788025 	821.283020 
31.900000 	126.040001 	817.000000 	816.788025 	821.283020 
32.000000 	126.040001 	817.000000 	816.788025 	821.283020 
32.100000 	126.040001 	817.000000 	816.788025 	821.283020 
32.200000 	126.040001 	817.000000 	816.788025 	821.283020 
32.300000 	126.040001 	817.000000 	816.788025 	821.283020 
32.400000 	126.040001 	817.000000 	816.788025 	821.283020 
32.500000 	126.052002 	817.000000 	816.775024 	821.291016 
32.600000 	126.052002 	817.000000 	816.775024 	821.291016 
32.700000 	126.052002 	817.000000 	816.775024 	821.291016 
32.800000 	126.052002 	817.000000 	816.775024 	821.291016 
32.900000 	126.052002 	817.000000 	816.775024 	821.291016 
33.000000 	126.052002 	817.000000 	816.775024 	821.291016 
33.100000 	126.052002 	817.000000 	816.775024 	821.291016 
33.200000 	126.052002 	817.000000 	816.775024 	821.291016 
33.300000 	126.052002 	817.000000 	816.775024 	821.291016 
33.400000 	126.052002 	817.000000 	816.775024 	821.291016 
33.500000 	126.065002 	817.000000 	816.760010 	821.299011 
33.600000 	126.065002 	817.000000 	816.760010 	821.299011 
33.700000 	126.065002 	817.000000 	816.760010 	821.299011 
33.800000 	126.065002 	817.000000 	816.760010 	821.299011 
33.900000 	126.065002 	817.000000 	816.760010 	821.299011 
34.000000 	126.065002 	817.000000 	816.760010 	821.299011 
34.100000 	126.065002 	817.000000 	816.760010 	821.299011 
34.200000 	126.065002 	817.000000 	816.760010 	821.299011 
34.300000 	126.065002 	817.000000 	816.760010 	821.299011 
34.400000 	126.065002 	817.000000 	816.760010 	821.299011 
34.500000 	126.075996 	817.000000 	816.744995 	821.306030 
34.600000 	126.075996 	817.000000 	816.744995 	821.306030 
34.700000 	126.075996 	817.000000 	816.744995 	821.306030 
34.800000 	126.075996 	817.000000 	816.744995 	821.306030 
34.900000 	126.075996 	817.000000 	816.744995 	821.306030 
35.000000 	126.075996 	817.000000 	816.744995 	821.306030 
35.100000 	126.075996 	817.000000 	816.744995 	821.306030 
35.200000 	126.075996 	817.000000 	816.744995 	821.306030 
35.300000 	126.075996 	817.000000 	816.744995 	821.306030 
35.400000 	126.075996 	817.000000 	816.744995 	821.306030 
35.500000 	126.087997 	817.000000 	816.729004 	821.312012 
35.600000 	126.087997 	817.000000 	816.729004 	821.312012 
35.700000 	126.087997 	817.000000 	816.729004 	821.312012 
35.800000 	126.087997 	817.000000 	816.729004 	821.312012 
35.900000 	126.087997 	817.000000 	816.729004 	821.312012 
36.000000 	126.087997 	817.000000 	816.729004 	821.312012 
36.100000 	126.087997 	817.000000 	816.729004 	821.312012 
36.200000 	126.087997 	817.000000 	816.729004 	821.312012 
36.300000 	126.087997 	817.000000 	816.729004 	821.312012 
36.400000 	126.087997 	817.000000 	816.729004 	821.312012 
36.500000 	126.098999 	817.000000 	816.713013 	821.318970 
36.600000 	126.098999 	817.000000 	816.713013 	821.318970 
36.700000 	126.098999 	817.000000 	816.713013 	821.318970 
36.800000 	126.098999 	817.000000 	816.713013 	821.318970 
36.900000 	126.098999 	817.000000 	816.713013 	821.318970 
37.000000 	126.098999 	817.000000 	816.713013 	821.318970 
37.100000 	126.098999 	817.000000 	816.713013 	821.318970 
37.200000 	126.098999 	817.000000 	816.713013 	821.318970 
37.300000 	126.098999 	817.000000 	816.713013 	821.318970 
37.400000 	126.098999 	817.000000 	816.713013 	821.318970 
37.500000 	126.109001 	817.000000 	816.695007 	821.323975 
37.600000 	126.109001 	817.000000 	816.695007 	821.323975 
37.700000 	126.109001 	817.000000 	816.695007 	821.323975 
37.800000 	126.109001 	817.000000 	816.695007 	821.323975 
37.900000 	126.109001 	817.000000 	816.695007 	821.323975 
38.000000 	126.109001 	817.000000 	816.695007 	821.323975 
38.100000 	126.109001 	817.000000 	816.695007 	821.323975 
38.200000 	126.109001 	817.000000 	816.695007 	821.323975 
38.300000 	126.109001 	817.000000 	816.695007 	821.323975 
38.400000 	126.109001 	817.000000 	816.695007 	821.323975 
38.500000 	126.119003 	817.000000 	816.677979 	821.328979 
38.600000 	126.119003 	817.000000 	816.677979 	821.328979 
38.700000 	126.119003 	817.000000 	816.677979 	821.328979 
38.800000 	126.119003 	817.000000 	816.677979 	821.328979 
38.900000 	126.119003 	817.000000 	816.677979 	821.328979 
39.000000 	126.119003 	817.000000 	816.677979 	821.328979 
39.100000 	126.119003 	817.000000 	816.677979 	821.328979 
39.200000 	126.119003 	817.000000 	816.677979 	821.328979 
39.300000 	126.119003 	817.000000 	816.677979 	821.328979 
39.400000 	126.119003 	817.000000 	816.677979 	821.328979 
39.500000 	126.128998 	817.000000 	816.658997 	821.333008 
39.600000 	126.128998 	817.000000 	816.658997 	821.333008 
39.700000 	126.128998 	817.000000 	816.658997 	821.333008 
39.800000 	126.128998 	817.000000 	816.658997 	821.333008 
39.900000 	126.128998 	817.000000 	816.658997 	821.333008 
40.000000 	126.128998 	817.000000 	816.658997 	821.333008 
40.100000 	126.128998 	817.000000 	816.658997 	821.333008 
40.200000 	126.128998 	817.000000 	816.658997 	821.333008 
40.300000 	126.128998 	817.000000 	816.658997 	821.333008 
40.400000 	126.128998 	817.000000 	816.658997 	821.333008 
40.500000 	126.139000 	817.000000 	816.638977 	821.336975 
40.600000 	126.139000 	817.000000 	816.638977 	821.336975 
40.700000 	126.139000 	817.000000 	816.638977 	821.336975 
40.800000 	126.139000 	817.000000 	816.638977 	821.336975 
40.900000 	126.139000 	817.000000 	816.638977 	821.336975 
41.000000 	126.139000 	817.000000 	816.638977 	821.336975 
41.100000 	126.139000 	817.000000 	816.638977 	821.336975 
41.200000 	126.139000 	817.000000 	816.638977 	821.336975 
41.300000 	126.139000 	817.000000 	816.638977 	821.336975 
41.400000 	126.139000 	817.000000 	816.638977 	821.336975 
41.500000 	126.149002 	817.000000 	816.619019 	821.338989 
41.600000 	126.149002 	817.000000 	816.619019 	821.338989 
41.700000 	126.149002 	817.000000 	816.619019 	821.338989 
41.800000 	126.149002 	817.000000 	816.619019 	821.338989 
41.900000 	126.149002 	817.000000 	816.619019 	821.338989 
42.000000 	126.149002 	817.000000 	816.619019 	821.338989 
42.100000 	126.149002 	817.000000 	816.619019 	821.338989 
42.200000 	126.149002 	817.000000 	816.619019 	821.338989 
42.300000 	126.149002 	817.000000 	816.619019 	821.338989 
42.400000 	126.149002 	817.000000 	816.619019 	821.338989 
42.500000 	126.157997 	817.000000 	816.596985 	821.341003 
42.600000 	126.157997 	817.000000 	816.596985 	821.341003 
42.700000 	126.157997 	817.000000 	816.596985 	821.341003 
42.800000 	126.157997 	817.000000 	816.596985 	821.341003 
42.900000 	126.157997 	817.000000 	816.596985 	821.341003 
43.000000 	126.157997 	817.000000 	816.596985 	821.341003 
43.100000 	126.157997 	817.000000 	816.596985 	821.341003 
43.200000 	126.157997 	817.000000 	816.596985 	821.341003 
43.300000 	126.157997 	817.000000 	816.596985 	821.341003 
43.400000 	126.157997 	817.000000 	816.596985 	821.341003 
43.500000 	126.167999 	817.000000 	816.575012 	821.341980 
43.600000 	126.167999 	817.000000 	816.575012 	821.341980 
43.700000 	126.167999 	817.000000 	816.575012 	821.341980 
43.800000 	126.167999 	817.000000 	816.575012 	821.341980 
43.900000 	126.167999 	817.000000 	816.575012 	821.341980 
44.000000 	126.167999 	817.000000 	816.575012 	821.341980 
44.100000 	126.167999 	817.000000 	816.575012 	821.341980 
44.200000 	126.167999 	817.000000 	816.575012 	821.341980 
44.300000 	126.167999 	817.000000 	816.575012 	821.341980 
44.400000 	126.167999 	817.000000 	816.575012 	821.341980 
44.500000 	126.177002 	817.000000 	816.551025 	821.341980 
44.600000 	126.177002 	817.000000 	816.551025 	821.341980 
44.700000 	126.177002 	817.000000 	816.551025 	821.341980 
44.800000 	126.177002 	817.000000 	816.551025 	821.341980 
44.900000 	126.177002 	817.000000 	816.551025 	821.341980 
45.000000 	126.177002 	817.000000 	816.551025 	821.341980 
45.100000 	126.177002 	817.000000 	816.551025 	821.341980 
45.200000 	126.177002 	817.000000 	816.551025 	821.341980 
45.300000 	126.177002 	817.000000 	816.551025 	821.341980 
45.400000 	126.177002 	817.000000 	816.551025 	821.341980 
45.500000 	126.185997 	817.000000 	816.526978 	821.341980 
45.600000 	126.185997 	817.000000 	816.526978 	821.341980 
45.700000 	126.185997 	817.000000 	816.526978 	821.341980 
45.800000 	126.185997 	817.000000 	816.526978 	821.341980 
45.900000 	126.185997 	817.000000 	816.526978 	821.341980 
46.000000 	126.185997 	817.000000 	816.526978 	821.341980 
46.100000 	126.185997 	817.000000 	816.526978 	821.341980 
46.200000 	126.185997 	817.000000 	816.526978 	821.341980 
46.300000 	126.185997 	817.000000 	816.526978 	821.341980 
46.400000 	126.185997 	817.000000 	816.526978 	821.341980 
46.500000 	126.195000 	817.000000 	816.500977 	821.340027 
46.600000 	126.195000 	817.000000 	816.500977 	821.340027 
46.700000 	126.195000 	817.000000 	816.500977 	821.340027 
46.800000 	126.195000 	817.000000 	816.500977 	821.340027 
46.900000 	126.195000 	817.000000 	816.500977 	821.340027 
47.000000 	126.195000 	817.000000 	816.500977 	821.340027 
47.100000 	126.195000 	817.000000 	816.500977 	821.340027 
47.200000 	126.195000 	817.000000 	816.500977 	821.340027 
47.300000 	126.195000 	817.000000 	816.500977 	821.340027 
47.400000 	126.195000 	817.000000 	816.500977 	821.340027 
47.500000 	126.204002 	817.000000 	816.473999 	821.336975 
47.600000 	126.204002 	817.000000 	816.473999 	821.336975 
47.700000 	126.204002 	817.000000 	816.473999 	821.336975 
47.800000 	126.204002 	817.000000 	816.473999 	821.336975 
47.900000 	126.204002 	817.000000 	816.473999 	821.336975 
48.000000 	126.204002 	817.000000 	816.473999 	821.336975 
48.100000 	126.204002 	817.000000 	816.473999 	821.336975 
48.200000 	126.204002 	817.000000 	816.473999 	821.336975 
48.300000 	126.204002 	817.000000 	816.473999 	821.336975 
48.400000 	126.204002 	817.000000 	816.473999 	821.336975 
48.500000 	126.212997 	817.000000 	816.445984 	821.333008 
48.600000 	126.212997 	817.000000 	816.445984 	821.333008 
48.700000 	126.212997 	817.000000 	816.445984 	821.333008 
48.800000 	126.212997 	817.000000 	816.445984 	821.333008 
48.900000 	126.212997 	817.000000 	816.445984 	821.333008 
49.000000 	126.212997 	817.000000 	816.445984 	821.333008 
49.100000 	126.212997 	817.000000 	816.445984 	821.333008 
49.200000 	126.212997 	817.000000 	816.445984 	821.333008 
49.300000 	126.212997 	817.000000 	816.445984 	821.333008 
49.400000 	126.212997 	817.000000 	816.445984 	821.333008 
49.500000 	126.222000 	817.000000 	816.416992 	821.327026 
49.600000 	126.222000 	817.000000 	816.416992 	821.327026 
49.700000 	126.222000 	817.000000 	816.416992 	821.327026 
49.800000 	126.222000 	817.000000 	816.416992 	821.327026 
49.900000 	126.222000 	817.000000 	816.416992 	821.327026 
50.000000 	126.222000 	817.000000 	816.416992 	821.327026 
50.100000 	126.222000 	817.000000 	816.416992 	821.327026 
50.200000 	126.222000 	817.000000 	816.416992 	821.327026 
50.300000 	126.222000 	817.000000 	816.416992 	821.327026 
50.400000 	126.222000 	817.000000 	816.416992 	821.327026 
50.500000 	126.231003 	817.000000 	816.387024 	821.320984 
50.600000 	126.231003 	817.000000 	816.387024 	821.320984 
50.700000 	126.231003 	817.000000 	816.387024 	821.320984 
50.800000 	126.231003 	817.000000 	816.387024 	821.320984 
50.900000 	126.231003 	817.000000 	816.387024 	821.320984 
51.000000 	126.231003 	817.000000 	816.387024 	821.320984 
51.100000 	126.231003 	817.000000 	816.387024 	821.320984 
51.200000 	126.231003 	817.000000 	816.387024 	821.320984 
51.300000 	126.231003 	817.000000 	816.387024 	821.320984 
51.400000 	126.231003 	817.000000 	816.387024 	821.320984 
51.500000 	126.239998 	817.000000 	816.354980 	821.312988 
51.600000 	126.239998 	817.000000 	816.354980 	821.312988 
51.700000 	126.239998 	817.000000 	816.354980 	821.312988 
51.800000 	126.239998 	817.000000 	816.354980 	821.312988 
51.900000 	126.239998 	817.000000 	816.354980 	821.312988 
52.000000 	126.239998 	817.000000 	816.354980 	821.312988 
52.100000 	126.239998 	817.000000 	816.354980 	821.312988 
52.200000 	126.239998 	817.000000 	816.354980 	821.312988 
52.300000 	126.239998 	817.000000 	816.354980 	821.312988 
52.400000 	126.239998 	817.000000 	816.354980 	821.312988 
52.500000 	126.249001 	817.000000 	816.320984 	821.304016 
52.600000 	126.249001 	817.000000 	816.320984 	821.304016 
52.700000 	126.249001 	817.000000 	816.320984 	821.304016 
52.800000 	126.249001 	817.000000 	816.320984 	821.304016 
52.900000 	126.249001 	817.000000 	816.320984 	821.304016 
53.000000 	126.249001 	817.000000 	816.320984 	821.304016 
53.100000 	126.249001 	817.000000 	816.320984 	821.304016 
53.200000 	126.249001 	817.000000 	816.320984 	821.304016 
53.300000 	126.249001 	817.000000 	816.320984 	821.304016 
53.400000 	126.249001 	817.000000 	816.320984 	821.304016 
53.500000 	126.258003 	817.000000 	816.286987 	821.294006 
53.600000 	126.258003 	817.000000 	816.286987 	821.294006 
53.700000 	126.258003 	817.000000 	816.286987 	821.294006 
53.800000 	126.258003 	817.000000 	816.286987 	821.294006 
53.900000 	126.258003 	817.000000 	816.286987 	821.294006 
54.000000 	126.258003 	817.000000 	816.286987 	821.294006 
54.100000 	126.258003 	817.000000 	816.286987 	821.294006 
54.200000 	126.258003 	817.000000 	816.286987 	821.294006 
54.300000 	126.258003 	817.000000 	816.286987 	821.294006 
54.400000 	126.258003 	817.000000 	816.286987 	821.294006 
54.500000 	126.266998 	817.000000 	816.250000 	821.281982 
54.600000 	126.266998 	817.000000 	816.250000 	821.281982 
54.700000 	126.266998 	817.000000 	816.250000 	821.281982 
54.800000 	126.266998 	817.000000 	816.250000 	821.281982 
54.900000 	126.266998 	817.000000 	816.250000 	821.281982 
55.000000 	126.266998 	817.000000 	816.250000 	821.281982 
55.100000 	126.266998 	817.000000 	816.250000 	821.281982 
55.200000 	126.266998 	817.000000 	816.250000 	821.281982 
55.300000 	126.266998 	817.000000 	816.250000 	821.281982 
55.400000 	126.266998 	817.000000 	816.250000 	821.281982 
55.500000 	126.276001 	817.000000 	816.211975 	821.268982 
55.600000 	126.276001 	817.000000 	816.211975 	821.268982 
55.700000 	126.276001 	817.000000 	816.211975 	821.268982 
55.800000 	126.276001 	817.000000 	816.211975 	821.268982 
55.900000 	126.276001 	817.000000 	816.211975 	821.268982 
56.000000 	126.276001 	817.000000 	816.211975 	821.268982 
56.100000 	126.276001 	817.000000 	816.211975 	821.268982 
56.200000 	126.276001 	817.000000 	816.211975 	821.268982 
56.300000 	126.276001 	817.000000 	816.211975 	821.268982 
56.400000 	126.276001 	817.000000 	816.211975 	821.268982 
56.500000 	126.285004 	817.000000 	816.172974 	821.254028 
56.600000 	126.285004 	817.000000 	816.172974 	821.254028 
56.700000 	126.285004 	817.000000 	816.172974 	821.254028 
56.800000 	126.285004 	817.000000 	816.172974 	821.254028 
56.900000 	126.285004 	817.000000 	816.172974 	821.254028 
57.000000 	126.285004 	817.000000 	816.172974 	821.254028 
57.100000 	126.285004 	817.000000 	816.172974 	821.254028 
57.200000 	126.285004 	817.000000 	816.172974 	821.254028 
57.300000 	126.285004 	817.000000 	816.172974 	821.254028 
57.400000 	126.285004 	817.000000 	816.172974 	821.254028 
57.500000 	126.293999 	817.000000 	816.130981 	821.237976 
57.600000 	126.293999 	817.000000 	816.130981 	821.237976 
57.700000 	126.293999 	817.000000 	816.130981 	821.237976 
57.800000 	126.293999 	817.000000 	816.130981 	821.237976 
57.900000 	126.293999 	817.000000 	816.130981 	821.237976 
58.000000 	126.293999 	817.000000 	816.130981 	821.237976 
58.100000 	126.293999 	817.000000 	816.130981 	821.237976 
58.200000 	126.293999 	817.000000 	816.130981 	821.237976 
58.300000 	126.293999 	817.000000 	816.130981 	821.237976 
58.400000 	126.293999 	817.000000 	816.130981 	821.237976 
58.500000 	126.303001 	817.000000 	816.088013 	821.219971 
58.600000 	126.303001 	817.000000 	816.088013 	821.219971 
58.700000 	126.303001 	817.000000 	816.088013 	821.219971 
58.800000 	126.303001 	817.000000 	816.088013 	821.219971 
58.900000 	126.303001 	817.000000 	816.088013 	821.219971 
59.000000 	126.303001 	817.000000 	816.088013 	821.219971 
59.100000 	126.303001 	817.000000 	816.088013 	821.219971 
59.200000 	126.303001 	817.000000 	816.088013 	821.219971 
59.300000 	126.303001 	817.000000 	816.088013 	821.219971 
59.400000 	126.303001 	817.000000 	816.088013 	821.219971 
59.500000 	126.311996 	817.000000 	816.043030 	821.200012 
59.600000 	126.311996 	817.000000 	816.043030 	821.200012 
59.700000 	126.311996 	817.000000 	816.043030 	821.200012 
59.800000 	126.311996 	817.000000 	816.043030 	821.200012 
59.900000 	126.311996 	817.000000 	816.043030 	821.200012 
60.000000 	126.311996 	817.000000 	816.043030 	821.200012 
