0.500000 	90.506897 	308.000000 	337.674011 	316.636993 
0.600000 	90.506897 	308.000000 	337.674011 	316.636993 
0.700000 	90.506897 	308.000000 	337.674011 	316.636993 
0.800000 	90.506897 	308.000000 	337.674011 	316.636993 
0.900000 	90.506897 	308.000000 	337.674011 	316.636993 
1.000000 	90.506897 	308.000000 	337.674011 	316.636993 
1.100000 	90.506897 	308.000000 	337.674011 	316.636993 
1.200000 	90.506897 	308.000000 	337.674011 	316.636993 
1.300000 	90.506897 	308.000000 	337.674011 	316.636993 
1.400000 	90.506897 	308.000000 	337.674011 	316.636993 
1.500000 	101.151001 	308.000000 	321.595001 	318.026001 
1.600000 	101.151001 	308.000000 	321.595001 	318.026001 
1.700000 	101.151001 	308.000000 	321.595001 	318.026001 
1.800000 	101.151001 	308.000000 	321.595001 	318.026001 
1.900000 	101.151001 	308.000000 	321.595001 	318.026001 
2.000000 	101.151001 	308.000000 	321.595001 	318.026001 
2.100000 	101.151001 	308.000000 	321.595001 	318.026001 
2.200000 	101.151001 	308.000000 	321.595001 	318.026001 
2.300000 	101.151001 	308.000000 	321.595001 	318.026001 
2.400000 	101.151001 	308.000000 	321.595001 	318.026001 
2.500000 	111.939003 	308.000000 	315.533997 	318.308014 
2.600000 	111.939003 	308.000000 	315.533997 	318.308014 
2.700000 	111.939003 	308.000000 	315.533997 	318.308014 
2.800000 	111.939003 	308.000000 	315.533997 	318.308014 
2.900000 	111.939003 	308.000000 	315.533997 	318.308014 
3.000000 	111.939003 	308.000000 	315.533997 	318.308014 
3.100000 	111.939003 	308.000000 	315.533997 	318.308014 
3.200000 	111.939003 	308.000000 	315.533997 	318.308014 
3.300000 	111.939003 	308.000000 	315.533997 	318.308014 
3.400000 	111.939003 	308.000000 	315.533997 	318.308014 
3.500000 	117.320000 	308.000000 	312.709015 	318.428986 
3.600000 	117.320000 	308.000000 	312.709015 	318.428986 
3.700000 	117.320000 	308.000000 	312.709015 	318.428986 
3.800000 	117.320000 	308.000000 	312.709015 	318.428986 
3.900000 	117.320000 	308.000000 	312.709015 	318.428986 
4.000000 	117.320000 	308.000000 	312.709015 	318.428986 
4.100000 	117.320000 	308.000000 	312.709015 	318.428986 
4.200000 	117.320000 	308.000000 	312.709015 	318.428986 
4.300000 	117.320000 	308.000000 	312.709015 	318.428986 
4.400000 	117.320000 	308.000000 	312.709015 	318.428986 
4.500000 	120.184998 	308.000000 	311.223999 	318.497009 
4.600000 	120.184998 	308.000000 	311.223999 	318.497009 
4.700000 	120.184998 	308.000000 	311.223999 	318.497009 
4.800000 	120.184998 	308.000000 	311.223999 	318.497009 
4.900000 	120.184998 	308.000000 	311.223999 	318.497009 
5.000000 	120.184998 	308.000000 	311.223999 	318.497009 
5.100000 	120.184998 	308.000000 	311.223999 	318.497009 
5.200000 	120.184998 	308.000000 	311.223999 	318.497009 
5.300000 	120.184998 	308.000000 	311.223999 	318.497009 
5.400000 	120.184998 	308.000000 	311.223999 	318.497009 
5.500000 	121.858002 	308.000000 	310.362000 	318.546997 
5.600000 	121.858002 	308.000000 	310.362000 	318.546997 
5.700000 	121.858002 	308.000000 	310.362000 	318.546997 
5.800000 	121.858002 	308.000000 	310.362000 	318.546997 
5.900000 	121.858002 	308.000000 	310.362000 	318.546997 
6.000000 	121.858002 	308.000000 	310.362000 	318.546997 
6.100000 	121.858002 	308.000000 	310.362000 	318.546997 
6.200000 	121.858002 	308.000000 	310.362000 	318.546997 
6.300000 	121.858002 	308.000000 	310.362000 	318.546997 
6.400000 	121.858002 	308.000000 	310.362000 	318.546997 
6.500000 	122.911003 	308.000000 	309.821991 	318.588989 
6.600000 	122.911003 	308.000000 	309.821991 	318.588989 
6.700000 	122.911003 	308.000000 	309.821991 	318.588989 
6.800000 	122.911003 	308.000000 	309.821991 	318.588989 
6.900000 	122.911003 	308.000000 	309.821991 	318.588989 
7.000000 	122.911003 	308.000000 	309.821991 	318.588989 
7.100000 	122.911003 	308.000000 	309.821991 	318.588989 
7.200000 	122.911003 	308.000000 	309.821991 	318.588989 
7.300000 	122.911003 	308.000000 	309.821991 	318.588989 
7.400000 	122.911003 	308.000000 	309.821991 	318.588989 
7.500000 	123.614998 	308.000000 	309.463013 	318.628998 
7.600000 	123.614998 	308.000000 	309.463013 	318.628998 
7.700000 	123.614998 	308.000000 	309.463013 	318.628998 
7.800000 	123.614998 	308.000000 	309.463013 	318.628998 
7.900000 	123.614998 	308.000000 	309.463013 	318.628998 
8.000000 	123.614998 	308.000000 	309.463013 	318.628998 
8.100000 	123.614998 	308.000000 	309.463013 	318.628998 
8.200000 	123.614998 	308.000000 	309.463013 	318.628998 
8.300000 	123.614998 	308.000000 	309.463013 	318.628998 
8.400000 	123.614998 	308.000000 	309.463013 	318.628998 
8.500000 	124.107002 	308.000000 	309.213013 	318.669006 
8.600000 	124.107002 	308.000000 	309.213013 	318.669006 
8.700000 	124.107002 	308.000000 	309.213013 	318.669006 
8.800000 	124.107002 	308.000000 	309.213013 	318.669006 
8.900000 	124.107002 	308.000000 	309.213013 	318.669006 
9.000000 	124.107002 	308.000000 	309.213013 	318.669006 
9.100000 	124.107002 	308.000000 	309.213013 	318.669006 
9.200000 	124.107002 	308.000000 	309.213013 	318.669006 
9.300000 	124.107002 	308.000000 	309.213013 	318.669006 
9.400000 	124.107002 	308.000000 	309.213013 	318.669006 
9.500000 	124.466003 	308.000000 	309.032990 	318.709991 
9.600000 	124.466003 	308.000000 	309.032990 	318.709991 
9.700000 	124.466003 	308.000000 	309.032990 	318.709991 
9.800000 	124.466003 	308.000000 	309.032990 	318.709991 
9.900000 	124.466003 	308.000000 	309.032990 	318.709991 
10.000000 	124.466003 	308.000000 	309.032990 	318.709991 
10.100000 	124.466003 	308.000000 	309.032990 	318.709991 
10.200000 	124.466003 	308.000000 	309.032990 	318.709991 
10.300000 	124.466003 	308.000000 	309.032990 	318.709991 
10.400000 	124.466003 	308.000000 	309.032990 	318.709991 
10.500000 	124.736000 	308.000000 	308.898010 	318.752991 
10.600000 	124.736000 	308.000000 	308.898010 	318.752991 
10.700000 	124.736000 	308.000000 	308.898010 	318.752991 
10.800000 	124.736000 	308.000000 	308.898010 	318.752991 
10.900000 	124.736000 	308.000000 	308.898010 	318.752991 
11.000000 	124.736000 	308.000000 	308.898010 	318.752991 
11.100000 	124.736000 	308.000000 	308.898010 	318.752991 
11.200000 	124.736000 	308.000000 	308.898010 	318.752991 
11.300000 	124.736000 	308.000000 	308.898010 	318.752991 
11.400000 	124.736000 	308.000000 	308.898010 	318.752991 
11.500000 	124.944000 	308.000000 	308.795013 	318.796997 
11.600000 	124.944000 	308.000000 	308.795013 	318.796997 
11.700000 	124.944000 	308.000000 	308.795013 	318.796997 
11.800000 	124.944000 	308.000000 	308.795013 	318.796997 
11.900000 	124.944000 	308.000000 	308.795013 	318.796997 
12.000000 	124.944000 	308.000000 	308.795013 	318.796997 
12.100000 	124.944000 	308.000000 	308.795013 	318.796997 
12.200000 	124.944000 	308.000000 	308.795013 	318.796997 
12.300000 	124.944000 	308.000000 	308.795013 	318.796997 
12.400000 	124.944000 	308.000000 	308.795013 	318.796997 
12.500000 	125.108002 	308.000000 	308.713989 	318.843994 
12.600000 	125.108002 	308.000000 	308.713989 	318.843994 
12.700000 	125.108002 	308.000000 	308.713989 	318.843994 
12.800000 	125.108002 	308.000000 	308.713989 	318.843994 
12.900000 	125.108002 	308.000000 	308.713989 	318.843994 
13.000000 	125.108002 	308.000000 	308.713989 	318.843994 
13.100000 	125.108002 	308.000000 	308.713989 	318.843994 
13.200000 	125.108002 	308.000000 	308.713989 	318.843994 
13.300000 	125.108002 	308.000000 	308.713989 	318.843994 
13.400000 	125.108002 	308.000000 	308.713989 	318.843994 
13.500000 	125.239998 	308.000000 	308.649994 	318.894012 
13.600000 	125.239998 	308.000000 	308.649994 	318.894012 
13.700000 	125.239998 	308.000000 	308.649994 	318.894012 
13.800000 	125.239998 	308.000000 	308.649994 	318.894012 
13.900000 	125.239998 	308.000000 	308.649994 	318.894012 
14.000000 	125.239998 	308.000000 	308.649994 	318.894012 
14.100000 	125.239998 	308.000000 	308.649994 	318.894012 
14.200000 	125.239998 	308.000000 	308.649994 	318.894012 
14.300000 	125.239998 	308.000000 	308.649994 	318.894012 
14.400000 	125.239998 	308.000000 	308.649994 	318.894012 
14.500000 	125.348000 	308.000000 	308.597992 	318.945007 
14.600000 	125.348000 	308.000000 	308.597992 	318.945007 
14.700000 	125.348000 	308.000000 	308.597992 	318.945007 
14.800000 	125.348000 	308.000000 	308.597992 	318.945007 
14.900000 	125.348000 	308.000000 	308.597992 	318.945007 
15.000000 	125.348000 	308.000000 	308.597992 	318.945007 
15.100000 	125.348000 	308.000000 	308.597992 	318.945007 
15.200000 	125.348000 	308.000000 	308.597992 	318.945007 
15.300000 	125.348000 	308.000000 	308.597992 	318.945007 
15.400000 	125.348000 	308.000000 	308.597992 	318.945007 
15.500000 	125.438004 	308.000000 	308.556000 	319.000000 
15.600000 	125.438004 	308.000000 	308.556000 	319.000000 
15.700000 	125.438004 	308.000000 	308.556000 	319.000000 
15.800000 	125.438004 	308.000000 	308.556000 	319.000000 
15.900000 	125.438004 	308.000000 	308.556000 	319.000000 
16.000000 	125.438004 	308.000000 	308.556000 	319.000000 
16.100000 	125.438004 	308.000000 	308.556000 	319.000000 
16.200000 	125.438004 	308.000000 	308.556000 	319.000000 
16.300000 	125.438004 	308.000000 	308.556000 	319.000000 
16.400000 	125.438004 	308.000000 	308.556000 	319.000000 
16.500000 	125.514000 	308.000000 	308.519989 	319.057007 
16.600000 	125.514000 	308.000000 	308.519989 	319.057007 
16.700000 	125.514000 	308.000000 	308.519989 	319.057007 
16.800000 	125.514000 	308.000000 	308.519989 	319.057007 
16.900000 	125.514000 	308.000000 	308.519989 	319.057007 
17.000000 	125.514000 	308.000000 	308.519989 	319.057007 
17.100000 	125.514000 	308.000000 	308.519989 	319.057007 
17.200000 	125.514000 	308.000000 	308.519989 	319.057007 
17.300000 	125.514000 	308.000000 	308.519989 	319.057007 
17.400000 	125.514000 	308.000000 	308.519989 	319.057007 
17.500000 	125.579002 	308.000000 	308.489990 	319.115997 
17.600000 	125.579002 	308.000000 	308.489990 	319.115997 
17.700000 	125.579002 	308.000000 	308.489990 	319.115997 
17.800000 	125.579002 	308.000000 	308.489990 	319.115997 
17.900000 	125.579002 	308.000000 	308.489990 	319.115997 
18.000000 	125.579002 	308.000000 	308.489990 	319.115997 
18.100000 	125.579002 	308.000000 	308.489990 	319.115997 
18.200000 	125.579002 	308.000000 	308.489990 	319.115997 
18.300000 	125.579002 	308.000000 	308.489990 	319.115997 
18.400000 	125.579002 	308.000000 	308.489990 	319.115997 
18.500000 	125.635002 	308.000000 	308.463989 	319.178009 
18.600000 	125.635002 	308.000000 	308.463989 	319.178009 
18.700000 	125.635002 	308.000000 	308.463989 	319.178009 
18.800000 	125.635002 	308.000000 	308.463989 	319.178009 
18.900000 	125.635002 	308.000000 	308.463989 	319.178009 
19.000000 	125.635002 	308.000000 	308.463989 	319.178009 
19.100000 	125.635002 	308.000000 	308.463989 	319.178009 
19.200000 	125.635002 	308.000000 	308.463989 	319.178009 
19.300000 	125.635002 	308.000000 	308.463989 	319.178009 
19.400000 	125.635002 	308.000000 	308.463989 	319.178009 
19.500000 	125.683998 	308.000000 	308.441986 	319.242004 
19.600000 	125.683998 	308.000000 	308.441986 	319.242004 
19.700000 	125.683998 	308.000000 	308.441986 	319.242004 
19.800000 	125.683998 	308.000000 	308.441986 	319.242004 
19.900000 	125.683998 	308.000000 	308.441986 	319.242004 
20.000000 	125.683998 	308.000000 	308.441986 	319.242004 
20.100000 	125.683998 	308.000000 	308.441986 	319.242004 
20.200000 	125.683998 	308.000000 	308.441986 	319.242004 
20.300000 	125.683998 	308.000000 	308.441986 	319.242004 
20.400000 	125.683998 	308.000000 	308.441986 	319.242004 
20.500000 	125.726997 	308.000000 	308.423004 	319.308990 
20.600000 	125.726997 	308.000000 	308.423004 	319.308990 
20.700000 	125.726997 	308.000000 	308.423004 	319.308990 
20.800000 	125.726997 	308.000000 	308.423004 	319.308990 
20.900000 	125.726997 	308.000000 	308.423004 	319.308990 
21.000000 	125.726997 	308.000000 	308.423004 	319.308990 
21.100000 	125.726997 	308.000000 	308.423004 	319.308990 
21.200000 	125.726997 	308.000000 	308.423004 	319.308990 
21.300000 	125.726997 	308.000000 	308.423004 	319.308990 
21.400000 	125.726997 	308.000000 	308.423004 	319.308990 
21.500000 	125.764999 	308.000000 	308.407013 	319.377991 
21.600000 	125.764999 	308.000000 	308.407013 	319.377991 
21.700000 	125.764999 	308.000000 	308.407013 	319.377991 
21.800000 	125.764999 	308.000000 	308.407013 	319.377991 
21.900000 	125.764999 	308.000000 	308.407013 	319.377991 
22.000000 	125.764999 	308.000000 	308.407013 	319.377991 
22.100000 	125.764999 	308.000000 	308.407013 	319.377991 
22.200000 	125.764999 	308.000000 	308.407013 	319.377991 
22.300000 	125.764999 	308.000000 	308.407013 	319.377991 
22.400000 	125.764999 	308.000000 	308.407013 	319.377991 
22.500000 	125.800003 	308.000000 	308.391998 	319.449005 
22.600000 	125.800003 	308.000000 	308.391998 	319.449005 
22.700000 	125.800003 	308.000000 	308.391998 	319.449005 
22.800000 	125.800003 	308.000000 	308.391998 	319.449005 
22.900000 	125.800003 	308.000000 	308.391998 	319.449005 
23.000000 	125.800003 	308.000000 	308.391998 	319.449005 
23.100000 	125.800003 	308.000000 	308.391998 	319.449005 
23.200000 	125.800003 	308.000000 	308.391998 	319.449005 
23.300000 	125.800003 	308.000000 	308.391998 	319.449005 
23.400000 	125.800003 	308.000000 	308.391998 	319.449005 
23.500000 	125.831001 	308.000000 	308.377991 	319.523010 
23.600000 	125.831001 	308.000000 	308.377991 	319.523010 
23.700000 	125.831001 	308.000000 	308.377991 	319.523010 
23.800000 	125.831001 	308.000000 	308.377991 	319.523010 
23.900000 	125.831001 	308.000000 	308.377991 	319.523010 
24.000000 	125.831001 	308.000000 	308.377991 	319.523010 
24.100000 	125.831001 	308.000000 	308.377991 	319.523010 
24.200000 	125.831001 	308.000000 	308.377991 	319.523010 
24.300000 	125.831001 	308.000000 	308.377991 	319.523010 
24.400000 	125.831001 	308.000000 	308.377991 	319.523010 
24.500000 	125.860001 	308.000000 	308.365997 	319.598999 
24.600000 	125.860001 	308.000000 	308.365997 	319.598999 
24.700000 	125.860001 	308.000000 	308.365997 	319.598999 
24.800000 	125.860001 	308.000000 	308.365997 	319.598999 
24.900000 	125.860001 	308.000000 	308.365997 	319.598999 
25.000000 	125.860001 	308.000000 	308.365997 	319.598999 
25.100000 	125.860001 	308.000000 	308.365997 	319.598999 
25.200000 	125.860001 	308.000000 	308.365997 	319.598999 
25.300000 	125.860001 	308.000000 	308.365997 	319.598999 
25.400000 	125.860001 	308.000000 	308.365997 	319.598999 
25.500000 	125.886002 	308.000000 	308.355011 	319.677002 
25.600000 	125.886002 	308.000000 	308.355011 	319.677002 
25.700000 	125.886002 	308.000000 	308.355011 	319.677002 
25.800000 	125.886002 	308.000000 	308.355011 	319.677002 
25.900000 	125.886002 	308.000000 	308.355011 	319.677002 
26.000000 	125.886002 	308.000000 	308.355011 	319.677002 
26.100000 	125.886002 	308.000000 	308.355011 	319.677002 
26.200000 	125.886002 	308.000000 	308.355011 	319.677002 
26.300000 	125.886002 	308.000000 	308.355011 	319.677002 
26.400000 	125.886002 	308.000000 	308.355011 	319.677002 
26.500000 	125.911003 	308.000000 	308.345001 	319.756989 
26.600000 	125.911003 	308.000000 	308.345001 	319.756989 
26.700000 	125.911003 	308.000000 	308.345001 	319.756989 
26.800000 	125.911003 	308.000000 	308.345001 	319.756989 
26.900000 	125.911003 	308.000000 	308.345001 	319.756989 
27.000000 	125.911003 	308.000000 	308.345001 	319.756989 
27.100000 	125.911003 	308.000000 	308.345001 	319.756989 
27.200000 	125.911003 	308.000000 	308.345001 	319.756989 
27.300000 	125.911003 	308.000000 	308.345001 	319.756989 
27.400000 	125.911003 	308.000000 	308.345001 	319.756989 
27.500000 	125.932999 	308.000000 	308.335999 	319.838989 
27.600000 	125.932999 	308.000000 	308.335999 	319.838989 
27.700000 	125.932999 	308.000000 	308.335999 	319.838989 
27.800000 	125.932999 	308.000000 	308.335999 	319.838989 
27.900000 	125.932999 	308.000000 	308.335999 	319.838989 
28.000000 	125.932999 	308.000000 	308.335999 	319.838989 
28.100000 	125.932999 	308.000000 	308.335999 	319.838989 
28.200000 	125.932999 	308.000000 	308.335999 	319.838989 
28.300000 	125.932999 	308.000000 	308.335999 	319.838989 
28.400000 	125.932999 	308.000000 	308.335999 	319.838989 
28.500000 	125.955002 	308.000000 	308.328003 	319.923004 
28.600000 	125.955002 	308.000000 	308.328003 	319.923004 
28.700000 	125.955002 	308.000000 	308.328003 	319.923004 
28.800000 	125.955002 	308.000000 	308.328003 	319.923004 
28.900000 	125.955002 	308.000000 	308.328003 	319.923004 
29.000000 	125.955002 	308.000000 	308.328003 	319.923004 
29.100000 	125.955002 	308.000000 	308.328003 	319.923004 
29.200000 	125.955002 	308.000000 	308.328003 	319.923004 
29.300000 	125.955002 	308.000000 	308.328003 	319.923004 
29.400000 	125.955002 	308.000000 	308.328003 	319.923004 
29.500000 	125.974998 	308.000000 	308.319000 	320.009003 
29.600000 	125.974998 	308.000000 	308.319000 	320.009003 
29.700000 	125.974998 	308.000000 	308.319000 	320.009003 
29.800000 	125.974998 	308.000000 	308.319000 	320.009003 
29.900000 	125.974998 	308.000000 	308.319000 	320.009003 
30.000000 	125.974998 	308.000000 	308.319000 	320.009003 
30.100000 	125.974998 	308.000000 	308.319000 	320.009003 
30.200000 	125.974998 	308.000000 	308.319000 	320.009003 
30.300000 	125.974998 	308.000000 	308.319000 	320.009003 
30.400000 	125.974998 	308.000000 	308.319000 	320.009003 
30.500000 	125.994003 	308.000000 	308.312012 	320.096985 
30.600000 	125.994003 	308.000000 	308.312012 	320.096985 
30.700000 	125.994003 	308.000000 	308.312012 	320.096985 
30.800000 	125.994003 	308.000000 	308.312012 	320.096985 
30.900000 	125.994003 	308.000000 	308.312012 	320.096985 
31.000000 	125.994003 	308.000000 	308.312012 	320.096985 
31.100000 	125.994003 	308.000000 	308.312012 	320.096985 
31.200000 	125.994003 	308.000000 	308.312012 	320.096985 
31.300000 	125.994003 	308.000000 	308.312012 	320.096985 
31.400000 	125.994003 	308.000000 	308.312012 	320.096985 
31.500000 	126.012001 	308.000000 	308.303986 	320.187012 
31.600000 	126.012001 	308.000000 	308.303986 	320.187012 
31.700000 	126.012001 	308.000000 	308.303986 	320.187012 
31.800000 	126.012001 	308.000000 	308.303986 	320.187012 
31.900000 	126.012001 	308.000000 	308.303986 	320.187012 
32.000000 	126.012001 	308.000000 	308.303986 	320.187012 
32.100000 	126.012001 	308.000000 	308.303986 	320.187012 
32.200000 	126.012001 	308.000000 	308.303986 	320.187012 
32.300000 	126.012001 	308.000000 	308.303986 	320.187012 
32.400000 	126.012001 	308.000000 	308.303986 	320.187012 
32.500000 	126.029999 	308.000000 	308.296997 	320.278992 
32.600000 	126.029999 	308.000000 	308.296997 	320.278992 
32.700000 	126.029999 	308.000000 	308.296997 	320.278992 
32.800000 	126.029999 	308.000000 	308.296997 	320.278992 
32.900000 	126.029999 	308.000000 	308.296997 	320.278992 
33.000000 	126.029999 	308.000000 	308.296997 	320.278992 
33.100000 	126.029999 	308.000000 	308.296997 	320.278992 
33.200000 	126.029999 	308.000000 	308.296997 	320.278992 
33.300000 	126.029999 	308.000000 	308.296997 	320.278992 
33.400000 	126.029999 	308.000000 	308.296997 	320.278992 
33.500000 	126.046997 	308.000000 	308.290009 	320.372009 
33.600000 	126.046997 	308.000000 	308.290009 	320.372009 
33.700000 	126.046997 	308.000000 	308.290009 	320.372009 
33.800000 	126.046997 	308.000000 	308.290009 	320.372009 
33.900000 	126.046997 	308.000000 	308.290009 	320.372009 
34.000000 	126.046997 	308.000000 	308.290009 	320.372009 
34.100000 	126.046997 	308.000000 	308.290009 	320.372009 
34.200000 	126.046997 	308.000000 	308.290009 	320.372009 
34.300000 	126.046997 	308.000000 	308.290009 	320.372009 
34.400000 	126.046997 	308.000000 	308.290009 	320.372009 
34.500000 	126.063004 	308.000000 	308.283997 	320.467987 
34.600000 	126.063004 	308.000000 	308.283997 	320.467987 
34.700000 	126.063004 	308.000000 	308.283997 	320.467987 
34.800000 	126.063004 	308.000000 	308.283997 	320.467987 
34.900000 	126.063004 	308.000000 	308.283997 	320.467987 
35.000000 	126.063004 	308.000000 	308.283997 	320.467987 
35.100000 	126.063004 	308.000000 	308.283997 	320.467987 
35.200000 	126.063004 	308.000000 	308.283997 	320.467987 
35.300000 	126.063004 	308.000000 	308.283997 	320.467987 
35.400000 	126.063004 	308.000000 	308.283997 	320.467987 
35.500000 	126.079002 	308.000000 	308.277008 	320.563995 
35.600000 	126.079002 	308.000000 	308.277008 	320.563995 
35.700000 	126.079002 	308.000000 	308.277008 	320.563995 
35.800000 	126.079002 	308.000000 	308.277008 	320.563995 
35.900000 	126.079002 	308.000000 	308.277008 	320.563995 
36.000000 	126.079002 	308.000000 	308.277008 	320.563995 
36.100000 	126.079002 	308.000000 	308.277008 	320.563995 
36.200000 	126.079002 	308.000000 	308.277008 	320.563995 
36.300000 	126.079002 	308.000000 	308.277008 	320.563995 
36.400000 	126.079002 	308.000000 	308.277008 	320.563995 
36.500000 	126.094002 	308.000000 	308.269989 	320.662994 
36.600000 	126.094002 	308.000000 	308.269989 	320.662994 
36.700000 	126.094002 	308.000000 	308.269989 	320.662994 
36.800000 	126.094002 	308.000000 	308.269989 	320.662994 
36.900000 	126.094002 	308.000000 	308.269989 	320.662994 
37.000000 	126.094002 	308.000000 	308.269989 	320.662994 
37.100000 	126.094002 	308.000000 	308.269989 	320.662994 
37.200000 	126.094002 	308.000000 	308.269989 	320.662994 
37.300000 	126.094002 	308.000000 	308.269989 	320.662994 
37.400000 	126.094002 	308.000000 	308.269989 	320.662994 
37.500000 	126.109001 	308.000000 	308.264008 	320.763000 
37.600000 	126.109001 	308.000000 	308.264008 	320.763000 
37.700000 	126.109001 	308.000000 	308.264008 	320.763000 
37.800000 	126.109001 	308.000000 	308.264008 	320.763000 
37.900000 	126.109001 	308.000000 	308.264008 	320.763000 
38.000000 	126.109001 	308.000000 	308.264008 	320.763000 
38.100000 	126.109001 	308.000000 	308.264008 	320.763000 
38.200000 	126.109001 	308.000000 	308.264008 	320.763000 
38.300000 	126.109001 	308.000000 	308.264008 	320.763000 
38.400000 	126.109001 	308.000000 	308.264008 	320.763000 
38.500000 	126.124001 	308.000000 	308.256989 	320.864014 
38.600000 	126.124001 	308.000000 	308.256989 	320.864014 
38.700000 	126.124001 	308.000000 	308.256989 	320.864014 
38.800000 	126.124001 	308.000000 	308.256989 	320.864014 
38.900000 	126.124001 	308.000000 	308.256989 	320.864014 
39.000000 	126.124001 	308.000000 	308.256989 	320.864014 
39.100000 	126.124001 	308.000000 	308.256989 	320.864014 
39.200000 	126.124001 	308.000000 	308.256989 	320.864014 
39.300000 	126.124001 	308.000000 	308.256989 	320.864014 
39.400000 	126.124001 	308.000000 	308.256989 	320.864014 
39.500000 	126.138000 	308.000000 	308.250000 	320.967010 
39.600000 	126.138000 	308.000000 	308.250000 	320.967010 
39.700000 	126.138000 	308.000000 	308.250000 	320.967010 
39.800000 	126.138000 	308.000000 	308.250000 	320.967010 
39.900000 	126.138000 	308.000000 	308.250000 	320.967010 
40.000000 	126.138000 	308.000000 	308.250000 	320.967010 
40.100000 	126.138000 	308.000000 	308.250000 	320.967010 
40.200000 	126.138000 	308.000000 	308.250000 	320.967010 
40.300000 	126.138000 	308.000000 	308.250000 	320.967010 
40.400000 	126.138000 	308.000000 	308.250000 	320.967010 
40.500000 	126.152000 	308.000000 	308.243011 	321.071991 
40.600000 	126.152000 	308.000000 	308.243011 	321.071991 
40.700000 	126.152000 	308.000000 	308.243011 	321.071991 
40.800000 	126.152000 	308.000000 	308.243011 	321.071991 
40.900000 	126.152000 	308.000000 	308.243011 	321.071991 
41.000000 	126.152000 	308.000000 	308.243011 	321.071991 
41.100000 	126.152000 	308.000000 	308.243011 	321.071991 
41.200000 	126.152000 	308.000000 	308.243011 	321.071991 
41.300000 	126.152000 	308.000000 	308.243011 	321.071991 
41.400000 	126.152000 	308.000000 	308.243011 	321.071991 
41.500000 	126.166000 	308.000000 	308.235992 	321.177002 
41.600000 	126.166000 	308.000000 	308.235992 	321.177002 
41.700000 	126.166000 	308.000000 	308.235992 	321.177002 
41.800000 	126.166000 	308.000000 	308.235992 	321.177002 
41.900000 	126.166000 	308.000000 	308.235992 	321.177002 
42.000000 	126.166000 	308.000000 	308.235992 	321.177002 
42.100000 	126.166000 	308.000000 	308.235992 	321.177002 
42.200000 	126.166000 	308.000000 	308.235992 	321.177002 
42.300000 	126.166000 	308.000000 	308.235992 	321.177002 
42.400000 	126.166000 	308.000000 	308.235992 	321.177002 
42.500000 	126.180000 	308.000000 	308.229004 	321.283997 
42.600000 	126.180000 	308.000000 	308.229004 	321.283997 
42.700000 	126.180000 	308.000000 	308.229004 	321.283997 
42.800000 	126.180000 	308.000000 	308.229004 	321.283997 
42.900000 	126.180000 	308.000000 	308.229004 	321.283997 
43.000000 	126.180000 	308.000000 	308.229004 	321.283997 
43.100000 	126.180000 	308.000000 	308.229004 	321.283997 
43.200000 	126.180000 	308.000000 	308.229004 	321.283997 
43.300000 	126.180000 	308.000000 	308.229004 	321.283997 
43.400000 	126.180000 	308.000000 	308.229004 	321.283997 
43.500000 	126.194000 	308.000000 	308.221985 	321.393005 
43.600000 	126.194000 	308.000000 	308.221985 	321.393005 
43.700000 	126.194000 	308.000000 	308.221985 	321.393005 
43.800000 	126.194000 	308.000000 	308.221985 	321.393005 
43.900000 	126.194000 	308.000000 	308.221985 	321.393005 
44.000000 	126.194000 	308.000000 	308.221985 	321.393005 
44.100000 	126.194000 	308.000000 	308.221985 	321.393005 
44.200000 	126.194000 	308.000000 	308.221985 	321.393005 
44.300000 	126.194000 	308.000000 	308.221985 	321.393005 
44.400000 	126.194000 	308.000000 	308.221985 	321.393005 
44.500000 	126.208000 	308.000000 	308.214996 	321.502014 
44.600000 	126.208000 	308.000000 	308.214996 	321.502014 
44.700000 	126.208000 	308.000000 	308.214996 	321.502014 
44.800000 	126.208000 	308.000000 	308.214996 	321.502014 
44.900000 	126.208000 	308.000000 	308.214996 	321.502014 
45.000000 	126.208000 	308.000000 	308.214996 	321.502014 
45.100000 	126.208000 	308.000000 	308.214996 	321.502014 
45.200000 	126.208000 	308.000000 	308.214996 	321.502014 
45.300000 	126.208000 	308.000000 	308.214996 	321.502014 
45.400000 	126.208000 	308.000000 	308.214996 	321.502014 
45.500000 	126.221001 	308.000000 	308.207001 	321.613007 
45.600000 	126.221001 	308.000000 	308.207001 	321.613007 
45.700000 	126.221001 	308.000000 	308.207001 	321.613007 
45.800000 	126.221001 	308.000000 	308.207001 	321.613007 
45.900000 	126.221001 	308.000000 	308.207001 	321.613007 
46.000000 	126.221001 	308.000000 	308.207001 	321.613007 
46.100000 	126.221001 	308.000000 	308.207001 	321.613007 
46.200000 	126.221001 	308.000000 	308.207001 	321.613007 
46.300000 	126.221001 	308.000000 	308.207001 	321.613007 
46.400000 	126.221001 	308.000000 	308.207001 	321.613007 
46.500000 	126.235001 	308.000000 	308.199005 	321.725006 
46.600000 	126.235001 	308.000000 	308.199005 	321.725006 
46.700000 	126.235001 	308.000000 	308.199005 	321.725006 
46.800000 	126.235001 	308.000000 	308.199005 	321.725006 
46.900000 	126.235001 	308.000000 	308.199005 	321.725006 
47.000000 	126.235001 	308.000000 	308.199005 	321.725006 
47.100000 	126.235001 	308.000000 	308.199005 	321.725006 
47.200000 	126.235001 	308.000000 	308.199005 	321.725006 
47.300000 	126.235001 	308.000000 	308.199005 	321.725006 
47.400000 	126.235001 	308.000000 	308.199005 	321.725006 
47.500000 	126.249001 	308.000000 	308.191010 	321.838013 
47.600000 	126.249001 	308.000000 	308.191010 	321.838013 
47.700000 	126.249001 	308.000000 	308.191010 	321.838013 
47.800000 	126.249001 	308.000000 	308.191010 	321.838013 
47.900000 	126.249001 	308.000000 	308.191010 	321.838013 
48.000000 	126.249001 	308.000000 	308.191010 	321.838013 
48.100000 	126.249001 	308.000000 	308.191010 	321.838013 
48.200000 	126.249001 	308.000000 	308.191010 	321.838013 
48.300000 	126.249001 	308.000000 	308.191010 	321.838013 
48.400000 	126.249001 	308.000000 	308.191010 	321.838013 
48.500000 	126.262001 	308.000000 	308.182007 	321.951996 
48.600000 	126.262001 	308.000000 	308.182007 	321.951996 
48.700000 	126.262001 	308.000000 	308.182007 	321.951996 
48.800000 	126.262001 	308.000000 	308.182007 	321.951996 
48.900000 	126.262001 	308.000000 	308.182007 	321.951996 
49.000000 	126.262001 	308.000000 	308.182007 	321.951996 
49.100000 	126.262001 	308.000000 	308.182007 	321.951996 
49.200000 	126.262001 	308.000000 	308.182007 	321.951996 
49.300000 	126.262001 	308.000000 	308.182007 	321.951996 
49.400000 	126.262001 	308.000000 	308.182007 	321.951996 
49.500000 	126.276001 	308.000000 	308.174011 	322.066010 
49.600000 	126.276001 	308.000000 	308.174011 	322.066010 
49.700000 	126.276001 	308.000000 	308.174011 	322.066010 
49.800000 	126.276001 	308.000000 	308.174011 	322.066010 
49.900000 	126.276001 	308.000000 	308.174011 	322.066010 
50.000000 	126.276001 	308.000000 	308.174011 	322.066010 
50.100000 	126.276001 	308.000000 	308.174011 	322.066010 
50.200000 	126.276001 	308.000000 	308.174011 	322.066010 
50.300000 	126.276001 	308.000000 	308.174011 	322.066010 
50.400000 	126.276001 	308.000000 	308.174011 	322.066010 
50.500000 	126.289001 	308.000000 	308.165009 	322.182007 
50.600000 	126.289001 	308.000000 	308.165009 	322.182007 
50.700000 	126.289001 	308.000000 	308.165009 	322.182007 
50.800000 	126.289001 	308.000000 	308.165009 	322.182007 
50.900000 	126.289001 	308.000000 	308.165009 	322.182007 
51.000000 	126.289001 	308.000000 	308.165009 	322.182007 
51.100000 	126.289001 	308.000000 	308.165009 	322.182007 
51.200000 	126.289001 	308.000000 	308.165009 	322.182007 
51.300000 	126.289001 	308.000000 	308.165009 	322.182007 
51.400000 	126.289001 	308.000000 	308.165009 	322.182007 
51.500000 	126.303001 	308.000000 	308.154999 	322.299011 
51.600000 	126.303001 	308.000000 	308.154999 	322.299011 
51.700000 	126.303001 	308.000000 	308.154999 	322.299011 
51.800000 	126.303001 	308.000000 	308.154999 	322.299011 
51.900000 	126.303001 	308.000000 	308.154999 	322.299011 
52.000000 	126.303001 	308.000000 	308.154999 	322.299011 
52.100000 	126.303001 	308.000000 	308.154999 	322.299011 
52.200000 	126.303001 	308.000000 	308.154999 	322.299011 
52.300000 	126.303001 	308.000000 	308.154999 	322.299011 
52.400000 	126.303001 	308.000000 	308.154999 	322.299011 
52.500000 	126.317001 	308.000000 	308.144989 	322.416992 
52.600000 	126.317001 	308.000000 	308.144989 	322.416992 
52.700000 	126.317001 	308.000000 	308.144989 	322.416992 
52.800000 	126.317001 	308.000000 	308.144989 	322.416992 
52.900000 	126.317001 	308.000000 	308.144989 	322.416992 
53.000000 	126.317001 	308.000000 	308.144989 	322.416992 
53.100000 	126.317001 	308.000000 	308.144989 	322.416992 
53.200000 	126.317001 	308.000000 	308.144989 	322.416992 
53.300000 	126.317001 	308.000000 	308.144989 	322.416992 
53.400000 	126.317001 	308.000000 	308.144989 	322.416992 
53.500000 	126.330002 	308.000000 	308.135010 	322.535004 
53.600000 	126.330002 	308.000000 	308.135010 	322.535004 
53.700000 	126.330002 	308.000000 	308.135010 	322.535004 
53.800000 	126.330002 	308.000000 	308.135010 	322.535004 
53.900000 	126.330002 	308.000000 	308.135010 	322.535004 
54.000000 	126.330002 	308.000000 	308.135010 	322.535004 
54.100000 	126.330002 	308.000000 	308.135010 	322.535004 
54.200000 	126.330002 	308.000000 	308.135010 	322.535004 
54.300000 	126.330002 	308.000000 	308.135010 	322.535004 
54.400000 	126.330002 	308.000000 	308.135010 	322.535004 
54.500000 	126.344002 	308.000000 	308.123993 	322.654999 
54.600000 	126.344002 	308.000000 	308.123993 	322.654999 
54.700000 	126.344002 	308.000000 	308.123993 	322.654999 
54.800000 	126.344002 	308.000000 	308.123993 	322.654999 
54.900000 	126.344002 	308.000000 	308.123993 	322.654999 
55.000000 	126.344002 	308.000000 	308.123993 	322.654999 
55.100000 	126.344002 	308.000000 	308.123993 	322.654999 
55.200000 	126.344002 	308.000000 	308.123993 	322.654999 
55.300000 	126.344002 	308.000000 	308.123993 	322.654999 
55.400000 	126.344002 	308.000000 	308.123993 	322.654999 
55.500000 	126.358002 	308.000000 	308.113007 	322.774994 
55.600000 	126.358002 	308.000000 	308.113007 	322.774994 
55.700000 	126.358002 	308.000000 	308.113007 	322.774994 
55.800000 	126.358002 	308.000000 	308.113007 	322.774994 
55.900000 	126.358002 	308.000000 	308.113007 	322.774994 
56.000000 	126.358002 	308.000000 	308.113007 	322.774994 
56.100000 	126.358002 	308.000000 	308.113007 	322.774994 
56.200000 	126.358002 	308.000000 	308.113007 	322.774994 
56.300000 	126.358002 	308.000000 	308.113007 	322.774994 
56.400000 	126.358002 	308.000000 	308.113007 	322.774994 
56.500000 	126.372002 	308.000000 	308.101990 	322.895996 
56.600000 	126.372002 	308.000000 	308.101990 	322.895996 
56.700000 	126.372002 	308.000000 	308.101990 	322.895996 
56.800000 	126.372002 	308.000000 	308.101990 	322.895996 
56.900000 	126.372002 	308.000000 	308.101990 	322.895996 
57.000000 	126.372002 	308.000000 	308.101990 	322.895996 
57.100000 	126.372002 	308.000000 	308.101990 	322.895996 
57.200000 	126.372002 	308.000000 	308.101990 	322.895996 
57.300000 	126.372002 	308.000000 	308.101990 	322.895996 
57.400000 	126.372002 	308.000000 	308.101990 	322.895996 
57.500000 	126.386002 	308.000000 	308.088989 	323.016998 
57.600000 	126.386002 	308.000000 	308.088989 	323.016998 
57.700000 	126.386002 	308.000000 	308.088989 	323.016998 
57.800000 	126.386002 	308.000000 	308.088989 	323.016998 
57.900000 	126.386002 	308.000000 	308.088989 	323.016998 
58.000000 	126.386002 	308.000000 	308.088989 	323.016998 
58.100000 	126.386002 	308.000000 	308.088989 	323.016998 
58.200000 	126.386002 	308.000000 	308.088989 	323.016998 
58.300000 	126.386002 	308.000000 	308.088989 	323.016998 
58.400000 	126.386002 	308.000000 	308.088989 	323.016998 
58.500000 	126.401001 	308.000000 	308.076996 	323.139008 
58.600000 	126.401001 	308.000000 	308.076996 	323.139008 
58.700000 	126.401001 	308.000000 	308.076996 	323.139008 
58.800000 	126.401001 	308.000000 	308.076996 	323.139008 
58.900000 	126.401001 	308.000000 	308.076996 	323.139008 
59.000000 	126.401001 	308.000000 	308.076996 	323.139008 
59.100000 	126.401001 	308.000000 	308.076996 	323.139008 
59.200000 	126.401001 	308.000000 	308.076996 	323.139008 
59.300000 	126.401001 	308.000000 	308.076996 	323.139008 
59.400000 	126.401001 	308.000000 	308.076996 	323.139008 
59.500000 	126.415001 	308.000000 	308.063995 	323.261993 
59.600000 	126.415001 	308.000000 	308.063995 	323.261993 
59.700000 	126.415001 	308.000000 	308.063995 	323.261993 
59.800000 	126.415001 	308.000000 	308.063995 	323.261993 
59.900000 	126.415001 	308.000000 	308.063995 	323.261993 
60.000000 	126.415001 	308.000000 	308.063995 	323.261993 
