0.500000 	91.704102 	392.000000 	415.322998 	400.718994 
0.600000 	91.704102 	392.000000 	415.322998 	400.718994 
0.700000 	91.704102 	392.000000 	415.322998 	400.718994 
0.800000 	91.704102 	392.000000 	415.322998 	400.718994 
0.900000 	91.704102 	392.000000 	415.322998 	400.718994 
1.000000 	91.704102 	392.000000 	415.322998 	400.718994 
1.100000 	91.704102 	392.000000 	415.322998 	400.718994 
1.200000 	91.704102 	392.000000 	415.322998 	400.718994 
1.300000 	91.704102 	392.000000 	415.322998 	400.718994 
1.400000 	91.704102 	392.000000 	415.322998 	400.718994 
1.500000 	102.472000 	392.000000 	401.928986 	400.132996 
1.600000 	102.472000 	392.000000 	401.928986 	400.132996 
1.700000 	102.472000 	392.000000 	401.928986 	400.132996 
1.800000 	102.472000 	392.000000 	401.928986 	400.132996 
1.900000 	102.472000 	392.000000 	401.928986 	400.132996 
2.000000 	102.472000 	392.000000 	401.928986 	400.132996 
2.100000 	102.472000 	392.000000 	401.928986 	400.132996 
2.200000 	102.472000 	392.000000 	401.928986 	400.132996 
2.300000 	102.472000 	392.000000 	401.928986 	400.132996 
2.400000 	102.472000 	392.000000 	401.928986 	400.132996 
2.500000 	112.875000 	392.000000 	397.273010 	400.054993 
2.600000 	112.875000 	392.000000 	397.273010 	400.054993 
2.700000 	112.875000 	392.000000 	397.273010 	400.054993 
2.800000 	112.875000 	392.000000 	397.273010 	400.054993 
2.900000 	112.875000 	392.000000 	397.273010 	400.054993 
3.000000 	112.875000 	392.000000 	397.273010 	400.054993 
3.100000 	112.875000 	392.000000 	397.273010 	400.054993 
3.200000 	112.875000 	392.000000 	397.273010 	400.054993 
3.300000 	112.875000 	392.000000 	397.273010 	400.054993 
3.400000 	112.875000 	392.000000 	397.273010 	400.054993 
3.500000 	117.960999 	392.000000 	395.144989 	400.053986 
3.600000 	117.960999 	392.000000 	395.144989 	400.053986 
3.700000 	117.960999 	392.000000 	395.144989 	400.053986 
3.800000 	117.960999 	392.000000 	395.144989 	400.053986 
3.900000 	117.960999 	392.000000 	395.144989 	400.053986 
4.000000 	117.960999 	392.000000 	395.144989 	400.053986 
4.100000 	117.960999 	392.000000 	395.144989 	400.053986 
4.200000 	117.960999 	392.000000 	395.144989 	400.053986 
4.300000 	117.960999 	392.000000 	395.144989 	400.053986 
4.400000 	117.960999 	392.000000 	395.144989 	400.053986 
4.500000 	120.640999 	392.000000 	394.041992 	400.071014 
4.600000 	120.640999 	392.000000 	394.041992 	400.071014 
4.700000 	120.640999 	392.000000 	394.041992 	400.071014 
4.800000 	120.640999 	392.000000 	394.041992 	400.071014 
4.900000 	120.640999 	392.000000 	394.041992 	400.071014 
5.000000 	120.640999 	392.000000 	394.041992 	400.071014 
5.100000 	120.640999 	392.000000 	394.041992 	400.071014 
5.200000 	120.640999 	392.000000 	394.041992 	400.071014 
5.300000 	120.640999 	392.000000 	394.041992 	400.071014 
5.400000 	120.640999 	392.000000 	394.041992 	400.071014 
5.500000 	122.196999 	392.000000 	393.407990 	400.092010 
5.600000 	122.196999 	392.000000 	393.407990 	400.092010 
5.700000 	122.196999 	392.000000 	393.407990 	400.092010 
5.800000 	122.196999 	392.000000 	393.407990 	400.092010 
5.900000 	122.196999 	392.000000 	393.407990 	400.092010 
6.000000 	122.196999 	392.000000 	393.407990 	400.092010 
6.100000 	122.196999 	392.000000 	393.407990 	400.092010 
6.200000 	122.196999 	392.000000 	393.407990 	400.092010 
6.300000 	122.196999 	392.000000 	393.407990 	400.092010 
6.400000 	122.196999 	392.000000 	393.407990 	400.092010 
6.500000 	123.171997 	392.000000 	393.014008 	400.115997 
6.600000 	123.171997 	392.000000 	393.014008 	400.115997 
6.700000 	123.171997 	392.000000 	393.014008 	400.115997 
6.800000 	123.171997 	392.000000 	393.014008 	400.115997 
6.900000 	123.171997 	392.000000 	393.014008 	400.115997 
7.000000 	123.171997 	392.000000 	393.014008 	400.115997 
7.100000 	123.171997 	392.000000 	393.014008 	400.115997 
7.200000 	123.171997 	392.000000 	393.014008 	400.115997 
7.300000 	123.171997 	392.000000 	393.014008 	400.115997 
7.400000 	123.171997 	392.000000 	393.014008 	400.115997 
7.500000 	123.821999 	392.000000 	392.752991 	400.141998 
7.600000 	123.821999 	392.000000 	392.752991 	400.141998 
7.700000 	123.821999 	392.000000 	392.752991 	400.141998 
7.800000 	123.821999 	392.000000 	392.752991 	400.141998 
7.900000 	123.821999 	392.000000 	392.752991 	400.141998 
8.000000 	123.821999 	392.000000 	392.752991 	400.141998 
8.100000 	123.821999 	392.000000 	392.752991 	400.141998 
8.200000 	123.821999 	392.000000 	392.752991 	400.141998 
8.300000 	123.821999 	392.000000 	392.752991 	400.141998 
8.400000 	123.821999 	392.000000 	392.752991 	400.141998 
8.500000 	124.277000 	392.000000 	392.571991 	400.174988 
8.600000 	124.277000 	392.000000 	392.571991 	400.174988 
8.700000 	124.277000 	392.000000 	392.571991 	400.174988 
8.800000 	124.277000 	392.000000 	392.571991 	400.174988 
8.900000 	124.277000 	392.000000 	392.571991 	400.174988 
9.000000 	124.277000 	392.000000 	392.571991 	400.174988 
9.100000 	124.277000 	392.000000 	392.571991 	400.174988 
9.200000 	124.277000 	392.000000 	392.571991 	400.174988 
9.300000 	124.277000 	392.000000 	392.571991 	400.174988 
9.400000 	124.277000 	392.000000 	392.571991 	400.174988 
9.500000 	124.607002 	392.000000 	392.441986 	400.204010 
9.600000 	124.607002 	392.000000 	392.441986 	400.204010 
9.700000 	124.607002 	392.000000 	392.441986 	400.204010 
9.800000 	124.607002 	392.000000 	392.441986 	400.204010 
9.900000 	124.607002 	392.000000 	392.441986 	400.204010 
10.000000 	124.607002 	392.000000 	392.441986 	400.204010 
10.100000 	124.607002 	392.000000 	392.441986 	400.204010 
10.200000 	124.607002 	392.000000 	392.441986 	400.204010 
10.300000 	124.607002 	392.000000 	392.441986 	400.204010 
10.400000 	124.607002 	392.000000 	392.441986 	400.204010 
10.500000 	124.855003 	392.000000 	392.345001 	400.234985 
10.600000 	124.855003 	392.000000 	392.345001 	400.234985 
10.700000 	124.855003 	392.000000 	392.345001 	400.234985 
10.800000 	124.855003 	392.000000 	392.345001 	400.234985 
10.900000 	124.855003 	392.000000 	392.345001 	400.234985 
11.000000 	124.855003 	392.000000 	392.345001 	400.234985 
11.100000 	124.855003 	392.000000 	392.345001 	400.234985 
11.200000 	124.855003 	392.000000 	392.345001 	400.234985 
11.300000 	124.855003 	392.000000 	392.345001 	400.234985 
11.400000 	124.855003 	392.000000 	392.345001 	400.234985 
11.500000 	125.045998 	392.000000 	392.270996 	400.268005 
11.600000 	125.045998 	392.000000 	392.270996 	400.268005 
11.700000 	125.045998 	392.000000 	392.270996 	400.268005 
11.800000 	125.045998 	392.000000 	392.270996 	400.268005 
11.900000 	125.045998 	392.000000 	392.270996 	400.268005 
12.000000 	125.045998 	392.000000 	392.270996 	400.268005 
12.100000 	125.045998 	392.000000 	392.270996 	400.268005 
12.200000 	125.045998 	392.000000 	392.270996 	400.268005 
12.300000 	125.045998 	392.000000 	392.270996 	400.268005 
12.400000 	125.045998 	392.000000 	392.270996 	400.268005 
12.500000 	125.196999 	392.000000 	392.213013 	400.302002 
12.600000 	125.196999 	392.000000 	392.213013 	400.302002 
12.700000 	125.196999 	392.000000 	392.213013 	400.302002 
12.800000 	125.196999 	392.000000 	392.213013 	400.302002 
12.900000 	125.196999 	392.000000 	392.213013 	400.302002 
13.000000 	125.196999 	392.000000 	392.213013 	400.302002 
13.100000 	125.196999 	392.000000 	392.213013 	400.302002 
13.200000 	125.196999 	392.000000 	392.213013 	400.302002 
13.300000 	125.196999 	392.000000 	392.213013 	400.302002 
13.400000 	125.196999 	392.000000 	392.213013 	400.302002 
13.500000 	125.318001 	392.000000 	392.166992 	400.338013 
13.600000 	125.318001 	392.000000 	392.166992 	400.338013 
13.700000 	125.318001 	392.000000 	392.166992 	400.338013 
13.800000 	125.318001 	392.000000 	392.166992 	400.338013 
13.900000 	125.318001 	392.000000 	392.166992 	400.338013 
14.000000 	125.318001 	392.000000 	392.166992 	400.338013 
14.100000 	125.318001 	392.000000 	392.166992 	400.338013 
14.200000 	125.318001 	392.000000 	392.166992 	400.338013 
14.300000 	125.318001 	392.000000 	392.166992 	400.338013 
14.400000 	125.318001 	392.000000 	392.166992 	400.338013 
14.500000 	125.417999 	392.000000 	392.128998 	400.376007 
14.600000 	125.417999 	392.000000 	392.128998 	400.376007 
14.700000 	125.417999 	392.000000 	392.128998 	400.376007 
14.800000 	125.417999 	392.000000 	392.128998 	400.376007 
14.900000 	125.417999 	392.000000 	392.128998 	400.376007 
15.000000 	125.417999 	392.000000 	392.128998 	400.376007 
15.100000 	125.417999 	392.000000 	392.128998 	400.376007 
15.200000 	125.417999 	392.000000 	392.128998 	400.376007 
15.300000 	125.417999 	392.000000 	392.128998 	400.376007 
15.400000 	125.417999 	392.000000 	392.128998 	400.376007 
15.500000 	125.500000 	392.000000 	392.098999 	400.415985 
15.600000 	125.500000 	392.000000 	392.098999 	400.415985 
15.700000 	125.500000 	392.000000 	392.098999 	400.415985 
15.800000 	125.500000 	392.000000 	392.098999 	400.415985 
15.900000 	125.500000 	392.000000 	392.098999 	400.415985 
16.000000 	125.500000 	392.000000 	392.098999 	400.415985 
16.100000 	125.500000 	392.000000 	392.098999 	400.415985 
16.200000 	125.500000 	392.000000 	392.098999 	400.415985 
16.300000 	125.500000 	392.000000 	392.098999 	400.415985 
16.400000 	125.500000 	392.000000 	392.098999 	400.415985 
16.500000 	125.570000 	392.000000 	392.072998 	400.457001 
16.600000 	125.570000 	392.000000 	392.072998 	400.457001 
16.700000 	125.570000 	392.000000 	392.072998 	400.457001 
16.800000 	125.570000 	392.000000 	392.072998 	400.457001 
16.900000 	125.570000 	392.000000 	392.072998 	400.457001 
17.000000 	125.570000 	392.000000 	392.072998 	400.457001 
17.100000 	125.570000 	392.000000 	392.072998 	400.457001 
17.200000 	125.570000 	392.000000 	392.072998 	400.457001 
17.300000 	125.570000 	392.000000 	392.072998 	400.457001 
17.400000 	125.570000 	392.000000 	392.072998 	400.457001 
17.500000 	125.628998 	392.000000 	392.050995 	400.500000 
17.600000 	125.628998 	392.000000 	392.050995 	400.500000 
17.700000 	125.628998 	392.000000 	392.050995 	400.500000 
17.800000 	125.628998 	392.000000 	392.050995 	400.500000 
17.900000 	125.628998 	392.000000 	392.050995 	400.500000 
18.000000 	125.628998 	392.000000 	392.050995 	400.500000 
18.100000 	125.628998 	392.000000 	392.050995 	400.500000 
18.200000 	125.628998 	392.000000 	392.050995 	400.500000 
18.300000 	125.628998 	392.000000 	392.050995 	400.500000 
18.400000 	125.628998 	392.000000 	392.050995 	400.500000 
18.500000 	125.680000 	392.000000 	392.032990 	400.545013 
18.600000 	125.680000 	392.000000 	392.032990 	400.545013 
18.700000 	125.680000 	392.000000 	392.032990 	400.545013 
18.800000 	125.680000 	392.000000 	392.032990 	400.545013 
18.900000 	125.680000 	392.000000 	392.032990 	400.545013 
19.000000 	125.680000 	392.000000 	392.032990 	400.545013 
19.100000 	125.680000 	392.000000 	392.032990 	400.545013 
19.200000 	125.680000 	392.000000 	392.032990 	400.545013 
19.300000 	125.680000 	392.000000 	392.032990 	400.545013 
19.400000 	125.680000 	392.000000 	392.032990 	400.545013 
19.500000 	125.724998 	392.000000 	392.015991 	400.592010 
19.600000 	125.724998 	392.000000 	392.015991 	400.592010 
19.700000 	125.724998 	392.000000 	392.015991 	400.592010 
19.800000 	125.724998 	392.000000 	392.015991 	400.592010 
19.900000 	125.724998 	392.000000 	392.015991 	400.592010 
20.000000 	125.724998 	392.000000 	392.015991 	400.592010 
20.100000 	125.724998 	392.000000 	392.015991 	400.592010 
20.200000 	125.724998 	392.000000 	392.015991 	400.592010 
20.300000 	125.724998 	392.000000 	392.015991 	400.592010 
20.400000 	125.724998 	392.000000 	392.015991 	400.592010 
20.500000 	125.764999 	392.000000 	392.002014 	400.640015 
20.600000 	125.764999 	392.000000 	392.002014 	400.640015 
20.700000 	125.764999 	392.000000 	392.002014 	400.640015 
20.800000 	125.764999 	392.000000 	392.002014 	400.640015 
20.900000 	125.764999 	392.000000 	392.002014 	400.640015 
21.000000 	125.764999 	392.000000 	392.002014 	400.640015 
21.100000 	125.764999 	392.000000 	392.002014 	400.640015 
21.200000 	125.764999 	392.000000 	392.002014 	400.640015 
21.300000 	125.764999 	392.000000 	392.002014 	400.640015 
21.400000 	125.764999 	392.000000 	392.002014 	400.640015 
21.500000 	125.800003 	392.000000 	391.989990 	400.688995 
21.600000 	125.800003 	392.000000 	391.989990 	400.688995 
21.700000 	125.800003 	392.000000 	391.989990 	400.688995 
21.800000 	125.800003 	392.000000 	391.989990 	400.688995 
21.900000 	125.800003 	392.000000 	391.989990 	400.688995 
22.000000 	125.800003 	392.000000 	391.989990 	400.688995 
22.100000 	125.800003 	392.000000 	391.989990 	400.688995 
22.200000 	125.800003 	392.000000 	391.989990 	400.688995 
22.300000 	125.800003 	392.000000 	391.989990 	400.688995 
22.400000 	125.800003 	392.000000 	391.989990 	400.688995 
22.500000 	125.831001 	392.000000 	391.977997 	400.740997 
22.600000 	125.831001 	392.000000 	391.977997 	400.740997 
22.700000 	125.831001 	392.000000 	391.977997 	400.740997 
22.800000 	125.831001 	392.000000 	391.977997 	400.740997 
22.900000 	125.831001 	392.000000 	391.977997 	400.740997 
23.000000 	125.831001 	392.000000 	391.977997 	400.740997 
23.100000 	125.831001 	392.000000 	391.977997 	400.740997 
23.200000 	125.831001 	392.000000 	391.977997 	400.740997 
23.300000 	125.831001 	392.000000 	391.977997 	400.740997 
23.400000 	125.831001 	392.000000 	391.977997 	400.740997 
23.500000 	125.860001 	392.000000 	391.967987 	400.792999 
23.600000 	125.860001 	392.000000 	391.967987 	400.792999 
23.700000 	125.860001 	392.000000 	391.967987 	400.792999 
23.800000 	125.860001 	392.000000 	391.967987 	400.792999 
23.900000 	125.860001 	392.000000 	391.967987 	400.792999 
24.000000 	125.860001 	392.000000 	391.967987 	400.792999 
24.100000 	125.860001 	392.000000 	391.967987 	400.792999 
24.200000 	125.860001 	392.000000 	391.967987 	400.792999 
24.300000 	125.860001 	392.000000 	391.967987 	400.792999 
24.400000 	125.860001 	392.000000 	391.967987 	400.792999 
24.500000 	125.886002 	392.000000 	391.959015 	400.847992 
24.600000 	125.886002 	392.000000 	391.959015 	400.847992 
24.700000 	125.886002 	392.000000 	391.959015 	400.847992 
24.800000 	125.886002 	392.000000 	391.959015 	400.847992 
24.900000 	125.886002 	392.000000 	391.959015 	400.847992 
25.000000 	125.886002 	392.000000 	391.959015 	400.847992 
25.100000 	125.886002 	392.000000 	391.959015 	400.847992 
25.200000 	125.886002 	392.000000 	391.959015 	400.847992 
25.300000 	125.886002 	392.000000 	391.959015 	400.847992 
25.400000 	125.886002 	392.000000 	391.959015 	400.847992 
25.500000 	125.910004 	392.000000 	391.950012 	400.903992 
25.600000 	125.910004 	392.000000 	391.950012 	400.903992 
25.700000 	125.910004 	392.000000 	391.950012 	400.903992 
25.800000 	125.910004 	392.000000 	391.950012 	400.903992 
25.900000 	125.910004 	392.000000 	391.950012 	400.903992 
26.000000 	125.910004 	392.000000 	391.950012 	400.903992 
26.100000 	125.910004 	392.000000 	391.950012 	400.903992 
26.200000 	125.910004 	392.000000 	391.950012 	400.903992 
26.300000 	125.910004 	392.000000 	391.950012 	400.903992 
26.400000 	125.910004 	392.000000 	391.950012 	400.903992 
26.500000 	125.931999 	392.000000 	391.941986 	400.960999 
26.600000 	125.931999 	392.000000 	391.941986 	400.960999 
26.700000 	125.931999 	392.000000 	391.941986 	400.960999 
26.800000 	125.931999 	392.000000 	391.941986 	400.960999 
26.900000 	125.931999 	392.000000 	391.941986 	400.960999 
27.000000 	125.931999 	392.000000 	391.941986 	400.960999 
27.100000 	125.931999 	392.000000 	391.941986 	400.960999 
27.200000 	125.931999 	392.000000 	391.941986 	400.960999 
27.300000 	125.931999 	392.000000 	391.941986 	400.960999 
27.400000 	125.931999 	392.000000 	391.941986 	400.960999 
27.500000 	125.953003 	392.000000 	391.933990 	401.019012 
27.600000 	125.953003 	392.000000 	391.933990 	401.019012 
27.700000 	125.953003 	392.000000 	391.933990 	401.019012 
27.800000 	125.953003 	392.000000 	391.933990 	401.019012 
27.900000 	125.953003 	392.000000 	391.933990 	401.019012 
28.000000 	125.953003 	392.000000 	391.933990 	401.019012 
28.100000 	125.953003 	392.000000 	391.933990 	401.019012 
28.200000 	125.953003 	392.000000 	391.933990 	401.019012 
28.300000 	125.953003 	392.000000 	391.933990 	401.019012 
28.400000 	125.953003 	392.000000 	391.933990 	401.019012 
28.500000 	125.972000 	392.000000 	391.927002 	401.079010 
28.600000 	125.972000 	392.000000 	391.927002 	401.079010 
28.700000 	125.972000 	392.000000 	391.927002 	401.079010 
28.800000 	125.972000 	392.000000 	391.927002 	401.079010 
28.900000 	125.972000 	392.000000 	391.927002 	401.079010 
29.000000 	125.972000 	392.000000 	391.927002 	401.079010 
29.100000 	125.972000 	392.000000 	391.927002 	401.079010 
29.200000 	125.972000 	392.000000 	391.927002 	401.079010 
29.300000 	125.972000 	392.000000 	391.927002 	401.079010 
29.400000 	125.972000 	392.000000 	391.927002 	401.079010 
29.500000 	125.989998 	392.000000 	391.919006 	401.140015 
29.600000 	125.989998 	392.000000 	391.919006 	401.140015 
29.700000 	125.989998 	392.000000 	391.919006 	401.140015 
29.800000 	125.989998 	392.000000 	391.919006 	401.140015 
29.900000 	125.989998 	392.000000 	391.919006 	401.140015 
30.000000 	125.989998 	392.000000 	391.919006 	401.140015 
30.100000 	125.989998 	392.000000 	391.919006 	401.140015 
30.200000 	125.989998 	392.000000 	391.919006 	401.140015 
30.300000 	125.989998 	392.000000 	391.919006 	401.140015 
30.400000 	125.989998 	392.000000 	391.919006 	401.140015 
30.500000 	126.008003 	392.000000 	391.911987 	401.203003 
30.600000 	126.008003 	392.000000 	391.911987 	401.203003 
30.700000 	126.008003 	392.000000 	391.911987 	401.203003 
30.800000 	126.008003 	392.000000 	391.911987 	401.203003 
30.900000 	126.008003 	392.000000 	391.911987 	401.203003 
31.000000 	126.008003 	392.000000 	391.911987 	401.203003 
31.100000 	126.008003 	392.000000 	391.911987 	401.203003 
31.200000 	126.008003 	392.000000 	391.911987 	401.203003 
31.300000 	126.008003 	392.000000 	391.911987 	401.203003 
31.400000 	126.008003 	392.000000 	391.911987 	401.203003 
31.500000 	126.024002 	392.000000 	391.906006 	401.265991 
31.600000 	126.024002 	392.000000 	391.906006 	401.265991 
31.700000 	126.024002 	392.000000 	391.906006 	401.265991 
31.800000 	126.024002 	392.000000 	391.906006 	401.265991 
31.900000 	126.024002 	392.000000 	391.906006 	401.265991 
32.000000 	126.024002 	392.000000 	391.906006 	401.265991 
32.100000 	126.024002 	392.000000 	391.906006 	401.265991 
32.200000 	126.024002 	392.000000 	391.906006 	401.265991 
32.300000 	126.024002 	392.000000 	391.906006 	401.265991 
32.400000 	126.024002 	392.000000 	391.906006 	401.265991 
32.500000 	126.040001 	392.000000 	391.898987 	401.330994 
32.600000 	126.040001 	392.000000 	391.898987 	401.330994 
32.700000 	126.040001 	392.000000 	391.898987 	401.330994 
32.800000 	126.040001 	392.000000 	391.898987 	401.330994 
32.900000 	126.040001 	392.000000 	391.898987 	401.330994 
33.000000 	126.040001 	392.000000 	391.898987 	401.330994 
33.100000 	126.040001 	392.000000 	391.898987 	401.330994 
33.200000 	126.040001 	392.000000 	391.898987 	401.330994 
33.300000 	126.040001 	392.000000 	391.898987 	401.330994 
33.400000 	126.040001 	392.000000 	391.898987 	401.330994 
33.500000 	126.055000 	392.000000 	391.891998 	401.397003 
33.600000 	126.055000 	392.000000 	391.891998 	401.397003 
33.700000 	126.055000 	392.000000 	391.891998 	401.397003 
33.800000 	126.055000 	392.000000 	391.891998 	401.397003 
33.900000 	126.055000 	392.000000 	391.891998 	401.397003 
34.000000 	126.055000 	392.000000 	391.891998 	401.397003 
34.100000 	126.055000 	392.000000 	391.891998 	401.397003 
34.200000 	126.055000 	392.000000 	391.891998 	401.397003 
34.300000 	126.055000 	392.000000 	391.891998 	401.397003 
34.400000 	126.055000 	392.000000 	391.891998 	401.397003 
34.500000 	126.070000 	392.000000 	391.885010 	401.463989 
34.600000 	126.070000 	392.000000 	391.885010 	401.463989 
34.700000 	126.070000 	392.000000 	391.885010 	401.463989 
34.800000 	126.070000 	392.000000 	391.885010 	401.463989 
34.900000 	126.070000 	392.000000 	391.885010 	401.463989 
35.000000 	126.070000 	392.000000 	391.885010 	401.463989 
35.100000 	126.070000 	392.000000 	391.885010 	401.463989 
35.200000 	126.070000 	392.000000 	391.885010 	401.463989 
35.300000 	126.070000 	392.000000 	391.885010 	401.463989 
35.400000 	126.070000 	392.000000 	391.885010 	401.463989 
35.500000 	126.084000 	392.000000 	391.877991 	401.532013 
35.600000 	126.084000 	392.000000 	391.877991 	401.532013 
35.700000 	126.084000 	392.000000 	391.877991 	401.532013 
35.800000 	126.084000 	392.000000 	391.877991 	401.532013 
35.900000 	126.084000 	392.000000 	391.877991 	401.532013 
36.000000 	126.084000 	392.000000 	391.877991 	401.532013 
36.100000 	126.084000 	392.000000 	391.877991 	401.532013 
36.200000 	126.084000 	392.000000 	391.877991 	401.532013 
36.300000 	126.084000 	392.000000 	391.877991 	401.532013 
36.400000 	126.084000 	392.000000 	391.877991 	401.532013 
36.500000 	126.098000 	392.000000 	391.871002 	401.601013 
36.600000 	126.098000 	392.000000 	391.871002 	401.601013 
36.700000 	126.098000 	392.000000 	391.871002 	401.601013 
36.800000 	126.098000 	392.000000 	391.871002 	401.601013 
36.900000 	126.098000 	392.000000 	391.871002 	401.601013 
37.000000 	126.098000 	392.000000 	391.871002 	401.601013 
37.100000 	126.098000 	392.000000 	391.871002 	401.601013 
37.200000 	126.098000 	392.000000 	391.871002 	401.601013 
37.300000 	126.098000 	392.000000 	391.871002 	401.601013 
37.400000 	126.098000 	392.000000 	391.871002 	401.601013 
37.500000 	126.111000 	392.000000 	391.864014 	401.670990 
37.600000 	126.111000 	392.000000 	391.864014 	401.670990 
37.700000 	126.111000 	392.000000 	391.864014 	401.670990 
37.800000 	126.111000 	392.000000 	391.864014 	401.670990 
37.900000 	126.111000 	392.000000 	391.864014 	401.670990 
38.000000 	126.111000 	392.000000 	391.864014 	401.670990 
38.100000 	126.111000 	392.000000 	391.864014 	401.670990 
38.200000 	126.111000 	392.000000 	391.864014 	401.670990 
38.300000 	126.111000 	392.000000 	391.864014 	401.670990 
38.400000 	126.111000 	392.000000 	391.864014 	401.670990 
38.500000 	126.124001 	392.000000 	391.856995 	401.742004 
38.600000 	126.124001 	392.000000 	391.856995 	401.742004 
38.700000 	126.124001 	392.000000 	391.856995 	401.742004 
38.800000 	126.124001 	392.000000 	391.856995 	401.742004 
38.900000 	126.124001 	392.000000 	391.856995 	401.742004 
39.000000 	126.124001 	392.000000 	391.856995 	401.742004 
39.100000 	126.124001 	392.000000 	391.856995 	401.742004 
39.200000 	126.124001 	392.000000 	391.856995 	401.742004 
39.300000 	126.124001 	392.000000 	391.856995 	401.742004 
39.400000 	126.124001 	392.000000 	391.856995 	401.742004 
39.500000 	126.137001 	392.000000 	391.848999 	401.813995 
39.600000 	126.137001 	392.000000 	391.848999 	401.813995 
39.700000 	126.137001 	392.000000 	391.848999 	401.813995 
39.800000 	126.137001 	392.000000 	391.848999 	401.813995 
39.900000 	126.137001 	392.000000 	391.848999 	401.813995 
40.000000 	126.137001 	392.000000 	391.848999 	401.813995 
40.100000 	126.137001 	392.000000 	391.848999 	401.813995 
40.200000 	126.137001 	392.000000 	391.848999 	401.813995 
40.300000 	126.137001 	392.000000 	391.848999 	401.813995 
40.400000 	126.137001 	392.000000 	391.848999 	401.813995 
40.500000 	126.150002 	392.000000 	391.841003 	401.885986 
40.600000 	126.150002 	392.000000 	391.841003 	401.885986 
40.700000 	126.150002 	392.000000 	391.841003 	401.885986 
40.800000 	126.150002 	392.000000 	391.841003 	401.885986 
40.900000 	126.150002 	392.000000 	391.841003 	401.885986 
41.000000 	126.150002 	392.000000 	391.841003 	401.885986 
41.100000 	126.150002 	392.000000 	391.841003 	401.885986 
41.200000 	126.150002 	392.000000 	391.841003 	401.885986 
41.300000 	126.150002 	392.000000 	391.841003 	401.885986 
41.400000 	126.150002 	392.000000 	391.841003 	401.885986 
41.500000 	126.162003 	392.000000 	391.833008 	401.959991 
41.600000 	126.162003 	392.000000 	391.833008 	401.959991 
41.700000 	126.162003 	392.000000 	391.833008 	401.959991 
41.800000 	126.162003 	392.000000 	391.833008 	401.959991 
41.900000 	126.162003 	392.000000 	391.833008 	401.959991 
42.000000 	126.162003 	392.000000 	391.833008 	401.959991 
42.100000 	126.162003 	392.000000 	391.833008 	401.959991 
42.200000 	126.162003 	392.000000 	391.833008 	401.959991 
42.300000 	126.162003 	392.000000 	391.833008 	401.959991 
42.400000 	126.162003 	392.000000 	391.833008 	401.959991 
42.500000 	126.175003 	392.000000 	391.825012 	402.033997 
42.600000 	126.175003 	392.000000 	391.825012 	402.033997 
42.700000 	126.175003 	392.000000 	391.825012 	402.033997 
42.800000 	126.175003 	392.000000 	391.825012 	402.033997 
42.900000 	126.175003 	392.000000 	391.825012 	402.033997 
43.000000 	126.175003 	392.000000 	391.825012 	402.033997 
43.100000 	126.175003 	392.000000 	391.825012 	402.033997 
43.200000 	126.175003 	392.000000 	391.825012 	402.033997 
43.300000 	126.175003 	392.000000 	391.825012 	402.033997 
43.400000 	126.175003 	392.000000 	391.825012 	402.033997 
43.500000 	126.186996 	392.000000 	391.816010 	402.109009 
43.600000 	126.186996 	392.000000 	391.816010 	402.109009 
43.700000 	126.186996 	392.000000 	391.816010 	402.109009 
43.800000 	126.186996 	392.000000 	391.816010 	402.109009 
43.900000 	126.186996 	392.000000 	391.816010 	402.109009 
44.000000 	126.186996 	392.000000 	391.816010 	402.109009 
44.100000 	126.186996 	392.000000 	391.816010 	402.109009 
44.200000 	126.186996 	392.000000 	391.816010 	402.109009 
44.300000 	126.186996 	392.000000 	391.816010 	402.109009 
44.400000 	126.186996 	392.000000 	391.816010 	402.109009 
44.500000 	126.199997 	392.000000 	391.807007 	402.184998 
44.600000 	126.199997 	392.000000 	391.807007 	402.184998 
44.700000 	126.199997 	392.000000 	391.807007 	402.184998 
44.800000 	126.199997 	392.000000 	391.807007 	402.184998 
44.900000 	126.199997 	392.000000 	391.807007 	402.184998 
45.000000 	126.199997 	392.000000 	391.807007 	402.184998 
45.100000 	126.199997 	392.000000 	391.807007 	402.184998 
45.200000 	126.199997 	392.000000 	391.807007 	402.184998 
45.300000 	126.199997 	392.000000 	391.807007 	402.184998 
45.400000 	126.199997 	392.000000 	391.807007 	402.184998 
45.500000 	126.211998 	392.000000 	391.798004 	402.260986 
45.600000 	126.211998 	392.000000 	391.798004 	402.260986 
45.700000 	126.211998 	392.000000 	391.798004 	402.260986 
45.800000 	126.211998 	392.000000 	391.798004 	402.260986 
45.900000 	126.211998 	392.000000 	391.798004 	402.260986 
46.000000 	126.211998 	392.000000 	391.798004 	402.260986 
46.100000 	126.211998 	392.000000 	391.798004 	402.260986 
46.200000 	126.211998 	392.000000 	391.798004 	402.260986 
46.300000 	126.211998 	392.000000 	391.798004 	402.260986 
46.400000 	126.211998 	392.000000 	391.798004 	402.260986 
46.500000 	126.223999 	392.000000 	391.787994 	402.338013 
46.600000 	126.223999 	392.000000 	391.787994 	402.338013 
46.700000 	126.223999 	392.000000 	391.787994 	402.338013 
46.800000 	126.223999 	392.000000 	391.787994 	402.338013 
46.900000 	126.223999 	392.000000 	391.787994 	402.338013 
47.000000 	126.223999 	392.000000 	391.787994 	402.338013 
47.100000 	126.223999 	392.000000 	391.787994 	402.338013 
47.200000 	126.223999 	392.000000 	391.787994 	402.338013 
47.300000 	126.223999 	392.000000 	391.787994 	402.338013 
47.400000 	126.223999 	392.000000 	391.787994 	402.338013 
47.500000 	126.236000 	392.000000 	391.778015 	402.415009 
47.600000 	126.236000 	392.000000 	391.778015 	402.415009 
47.700000 	126.236000 	392.000000 	391.778015 	402.415009 
47.800000 	126.236000 	392.000000 	391.778015 	402.415009 
47.900000 	126.236000 	392.000000 	391.778015 	402.415009 
48.000000 	126.236000 	392.000000 	391.778015 	402.415009 
48.100000 	126.236000 	392.000000 	391.778015 	402.415009 
48.200000 	126.236000 	392.000000 	391.778015 	402.415009 
48.300000 	126.236000 	392.000000 	391.778015 	402.415009 
48.400000 	126.236000 	392.000000 	391.778015 	402.415009 
48.500000 	126.248001 	392.000000 	391.768005 	402.493988 
48.600000 	126.248001 	392.000000 	391.768005 	402.493988 
48.700000 	126.248001 	392.000000 	391.768005 	402.493988 
48.800000 	126.248001 	392.000000 	391.768005 	402.493988 
48.900000 	126.248001 	392.000000 	391.768005 	402.493988 
49.000000 	126.248001 	392.000000 	391.768005 	402.493988 
49.100000 	126.248001 	392.000000 	391.768005 	402.493988 
49.200000 	126.248001 	392.000000 	391.768005 	402.493988 
49.300000 	126.248001 	392.000000 	391.768005 	402.493988 
49.400000 	126.248001 	392.000000 	391.768005 	402.493988 
49.500000 	126.260002 	392.000000 	391.756989 	402.571991 
49.600000 	126.260002 	392.000000 	391.756989 	402.571991 
49.700000 	126.260002 	392.000000 	391.756989 	402.571991 
49.800000 	126.260002 	392.000000 	391.756989 	402.571991 
49.900000 	126.260002 	392.000000 	391.756989 	402.571991 
50.000000 	126.260002 	392.000000 	391.756989 	402.571991 
50.100000 	126.260002 	392.000000 	391.756989 	402.571991 
50.200000 	126.260002 	392.000000 	391.756989 	402.571991 
50.300000 	126.260002 	392.000000 	391.756989 	402.571991 
50.400000 	126.260002 	392.000000 	391.756989 	402.571991 
50.500000 	126.272003 	392.000000 	391.744995 	402.651001 
50.600000 	126.272003 	392.000000 	391.744995 	402.651001 
50.700000 	126.272003 	392.000000 	391.744995 	402.651001 
50.800000 	126.272003 	392.000000 	391.744995 	402.651001 
50.900000 	126.272003 	392.000000 	391.744995 	402.651001 
51.000000 	126.272003 	392.000000 	391.744995 	402.651001 
51.100000 	126.272003 	392.000000 	391.744995 	402.651001 
51.200000 	126.272003 	392.000000 	391.744995 	402.651001 
51.300000 	126.272003 	392.000000 	391.744995 	402.651001 
51.400000 	126.272003 	392.000000 	391.744995 	402.651001 
51.500000 	126.283997 	392.000000 	391.733002 	402.730988 
51.600000 	126.283997 	392.000000 	391.733002 	402.730988 
51.700000 	126.283997 	392.000000 	391.733002 	402.730988 
51.800000 	126.283997 	392.000000 	391.733002 	402.730988 
51.900000 	126.283997 	392.000000 	391.733002 	402.730988 
52.000000 	126.283997 	392.000000 	391.733002 	402.730988 
52.100000 	126.283997 	392.000000 	391.733002 	402.730988 
52.200000 	126.283997 	392.000000 	391.733002 	402.730988 
52.300000 	126.283997 	392.000000 	391.733002 	402.730988 
52.400000 	126.283997 	392.000000 	391.733002 	402.730988 
52.500000 	126.296997 	392.000000 	391.720001 	402.811005 
52.600000 	126.296997 	392.000000 	391.720001 	402.811005 
52.700000 	126.296997 	392.000000 	391.720001 	402.811005 
52.800000 	126.296997 	392.000000 	391.720001 	402.811005 
52.900000 	126.296997 	392.000000 	391.720001 	402.811005 
53.000000 	126.296997 	392.000000 	391.720001 	402.811005 
53.100000 	126.296997 	392.000000 	391.720001 	402.811005 
53.200000 	126.296997 	392.000000 	391.720001 	402.811005 
53.300000 	126.296997 	392.000000 	391.720001 	402.811005 
53.400000 	126.296997 	392.000000 	391.720001 	402.811005 
53.500000 	126.308998 	392.000000 	391.707001 	402.890991 
53.600000 	126.308998 	392.000000 	391.707001 	402.890991 
53.700000 	126.308998 	392.000000 	391.707001 	402.890991 
53.800000 	126.308998 	392.000000 	391.707001 	402.890991 
53.900000 	126.308998 	392.000000 	391.707001 	402.890991 
54.000000 	126.308998 	392.000000 	391.707001 	402.890991 
54.100000 	126.308998 	392.000000 	391.707001 	402.890991 
54.200000 	126.308998 	392.000000 	391.707001 	402.890991 
54.300000 	126.308998 	392.000000 	391.707001 	402.890991 
54.400000 	126.308998 	392.000000 	391.707001 	402.890991 
54.500000 	126.320999 	392.000000 	391.694000 	402.971985 
54.600000 	126.320999 	392.000000 	391.694000 	402.971985 
54.700000 	126.320999 	392.000000 	391.694000 	402.971985 
54.800000 	126.320999 	392.000000 	391.694000 	402.971985 
54.900000 	126.320999 	392.000000 	391.694000 	402.971985 
55.000000 	126.320999 	392.000000 	391.694000 	402.971985 
55.100000 	126.320999 	392.000000 	391.694000 	402.971985 
55.200000 	126.320999 	392.000000 	391.694000 	402.971985 
55.300000 	126.320999 	392.000000 	391.694000 	402.971985 
55.400000 	126.320999 	392.000000 	391.694000 	402.971985 
55.500000 	126.334000 	392.000000 	391.678986 	403.053009 
55.600000 	126.334000 	392.000000 	391.678986 	403.053009 
55.700000 	126.334000 	392.000000 	391.678986 	403.053009 
55.800000 	126.334000 	392.000000 	391.678986 	403.053009 
55.900000 	126.334000 	392.000000 	391.678986 	403.053009 
56.000000 	126.334000 	392.000000 	391.678986 	403.053009 
56.100000 	126.334000 	392.000000 	391.678986 	403.053009 
56.200000 	126.334000 	392.000000 	391.678986 	403.053009 
56.300000 	126.334000 	392.000000 	391.678986 	403.053009 
56.400000 	126.334000 	392.000000 	391.678986 	403.053009 
56.500000 	126.346001 	392.000000 	391.664001 	403.134003 
56.600000 	126.346001 	392.000000 	391.664001 	403.134003 
56.700000 	126.346001 	392.000000 	391.664001 	403.134003 
56.800000 	126.346001 	392.000000 	391.664001 	403.134003 
56.900000 	126.346001 	392.000000 	391.664001 	403.134003 
57.000000 	126.346001 	392.000000 	391.664001 	403.134003 
57.100000 	126.346001 	392.000000 	391.664001 	403.134003 
57.200000 	126.346001 	392.000000 	391.664001 	403.134003 
57.300000 	126.346001 	392.000000 	391.664001 	403.134003 
57.400000 	126.346001 	392.000000 	391.664001 	403.134003 
57.500000 	126.359001 	392.000000 	391.648987 	403.214996 
57.600000 	126.359001 	392.000000 	391.648987 	403.214996 
57.700000 	126.359001 	392.000000 	391.648987 	403.214996 
57.800000 	126.359001 	392.000000 	391.648987 	403.214996 
57.900000 	126.359001 	392.000000 	391.648987 	403.214996 
58.000000 	126.359001 	392.000000 	391.648987 	403.214996 
58.100000 	126.359001 	392.000000 	391.648987 	403.214996 
58.200000 	126.359001 	392.000000 	391.648987 	403.214996 
58.300000 	126.359001 	392.000000 	391.648987 	403.214996 
58.400000 	126.359001 	392.000000 	391.648987 	403.214996 
58.500000 	126.371002 	392.000000 	391.631989 	403.296997 
58.600000 	126.371002 	392.000000 	391.631989 	403.296997 
58.700000 	126.371002 	392.000000 	391.631989 	403.296997 
58.800000 	126.371002 	392.000000 	391.631989 	403.296997 
58.900000 	126.371002 	392.000000 	391.631989 	403.296997 
59.000000 	126.371002 	392.000000 	391.631989 	403.296997 
59.100000 	126.371002 	392.000000 	391.631989 	403.296997 
59.200000 	126.371002 	392.000000 	391.631989 	403.296997 
59.300000 	126.371002 	392.000000 	391.631989 	403.296997 
59.400000 	126.371002 	392.000000 	391.631989 	403.296997 
59.500000 	126.384003 	392.000000 	391.614990 	403.378998 
59.600000 	126.384003 	392.000000 	391.614990 	403.378998 
59.700000 	126.384003 	392.000000 	391.614990 	403.378998 
59.800000 	126.384003 	392.000000 	391.614990 	403.378998 
59.900000 	126.384003 	392.000000 	391.614990 	403.378998 
60.000000 	126.384003 	392.000000 	391.614990 	403.378998 
