0.500000 	93.042397 	923.000000 	928.307983 	924.984985 
0.600000 	93.042397 	923.000000 	928.307983 	924.984985 
0.700000 	93.042397 	923.000000 	928.307983 	924.984985 
0.800000 	93.042397 	923.000000 	928.307983 	924.984985 
0.900000 	93.042397 	923.000000 	928.307983 	924.984985 
1.000000 	93.042397 	923.000000 	928.307983 	924.984985 
1.100000 	93.042397 	923.000000 	928.307983 	924.984985 
1.200000 	93.042397 	923.000000 	928.307983 	924.984985 
1.300000 	93.042397 	923.000000 	928.307983 	924.984985 
1.400000 	93.042397 	923.000000 	928.307983 	924.984985 
1.500000 	104.195999 	923.000000 	926.263000 	926.581970 
1.600000 	104.195999 	923.000000 	926.263000 	926.581970 
1.700000 	104.195999 	923.000000 	926.263000 	926.581970 
1.800000 	104.195999 	923.000000 	926.263000 	926.581970 
1.900000 	104.195999 	923.000000 	926.263000 	926.581970 
2.000000 	104.195999 	923.000000 	926.263000 	926.581970 
2.100000 	104.195999 	923.000000 	926.263000 	926.581970 
2.200000 	104.195999 	923.000000 	926.263000 	926.581970 
2.300000 	104.195999 	923.000000 	926.263000 	926.581970 
2.400000 	104.195999 	923.000000 	926.263000 	926.581970 
2.500000 	114.070000 	923.000000 	924.771973 	926.632019 
2.600000 	114.070000 	923.000000 	924.771973 	926.632019 
2.700000 	114.070000 	923.000000 	924.771973 	926.632019 
2.800000 	114.070000 	923.000000 	924.771973 	926.632019 
2.900000 	114.070000 	923.000000 	924.771973 	926.632019 
3.000000 	114.070000 	923.000000 	924.771973 	926.632019 
3.100000 	114.070000 	923.000000 	924.771973 	926.632019 
3.200000 	114.070000 	923.000000 	924.771973 	926.632019 
3.300000 	114.070000 	923.000000 	924.771973 	926.632019 
3.400000 	114.070000 	923.000000 	924.771973 	926.632019 
3.500000 	118.769997 	923.000000 	924.049988 	926.632996 
3.600000 	118.769997 	923.000000 	924.049988 	926.632996 
3.700000 	118.769997 	923.000000 	924.049988 	926.632996 
3.800000 	118.769997 	923.000000 	924.049988 	926.632996 
3.900000 	118.769997 	923.000000 	924.049988 	926.632996 
4.000000 	118.769997 	923.000000 	924.049988 	926.632996 
4.100000 	118.769997 	923.000000 	924.049988 	926.632996 
4.200000 	118.769997 	923.000000 	924.049988 	926.632996 
4.300000 	118.769997 	923.000000 	924.049988 	926.632996 
4.400000 	118.769997 	923.000000 	924.049988 	926.632996 
4.500000 	121.217003 	923.000000 	923.668030 	926.632019 
4.600000 	121.217003 	923.000000 	923.668030 	926.632019 
4.700000 	121.217003 	923.000000 	923.668030 	926.632019 
4.800000 	121.217003 	923.000000 	923.668030 	926.632019 
4.900000 	121.217003 	923.000000 	923.668030 	926.632019 
5.000000 	121.217003 	923.000000 	923.668030 	926.632019 
5.100000 	121.217003 	923.000000 	923.668030 	926.632019 
5.200000 	121.217003 	923.000000 	923.668030 	926.632019 
5.300000 	121.217003 	923.000000 	923.668030 	926.632019 
5.400000 	121.217003 	923.000000 	923.668030 	926.632019 
5.500000 	122.626999 	923.000000 	923.445984 	926.632019 
5.600000 	122.626999 	923.000000 	923.445984 	926.632019 
5.700000 	122.626999 	923.000000 	923.445984 	926.632019 
5.800000 	122.626999 	923.000000 	923.445984 	926.632019 
5.900000 	122.626999 	923.000000 	923.445984 	926.632019 
6.000000 	122.626999 	923.000000 	923.445984 	926.632019 
6.100000 	122.626999 	923.000000 	923.445984 	926.632019 
6.200000 	122.626999 	923.000000 	923.445984 	926.632019 
6.300000 	122.626999 	923.000000 	923.445984 	926.632019 
6.400000 	122.626999 	923.000000 	923.445984 	926.632019 
6.500000 	123.507004 	923.000000 	923.306030 	926.633972 
6.600000 	123.507004 	923.000000 	923.306030 	926.633972 
6.700000 	123.507004 	923.000000 	923.306030 	926.633972 
6.800000 	123.507004 	923.000000 	923.306030 	926.633972 
6.900000 	123.507004 	923.000000 	923.306030 	926.633972 
7.000000 	123.507004 	923.000000 	923.306030 	926.633972 
7.100000 	123.507004 	923.000000 	923.306030 	926.633972 
7.200000 	123.507004 	923.000000 	923.306030 	926.633972 
7.300000 	123.507004 	923.000000 	923.306030 	926.633972 
7.400000 	123.507004 	923.000000 	923.306030 	926.633972 
7.500000 	124.092003 	923.000000 	923.213013 	926.635986 
7.600000 	124.092003 	923.000000 	923.213013 	926.635986 
7.700000 	124.092003 	923.000000 	923.213013 	926.635986 
7.800000 	124.092003 	923.000000 	923.213013 	926.635986 
7.900000 	124.092003 	923.000000 	923.213013 	926.635986 
8.000000 	124.092003 	923.000000 	923.213013 	926.635986 
8.100000 	124.092003 	923.000000 	923.213013 	926.635986 
8.200000 	124.092003 	923.000000 	923.213013 	926.635986 
8.300000 	124.092003 	923.000000 	923.213013 	926.635986 
8.400000 	124.092003 	923.000000 	923.213013 	926.635986 
8.500000 	124.500999 	923.000000 	923.146973 	926.638977 
8.600000 	124.500999 	923.000000 	923.146973 	926.638977 
8.700000 	124.500999 	923.000000 	923.146973 	926.638977 
8.800000 	124.500999 	923.000000 	923.146973 	926.638977 
8.900000 	124.500999 	923.000000 	923.146973 	926.638977 
9.000000 	124.500999 	923.000000 	923.146973 	926.638977 
9.100000 	124.500999 	923.000000 	923.146973 	926.638977 
9.200000 	124.500999 	923.000000 	923.146973 	926.638977 
9.300000 	124.500999 	923.000000 	923.146973 	926.638977 
9.400000 	124.500999 	923.000000 	923.146973 	926.638977 
9.500000 	124.796997 	923.000000 	923.098022 	926.642029 
9.600000 	124.796997 	923.000000 	923.098022 	926.642029 
9.700000 	124.796997 	923.000000 	923.098022 	926.642029 
9.800000 	124.796997 	923.000000 	923.098022 	926.642029 
9.900000 	124.796997 	923.000000 	923.098022 	926.642029 
10.000000 	124.796997 	923.000000 	923.098022 	926.642029 
10.100000 	124.796997 	923.000000 	923.098022 	926.642029 
10.200000 	124.796997 	923.000000 	923.098022 	926.642029 
10.300000 	124.796997 	923.000000 	923.098022 	926.642029 
10.400000 	124.796997 	923.000000 	923.098022 	926.642029 
10.500000 	125.018997 	923.000000 	923.059998 	926.645996 
10.600000 	125.018997 	923.000000 	923.059998 	926.645996 
10.700000 	125.018997 	923.000000 	923.059998 	926.645996 
10.800000 	125.018997 	923.000000 	923.059998 	926.645996 
10.900000 	125.018997 	923.000000 	923.059998 	926.645996 
11.000000 	125.018997 	923.000000 	923.059998 	926.645996 
11.100000 	125.018997 	923.000000 	923.059998 	926.645996 
11.200000 	125.018997 	923.000000 	923.059998 	926.645996 
11.300000 	125.018997 	923.000000 	923.059998 	926.645996 
11.400000 	125.018997 	923.000000 	923.059998 	926.645996 
11.500000 	125.190002 	923.000000 	923.030029 	926.650024 
11.600000 	125.190002 	923.000000 	923.030029 	926.650024 
11.700000 	125.190002 	923.000000 	923.030029 	926.650024 
11.800000 	125.190002 	923.000000 	923.030029 	926.650024 
11.900000 	125.190002 	923.000000 	923.030029 	926.650024 
12.000000 	125.190002 	923.000000 	923.030029 	926.650024 
12.100000 	125.190002 	923.000000 	923.030029 	926.650024 
12.200000 	125.190002 	923.000000 	923.030029 	926.650024 
12.300000 	125.190002 	923.000000 	923.030029 	926.650024 
12.400000 	125.190002 	923.000000 	923.030029 	926.650024 
12.500000 	125.323997 	923.000000 	923.005981 	926.655029 
12.600000 	125.323997 	923.000000 	923.005981 	926.655029 
12.700000 	125.323997 	923.000000 	923.005981 	926.655029 
12.800000 	125.323997 	923.000000 	923.005981 	926.655029 
12.900000 	125.323997 	923.000000 	923.005981 	926.655029 
13.000000 	125.323997 	923.000000 	923.005981 	926.655029 
13.100000 	125.323997 	923.000000 	923.005981 	926.655029 
13.200000 	125.323997 	923.000000 	923.005981 	926.655029 
13.300000 	125.323997 	923.000000 	923.005981 	926.655029 
13.400000 	125.323997 	923.000000 	923.005981 	926.655029 
13.500000 	125.431999 	923.000000 	922.986023 	926.659973 
13.600000 	125.431999 	923.000000 	922.986023 	926.659973 
13.700000 	125.431999 	923.000000 	922.986023 	926.659973 
13.800000 	125.431999 	923.000000 	922.986023 	926.659973 
13.900000 	125.431999 	923.000000 	922.986023 	926.659973 
14.000000 	125.431999 	923.000000 	922.986023 	926.659973 
14.100000 	125.431999 	923.000000 	922.986023 	926.659973 
14.200000 	125.431999 	923.000000 	922.986023 	926.659973 
14.300000 	125.431999 	923.000000 	922.986023 	926.659973 
14.400000 	125.431999 	923.000000 	922.986023 	926.659973 
14.500000 	125.519997 	923.000000 	922.968018 	926.664978 
14.600000 	125.519997 	923.000000 	922.968018 	926.664978 
14.700000 	125.519997 	923.000000 	922.968018 	926.664978 
14.800000 	125.519997 	923.000000 	922.968018 	926.664978 
14.900000 	125.519997 	923.000000 	922.968018 	926.664978 
15.000000 	125.519997 	923.000000 	922.968018 	926.664978 
15.100000 	125.519997 	923.000000 	922.968018 	926.664978 
15.200000 	125.519997 	923.000000 	922.968018 	926.664978 
15.300000 	125.519997 	923.000000 	922.968018 	926.664978 
15.400000 	125.519997 	923.000000 	922.968018 	926.664978 
15.500000 	125.593002 	923.000000 	922.952026 	926.671021 
15.600000 	125.593002 	923.000000 	922.952026 	926.671021 
15.700000 	125.593002 	923.000000 	922.952026 	926.671021 
15.800000 	125.593002 	923.000000 	922.952026 	926.671021 
15.900000 	125.593002 	923.000000 	922.952026 	926.671021 
16.000000 	125.593002 	923.000000 	922.952026 	926.671021 
16.100000 	125.593002 	923.000000 	922.952026 	926.671021 
16.200000 	125.593002 	923.000000 	922.952026 	926.671021 
16.300000 	125.593002 	923.000000 	922.952026 	926.671021 
16.400000 	125.593002 	923.000000 	922.952026 	926.671021 
16.500000 	125.654999 	923.000000 	922.937988 	926.676025 
16.600000 	125.654999 	923.000000 	922.937988 	926.676025 
16.700000 	125.654999 	923.000000 	922.937988 	926.676025 
16.800000 	125.654999 	923.000000 	922.937988 	926.676025 
16.900000 	125.654999 	923.000000 	922.937988 	926.676025 
17.000000 	125.654999 	923.000000 	922.937988 	926.676025 
17.100000 	125.654999 	923.000000 	922.937988 	926.676025 
17.200000 	125.654999 	923.000000 	922.937988 	926.676025 
17.300000 	125.654999 	923.000000 	922.937988 	926.676025 
17.400000 	125.654999 	923.000000 	922.937988 	926.676025 
17.500000 	125.707001 	923.000000 	922.924011 	926.682007 
17.600000 	125.707001 	923.000000 	922.924011 	926.682007 
17.700000 	125.707001 	923.000000 	922.924011 	926.682007 
17.800000 	125.707001 	923.000000 	922.924011 	926.682007 
17.900000 	125.707001 	923.000000 	922.924011 	926.682007 
18.000000 	125.707001 	923.000000 	922.924011 	926.682007 
18.100000 	125.707001 	923.000000 	922.924011 	926.682007 
18.200000 	125.707001 	923.000000 	922.924011 	926.682007 
18.300000 	125.707001 	923.000000 	922.924011 	926.682007 
18.400000 	125.707001 	923.000000 	922.924011 	926.682007 
18.500000 	125.751999 	923.000000 	922.911987 	926.687012 
18.600000 	125.751999 	923.000000 	922.911987 	926.687012 
18.700000 	125.751999 	923.000000 	922.911987 	926.687012 
18.800000 	125.751999 	923.000000 	922.911987 	926.687012 
18.900000 	125.751999 	923.000000 	922.911987 	926.687012 
19.000000 	125.751999 	923.000000 	922.911987 	926.687012 
19.100000 	125.751999 	923.000000 	922.911987 	926.687012 
19.200000 	125.751999 	923.000000 	922.911987 	926.687012 
19.300000 	125.751999 	923.000000 	922.911987 	926.687012 
19.400000 	125.751999 	923.000000 	922.911987 	926.687012 
19.500000 	125.791000 	923.000000 	922.900024 	926.692993 
19.600000 	125.791000 	923.000000 	922.900024 	926.692993 
19.700000 	125.791000 	923.000000 	922.900024 	926.692993 
19.800000 	125.791000 	923.000000 	922.900024 	926.692993 
19.900000 	125.791000 	923.000000 	922.900024 	926.692993 
20.000000 	125.791000 	923.000000 	922.900024 	926.692993 
20.100000 	125.791000 	923.000000 	922.900024 	926.692993 
20.200000 	125.791000 	923.000000 	922.900024 	926.692993 
20.300000 	125.791000 	923.000000 	922.900024 	926.692993 
20.400000 	125.791000 	923.000000 	922.900024 	926.692993 
20.500000 	125.824997 	923.000000 	922.888000 	926.698975 
20.600000 	125.824997 	923.000000 	922.888000 	926.698975 
20.700000 	125.824997 	923.000000 	922.888000 	926.698975 
20.800000 	125.824997 	923.000000 	922.888000 	926.698975 
20.900000 	125.824997 	923.000000 	922.888000 	926.698975 
21.000000 	125.824997 	923.000000 	922.888000 	926.698975 
21.100000 	125.824997 	923.000000 	922.888000 	926.698975 
21.200000 	125.824997 	923.000000 	922.888000 	926.698975 
21.300000 	125.824997 	923.000000 	922.888000 	926.698975 
21.400000 	125.824997 	923.000000 	922.888000 	926.698975 
21.500000 	125.855003 	923.000000 	922.875977 	926.703979 
21.600000 	125.855003 	923.000000 	922.875977 	926.703979 
21.700000 	125.855003 	923.000000 	922.875977 	926.703979 
21.800000 	125.855003 	923.000000 	922.875977 	926.703979 
21.900000 	125.855003 	923.000000 	922.875977 	926.703979 
22.000000 	125.855003 	923.000000 	922.875977 	926.703979 
22.100000 	125.855003 	923.000000 	922.875977 	926.703979 
22.200000 	125.855003 	923.000000 	922.875977 	926.703979 
22.300000 	125.855003 	923.000000 	922.875977 	926.703979 
22.400000 	125.855003 	923.000000 	922.875977 	926.703979 
22.500000 	125.882004 	923.000000 	922.864990 	926.708984 
22.600000 	125.882004 	923.000000 	922.864990 	926.708984 
22.700000 	125.882004 	923.000000 	922.864990 	926.708984 
22.800000 	125.882004 	923.000000 	922.864990 	926.708984 
22.900000 	125.882004 	923.000000 	922.864990 	926.708984 
23.000000 	125.882004 	923.000000 	922.864990 	926.708984 
23.100000 	125.882004 	923.000000 	922.864990 	926.708984 
23.200000 	125.882004 	923.000000 	922.864990 	926.708984 
23.300000 	125.882004 	923.000000 	922.864990 	926.708984 
23.400000 	125.882004 	923.000000 	922.864990 	926.708984 
23.500000 	125.906998 	923.000000 	922.853027 	926.715027 
23.600000 	125.906998 	923.000000 	922.853027 	926.715027 
23.700000 	125.906998 	923.000000 	922.853027 	926.715027 
23.800000 	125.906998 	923.000000 	922.853027 	926.715027 
23.900000 	125.906998 	923.000000 	922.853027 	926.715027 
24.000000 	125.906998 	923.000000 	922.853027 	926.715027 
24.100000 	125.906998 	923.000000 	922.853027 	926.715027 
24.200000 	125.906998 	923.000000 	922.853027 	926.715027 
24.300000 	125.906998 	923.000000 	922.853027 	926.715027 
24.400000 	125.906998 	923.000000 	922.853027 	926.715027 
24.500000 	125.929001 	923.000000 	922.841003 	926.719971 
24.600000 	125.929001 	923.000000 	922.841003 	926.719971 
24.700000 	125.929001 	923.000000 	922.841003 	926.719971 
24.800000 	125.929001 	923.000000 	922.841003 	926.719971 
24.900000 	125.929001 	923.000000 	922.841003 	926.719971 
25.000000 	125.929001 	923.000000 	922.841003 	926.719971 
25.100000 	125.929001 	923.000000 	922.841003 	926.719971 
25.200000 	125.929001 	923.000000 	922.841003 	926.719971 
25.300000 	125.929001 	923.000000 	922.841003 	926.719971 
25.400000 	125.929001 	923.000000 	922.841003 	926.719971 
25.500000 	125.948997 	923.000000 	922.828979 	926.723999 
25.600000 	125.948997 	923.000000 	922.828979 	926.723999 
25.700000 	125.948997 	923.000000 	922.828979 	926.723999 
25.800000 	125.948997 	923.000000 	922.828979 	926.723999 
25.900000 	125.948997 	923.000000 	922.828979 	926.723999 
26.000000 	125.948997 	923.000000 	922.828979 	926.723999 
26.100000 	125.948997 	923.000000 	922.828979 	926.723999 
26.200000 	125.948997 	923.000000 	922.828979 	926.723999 
26.300000 	125.948997 	923.000000 	922.828979 	926.723999 
26.400000 	125.948997 	923.000000 	922.828979 	926.723999 
26.500000 	125.967003 	923.000000 	922.815979 	926.729004 
26.600000 	125.967003 	923.000000 	922.815979 	926.729004 
26.700000 	125.967003 	923.000000 	922.815979 	926.729004 
26.800000 	125.967003 	923.000000 	922.815979 	926.729004 
26.900000 	125.967003 	923.000000 	922.815979 	926.729004 
27.000000 	125.967003 	923.000000 	922.815979 	926.729004 
27.100000 	125.967003 	923.000000 	922.815979 	926.729004 
27.200000 	125.967003 	923.000000 	922.815979 	926.729004 
27.300000 	125.967003 	923.000000 	922.815979 	926.729004 
27.400000 	125.967003 	923.000000 	922.815979 	926.729004 
27.500000 	125.984001 	923.000000 	922.802979 	926.732971 
27.600000 	125.984001 	923.000000 	922.802979 	926.732971 
27.700000 	125.984001 	923.000000 	922.802979 	926.732971 
27.800000 	125.984001 	923.000000 	922.802979 	926.732971 
27.900000 	125.984001 	923.000000 	922.802979 	926.732971 
28.000000 	125.984001 	923.000000 	922.802979 	926.732971 
28.100000 	125.984001 	923.000000 	922.802979 	926.732971 
28.200000 	125.984001 	923.000000 	922.802979 	926.732971 
28.300000 	125.984001 	923.000000 	922.802979 	926.732971 
28.400000 	125.984001 	923.000000 	922.802979 	926.732971 
28.500000 	126.000000 	923.000000 	922.789978 	926.736023 
28.600000 	126.000000 	923.000000 	922.789978 	926.736023 
28.700000 	126.000000 	923.000000 	922.789978 	926.736023 
28.800000 	126.000000 	923.000000 	922.789978 	926.736023 
28.900000 	126.000000 	923.000000 	922.789978 	926.736023 
29.000000 	126.000000 	923.000000 	922.789978 	926.736023 
29.100000 	126.000000 	923.000000 	922.789978 	926.736023 
29.200000 	126.000000 	923.000000 	922.789978 	926.736023 
29.300000 	126.000000 	923.000000 	922.789978 	926.736023 
29.400000 	126.000000 	923.000000 	922.789978 	926.736023 
29.500000 	126.014999 	923.000000 	922.776001 	926.739014 
29.600000 	126.014999 	923.000000 	922.776001 	926.739014 
29.700000 	126.014999 	923.000000 	922.776001 	926.739014 
29.800000 	126.014999 	923.000000 	922.776001 	926.739014 
29.900000 	126.014999 	923.000000 	922.776001 	926.739014 
30.000000 	126.014999 	923.000000 	922.776001 	926.739014 
30.100000 	126.014999 	923.000000 	922.776001 	926.739014 
30.200000 	126.014999 	923.000000 	922.776001 	926.739014 
30.300000 	126.014999 	923.000000 	922.776001 	926.739014 
30.400000 	126.014999 	923.000000 	922.776001 	926.739014 
30.500000 	126.028999 	923.000000 	922.762024 	926.742004 
30.600000 	126.028999 	923.000000 	922.762024 	926.742004 
30.700000 	126.028999 	923.000000 	922.762024 	926.742004 
30.800000 	126.028999 	923.000000 	922.762024 	926.742004 
30.900000 	126.028999 	923.000000 	922.762024 	926.742004 
31.000000 	126.028999 	923.000000 	922.762024 	926.742004 
31.100000 	126.028999 	923.000000 	922.762024 	926.742004 
31.200000 	126.028999 	923.000000 	922.762024 	926.742004 
31.300000 	126.028999 	923.000000 	922.762024 	926.742004 
31.400000 	126.028999 	923.000000 	922.762024 	926.742004 
31.500000 	126.042000 	923.000000 	922.747009 	926.744019 
31.600000 	126.042000 	923.000000 	922.747009 	926.744019 
31.700000 	126.042000 	923.000000 	922.747009 	926.744019 
31.800000 	126.042000 	923.000000 	922.747009 	926.744019 
31.900000 	126.042000 	923.000000 	922.747009 	926.744019 
32.000000 	126.042000 	923.000000 	922.747009 	926.744019 
32.100000 	126.042000 	923.000000 	922.747009 	926.744019 
32.200000 	126.042000 	923.000000 	922.747009 	926.744019 
32.300000 	126.042000 	923.000000 	922.747009 	926.744019 
32.400000 	126.042000 	923.000000 	922.747009 	926.744019 
32.500000 	126.054001 	923.000000 	922.731018 	926.744995 
32.600000 	126.054001 	923.000000 	922.731018 	926.744995 
32.700000 	126.054001 	923.000000 	922.731018 	926.744995 
32.800000 	126.054001 	923.000000 	922.731018 	926.744995 
32.900000 	126.054001 	923.000000 	922.731018 	926.744995 
33.000000 	126.054001 	923.000000 	922.731018 	926.744995 
33.100000 	126.054001 	923.000000 	922.731018 	926.744995 
33.200000 	126.054001 	923.000000 	922.731018 	926.744995 
33.300000 	126.054001 	923.000000 	922.731018 	926.744995 
33.400000 	126.054001 	923.000000 	922.731018 	926.744995 
33.500000 	126.066002 	923.000000 	922.715027 	926.745972 
33.600000 	126.066002 	923.000000 	922.715027 	926.745972 
33.700000 	126.066002 	923.000000 	922.715027 	926.745972 
33.800000 	126.066002 	923.000000 	922.715027 	926.745972 
33.900000 	126.066002 	923.000000 	922.715027 	926.745972 
34.000000 	126.066002 	923.000000 	922.715027 	926.745972 
34.100000 	126.066002 	923.000000 	922.715027 	926.745972 
34.200000 	126.066002 	923.000000 	922.715027 	926.745972 
34.300000 	126.066002 	923.000000 	922.715027 	926.745972 
34.400000 	126.066002 	923.000000 	922.715027 	926.745972 
34.500000 	126.078003 	923.000000 	922.697998 	926.745972 
34.600000 	126.078003 	923.000000 	922.697998 	926.745972 
34.700000 	126.078003 	923.000000 	922.697998 	926.745972 
34.800000 	126.078003 	923.000000 	922.697998 	926.745972 
34.900000 	126.078003 	923.000000 	922.697998 	926.745972 
35.000000 	126.078003 	923.000000 	922.697998 	926.745972 
35.100000 	126.078003 	923.000000 	922.697998 	926.745972 
35.200000 	126.078003 	923.000000 	922.697998 	926.745972 
35.300000 	126.078003 	923.000000 	922.697998 	926.745972 
35.400000 	126.078003 	923.000000 	922.697998 	926.745972 
35.500000 	126.088997 	923.000000 	922.679993 	926.744995 
35.600000 	126.088997 	923.000000 	922.679993 	926.744995 
35.700000 	126.088997 	923.000000 	922.679993 	926.744995 
35.800000 	126.088997 	923.000000 	922.679993 	926.744995 
35.900000 	126.088997 	923.000000 	922.679993 	926.744995 
36.000000 	126.088997 	923.000000 	922.679993 	926.744995 
36.100000 	126.088997 	923.000000 	922.679993 	926.744995 
36.200000 	126.088997 	923.000000 	922.679993 	926.744995 
36.300000 	126.088997 	923.000000 	922.679993 	926.744995 
36.400000 	126.088997 	923.000000 	922.679993 	926.744995 
36.500000 	126.098999 	923.000000 	922.661987 	926.744019 
36.600000 	126.098999 	923.000000 	922.661987 	926.744019 
36.700000 	126.098999 	923.000000 	922.661987 	926.744019 
36.800000 	126.098999 	923.000000 	922.661987 	926.744019 
36.900000 	126.098999 	923.000000 	922.661987 	926.744019 
37.000000 	126.098999 	923.000000 	922.661987 	926.744019 
37.100000 	126.098999 	923.000000 	922.661987 	926.744019 
37.200000 	126.098999 	923.000000 	922.661987 	926.744019 
37.300000 	126.098999 	923.000000 	922.661987 	926.744019 
37.400000 	126.098999 	923.000000 	922.661987 	926.744019 
37.500000 	126.109001 	923.000000 	922.642029 	926.741028 
37.600000 	126.109001 	923.000000 	922.642029 	926.741028 
37.700000 	126.109001 	923.000000 	922.642029 	926.741028 
37.800000 	126.109001 	923.000000 	922.642029 	926.741028 
37.900000 	126.109001 	923.000000 	922.642029 	926.741028 
38.000000 	126.109001 	923.000000 	922.642029 	926.741028 
38.100000 	126.109001 	923.000000 	922.642029 	926.741028 
38.200000 	126.109001 	923.000000 	922.642029 	926.741028 
38.300000 	126.109001 	923.000000 	922.642029 	926.741028 
38.400000 	126.109001 	923.000000 	922.642029 	926.741028 
38.500000 	126.119003 	923.000000 	922.622009 	926.737976 
38.600000 	126.119003 	923.000000 	922.622009 	926.737976 
38.700000 	126.119003 	923.000000 	922.622009 	926.737976 
38.800000 	126.119003 	923.000000 	922.622009 	926.737976 
38.900000 	126.119003 	923.000000 	922.622009 	926.737976 
39.000000 	126.119003 	923.000000 	922.622009 	926.737976 
39.100000 	126.119003 	923.000000 	922.622009 	926.737976 
39.200000 	126.119003 	923.000000 	922.622009 	926.737976 
39.300000 	126.119003 	923.000000 	922.622009 	926.737976 
39.400000 	126.119003 	923.000000 	922.622009 	926.737976 
39.500000 	126.128998 	923.000000 	922.601013 	926.734009 
39.600000 	126.128998 	923.000000 	922.601013 	926.734009 
39.700000 	126.128998 	923.000000 	922.601013 	926.734009 
39.800000 	126.128998 	923.000000 	922.601013 	926.734009 
39.900000 	126.128998 	923.000000 	922.601013 	926.734009 
40.000000 	126.128998 	923.000000 	922.601013 	926.734009 
40.100000 	126.128998 	923.000000 	922.601013 	926.734009 
40.200000 	126.128998 	923.000000 	922.601013 	926.734009 
40.300000 	126.128998 	923.000000 	922.601013 	926.734009 
40.400000 	126.128998 	923.000000 	922.601013 	926.734009 
40.500000 	126.139000 	923.000000 	922.578003 	926.729004 
40.600000 	126.139000 	923.000000 	922.578003 	926.729004 
40.700000 	126.139000 	923.000000 	922.578003 	926.729004 
40.800000 	126.139000 	923.000000 	922.578003 	926.729004 
40.900000 	126.139000 	923.000000 	922.578003 	926.729004 
41.000000 	126.139000 	923.000000 	922.578003 	926.729004 
41.100000 	126.139000 	923.000000 	922.578003 	926.729004 
41.200000 	126.139000 	923.000000 	922.578003 	926.729004 
41.300000 	126.139000 	923.000000 	922.578003 	926.729004 
41.400000 	126.139000 	923.000000 	922.578003 	926.729004 
41.500000 	126.148003 	923.000000 	922.554993 	926.721985 
41.600000 	126.148003 	923.000000 	922.554993 	926.721985 
41.700000 	126.148003 	923.000000 	922.554993 	926.721985 
41.800000 	126.148003 	923.000000 	922.554993 	926.721985 
41.900000 	126.148003 	923.000000 	922.554993 	926.721985 
42.000000 	126.148003 	923.000000 	922.554993 	926.721985 
42.100000 	126.148003 	923.000000 	922.554993 	926.721985 
42.200000 	126.148003 	923.000000 	922.554993 	926.721985 
42.300000 	126.148003 	923.000000 	922.554993 	926.721985 
42.400000 	126.148003 	923.000000 	922.554993 	926.721985 
42.500000 	126.156998 	923.000000 	922.531006 	926.715027 
42.600000 	126.156998 	923.000000 	922.531006 	926.715027 
42.700000 	126.156998 	923.000000 	922.531006 	926.715027 
42.800000 	126.156998 	923.000000 	922.531006 	926.715027 
42.900000 	126.156998 	923.000000 	922.531006 	926.715027 
43.000000 	126.156998 	923.000000 	922.531006 	926.715027 
43.100000 	126.156998 	923.000000 	922.531006 	926.715027 
43.200000 	126.156998 	923.000000 	922.531006 	926.715027 
43.300000 	126.156998 	923.000000 	922.531006 	926.715027 
43.400000 	126.156998 	923.000000 	922.531006 	926.715027 
43.500000 	126.166000 	923.000000 	922.505005 	926.705994 
43.600000 	126.166000 	923.000000 	922.505005 	926.705994 
43.700000 	126.166000 	923.000000 	922.505005 	926.705994 
43.800000 	126.166000 	923.000000 	922.505005 	926.705994 
43.900000 	126.166000 	923.000000 	922.505005 	926.705994 
44.000000 	126.166000 	923.000000 	922.505005 	926.705994 
44.100000 	126.166000 	923.000000 	922.505005 	926.705994 
44.200000 	126.166000 	923.000000 	922.505005 	926.705994 
44.300000 	126.166000 	923.000000 	922.505005 	926.705994 
44.400000 	126.166000 	923.000000 	922.505005 	926.705994 
44.500000 	126.175003 	923.000000 	922.478027 	926.695984 
44.600000 	126.175003 	923.000000 	922.478027 	926.695984 
44.700000 	126.175003 	923.000000 	922.478027 	926.695984 
44.800000 	126.175003 	923.000000 	922.478027 	926.695984 
44.900000 	126.175003 	923.000000 	922.478027 	926.695984 
45.000000 	126.175003 	923.000000 	922.478027 	926.695984 
45.100000 	126.175003 	923.000000 	922.478027 	926.695984 
45.200000 	126.175003 	923.000000 	922.478027 	926.695984 
45.300000 	126.175003 	923.000000 	922.478027 	926.695984 
45.400000 	126.175003 	923.000000 	922.478027 	926.695984 
45.500000 	126.183998 	923.000000 	922.450012 	926.684998 
45.600000 	126.183998 	923.000000 	922.450012 	926.684998 
45.700000 	126.183998 	923.000000 	922.450012 	926.684998 
45.800000 	126.183998 	923.000000 	922.450012 	926.684998 
45.900000 	126.183998 	923.000000 	922.450012 	926.684998 
46.000000 	126.183998 	923.000000 	922.450012 	926.684998 
46.100000 	126.183998 	923.000000 	922.450012 	926.684998 
46.200000 	126.183998 	923.000000 	922.450012 	926.684998 
46.300000 	126.183998 	923.000000 	922.450012 	926.684998 
46.400000 	126.183998 	923.000000 	922.450012 	926.684998 
46.500000 	126.192001 	923.000000 	922.421021 	926.671997 
46.600000 	126.192001 	923.000000 	922.421021 	926.671997 
46.700000 	126.192001 	923.000000 	922.421021 	926.671997 
46.800000 	126.192001 	923.000000 	922.421021 	926.671997 
46.900000 	126.192001 	923.000000 	922.421021 	926.671997 
47.000000 	126.192001 	923.000000 	922.421021 	926.671997 
47.100000 	126.192001 	923.000000 	922.421021 	926.671997 
47.200000 	126.192001 	923.000000 	922.421021 	926.671997 
47.300000 	126.192001 	923.000000 	922.421021 	926.671997 
47.400000 	126.192001 	923.000000 	922.421021 	926.671997 
47.500000 	126.200996 	923.000000 	922.390991 	926.658020 
47.600000 	126.200996 	923.000000 	922.390991 	926.658020 
47.700000 	126.200996 	923.000000 	922.390991 	926.658020 
47.800000 	126.200996 	923.000000 	922.390991 	926.658020 
47.900000 	126.200996 	923.000000 	922.390991 	926.658020 
48.000000 	126.200996 	923.000000 	922.390991 	926.658020 
48.100000 	126.200996 	923.000000 	922.390991 	926.658020 
48.200000 	126.200996 	923.000000 	922.390991 	926.658020 
48.300000 	126.200996 	923.000000 	922.390991 	926.658020 
48.400000 	126.200996 	923.000000 	922.390991 	926.658020 
48.500000 	126.209999 	923.000000 	922.359009 	926.643005 
48.600000 	126.209999 	923.000000 	922.359009 	926.643005 
48.700000 	126.209999 	923.000000 	922.359009 	926.643005 
48.800000 	126.209999 	923.000000 	922.359009 	926.643005 
48.900000 	126.209999 	923.000000 	922.359009 	926.643005 
49.000000 	126.209999 	923.000000 	922.359009 	926.643005 
49.100000 	126.209999 	923.000000 	922.359009 	926.643005 
49.200000 	126.209999 	923.000000 	922.359009 	926.643005 
49.300000 	126.209999 	923.000000 	922.359009 	926.643005 
49.400000 	126.209999 	923.000000 	922.359009 	926.643005 
49.500000 	126.218002 	923.000000 	922.325012 	926.625977 
49.600000 	126.218002 	923.000000 	922.325012 	926.625977 
49.700000 	126.218002 	923.000000 	922.325012 	926.625977 
49.800000 	126.218002 	923.000000 	922.325012 	926.625977 
49.900000 	126.218002 	923.000000 	922.325012 	926.625977 
50.000000 	126.218002 	923.000000 	922.325012 	926.625977 
50.100000 	126.218002 	923.000000 	922.325012 	926.625977 
50.200000 	126.218002 	923.000000 	922.325012 	926.625977 
50.300000 	126.218002 	923.000000 	922.325012 	926.625977 
50.400000 	126.218002 	923.000000 	922.325012 	926.625977 
50.500000 	126.226997 	923.000000 	922.289978 	926.442993 
50.600000 	126.226997 	923.000000 	922.289978 	926.442993 
50.700000 	126.226997 	923.000000 	922.289978 	926.442993 
50.800000 	126.226997 	923.000000 	922.289978 	926.442993 
50.900000 	126.226997 	923.000000 	922.289978 	926.442993 
51.000000 	126.226997 	923.000000 	922.289978 	926.442993 
51.100000 	126.226997 	923.000000 	922.289978 	926.442993 
51.200000 	126.226997 	923.000000 	922.289978 	926.442993 
51.300000 	126.226997 	923.000000 	922.289978 	926.442993 
51.400000 	126.226997 	923.000000 	922.289978 	926.442993 
51.500000 	126.235001 	923.000000 	922.254028 	926.419983 
51.600000 	126.235001 	923.000000 	922.254028 	926.419983 
51.700000 	126.235001 	923.000000 	922.254028 	926.419983 
51.800000 	126.235001 	923.000000 	922.254028 	926.419983 
51.900000 	126.235001 	923.000000 	922.254028 	926.419983 
52.000000 	126.235001 	923.000000 	922.254028 	926.419983 
52.100000 	126.235001 	923.000000 	922.254028 	926.419983 
52.200000 	126.235001 	923.000000 	922.254028 	926.419983 
52.300000 	126.235001 	923.000000 	922.254028 	926.419983 
52.400000 	126.235001 	923.000000 	922.254028 	926.419983 
52.500000 	126.244003 	923.000000 	922.216003 	926.393982 
52.600000 	126.244003 	923.000000 	922.216003 	926.393982 
52.700000 	126.244003 	923.000000 	922.216003 	926.393982 
52.800000 	126.244003 	923.000000 	922.216003 	926.393982 
52.900000 	126.244003 	923.000000 	922.216003 	926.393982 
53.000000 	126.244003 	923.000000 	922.216003 	926.393982 
53.100000 	126.244003 	923.000000 	922.216003 	926.393982 
53.200000 	126.244003 	923.000000 	922.216003 	926.393982 
53.300000 	126.244003 	923.000000 	922.216003 	926.393982 
53.400000 	126.244003 	923.000000 	922.216003 	926.393982 
53.500000 	126.251999 	923.000000 	922.176025 	926.367004 
53.600000 	126.251999 	923.000000 	922.176025 	926.367004 
53.700000 	126.251999 	923.000000 	922.176025 	926.367004 
53.800000 	126.251999 	923.000000 	922.176025 	926.367004 
53.900000 	126.251999 	923.000000 	922.176025 	926.367004 
54.000000 	126.251999 	923.000000 	922.176025 	926.367004 
54.100000 	126.251999 	923.000000 	922.176025 	926.367004 
54.200000 	126.251999 	923.000000 	922.176025 	926.367004 
54.300000 	126.251999 	923.000000 	922.176025 	926.367004 
54.400000 	126.251999 	923.000000 	922.176025 	926.367004 
54.500000 	126.261002 	923.000000 	922.133972 	926.338013 
54.600000 	126.261002 	923.000000 	922.133972 	926.338013 
54.700000 	126.261002 	923.000000 	922.133972 	926.338013 
54.800000 	126.261002 	923.000000 	922.133972 	926.338013 
54.900000 	126.261002 	923.000000 	922.133972 	926.338013 
55.000000 	126.261002 	923.000000 	922.133972 	926.338013 
55.100000 	126.261002 	923.000000 	922.133972 	926.338013 
55.200000 	126.261002 	923.000000 	922.133972 	926.338013 
55.300000 	126.261002 	923.000000 	922.133972 	926.338013 
55.400000 	126.261002 	923.000000 	922.133972 	926.338013 
55.500000 	126.268997 	923.000000 	922.091003 	926.307007 
55.600000 	126.268997 	923.000000 	922.091003 	926.307007 
55.700000 	126.268997 	923.000000 	922.091003 	926.307007 
55.800000 	126.268997 	923.000000 	922.091003 	926.307007 
55.900000 	126.268997 	923.000000 	922.091003 	926.307007 
56.000000 	126.268997 	923.000000 	922.091003 	926.307007 
56.100000 	126.268997 	923.000000 	922.091003 	926.307007 
56.200000 	126.268997 	923.000000 	922.091003 	926.307007 
56.300000 	126.268997 	923.000000 	922.091003 	926.307007 
56.400000 	126.268997 	923.000000 	922.091003 	926.307007 
56.500000 	126.278000 	923.000000 	922.046021 	926.275024 
56.600000 	126.278000 	923.000000 	922.046021 	926.275024 
56.700000 	126.278000 	923.000000 	922.046021 	926.275024 
56.800000 	126.278000 	923.000000 	922.046021 	926.275024 
56.900000 	126.278000 	923.000000 	922.046021 	926.275024 
57.000000 	126.278000 	923.000000 	922.046021 	926.275024 
57.100000 	126.278000 	923.000000 	922.046021 	926.275024 
57.200000 	126.278000 	923.000000 	922.046021 	926.275024 
57.300000 	126.278000 	923.000000 	922.046021 	926.275024 
57.400000 	126.278000 	923.000000 	922.046021 	926.275024 
57.500000 	126.287003 	923.000000 	921.997986 	926.239990 
57.600000 	126.287003 	923.000000 	921.997986 	926.239990 
57.700000 	126.287003 	923.000000 	921.997986 	926.239990 
57.800000 	126.287003 	923.000000 	921.997986 	926.239990 
57.900000 	126.287003 	923.000000 	921.997986 	926.239990 
58.000000 	126.287003 	923.000000 	921.997986 	926.239990 
58.100000 	126.287003 	923.000000 	921.997986 	926.239990 
58.200000 	126.287003 	923.000000 	921.997986 	926.239990 
58.300000 	126.287003 	923.000000 	921.997986 	926.239990 
58.400000 	126.287003 	923.000000 	921.997986 	926.239990 
58.500000 	126.294998 	923.000000 	921.948975 	926.203003 
58.600000 	126.294998 	923.000000 	921.948975 	926.203003 
58.700000 	126.294998 	923.000000 	921.948975 	926.203003 
58.800000 	126.294998 	923.000000 	921.948975 	926.203003 
58.900000 	126.294998 	923.000000 	921.948975 	926.203003 
59.000000 	126.294998 	923.000000 	921.948975 	926.203003 
59.100000 	126.294998 	923.000000 	921.948975 	926.203003 
59.200000 	126.294998 	923.000000 	921.948975 	926.203003 
59.300000 	126.294998 	923.000000 	921.948975 	926.203003 
59.400000 	126.294998 	923.000000 	921.948975 	926.203003 
59.500000 	126.304001 	923.000000 	921.898010 	926.164001 
59.600000 	126.304001 	923.000000 	921.898010 	926.164001 
59.700000 	126.304001 	923.000000 	921.898010 	926.164001 
59.800000 	126.304001 	923.000000 	921.898010 	926.164001 
59.900000 	126.304001 	923.000000 	921.898010 	926.164001 
60.000000 	126.304001 	923.000000 	921.898010 	926.164001 
