0.500000 	91.722298 	394.000000 	417.161987 	402.635010 
0.600000 	91.722298 	394.000000 	417.161987 	402.635010 
0.700000 	91.722298 	394.000000 	417.161987 	402.635010 
0.800000 	91.722298 	394.000000 	417.161987 	402.635010 
0.900000 	91.722298 	394.000000 	417.161987 	402.635010 
1.000000 	91.722298 	394.000000 	417.161987 	402.635010 
1.100000 	91.722298 	394.000000 	417.161987 	402.635010 
1.200000 	91.722298 	394.000000 	417.161987 	402.635010 
1.300000 	91.722298 	394.000000 	417.161987 	402.635010 
1.400000 	91.722298 	394.000000 	417.161987 	402.635010 
1.500000 	102.492996 	394.000000 	403.691986 	402.066010 
1.600000 	102.492996 	394.000000 	403.691986 	402.066010 
1.700000 	102.492996 	394.000000 	403.691986 	402.066010 
1.800000 	102.492996 	394.000000 	403.691986 	402.066010 
1.900000 	102.492996 	394.000000 	403.691986 	402.066010 
2.000000 	102.492996 	394.000000 	403.691986 	402.066010 
2.100000 	102.492996 	394.000000 	403.691986 	402.066010 
2.200000 	102.492996 	394.000000 	403.691986 	402.066010 
2.300000 	102.492996 	394.000000 	403.691986 	402.066010 
2.400000 	102.492996 	394.000000 	403.691986 	402.066010 
2.500000 	112.889999 	394.000000 	399.210999 	401.993988 
2.600000 	112.889999 	394.000000 	399.210999 	401.993988 
2.700000 	112.889999 	394.000000 	399.210999 	401.993988 
2.800000 	112.889999 	394.000000 	399.210999 	401.993988 
2.900000 	112.889999 	394.000000 	399.210999 	401.993988 
3.000000 	112.889999 	394.000000 	399.210999 	401.993988 
3.100000 	112.889999 	394.000000 	399.210999 	401.993988 
3.200000 	112.889999 	394.000000 	399.210999 	401.993988 
3.300000 	112.889999 	394.000000 	399.210999 	401.993988 
3.400000 	112.889999 	394.000000 	399.210999 	401.993988 
3.500000 	117.971001 	394.000000 	397.102997 	401.996002 
3.600000 	117.971001 	394.000000 	397.102997 	401.996002 
3.700000 	117.971001 	394.000000 	397.102997 	401.996002 
3.800000 	117.971001 	394.000000 	397.102997 	401.996002 
3.900000 	117.971001 	394.000000 	397.102997 	401.996002 
4.000000 	117.971001 	394.000000 	397.102997 	401.996002 
4.100000 	117.971001 	394.000000 	397.102997 	401.996002 
4.200000 	117.971001 	394.000000 	397.102997 	401.996002 
4.300000 	117.971001 	394.000000 	397.102997 	401.996002 
4.400000 	117.971001 	394.000000 	397.102997 	401.996002 
4.500000 	120.648003 	394.000000 	396.010986 	402.013000 
4.600000 	120.648003 	394.000000 	396.010986 	402.013000 
4.700000 	120.648003 	394.000000 	396.010986 	402.013000 
4.800000 	120.648003 	394.000000 	396.010986 	402.013000 
4.900000 	120.648003 	394.000000 	396.010986 	402.013000 
5.000000 	120.648003 	394.000000 	396.010986 	402.013000 
5.100000 	120.648003 	394.000000 	396.010986 	402.013000 
5.200000 	120.648003 	394.000000 	396.010986 	402.013000 
5.300000 	120.648003 	394.000000 	396.010986 	402.013000 
5.400000 	120.648003 	394.000000 	396.010986 	402.013000 
5.500000 	122.202003 	394.000000 	395.382996 	402.036011 
5.600000 	122.202003 	394.000000 	395.382996 	402.036011 
5.700000 	122.202003 	394.000000 	395.382996 	402.036011 
5.800000 	122.202003 	394.000000 	395.382996 	402.036011 
5.900000 	122.202003 	394.000000 	395.382996 	402.036011 
6.000000 	122.202003 	394.000000 	395.382996 	402.036011 
6.100000 	122.202003 	394.000000 	395.382996 	402.036011 
6.200000 	122.202003 	394.000000 	395.382996 	402.036011 
6.300000 	122.202003 	394.000000 	395.382996 	402.036011 
6.400000 	122.202003 	394.000000 	395.382996 	402.036011 
6.500000 	123.176003 	394.000000 	394.993011 	402.059998 
6.600000 	123.176003 	394.000000 	394.993011 	402.059998 
6.700000 	123.176003 	394.000000 	394.993011 	402.059998 
6.800000 	123.176003 	394.000000 	394.993011 	402.059998 
6.900000 	123.176003 	394.000000 	394.993011 	402.059998 
7.000000 	123.176003 	394.000000 	394.993011 	402.059998 
7.100000 	123.176003 	394.000000 	394.993011 	402.059998 
7.200000 	123.176003 	394.000000 	394.993011 	402.059998 
7.300000 	123.176003 	394.000000 	394.993011 	402.059998 
7.400000 	123.176003 	394.000000 	394.993011 	402.059998 
7.500000 	123.824997 	394.000000 	394.734009 	402.087006 
7.600000 	123.824997 	394.000000 	394.734009 	402.087006 
7.700000 	123.824997 	394.000000 	394.734009 	402.087006 
7.800000 	123.824997 	394.000000 	394.734009 	402.087006 
7.900000 	123.824997 	394.000000 	394.734009 	402.087006 
8.000000 	123.824997 	394.000000 	394.734009 	402.087006 
8.100000 	123.824997 	394.000000 	394.734009 	402.087006 
8.200000 	123.824997 	394.000000 	394.734009 	402.087006 
8.300000 	123.824997 	394.000000 	394.734009 	402.087006 
8.400000 	123.824997 	394.000000 	394.734009 	402.087006 
8.500000 	124.278999 	394.000000 	394.554993 	402.114014 
8.600000 	124.278999 	394.000000 	394.554993 	402.114014 
8.700000 	124.278999 	394.000000 	394.554993 	402.114014 
8.800000 	124.278999 	394.000000 	394.554993 	402.114014 
8.900000 	124.278999 	394.000000 	394.554993 	402.114014 
9.000000 	124.278999 	394.000000 	394.554993 	402.114014 
9.100000 	124.278999 	394.000000 	394.554993 	402.114014 
9.200000 	124.278999 	394.000000 	394.554993 	402.114014 
9.300000 	124.278999 	394.000000 	394.554993 	402.114014 
9.400000 	124.278999 	394.000000 	394.554993 	402.114014 
9.500000 	124.609001 	394.000000 	394.425995 	402.148987 
9.600000 	124.609001 	394.000000 	394.425995 	402.148987 
9.700000 	124.609001 	394.000000 	394.425995 	402.148987 
9.800000 	124.609001 	394.000000 	394.425995 	402.148987 
9.900000 	124.609001 	394.000000 	394.425995 	402.148987 
10.000000 	124.609001 	394.000000 	394.425995 	402.148987 
10.100000 	124.609001 	394.000000 	394.425995 	402.148987 
10.200000 	124.609001 	394.000000 	394.425995 	402.148987 
10.300000 	124.609001 	394.000000 	394.425995 	402.148987 
10.400000 	124.609001 	394.000000 	394.425995 	402.148987 
10.500000 	124.857002 	394.000000 	394.329987 	402.179993 
10.600000 	124.857002 	394.000000 	394.329987 	402.179993 
10.700000 	124.857002 	394.000000 	394.329987 	402.179993 
10.800000 	124.857002 	394.000000 	394.329987 	402.179993 
10.900000 	124.857002 	394.000000 	394.329987 	402.179993 
11.000000 	124.857002 	394.000000 	394.329987 	402.179993 
11.100000 	124.857002 	394.000000 	394.329987 	402.179993 
11.200000 	124.857002 	394.000000 	394.329987 	402.179993 
11.300000 	124.857002 	394.000000 	394.329987 	402.179993 
11.400000 	124.857002 	394.000000 	394.329987 	402.179993 
11.500000 	125.047997 	394.000000 	394.256989 	402.212006 
11.600000 	125.047997 	394.000000 	394.256989 	402.212006 
11.700000 	125.047997 	394.000000 	394.256989 	402.212006 
11.800000 	125.047997 	394.000000 	394.256989 	402.212006 
11.900000 	125.047997 	394.000000 	394.256989 	402.212006 
12.000000 	125.047997 	394.000000 	394.256989 	402.212006 
12.100000 	125.047997 	394.000000 	394.256989 	402.212006 
12.200000 	125.047997 	394.000000 	394.256989 	402.212006 
12.300000 	125.047997 	394.000000 	394.256989 	402.212006 
12.400000 	125.047997 	394.000000 	394.256989 	402.212006 
12.500000 	125.198997 	394.000000 	394.199005 	402.247009 
12.600000 	125.198997 	394.000000 	394.199005 	402.247009 
12.700000 	125.198997 	394.000000 	394.199005 	402.247009 
12.800000 	125.198997 	394.000000 	394.199005 	402.247009 
12.900000 	125.198997 	394.000000 	394.199005 	402.247009 
13.000000 	125.198997 	394.000000 	394.199005 	402.247009 
13.100000 	125.198997 	394.000000 	394.199005 	402.247009 
13.200000 	125.198997 	394.000000 	394.199005 	402.247009 
13.300000 	125.198997 	394.000000 	394.199005 	402.247009 
13.400000 	125.198997 	394.000000 	394.199005 	402.247009 
13.500000 	125.320000 	394.000000 	394.153992 	402.282990 
13.600000 	125.320000 	394.000000 	394.153992 	402.282990 
13.700000 	125.320000 	394.000000 	394.153992 	402.282990 
13.800000 	125.320000 	394.000000 	394.153992 	402.282990 
13.900000 	125.320000 	394.000000 	394.153992 	402.282990 
14.000000 	125.320000 	394.000000 	394.153992 	402.282990 
14.100000 	125.320000 	394.000000 	394.153992 	402.282990 
14.200000 	125.320000 	394.000000 	394.153992 	402.282990 
14.300000 	125.320000 	394.000000 	394.153992 	402.282990 
14.400000 	125.320000 	394.000000 	394.153992 	402.282990 
14.500000 	125.418999 	394.000000 	394.117004 	402.320007 
14.600000 	125.418999 	394.000000 	394.117004 	402.320007 
14.700000 	125.418999 	394.000000 	394.117004 	402.320007 
14.800000 	125.418999 	394.000000 	394.117004 	402.320007 
14.900000 	125.418999 	394.000000 	394.117004 	402.320007 
15.000000 	125.418999 	394.000000 	394.117004 	402.320007 
15.100000 	125.418999 	394.000000 	394.117004 	402.320007 
15.200000 	125.418999 	394.000000 	394.117004 	402.320007 
15.300000 	125.418999 	394.000000 	394.117004 	402.320007 
15.400000 	125.418999 	394.000000 	394.117004 	402.320007 
15.500000 	125.500999 	394.000000 	394.085999 	402.359985 
15.600000 	125.500999 	394.000000 	394.085999 	402.359985 
15.700000 	125.500999 	394.000000 	394.085999 	402.359985 
15.800000 	125.500999 	394.000000 	394.085999 	402.359985 
15.900000 	125.500999 	394.000000 	394.085999 	402.359985 
16.000000 	125.500999 	394.000000 	394.085999 	402.359985 
16.100000 	125.500999 	394.000000 	394.085999 	402.359985 
16.200000 	125.500999 	394.000000 	394.085999 	402.359985 
16.300000 	125.500999 	394.000000 	394.085999 	402.359985 
16.400000 	125.500999 	394.000000 	394.085999 	402.359985 
16.500000 	125.570999 	394.000000 	394.061005 	402.401001 
16.600000 	125.570999 	394.000000 	394.061005 	402.401001 
16.700000 	125.570999 	394.000000 	394.061005 	402.401001 
16.800000 	125.570999 	394.000000 	394.061005 	402.401001 
16.900000 	125.570999 	394.000000 	394.061005 	402.401001 
17.000000 	125.570999 	394.000000 	394.061005 	402.401001 
17.100000 	125.570999 	394.000000 	394.061005 	402.401001 
17.200000 	125.570999 	394.000000 	394.061005 	402.401001 
17.300000 	125.570999 	394.000000 	394.061005 	402.401001 
17.400000 	125.570999 	394.000000 	394.061005 	402.401001 
17.500000 	125.629997 	394.000000 	394.039001 	402.444000 
17.600000 	125.629997 	394.000000 	394.039001 	402.444000 
17.700000 	125.629997 	394.000000 	394.039001 	402.444000 
17.800000 	125.629997 	394.000000 	394.039001 	402.444000 
17.900000 	125.629997 	394.000000 	394.039001 	402.444000 
18.000000 	125.629997 	394.000000 	394.039001 	402.444000 
18.100000 	125.629997 	394.000000 	394.039001 	402.444000 
18.200000 	125.629997 	394.000000 	394.039001 	402.444000 
18.300000 	125.629997 	394.000000 	394.039001 	402.444000 
18.400000 	125.629997 	394.000000 	394.039001 	402.444000 
18.500000 	125.681000 	394.000000 	394.020996 	402.488007 
18.600000 	125.681000 	394.000000 	394.020996 	402.488007 
18.700000 	125.681000 	394.000000 	394.020996 	402.488007 
18.800000 	125.681000 	394.000000 	394.020996 	402.488007 
18.900000 	125.681000 	394.000000 	394.020996 	402.488007 
19.000000 	125.681000 	394.000000 	394.020996 	402.488007 
19.100000 	125.681000 	394.000000 	394.020996 	402.488007 
19.200000 	125.681000 	394.000000 	394.020996 	402.488007 
19.300000 	125.681000 	394.000000 	394.020996 	402.488007 
19.400000 	125.681000 	394.000000 	394.020996 	402.488007 
19.500000 	125.725998 	394.000000 	394.005005 	402.535004 
19.600000 	125.725998 	394.000000 	394.005005 	402.535004 
19.700000 	125.725998 	394.000000 	394.005005 	402.535004 
19.800000 	125.725998 	394.000000 	394.005005 	402.535004 
19.900000 	125.725998 	394.000000 	394.005005 	402.535004 
20.000000 	125.725998 	394.000000 	394.005005 	402.535004 
20.100000 	125.725998 	394.000000 	394.005005 	402.535004 
20.200000 	125.725998 	394.000000 	394.005005 	402.535004 
20.300000 	125.725998 	394.000000 	394.005005 	402.535004 
20.400000 	125.725998 	394.000000 	394.005005 	402.535004 
20.500000 	125.764999 	394.000000 	393.990997 	402.582001 
20.600000 	125.764999 	394.000000 	393.990997 	402.582001 
20.700000 	125.764999 	394.000000 	393.990997 	402.582001 
20.800000 	125.764999 	394.000000 	393.990997 	402.582001 
20.900000 	125.764999 	394.000000 	393.990997 	402.582001 
21.000000 	125.764999 	394.000000 	393.990997 	402.582001 
21.100000 	125.764999 	394.000000 	393.990997 	402.582001 
21.200000 	125.764999 	394.000000 	393.990997 	402.582001 
21.300000 	125.764999 	394.000000 	393.990997 	402.582001 
21.400000 	125.764999 	394.000000 	393.990997 	402.582001 
21.500000 	125.800003 	394.000000 	393.979004 	402.631989 
21.600000 	125.800003 	394.000000 	393.979004 	402.631989 
21.700000 	125.800003 	394.000000 	393.979004 	402.631989 
21.800000 	125.800003 	394.000000 	393.979004 	402.631989 
21.900000 	125.800003 	394.000000 	393.979004 	402.631989 
22.000000 	125.800003 	394.000000 	393.979004 	402.631989 
22.100000 	125.800003 	394.000000 	393.979004 	402.631989 
22.200000 	125.800003 	394.000000 	393.979004 	402.631989 
22.300000 	125.800003 	394.000000 	393.979004 	402.631989 
22.400000 	125.800003 	394.000000 	393.979004 	402.631989 
22.500000 	125.832001 	394.000000 	393.967010 	402.683014 
22.600000 	125.832001 	394.000000 	393.967010 	402.683014 
22.700000 	125.832001 	394.000000 	393.967010 	402.683014 
22.800000 	125.832001 	394.000000 	393.967010 	402.683014 
22.900000 	125.832001 	394.000000 	393.967010 	402.683014 
23.000000 	125.832001 	394.000000 	393.967010 	402.683014 
23.100000 	125.832001 	394.000000 	393.967010 	402.683014 
23.200000 	125.832001 	394.000000 	393.967010 	402.683014 
23.300000 	125.832001 	394.000000 	393.967010 	402.683014 
23.400000 	125.832001 	394.000000 	393.967010 	402.683014 
23.500000 	125.860001 	394.000000 	393.957001 	402.734985 
23.600000 	125.860001 	394.000000 	393.957001 	402.734985 
23.700000 	125.860001 	394.000000 	393.957001 	402.734985 
23.800000 	125.860001 	394.000000 	393.957001 	402.734985 
23.900000 	125.860001 	394.000000 	393.957001 	402.734985 
24.000000 	125.860001 	394.000000 	393.957001 	402.734985 
24.100000 	125.860001 	394.000000 	393.957001 	402.734985 
24.200000 	125.860001 	394.000000 	393.957001 	402.734985 
24.300000 	125.860001 	394.000000 	393.957001 	402.734985 
24.400000 	125.860001 	394.000000 	393.957001 	402.734985 
24.500000 	125.886002 	394.000000 	393.947998 	402.789001 
24.600000 	125.886002 	394.000000 	393.947998 	402.789001 
24.700000 	125.886002 	394.000000 	393.947998 	402.789001 
24.800000 	125.886002 	394.000000 	393.947998 	402.789001 
24.900000 	125.886002 	394.000000 	393.947998 	402.789001 
25.000000 	125.886002 	394.000000 	393.947998 	402.789001 
25.100000 	125.886002 	394.000000 	393.947998 	402.789001 
25.200000 	125.886002 	394.000000 	393.947998 	402.789001 
25.300000 	125.886002 	394.000000 	393.947998 	402.789001 
25.400000 	125.886002 	394.000000 	393.947998 	402.789001 
25.500000 	125.910004 	394.000000 	393.938995 	402.843994 
25.600000 	125.910004 	394.000000 	393.938995 	402.843994 
25.700000 	125.910004 	394.000000 	393.938995 	402.843994 
25.800000 	125.910004 	394.000000 	393.938995 	402.843994 
25.900000 	125.910004 	394.000000 	393.938995 	402.843994 
26.000000 	125.910004 	394.000000 	393.938995 	402.843994 
26.100000 	125.910004 	394.000000 	393.938995 	402.843994 
26.200000 	125.910004 	394.000000 	393.938995 	402.843994 
26.300000 	125.910004 	394.000000 	393.938995 	402.843994 
26.400000 	125.910004 	394.000000 	393.938995 	402.843994 
26.500000 	125.931999 	394.000000 	393.931000 	402.901001 
26.600000 	125.931999 	394.000000 	393.931000 	402.901001 
26.700000 	125.931999 	394.000000 	393.931000 	402.901001 
26.800000 	125.931999 	394.000000 	393.931000 	402.901001 
26.900000 	125.931999 	394.000000 	393.931000 	402.901001 
27.000000 	125.931999 	394.000000 	393.931000 	402.901001 
27.100000 	125.931999 	394.000000 	393.931000 	402.901001 
27.200000 	125.931999 	394.000000 	393.931000 	402.901001 
27.300000 	125.931999 	394.000000 	393.931000 	402.901001 
27.400000 	125.931999 	394.000000 	393.931000 	402.901001 
27.500000 	125.953003 	394.000000 	393.923004 	402.959015 
27.600000 	125.953003 	394.000000 	393.923004 	402.959015 
27.700000 	125.953003 	394.000000 	393.923004 	402.959015 
27.800000 	125.953003 	394.000000 	393.923004 	402.959015 
27.900000 	125.953003 	394.000000 	393.923004 	402.959015 
28.000000 	125.953003 	394.000000 	393.923004 	402.959015 
28.100000 	125.953003 	394.000000 	393.923004 	402.959015 
28.200000 	125.953003 	394.000000 	393.923004 	402.959015 
28.300000 	125.953003 	394.000000 	393.923004 	402.959015 
28.400000 	125.953003 	394.000000 	393.923004 	402.959015 
28.500000 	125.972000 	394.000000 	393.915985 	403.019012 
28.600000 	125.972000 	394.000000 	393.915985 	403.019012 
28.700000 	125.972000 	394.000000 	393.915985 	403.019012 
28.800000 	125.972000 	394.000000 	393.915985 	403.019012 
28.900000 	125.972000 	394.000000 	393.915985 	403.019012 
29.000000 	125.972000 	394.000000 	393.915985 	403.019012 
29.100000 	125.972000 	394.000000 	393.915985 	403.019012 
29.200000 	125.972000 	394.000000 	393.915985 	403.019012 
29.300000 	125.972000 	394.000000 	393.915985 	403.019012 
29.400000 	125.972000 	394.000000 	393.915985 	403.019012 
29.500000 	125.989998 	394.000000 	393.908997 	403.079010 
29.600000 	125.989998 	394.000000 	393.908997 	403.079010 
29.700000 	125.989998 	394.000000 	393.908997 	403.079010 
29.800000 	125.989998 	394.000000 	393.908997 	403.079010 
29.900000 	125.989998 	394.000000 	393.908997 	403.079010 
30.000000 	125.989998 	394.000000 	393.908997 	403.079010 
30.100000 	125.989998 	394.000000 	393.908997 	403.079010 
30.200000 	125.989998 	394.000000 	393.908997 	403.079010 
30.300000 	125.989998 	394.000000 	393.908997 	403.079010 
30.400000 	125.989998 	394.000000 	393.908997 	403.079010 
30.500000 	126.008003 	394.000000 	393.902008 	403.140991 
30.600000 	126.008003 	394.000000 	393.902008 	403.140991 
30.700000 	126.008003 	394.000000 	393.902008 	403.140991 
30.800000 	126.008003 	394.000000 	393.902008 	403.140991 
30.900000 	126.008003 	394.000000 	393.902008 	403.140991 
31.000000 	126.008003 	394.000000 	393.902008 	403.140991 
31.100000 	126.008003 	394.000000 	393.902008 	403.140991 
31.200000 	126.008003 	394.000000 	393.902008 	403.140991 
31.300000 	126.008003 	394.000000 	393.902008 	403.140991 
31.400000 	126.008003 	394.000000 	393.902008 	403.140991 
31.500000 	126.024002 	394.000000 	393.894989 	403.204010 
31.600000 	126.024002 	394.000000 	393.894989 	403.204010 
31.700000 	126.024002 	394.000000 	393.894989 	403.204010 
31.800000 	126.024002 	394.000000 	393.894989 	403.204010 
31.900000 	126.024002 	394.000000 	393.894989 	403.204010 
32.000000 	126.024002 	394.000000 	393.894989 	403.204010 
32.100000 	126.024002 	394.000000 	393.894989 	403.204010 
32.200000 	126.024002 	394.000000 	393.894989 	403.204010 
32.300000 	126.024002 	394.000000 	393.894989 	403.204010 
32.400000 	126.024002 	394.000000 	393.894989 	403.204010 
32.500000 	126.040001 	394.000000 	393.888000 	403.269012 
32.600000 	126.040001 	394.000000 	393.888000 	403.269012 
32.700000 	126.040001 	394.000000 	393.888000 	403.269012 
32.800000 	126.040001 	394.000000 	393.888000 	403.269012 
32.900000 	126.040001 	394.000000 	393.888000 	403.269012 
33.000000 	126.040001 	394.000000 	393.888000 	403.269012 
33.100000 	126.040001 	394.000000 	393.888000 	403.269012 
33.200000 	126.040001 	394.000000 	393.888000 	403.269012 
33.300000 	126.040001 	394.000000 	393.888000 	403.269012 
33.400000 	126.040001 	394.000000 	393.888000 	403.269012 
33.500000 	126.055000 	394.000000 	393.881989 	403.334015 
33.600000 	126.055000 	394.000000 	393.881989 	403.334015 
33.700000 	126.055000 	394.000000 	393.881989 	403.334015 
33.800000 	126.055000 	394.000000 	393.881989 	403.334015 
33.900000 	126.055000 	394.000000 	393.881989 	403.334015 
34.000000 	126.055000 	394.000000 	393.881989 	403.334015 
34.100000 	126.055000 	394.000000 	393.881989 	403.334015 
34.200000 	126.055000 	394.000000 	393.881989 	403.334015 
34.300000 	126.055000 	394.000000 	393.881989 	403.334015 
34.400000 	126.055000 	394.000000 	393.881989 	403.334015 
34.500000 	126.070000 	394.000000 	393.875000 	403.399994 
34.600000 	126.070000 	394.000000 	393.875000 	403.399994 
34.700000 	126.070000 	394.000000 	393.875000 	403.399994 
34.800000 	126.070000 	394.000000 	393.875000 	403.399994 
34.900000 	126.070000 	394.000000 	393.875000 	403.399994 
35.000000 	126.070000 	394.000000 	393.875000 	403.399994 
35.100000 	126.070000 	394.000000 	393.875000 	403.399994 
35.200000 	126.070000 	394.000000 	393.875000 	403.399994 
35.300000 	126.070000 	394.000000 	393.875000 	403.399994 
35.400000 	126.070000 	394.000000 	393.875000 	403.399994 
35.500000 	126.084000 	394.000000 	393.868011 	403.467987 
35.600000 	126.084000 	394.000000 	393.868011 	403.467987 
35.700000 	126.084000 	394.000000 	393.868011 	403.467987 
35.800000 	126.084000 	394.000000 	393.868011 	403.467987 
35.900000 	126.084000 	394.000000 	393.868011 	403.467987 
36.000000 	126.084000 	394.000000 	393.868011 	403.467987 
36.100000 	126.084000 	394.000000 	393.868011 	403.467987 
36.200000 	126.084000 	394.000000 	393.868011 	403.467987 
36.300000 	126.084000 	394.000000 	393.868011 	403.467987 
36.400000 	126.084000 	394.000000 	393.868011 	403.467987 
36.500000 	126.098000 	394.000000 	393.860992 	403.536011 
36.600000 	126.098000 	394.000000 	393.860992 	403.536011 
36.700000 	126.098000 	394.000000 	393.860992 	403.536011 
36.800000 	126.098000 	394.000000 	393.860992 	403.536011 
36.900000 	126.098000 	394.000000 	393.860992 	403.536011 
37.000000 	126.098000 	394.000000 	393.860992 	403.536011 
37.100000 	126.098000 	394.000000 	393.860992 	403.536011 
37.200000 	126.098000 	394.000000 	393.860992 	403.536011 
37.300000 	126.098000 	394.000000 	393.860992 	403.536011 
37.400000 	126.098000 	394.000000 	393.860992 	403.536011 
37.500000 	126.111000 	394.000000 	393.854004 	403.605988 
37.600000 	126.111000 	394.000000 	393.854004 	403.605988 
37.700000 	126.111000 	394.000000 	393.854004 	403.605988 
37.800000 	126.111000 	394.000000 	393.854004 	403.605988 
37.900000 	126.111000 	394.000000 	393.854004 	403.605988 
38.000000 	126.111000 	394.000000 	393.854004 	403.605988 
38.100000 	126.111000 	394.000000 	393.854004 	403.605988 
38.200000 	126.111000 	394.000000 	393.854004 	403.605988 
38.300000 	126.111000 	394.000000 	393.854004 	403.605988 
38.400000 	126.111000 	394.000000 	393.854004 	403.605988 
38.500000 	126.124001 	394.000000 	393.846008 	403.675995 
38.600000 	126.124001 	394.000000 	393.846008 	403.675995 
38.700000 	126.124001 	394.000000 	393.846008 	403.675995 
38.800000 	126.124001 	394.000000 	393.846008 	403.675995 
38.900000 	126.124001 	394.000000 	393.846008 	403.675995 
39.000000 	126.124001 	394.000000 	393.846008 	403.675995 
39.100000 	126.124001 	394.000000 	393.846008 	403.675995 
39.200000 	126.124001 	394.000000 	393.846008 	403.675995 
39.300000 	126.124001 	394.000000 	393.846008 	403.675995 
39.400000 	126.124001 	394.000000 	393.846008 	403.675995 
39.500000 	126.137001 	394.000000 	393.838989 	403.747009 
39.600000 	126.137001 	394.000000 	393.838989 	403.747009 
39.700000 	126.137001 	394.000000 	393.838989 	403.747009 
39.800000 	126.137001 	394.000000 	393.838989 	403.747009 
39.900000 	126.137001 	394.000000 	393.838989 	403.747009 
40.000000 	126.137001 	394.000000 	393.838989 	403.747009 
40.100000 	126.137001 	394.000000 	393.838989 	403.747009 
40.200000 	126.137001 	394.000000 	393.838989 	403.747009 
40.300000 	126.137001 	394.000000 	393.838989 	403.747009 
40.400000 	126.137001 	394.000000 	393.838989 	403.747009 
40.500000 	126.150002 	394.000000 	393.830994 	403.819000 
40.600000 	126.150002 	394.000000 	393.830994 	403.819000 
40.700000 	126.150002 	394.000000 	393.830994 	403.819000 
40.800000 	126.150002 	394.000000 	393.830994 	403.819000 
40.900000 	126.150002 	394.000000 	393.830994 	403.819000 
41.000000 	126.150002 	394.000000 	393.830994 	403.819000 
41.100000 	126.150002 	394.000000 	393.830994 	403.819000 
41.200000 	126.150002 	394.000000 	393.830994 	403.819000 
41.300000 	126.150002 	394.000000 	393.830994 	403.819000 
41.400000 	126.150002 	394.000000 	393.830994 	403.819000 
41.500000 	126.162003 	394.000000 	393.822998 	403.891998 
41.600000 	126.162003 	394.000000 	393.822998 	403.891998 
41.700000 	126.162003 	394.000000 	393.822998 	403.891998 
41.800000 	126.162003 	394.000000 	393.822998 	403.891998 
41.900000 	126.162003 	394.000000 	393.822998 	403.891998 
42.000000 	126.162003 	394.000000 	393.822998 	403.891998 
42.100000 	126.162003 	394.000000 	393.822998 	403.891998 
42.200000 	126.162003 	394.000000 	393.822998 	403.891998 
42.300000 	126.162003 	394.000000 	393.822998 	403.891998 
42.400000 	126.162003 	394.000000 	393.822998 	403.891998 
42.500000 	126.175003 	394.000000 	393.815002 	403.966003 
42.600000 	126.175003 	394.000000 	393.815002 	403.966003 
42.700000 	126.175003 	394.000000 	393.815002 	403.966003 
42.800000 	126.175003 	394.000000 	393.815002 	403.966003 
42.900000 	126.175003 	394.000000 	393.815002 	403.966003 
43.000000 	126.175003 	394.000000 	393.815002 	403.966003 
43.100000 	126.175003 	394.000000 	393.815002 	403.966003 
43.200000 	126.175003 	394.000000 	393.815002 	403.966003 
43.300000 	126.175003 	394.000000 	393.815002 	403.966003 
43.400000 	126.175003 	394.000000 	393.815002 	403.966003 
43.500000 	126.186996 	394.000000 	393.806000 	404.040009 
43.600000 	126.186996 	394.000000 	393.806000 	404.040009 
43.700000 	126.186996 	394.000000 	393.806000 	404.040009 
43.800000 	126.186996 	394.000000 	393.806000 	404.040009 
43.900000 	126.186996 	394.000000 	393.806000 	404.040009 
44.000000 	126.186996 	394.000000 	393.806000 	404.040009 
44.100000 	126.186996 	394.000000 	393.806000 	404.040009 
44.200000 	126.186996 	394.000000 	393.806000 	404.040009 
44.300000 	126.186996 	394.000000 	393.806000 	404.040009 
44.400000 	126.186996 	394.000000 	393.806000 	404.040009 
44.500000 	126.198997 	394.000000 	393.796997 	404.114990 
44.600000 	126.198997 	394.000000 	393.796997 	404.114990 
44.700000 	126.198997 	394.000000 	393.796997 	404.114990 
44.800000 	126.198997 	394.000000 	393.796997 	404.114990 
44.900000 	126.198997 	394.000000 	393.796997 	404.114990 
45.000000 	126.198997 	394.000000 	393.796997 	404.114990 
45.100000 	126.198997 	394.000000 	393.796997 	404.114990 
45.200000 	126.198997 	394.000000 	393.796997 	404.114990 
45.300000 	126.198997 	394.000000 	393.796997 	404.114990 
45.400000 	126.198997 	394.000000 	393.796997 	404.114990 
45.500000 	126.210999 	394.000000 	393.787994 	404.191010 
45.600000 	126.210999 	394.000000 	393.787994 	404.191010 
45.700000 	126.210999 	394.000000 	393.787994 	404.191010 
45.800000 	126.210999 	394.000000 	393.787994 	404.191010 
45.900000 	126.210999 	394.000000 	393.787994 	404.191010 
46.000000 	126.210999 	394.000000 	393.787994 	404.191010 
46.100000 	126.210999 	394.000000 	393.787994 	404.191010 
46.200000 	126.210999 	394.000000 	393.787994 	404.191010 
46.300000 	126.210999 	394.000000 	393.787994 	404.191010 
46.400000 	126.210999 	394.000000 	393.787994 	404.191010 
46.500000 	126.223999 	394.000000 	393.778015 	404.266998 
46.600000 	126.223999 	394.000000 	393.778015 	404.266998 
46.700000 	126.223999 	394.000000 	393.778015 	404.266998 
46.800000 	126.223999 	394.000000 	393.778015 	404.266998 
46.900000 	126.223999 	394.000000 	393.778015 	404.266998 
47.000000 	126.223999 	394.000000 	393.778015 	404.266998 
47.100000 	126.223999 	394.000000 	393.778015 	404.266998 
47.200000 	126.223999 	394.000000 	393.778015 	404.266998 
47.300000 	126.223999 	394.000000 	393.778015 	404.266998 
47.400000 	126.223999 	394.000000 	393.778015 	404.266998 
47.500000 	126.236000 	394.000000 	393.768005 	404.343994 
47.600000 	126.236000 	394.000000 	393.768005 	404.343994 
47.700000 	126.236000 	394.000000 	393.768005 	404.343994 
47.800000 	126.236000 	394.000000 	393.768005 	404.343994 
47.900000 	126.236000 	394.000000 	393.768005 	404.343994 
48.000000 	126.236000 	394.000000 	393.768005 	404.343994 
48.100000 	126.236000 	394.000000 	393.768005 	404.343994 
48.200000 	126.236000 	394.000000 	393.768005 	404.343994 
48.300000 	126.236000 	394.000000 	393.768005 	404.343994 
48.400000 	126.236000 	394.000000 	393.768005 	404.343994 
48.500000 	126.248001 	394.000000 	393.756989 	404.420990 
48.600000 	126.248001 	394.000000 	393.756989 	404.420990 
48.700000 	126.248001 	394.000000 	393.756989 	404.420990 
48.800000 	126.248001 	394.000000 	393.756989 	404.420990 
48.900000 	126.248001 	394.000000 	393.756989 	404.420990 
49.000000 	126.248001 	394.000000 	393.756989 	404.420990 
49.100000 	126.248001 	394.000000 	393.756989 	404.420990 
49.200000 	126.248001 	394.000000 	393.756989 	404.420990 
49.300000 	126.248001 	394.000000 	393.756989 	404.420990 
49.400000 	126.248001 	394.000000 	393.756989 	404.420990 
49.500000 	126.260002 	394.000000 	393.746002 	404.498993 
49.600000 	126.260002 	394.000000 	393.746002 	404.498993 
49.700000 	126.260002 	394.000000 	393.746002 	404.498993 
49.800000 	126.260002 	394.000000 	393.746002 	404.498993 
49.900000 	126.260002 	394.000000 	393.746002 	404.498993 
50.000000 	126.260002 	394.000000 	393.746002 	404.498993 
50.100000 	126.260002 	394.000000 	393.746002 	404.498993 
50.200000 	126.260002 	394.000000 	393.746002 	404.498993 
50.300000 	126.260002 	394.000000 	393.746002 	404.498993 
50.400000 	126.260002 	394.000000 	393.746002 	404.498993 
50.500000 	126.272003 	394.000000 	393.734009 	404.578003 
50.600000 	126.272003 	394.000000 	393.734009 	404.578003 
50.700000 	126.272003 	394.000000 	393.734009 	404.578003 
50.800000 	126.272003 	394.000000 	393.734009 	404.578003 
50.900000 	126.272003 	394.000000 	393.734009 	404.578003 
51.000000 	126.272003 	394.000000 	393.734009 	404.578003 
51.100000 	126.272003 	394.000000 	393.734009 	404.578003 
51.200000 	126.272003 	394.000000 	393.734009 	404.578003 
51.300000 	126.272003 	394.000000 	393.734009 	404.578003 
51.400000 	126.272003 	394.000000 	393.734009 	404.578003 
51.500000 	126.283997 	394.000000 	393.721985 	404.656006 
51.600000 	126.283997 	394.000000 	393.721985 	404.656006 
51.700000 	126.283997 	394.000000 	393.721985 	404.656006 
51.800000 	126.283997 	394.000000 	393.721985 	404.656006 
51.900000 	126.283997 	394.000000 	393.721985 	404.656006 
52.000000 	126.283997 	394.000000 	393.721985 	404.656006 
52.100000 	126.283997 	394.000000 	393.721985 	404.656006 
52.200000 	126.283997 	394.000000 	393.721985 	404.656006 
52.300000 	126.283997 	394.000000 	393.721985 	404.656006 
52.400000 	126.283997 	394.000000 	393.721985 	404.656006 
52.500000 	126.295998 	394.000000 	393.709991 	404.735992 
52.600000 	126.295998 	394.000000 	393.709991 	404.735992 
52.700000 	126.295998 	394.000000 	393.709991 	404.735992 
52.800000 	126.295998 	394.000000 	393.709991 	404.735992 
52.900000 	126.295998 	394.000000 	393.709991 	404.735992 
53.000000 	126.295998 	394.000000 	393.709991 	404.735992 
53.100000 	126.295998 	394.000000 	393.709991 	404.735992 
53.200000 	126.295998 	394.000000 	393.709991 	404.735992 
53.300000 	126.295998 	394.000000 	393.709991 	404.735992 
53.400000 	126.295998 	394.000000 	393.709991 	404.735992 
53.500000 	126.307999 	394.000000 	393.696991 	404.815002 
53.600000 	126.307999 	394.000000 	393.696991 	404.815002 
53.700000 	126.307999 	394.000000 	393.696991 	404.815002 
53.800000 	126.307999 	394.000000 	393.696991 	404.815002 
53.900000 	126.307999 	394.000000 	393.696991 	404.815002 
54.000000 	126.307999 	394.000000 	393.696991 	404.815002 
54.100000 	126.307999 	394.000000 	393.696991 	404.815002 
54.200000 	126.307999 	394.000000 	393.696991 	404.815002 
54.300000 	126.307999 	394.000000 	393.696991 	404.815002 
54.400000 	126.307999 	394.000000 	393.696991 	404.815002 
54.500000 	126.320999 	394.000000 	393.683014 	404.894989 
54.600000 	126.320999 	394.000000 	393.683014 	404.894989 
54.700000 	126.320999 	394.000000 	393.683014 	404.894989 
54.800000 	126.320999 	394.000000 	393.683014 	404.894989 
54.900000 	126.320999 	394.000000 	393.683014 	404.894989 
55.000000 	126.320999 	394.000000 	393.683014 	404.894989 
55.100000 	126.320999 	394.000000 	393.683014 	404.894989 
55.200000 	126.320999 	394.000000 	393.683014 	404.894989 
55.300000 	126.320999 	394.000000 	393.683014 	404.894989 
55.400000 	126.320999 	394.000000 	393.683014 	404.894989 
55.500000 	126.333000 	394.000000 	393.667999 	404.975006 
55.600000 	126.333000 	394.000000 	393.667999 	404.975006 
55.700000 	126.333000 	394.000000 	393.667999 	404.975006 
55.800000 	126.333000 	394.000000 	393.667999 	404.975006 
55.900000 	126.333000 	394.000000 	393.667999 	404.975006 
56.000000 	126.333000 	394.000000 	393.667999 	404.975006 
56.100000 	126.333000 	394.000000 	393.667999 	404.975006 
56.200000 	126.333000 	394.000000 	393.667999 	404.975006 
56.300000 	126.333000 	394.000000 	393.667999 	404.975006 
56.400000 	126.333000 	394.000000 	393.667999 	404.975006 
56.500000 	126.346001 	394.000000 	393.653015 	405.056000 
56.600000 	126.346001 	394.000000 	393.653015 	405.056000 
56.700000 	126.346001 	394.000000 	393.653015 	405.056000 
56.800000 	126.346001 	394.000000 	393.653015 	405.056000 
56.900000 	126.346001 	394.000000 	393.653015 	405.056000 
57.000000 	126.346001 	394.000000 	393.653015 	405.056000 
57.100000 	126.346001 	394.000000 	393.653015 	405.056000 
57.200000 	126.346001 	394.000000 	393.653015 	405.056000 
57.300000 	126.346001 	394.000000 	393.653015 	405.056000 
57.400000 	126.346001 	394.000000 	393.653015 	405.056000 
57.500000 	126.358002 	394.000000 	393.638000 	405.135986 
57.600000 	126.358002 	394.000000 	393.638000 	405.135986 
57.700000 	126.358002 	394.000000 	393.638000 	405.135986 
57.800000 	126.358002 	394.000000 	393.638000 	405.135986 
57.900000 	126.358002 	394.000000 	393.638000 	405.135986 
58.000000 	126.358002 	394.000000 	393.638000 	405.135986 
58.100000 	126.358002 	394.000000 	393.638000 	405.135986 
58.200000 	126.358002 	394.000000 	393.638000 	405.135986 
58.300000 	126.358002 	394.000000 	393.638000 	405.135986 
58.400000 	126.358002 	394.000000 	393.638000 	405.135986 
58.500000 	126.371002 	394.000000 	393.621002 	405.217010 
58.600000 	126.371002 	394.000000 	393.621002 	405.217010 
58.700000 	126.371002 	394.000000 	393.621002 	405.217010 
58.800000 	126.371002 	394.000000 	393.621002 	405.217010 
58.900000 	126.371002 	394.000000 	393.621002 	405.217010 
59.000000 	126.371002 	394.000000 	393.621002 	405.217010 
59.100000 	126.371002 	394.000000 	393.621002 	405.217010 
59.200000 	126.371002 	394.000000 	393.621002 	405.217010 
59.300000 	126.371002 	394.000000 	393.621002 	405.217010 
59.400000 	126.371002 	394.000000 	393.621002 	405.217010 
59.500000 	126.384003 	394.000000 	393.604004 	405.298004 
59.600000 	126.384003 	394.000000 	393.604004 	405.298004 
59.700000 	126.384003 	394.000000 	393.604004 	405.298004 
59.800000 	126.384003 	394.000000 	393.604004 	405.298004 
59.900000 	126.384003 	394.000000 	393.604004 	405.298004 
60.000000 	126.384003 	394.000000 	393.604004 	405.298004 
