0.500000 	88.290703 	234.000000 	271.984985 	244.125000 
0.600000 	88.290703 	234.000000 	271.984985 	244.125000 
0.700000 	88.290703 	234.000000 	271.984985 	244.125000 
0.800000 	88.290703 	234.000000 	271.984985 	244.125000 
0.900000 	88.290703 	234.000000 	271.984985 	244.125000 
1.000000 	88.290703 	234.000000 	271.984985 	244.125000 
1.100000 	88.290703 	234.000000 	271.984985 	244.125000 
1.200000 	88.290703 	234.000000 	271.984985 	244.125000 
1.300000 	88.290703 	234.000000 	271.984985 	244.125000 
1.400000 	88.290703 	234.000000 	271.984985 	244.125000 
1.500000 	98.537697 	234.000000 	252.365005 	246.625000 
1.600000 	98.537697 	234.000000 	252.365005 	246.625000 
1.700000 	98.537697 	234.000000 	252.365005 	246.625000 
1.800000 	98.537697 	234.000000 	252.365005 	246.625000 
1.900000 	98.537697 	234.000000 	252.365005 	246.625000 
2.000000 	98.537697 	234.000000 	252.365005 	246.625000 
2.100000 	98.537697 	234.000000 	252.365005 	246.625000 
2.200000 	98.537697 	234.000000 	252.365005 	246.625000 
2.300000 	98.537697 	234.000000 	252.365005 	246.625000 
2.400000 	98.537697 	234.000000 	252.365005 	246.625000 
2.500000 	109.957001 	234.000000 	244.552994 	247.072006 
2.600000 	109.957001 	234.000000 	244.552994 	247.072006 
2.700000 	109.957001 	234.000000 	244.552994 	247.072006 
2.800000 	109.957001 	234.000000 	244.552994 	247.072006 
2.900000 	109.957001 	234.000000 	244.552994 	247.072006 
3.000000 	109.957001 	234.000000 	244.552994 	247.072006 
3.100000 	109.957001 	234.000000 	244.552994 	247.072006 
3.200000 	109.957001 	234.000000 	244.552994 	247.072006 
3.300000 	109.957001 	234.000000 	244.552994 	247.072006 
3.400000 	109.957001 	234.000000 	244.552994 	247.072006 
3.500000 	115.907997 	234.000000 	240.705994 	247.235001 
3.600000 	115.907997 	234.000000 	240.705994 	247.235001 
3.700000 	115.907997 	234.000000 	240.705994 	247.235001 
3.800000 	115.907997 	234.000000 	240.705994 	247.235001 
3.900000 	115.907997 	234.000000 	240.705994 	247.235001 
4.000000 	115.907997 	234.000000 	240.705994 	247.235001 
4.100000 	115.907997 	234.000000 	240.705994 	247.235001 
4.200000 	115.907997 	234.000000 	240.705994 	247.235001 
4.300000 	115.907997 	234.000000 	240.705994 	247.235001 
4.400000 	115.907997 	234.000000 	240.705994 	247.235001 
4.500000 	119.160004 	234.000000 	238.608994 	247.322998 
4.600000 	119.160004 	234.000000 	238.608994 	247.322998 
4.700000 	119.160004 	234.000000 	238.608994 	247.322998 
4.800000 	119.160004 	234.000000 	238.608994 	247.322998 
4.900000 	119.160004 	234.000000 	238.608994 	247.322998 
5.000000 	119.160004 	234.000000 	238.608994 	247.322998 
5.100000 	119.160004 	234.000000 	238.608994 	247.322998 
5.200000 	119.160004 	234.000000 	238.608994 	247.322998 
5.300000 	119.160004 	234.000000 	238.608994 	247.322998 
5.400000 	119.160004 	234.000000 	238.608994 	247.322998 
5.500000 	121.088997 	234.000000 	237.365005 	247.384995 
5.600000 	121.088997 	234.000000 	237.365005 	247.384995 
5.700000 	121.088997 	234.000000 	237.365005 	247.384995 
5.800000 	121.088997 	234.000000 	237.365005 	247.384995 
5.900000 	121.088997 	234.000000 	237.365005 	247.384995 
6.000000 	121.088997 	234.000000 	237.365005 	247.384995 
6.100000 	121.088997 	234.000000 	237.365005 	247.384995 
6.200000 	121.088997 	234.000000 	237.365005 	247.384995 
6.300000 	121.088997 	234.000000 	237.365005 	247.384995 
6.400000 	121.088997 	234.000000 	237.365005 	247.384995 
6.500000 	122.315002 	234.000000 	236.572006 	247.440002 
6.600000 	122.315002 	234.000000 	236.572006 	247.440002 
6.700000 	122.315002 	234.000000 	236.572006 	247.440002 
6.800000 	122.315002 	234.000000 	236.572006 	247.440002 
6.900000 	122.315002 	234.000000 	236.572006 	247.440002 
7.000000 	122.315002 	234.000000 	236.572006 	247.440002 
7.100000 	122.315002 	234.000000 	236.572006 	247.440002 
7.200000 	122.315002 	234.000000 	236.572006 	247.440002 
7.300000 	122.315002 	234.000000 	236.572006 	247.440002 
7.400000 	122.315002 	234.000000 	236.572006 	247.440002 
7.500000 	123.139000 	234.000000 	236.037003 	247.488998 
7.600000 	123.139000 	234.000000 	236.037003 	247.488998 
7.700000 	123.139000 	234.000000 	236.037003 	247.488998 
7.800000 	123.139000 	234.000000 	236.037003 	247.488998 
7.900000 	123.139000 	234.000000 	236.037003 	247.488998 
8.000000 	123.139000 	234.000000 	236.037003 	247.488998 
8.100000 	123.139000 	234.000000 	236.037003 	247.488998 
8.200000 	123.139000 	234.000000 	236.037003 	247.488998 
8.300000 	123.139000 	234.000000 	236.037003 	247.488998 
8.400000 	123.139000 	234.000000 	236.037003 	247.488998 
8.500000 	123.720001 	234.000000 	235.654007 	247.533005 
8.600000 	123.720001 	234.000000 	235.654007 	247.533005 
8.700000 	123.720001 	234.000000 	235.654007 	247.533005 
8.800000 	123.720001 	234.000000 	235.654007 	247.533005 
8.900000 	123.720001 	234.000000 	235.654007 	247.533005 
9.000000 	123.720001 	234.000000 	235.654007 	247.533005 
9.100000 	123.720001 	234.000000 	235.654007 	247.533005 
9.200000 	123.720001 	234.000000 	235.654007 	247.533005 
9.300000 	123.720001 	234.000000 	235.654007 	247.533005 
9.400000 	123.720001 	234.000000 	235.654007 	247.533005 
9.500000 	124.143997 	234.000000 	235.378006 	247.584000 
9.600000 	124.143997 	234.000000 	235.378006 	247.584000 
9.700000 	124.143997 	234.000000 	235.378006 	247.584000 
9.800000 	124.143997 	234.000000 	235.378006 	247.584000 
9.900000 	124.143997 	234.000000 	235.378006 	247.584000 
10.000000 	124.143997 	234.000000 	235.378006 	247.584000 
10.100000 	124.143997 	234.000000 	235.378006 	247.584000 
10.200000 	124.143997 	234.000000 	235.378006 	247.584000 
10.300000 	124.143997 	234.000000 	235.378006 	247.584000 
10.400000 	124.143997 	234.000000 	235.378006 	247.584000 
10.500000 	124.462997 	234.000000 	235.171005 	247.639008 
10.600000 	124.462997 	234.000000 	235.171005 	247.639008 
10.700000 	124.462997 	234.000000 	235.171005 	247.639008 
10.800000 	124.462997 	234.000000 	235.171005 	247.639008 
10.900000 	124.462997 	234.000000 	235.171005 	247.639008 
11.000000 	124.462997 	234.000000 	235.171005 	247.639008 
11.100000 	124.462997 	234.000000 	235.171005 	247.639008 
11.200000 	124.462997 	234.000000 	235.171005 	247.639008 
11.300000 	124.462997 	234.000000 	235.171005 	247.639008 
11.400000 	124.462997 	234.000000 	235.171005 	247.639008 
11.500000 	124.709999 	234.000000 	235.011002 	247.697998 
11.600000 	124.709999 	234.000000 	235.011002 	247.697998 
11.700000 	124.709999 	234.000000 	235.011002 	247.697998 
11.800000 	124.709999 	234.000000 	235.011002 	247.697998 
11.900000 	124.709999 	234.000000 	235.011002 	247.697998 
12.000000 	124.709999 	234.000000 	235.011002 	247.697998 
12.100000 	124.709999 	234.000000 	235.011002 	247.697998 
12.200000 	124.709999 	234.000000 	235.011002 	247.697998 
12.300000 	124.709999 	234.000000 	235.011002 	247.697998 
12.400000 	124.709999 	234.000000 	235.011002 	247.697998 
12.500000 	124.904999 	234.000000 	234.886002 	247.761002 
12.600000 	124.904999 	234.000000 	234.886002 	247.761002 
12.700000 	124.904999 	234.000000 	234.886002 	247.761002 
12.800000 	124.904999 	234.000000 	234.886002 	247.761002 
12.900000 	124.904999 	234.000000 	234.886002 	247.761002 
13.000000 	124.904999 	234.000000 	234.886002 	247.761002 
13.100000 	124.904999 	234.000000 	234.886002 	247.761002 
13.200000 	124.904999 	234.000000 	234.886002 	247.761002 
13.300000 	124.904999 	234.000000 	234.886002 	247.761002 
13.400000 	124.904999 	234.000000 	234.886002 	247.761002 
13.500000 	125.063004 	234.000000 	234.785995 	247.828995 
13.600000 	125.063004 	234.000000 	234.785995 	247.828995 
13.700000 	125.063004 	234.000000 	234.785995 	247.828995 
13.800000 	125.063004 	234.000000 	234.785995 	247.828995 
13.900000 	125.063004 	234.000000 	234.785995 	247.828995 
14.000000 	125.063004 	234.000000 	234.785995 	247.828995 
14.100000 	125.063004 	234.000000 	234.785995 	247.828995 
14.200000 	125.063004 	234.000000 	234.785995 	247.828995 
14.300000 	125.063004 	234.000000 	234.785995 	247.828995 
14.400000 	125.063004 	234.000000 	234.785995 	247.828995 
14.500000 	125.191002 	234.000000 	234.705002 	247.899994 
14.600000 	125.191002 	234.000000 	234.705002 	247.899994 
14.700000 	125.191002 	234.000000 	234.705002 	247.899994 
14.800000 	125.191002 	234.000000 	234.705002 	247.899994 
14.900000 	125.191002 	234.000000 	234.705002 	247.899994 
15.000000 	125.191002 	234.000000 	234.705002 	247.899994 
15.100000 	125.191002 	234.000000 	234.705002 	247.899994 
15.200000 	125.191002 	234.000000 	234.705002 	247.899994 
15.300000 	125.191002 	234.000000 	234.705002 	247.899994 
15.400000 	125.191002 	234.000000 	234.705002 	247.899994 
15.500000 	125.299004 	234.000000 	234.638000 	247.975006 
15.600000 	125.299004 	234.000000 	234.638000 	247.975006 
15.700000 	125.299004 	234.000000 	234.638000 	247.975006 
15.800000 	125.299004 	234.000000 	234.638000 	247.975006 
15.900000 	125.299004 	234.000000 	234.638000 	247.975006 
16.000000 	125.299004 	234.000000 	234.638000 	247.975006 
16.100000 	125.299004 	234.000000 	234.638000 	247.975006 
16.200000 	125.299004 	234.000000 	234.638000 	247.975006 
16.300000 	125.299004 	234.000000 	234.638000 	247.975006 
16.400000 	125.299004 	234.000000 	234.638000 	247.975006 
16.500000 	125.389000 	234.000000 	234.582001 	248.054001 
16.600000 	125.389000 	234.000000 	234.582001 	248.054001 
16.700000 	125.389000 	234.000000 	234.582001 	248.054001 
16.800000 	125.389000 	234.000000 	234.582001 	248.054001 
16.900000 	125.389000 	234.000000 	234.582001 	248.054001 
17.000000 	125.389000 	234.000000 	234.582001 	248.054001 
17.100000 	125.389000 	234.000000 	234.582001 	248.054001 
17.200000 	125.389000 	234.000000 	234.582001 	248.054001 
17.300000 	125.389000 	234.000000 	234.582001 	248.054001 
17.400000 	125.389000 	234.000000 	234.582001 	248.054001 
17.500000 	125.467003 	234.000000 	234.533997 	248.136993 
17.600000 	125.467003 	234.000000 	234.533997 	248.136993 
17.700000 	125.467003 	234.000000 	234.533997 	248.136993 
17.800000 	125.467003 	234.000000 	234.533997 	248.136993 
17.900000 	125.467003 	234.000000 	234.533997 	248.136993 
18.000000 	125.467003 	234.000000 	234.533997 	248.136993 
18.100000 	125.467003 	234.000000 	234.533997 	248.136993 
18.200000 	125.467003 	234.000000 	234.533997 	248.136993 
18.300000 	125.467003 	234.000000 	234.533997 	248.136993 
18.400000 	125.467003 	234.000000 	234.533997 	248.136993 
18.500000 	125.532997 	234.000000 	234.494003 	248.223999 
18.600000 	125.532997 	234.000000 	234.494003 	248.223999 
18.700000 	125.532997 	234.000000 	234.494003 	248.223999 
18.800000 	125.532997 	234.000000 	234.494003 	248.223999 
18.900000 	125.532997 	234.000000 	234.494003 	248.223999 
19.000000 	125.532997 	234.000000 	234.494003 	248.223999 
19.100000 	125.532997 	234.000000 	234.494003 	248.223999 
19.200000 	125.532997 	234.000000 	234.494003 	248.223999 
19.300000 	125.532997 	234.000000 	234.494003 	248.223999 
19.400000 	125.532997 	234.000000 	234.494003 	248.223999 
19.500000 	125.592003 	234.000000 	234.459000 	248.313995 
19.600000 	125.592003 	234.000000 	234.459000 	248.313995 
19.700000 	125.592003 	234.000000 	234.459000 	248.313995 
19.800000 	125.592003 	234.000000 	234.459000 	248.313995 
19.900000 	125.592003 	234.000000 	234.459000 	248.313995 
20.000000 	125.592003 	234.000000 	234.459000 	248.313995 
20.100000 	125.592003 	234.000000 	234.459000 	248.313995 
20.200000 	125.592003 	234.000000 	234.459000 	248.313995 
20.300000 	125.592003 	234.000000 	234.459000 	248.313995 
20.400000 	125.592003 	234.000000 	234.459000 	248.313995 
20.500000 	125.642998 	234.000000 	234.429001 	248.408005 
20.600000 	125.642998 	234.000000 	234.429001 	248.408005 
20.700000 	125.642998 	234.000000 	234.429001 	248.408005 
20.800000 	125.642998 	234.000000 	234.429001 	248.408005 
20.900000 	125.642998 	234.000000 	234.429001 	248.408005 
21.000000 	125.642998 	234.000000 	234.429001 	248.408005 
21.100000 	125.642998 	234.000000 	234.429001 	248.408005 
21.200000 	125.642998 	234.000000 	234.429001 	248.408005 
21.300000 	125.642998 	234.000000 	234.429001 	248.408005 
21.400000 	125.642998 	234.000000 	234.429001 	248.408005 
21.500000 	125.689003 	234.000000 	234.403000 	248.505005 
21.600000 	125.689003 	234.000000 	234.403000 	248.505005 
21.700000 	125.689003 	234.000000 	234.403000 	248.505005 
21.800000 	125.689003 	234.000000 	234.403000 	248.505005 
21.900000 	125.689003 	234.000000 	234.403000 	248.505005 
22.000000 	125.689003 	234.000000 	234.403000 	248.505005 
22.100000 	125.689003 	234.000000 	234.403000 	248.505005 
22.200000 	125.689003 	234.000000 	234.403000 	248.505005 
22.300000 	125.689003 	234.000000 	234.403000 	248.505005 
22.400000 	125.689003 	234.000000 	234.403000 	248.505005 
22.500000 	125.731003 	234.000000 	234.380005 	248.606003 
22.600000 	125.731003 	234.000000 	234.380005 	248.606003 
22.700000 	125.731003 	234.000000 	234.380005 	248.606003 
22.800000 	125.731003 	234.000000 	234.380005 	248.606003 
22.900000 	125.731003 	234.000000 	234.380005 	248.606003 
23.000000 	125.731003 	234.000000 	234.380005 	248.606003 
23.100000 	125.731003 	234.000000 	234.380005 	248.606003 
23.200000 	125.731003 	234.000000 	234.380005 	248.606003 
23.300000 	125.731003 	234.000000 	234.380005 	248.606003 
23.400000 	125.731003 	234.000000 	234.380005 	248.606003 
23.500000 	125.767998 	234.000000 	234.358994 	248.710007 
23.600000 	125.767998 	234.000000 	234.358994 	248.710007 
23.700000 	125.767998 	234.000000 	234.358994 	248.710007 
23.800000 	125.767998 	234.000000 	234.358994 	248.710007 
23.900000 	125.767998 	234.000000 	234.358994 	248.710007 
24.000000 	125.767998 	234.000000 	234.358994 	248.710007 
24.100000 	125.767998 	234.000000 	234.358994 	248.710007 
24.200000 	125.767998 	234.000000 	234.358994 	248.710007 
24.300000 	125.767998 	234.000000 	234.358994 	248.710007 
24.400000 	125.767998 	234.000000 	234.358994 	248.710007 
24.500000 	125.802002 	234.000000 	234.341003 	248.817993 
24.600000 	125.802002 	234.000000 	234.341003 	248.817993 
24.700000 	125.802002 	234.000000 	234.341003 	248.817993 
24.800000 	125.802002 	234.000000 	234.341003 	248.817993 
24.900000 	125.802002 	234.000000 	234.341003 	248.817993 
25.000000 	125.802002 	234.000000 	234.341003 	248.817993 
25.100000 	125.802002 	234.000000 	234.341003 	248.817993 
25.200000 	125.802002 	234.000000 	234.341003 	248.817993 
25.300000 	125.802002 	234.000000 	234.341003 	248.817993 
25.400000 	125.802002 	234.000000 	234.341003 	248.817993 
25.500000 	125.833000 	234.000000 	234.324005 	248.927994 
25.600000 	125.833000 	234.000000 	234.324005 	248.927994 
25.700000 	125.833000 	234.000000 	234.324005 	248.927994 
25.800000 	125.833000 	234.000000 	234.324005 	248.927994 
25.900000 	125.833000 	234.000000 	234.324005 	248.927994 
26.000000 	125.833000 	234.000000 	234.324005 	248.927994 
26.100000 	125.833000 	234.000000 	234.324005 	248.927994 
26.200000 	125.833000 	234.000000 	234.324005 	248.927994 
26.300000 	125.833000 	234.000000 	234.324005 	248.927994 
26.400000 	125.833000 	234.000000 	234.324005 	248.927994 
26.500000 	125.862000 	234.000000 	234.309006 	249.042007 
26.600000 	125.862000 	234.000000 	234.309006 	249.042007 
26.700000 	125.862000 	234.000000 	234.309006 	249.042007 
26.800000 	125.862000 	234.000000 	234.309006 	249.042007 
26.900000 	125.862000 	234.000000 	234.309006 	249.042007 
27.000000 	125.862000 	234.000000 	234.309006 	249.042007 
27.100000 	125.862000 	234.000000 	234.309006 	249.042007 
27.200000 	125.862000 	234.000000 	234.309006 	249.042007 
27.300000 	125.862000 	234.000000 	234.309006 	249.042007 
27.400000 	125.862000 	234.000000 	234.309006 	249.042007 
27.500000 	125.889000 	234.000000 	234.296005 	249.158997 
27.600000 	125.889000 	234.000000 	234.296005 	249.158997 
27.700000 	125.889000 	234.000000 	234.296005 	249.158997 
27.800000 	125.889000 	234.000000 	234.296005 	249.158997 
27.900000 	125.889000 	234.000000 	234.296005 	249.158997 
28.000000 	125.889000 	234.000000 	234.296005 	249.158997 
28.100000 	125.889000 	234.000000 	234.296005 	249.158997 
28.200000 	125.889000 	234.000000 	234.296005 	249.158997 
28.300000 	125.889000 	234.000000 	234.296005 	249.158997 
28.400000 	125.889000 	234.000000 	234.296005 	249.158997 
28.500000 	125.915001 	234.000000 	234.283005 	249.279007 
28.600000 	125.915001 	234.000000 	234.283005 	249.279007 
28.700000 	125.915001 	234.000000 	234.283005 	249.279007 
28.800000 	125.915001 	234.000000 	234.283005 	249.279007 
28.900000 	125.915001 	234.000000 	234.283005 	249.279007 
29.000000 	125.915001 	234.000000 	234.283005 	249.279007 
29.100000 	125.915001 	234.000000 	234.283005 	249.279007 
29.200000 	125.915001 	234.000000 	234.283005 	249.279007 
29.300000 	125.915001 	234.000000 	234.283005 	249.279007 
29.400000 	125.915001 	234.000000 	234.283005 	249.279007 
29.500000 	125.939003 	234.000000 	234.270996 	249.401001 
29.600000 	125.939003 	234.000000 	234.270996 	249.401001 
29.700000 	125.939003 	234.000000 	234.270996 	249.401001 
29.800000 	125.939003 	234.000000 	234.270996 	249.401001 
29.900000 	125.939003 	234.000000 	234.270996 	249.401001 
30.000000 	125.939003 	234.000000 	234.270996 	249.401001 
30.100000 	125.939003 	234.000000 	234.270996 	249.401001 
30.200000 	125.939003 	234.000000 	234.270996 	249.401001 
30.300000 	125.939003 	234.000000 	234.270996 	249.401001 
30.400000 	125.939003 	234.000000 	234.270996 	249.401001 
30.500000 	125.960999 	234.000000 	234.261002 	249.526993 
30.600000 	125.960999 	234.000000 	234.261002 	249.526993 
30.700000 	125.960999 	234.000000 	234.261002 	249.526993 
30.800000 	125.960999 	234.000000 	234.261002 	249.526993 
30.900000 	125.960999 	234.000000 	234.261002 	249.526993 
31.000000 	125.960999 	234.000000 	234.261002 	249.526993 
31.100000 	125.960999 	234.000000 	234.261002 	249.526993 
31.200000 	125.960999 	234.000000 	234.261002 	249.526993 
31.300000 	125.960999 	234.000000 	234.261002 	249.526993 
31.400000 	125.960999 	234.000000 	234.261002 	249.526993 
31.500000 	125.983002 	234.000000 	234.250000 	249.654999 
31.600000 	125.983002 	234.000000 	234.250000 	249.654999 
31.700000 	125.983002 	234.000000 	234.250000 	249.654999 
31.800000 	125.983002 	234.000000 	234.250000 	249.654999 
31.900000 	125.983002 	234.000000 	234.250000 	249.654999 
32.000000 	125.983002 	234.000000 	234.250000 	249.654999 
32.100000 	125.983002 	234.000000 	234.250000 	249.654999 
32.200000 	125.983002 	234.000000 	234.250000 	249.654999 
32.300000 	125.983002 	234.000000 	234.250000 	249.654999 
32.400000 	125.983002 	234.000000 	234.250000 	249.654999 
32.500000 	126.002998 	234.000000 	234.240997 	249.785995 
32.600000 	126.002998 	234.000000 	234.240997 	249.785995 
32.700000 	126.002998 	234.000000 	234.240997 	249.785995 
32.800000 	126.002998 	234.000000 	234.240997 	249.785995 
32.900000 	126.002998 	234.000000 	234.240997 	249.785995 
33.000000 	126.002998 	234.000000 	234.240997 	249.785995 
33.100000 	126.002998 	234.000000 	234.240997 	249.785995 
33.200000 	126.002998 	234.000000 	234.240997 	249.785995 
33.300000 	126.002998 	234.000000 	234.240997 	249.785995 
33.400000 	126.002998 	234.000000 	234.240997 	249.785995 
33.500000 	126.023003 	234.000000 	234.231995 	249.919006 
33.600000 	126.023003 	234.000000 	234.231995 	249.919006 
33.700000 	126.023003 	234.000000 	234.231995 	249.919006 
33.800000 	126.023003 	234.000000 	234.231995 	249.919006 
33.900000 	126.023003 	234.000000 	234.231995 	249.919006 
34.000000 	126.023003 	234.000000 	234.231995 	249.919006 
34.100000 	126.023003 	234.000000 	234.231995 	249.919006 
34.200000 	126.023003 	234.000000 	234.231995 	249.919006 
34.300000 	126.023003 	234.000000 	234.231995 	249.919006 
34.400000 	126.023003 	234.000000 	234.231995 	249.919006 
34.500000 	126.042000 	234.000000 	234.223007 	250.054993 
34.600000 	126.042000 	234.000000 	234.223007 	250.054993 
34.700000 	126.042000 	234.000000 	234.223007 	250.054993 
34.800000 	126.042000 	234.000000 	234.223007 	250.054993 
34.900000 	126.042000 	234.000000 	234.223007 	250.054993 
35.000000 	126.042000 	234.000000 	234.223007 	250.054993 
35.100000 	126.042000 	234.000000 	234.223007 	250.054993 
35.200000 	126.042000 	234.000000 	234.223007 	250.054993 
35.300000 	126.042000 	234.000000 	234.223007 	250.054993 
35.400000 	126.042000 	234.000000 	234.223007 	250.054993 
35.500000 	126.060997 	234.000000 	234.214996 	250.192993 
35.600000 	126.060997 	234.000000 	234.214996 	250.192993 
35.700000 	126.060997 	234.000000 	234.214996 	250.192993 
35.800000 	126.060997 	234.000000 	234.214996 	250.192993 
35.900000 	126.060997 	234.000000 	234.214996 	250.192993 
36.000000 	126.060997 	234.000000 	234.214996 	250.192993 
36.100000 	126.060997 	234.000000 	234.214996 	250.192993 
36.200000 	126.060997 	234.000000 	234.214996 	250.192993 
36.300000 	126.060997 	234.000000 	234.214996 	250.192993 
36.400000 	126.060997 	234.000000 	234.214996 	250.192993 
36.500000 	126.079002 	234.000000 	234.207001 	250.334000 
36.600000 	126.079002 	234.000000 	234.207001 	250.334000 
36.700000 	126.079002 	234.000000 	234.207001 	250.334000 
36.800000 	126.079002 	234.000000 	234.207001 	250.334000 
36.900000 	126.079002 	234.000000 	234.207001 	250.334000 
37.000000 	126.079002 	234.000000 	234.207001 	250.334000 
37.100000 	126.079002 	234.000000 	234.207001 	250.334000 
37.200000 	126.079002 	234.000000 	234.207001 	250.334000 
37.300000 	126.079002 	234.000000 	234.207001 	250.334000 
37.400000 	126.079002 	234.000000 	234.207001 	250.334000 
37.500000 	126.097000 	234.000000 	234.199005 	250.477005 
37.600000 	126.097000 	234.000000 	234.199005 	250.477005 
37.700000 	126.097000 	234.000000 	234.199005 	250.477005 
37.800000 	126.097000 	234.000000 	234.199005 	250.477005 
37.900000 	126.097000 	234.000000 	234.199005 	250.477005 
38.000000 	126.097000 	234.000000 	234.199005 	250.477005 
38.100000 	126.097000 	234.000000 	234.199005 	250.477005 
38.200000 	126.097000 	234.000000 	234.199005 	250.477005 
38.300000 	126.097000 	234.000000 	234.199005 	250.477005 
38.400000 	126.097000 	234.000000 	234.199005 	250.477005 
38.500000 	126.113998 	234.000000 	234.192001 	250.621994 
38.600000 	126.113998 	234.000000 	234.192001 	250.621994 
38.700000 	126.113998 	234.000000 	234.192001 	250.621994 
38.800000 	126.113998 	234.000000 	234.192001 	250.621994 
38.900000 	126.113998 	234.000000 	234.192001 	250.621994 
39.000000 	126.113998 	234.000000 	234.192001 	250.621994 
39.100000 	126.113998 	234.000000 	234.192001 	250.621994 
39.200000 	126.113998 	234.000000 	234.192001 	250.621994 
39.300000 	126.113998 	234.000000 	234.192001 	250.621994 
39.400000 	126.113998 	234.000000 	234.192001 	250.621994 
39.500000 	126.130997 	234.000000 	234.184998 	250.768997 
39.600000 	126.130997 	234.000000 	234.184998 	250.768997 
39.700000 	126.130997 	234.000000 	234.184998 	250.768997 
39.800000 	126.130997 	234.000000 	234.184998 	250.768997 
39.900000 	126.130997 	234.000000 	234.184998 	250.768997 
40.000000 	126.130997 	234.000000 	234.184998 	250.768997 
40.100000 	126.130997 	234.000000 	234.184998 	250.768997 
40.200000 	126.130997 	234.000000 	234.184998 	250.768997 
40.300000 	126.130997 	234.000000 	234.184998 	250.768997 
40.400000 	126.130997 	234.000000 	234.184998 	250.768997 
40.500000 	126.148003 	234.000000 	234.177002 	250.919006 
40.600000 	126.148003 	234.000000 	234.177002 	250.919006 
40.700000 	126.148003 	234.000000 	234.177002 	250.919006 
40.800000 	126.148003 	234.000000 	234.177002 	250.919006 
40.900000 	126.148003 	234.000000 	234.177002 	250.919006 
41.000000 	126.148003 	234.000000 	234.177002 	250.919006 
41.100000 	126.148003 	234.000000 	234.177002 	250.919006 
41.200000 	126.148003 	234.000000 	234.177002 	250.919006 
41.300000 	126.148003 	234.000000 	234.177002 	250.919006 
41.400000 	126.148003 	234.000000 	234.177002 	250.919006 
41.500000 	126.164001 	234.000000 	234.169998 	251.070007 
41.600000 	126.164001 	234.000000 	234.169998 	251.070007 
41.700000 	126.164001 	234.000000 	234.169998 	251.070007 
41.800000 	126.164001 	234.000000 	234.169998 	251.070007 
41.900000 	126.164001 	234.000000 	234.169998 	251.070007 
42.000000 	126.164001 	234.000000 	234.169998 	251.070007 
42.100000 	126.164001 	234.000000 	234.169998 	251.070007 
42.200000 	126.164001 	234.000000 	234.169998 	251.070007 
42.300000 	126.164001 	234.000000 	234.169998 	251.070007 
42.400000 	126.164001 	234.000000 	234.169998 	251.070007 
42.500000 	126.180000 	234.000000 	234.162994 	251.223999 
42.600000 	126.180000 	234.000000 	234.162994 	251.223999 
42.700000 	126.180000 	234.000000 	234.162994 	251.223999 
42.800000 	126.180000 	234.000000 	234.162994 	251.223999 
42.900000 	126.180000 	234.000000 	234.162994 	251.223999 
43.000000 	126.180000 	234.000000 	234.162994 	251.223999 
43.100000 	126.180000 	234.000000 	234.162994 	251.223999 
43.200000 	126.180000 	234.000000 	234.162994 	251.223999 
43.300000 	126.180000 	234.000000 	234.162994 	251.223999 
43.400000 	126.180000 	234.000000 	234.162994 	251.223999 
43.500000 	126.195999 	234.000000 	234.156006 	251.378998 
43.600000 	126.195999 	234.000000 	234.156006 	251.378998 
43.700000 	126.195999 	234.000000 	234.156006 	251.378998 
43.800000 	126.195999 	234.000000 	234.156006 	251.378998 
43.900000 	126.195999 	234.000000 	234.156006 	251.378998 
44.000000 	126.195999 	234.000000 	234.156006 	251.378998 
44.100000 	126.195999 	234.000000 	234.156006 	251.378998 
44.200000 	126.195999 	234.000000 	234.156006 	251.378998 
44.300000 	126.195999 	234.000000 	234.156006 	251.378998 
44.400000 	126.195999 	234.000000 	234.156006 	251.378998 
44.500000 	126.211998 	234.000000 	234.147995 	251.535995 
44.600000 	126.211998 	234.000000 	234.147995 	251.535995 
44.700000 	126.211998 	234.000000 	234.147995 	251.535995 
44.800000 	126.211998 	234.000000 	234.147995 	251.535995 
44.900000 	126.211998 	234.000000 	234.147995 	251.535995 
45.000000 	126.211998 	234.000000 	234.147995 	251.535995 
45.100000 	126.211998 	234.000000 	234.147995 	251.535995 
45.200000 	126.211998 	234.000000 	234.147995 	251.535995 
45.300000 	126.211998 	234.000000 	234.147995 	251.535995 
45.400000 	126.211998 	234.000000 	234.147995 	251.535995 
45.500000 	126.227997 	234.000000 	234.141006 	251.695007 
45.600000 	126.227997 	234.000000 	234.141006 	251.695007 
45.700000 	126.227997 	234.000000 	234.141006 	251.695007 
45.800000 	126.227997 	234.000000 	234.141006 	251.695007 
45.900000 	126.227997 	234.000000 	234.141006 	251.695007 
46.000000 	126.227997 	234.000000 	234.141006 	251.695007 
46.100000 	126.227997 	234.000000 	234.141006 	251.695007 
46.200000 	126.227997 	234.000000 	234.141006 	251.695007 
46.300000 	126.227997 	234.000000 	234.141006 	251.695007 
46.400000 	126.227997 	234.000000 	234.141006 	251.695007 
46.500000 	126.244003 	234.000000 	234.134003 	251.854996 
46.600000 	126.244003 	234.000000 	234.134003 	251.854996 
46.700000 	126.244003 	234.000000 	234.134003 	251.854996 
46.800000 	126.244003 	234.000000 	234.134003 	251.854996 
46.900000 	126.244003 	234.000000 	234.134003 	251.854996 
47.000000 	126.244003 	234.000000 	234.134003 	251.854996 
47.100000 	126.244003 	234.000000 	234.134003 	251.854996 
47.200000 	126.244003 	234.000000 	234.134003 	251.854996 
47.300000 	126.244003 	234.000000 	234.134003 	251.854996 
47.400000 	126.244003 	234.000000 	234.134003 	251.854996 
47.500000 	126.260002 	234.000000 	234.126007 	252.018005 
47.600000 	126.260002 	234.000000 	234.126007 	252.018005 
47.700000 	126.260002 	234.000000 	234.126007 	252.018005 
47.800000 	126.260002 	234.000000 	234.126007 	252.018005 
47.900000 	126.260002 	234.000000 	234.126007 	252.018005 
48.000000 	126.260002 	234.000000 	234.126007 	252.018005 
48.100000 	126.260002 	234.000000 	234.126007 	252.018005 
48.200000 	126.260002 	234.000000 	234.126007 	252.018005 
48.300000 	126.260002 	234.000000 	234.126007 	252.018005 
48.400000 	126.260002 	234.000000 	234.126007 	252.018005 
48.500000 	126.276001 	234.000000 	234.119003 	252.182007 
48.600000 	126.276001 	234.000000 	234.119003 	252.182007 
48.700000 	126.276001 	234.000000 	234.119003 	252.182007 
48.800000 	126.276001 	234.000000 	234.119003 	252.182007 
48.900000 	126.276001 	234.000000 	234.119003 	252.182007 
49.000000 	126.276001 	234.000000 	234.119003 	252.182007 
49.100000 	126.276001 	234.000000 	234.119003 	252.182007 
49.200000 	126.276001 	234.000000 	234.119003 	252.182007 
49.300000 	126.276001 	234.000000 	234.119003 	252.182007 
49.400000 	126.276001 	234.000000 	234.119003 	252.182007 
49.500000 	126.291000 	234.000000 	234.110992 	252.347000 
49.600000 	126.291000 	234.000000 	234.110992 	252.347000 
49.700000 	126.291000 	234.000000 	234.110992 	252.347000 
49.800000 	126.291000 	234.000000 	234.110992 	252.347000 
49.900000 	126.291000 	234.000000 	234.110992 	252.347000 
50.000000 	126.291000 	234.000000 	234.110992 	252.347000 
50.100000 	126.291000 	234.000000 	234.110992 	252.347000 
50.200000 	126.291000 	234.000000 	234.110992 	252.347000 
50.300000 	126.291000 	234.000000 	234.110992 	252.347000 
50.400000 	126.291000 	234.000000 	234.110992 	252.347000 
50.500000 	126.306999 	234.000000 	234.102997 	252.514008 
50.600000 	126.306999 	234.000000 	234.102997 	252.514008 
50.700000 	126.306999 	234.000000 	234.102997 	252.514008 
50.800000 	126.306999 	234.000000 	234.102997 	252.514008 
50.900000 	126.306999 	234.000000 	234.102997 	252.514008 
51.000000 	126.306999 	234.000000 	234.102997 	252.514008 
51.100000 	126.306999 	234.000000 	234.102997 	252.514008 
51.200000 	126.306999 	234.000000 	234.102997 	252.514008 
51.300000 	126.306999 	234.000000 	234.102997 	252.514008 
51.400000 	126.306999 	234.000000 	234.102997 	252.514008 
51.500000 	126.322998 	234.000000 	234.095001 	252.682007 
51.600000 	126.322998 	234.000000 	234.095001 	252.682007 
51.700000 	126.322998 	234.000000 	234.095001 	252.682007 
51.800000 	126.322998 	234.000000 	234.095001 	252.682007 
51.900000 	126.322998 	234.000000 	234.095001 	252.682007 
52.000000 	126.322998 	234.000000 	234.095001 	252.682007 
52.100000 	126.322998 	234.000000 	234.095001 	252.682007 
52.200000 	126.322998 	234.000000 	234.095001 	252.682007 
52.300000 	126.322998 	234.000000 	234.095001 	252.682007 
52.400000 	126.322998 	234.000000 	234.095001 	252.682007 
52.500000 	126.338997 	234.000000 	234.085999 	252.852005 
52.600000 	126.338997 	234.000000 	234.085999 	252.852005 
52.700000 	126.338997 	234.000000 	234.085999 	252.852005 
52.800000 	126.338997 	234.000000 	234.085999 	252.852005 
52.900000 	126.338997 	234.000000 	234.085999 	252.852005 
53.000000 	126.338997 	234.000000 	234.085999 	252.852005 
53.100000 	126.338997 	234.000000 	234.085999 	252.852005 
53.200000 	126.338997 	234.000000 	234.085999 	252.852005 
53.300000 	126.338997 	234.000000 	234.085999 	252.852005 
53.400000 	126.338997 	234.000000 	234.085999 	252.852005 
53.500000 	126.355003 	234.000000 	234.078003 	253.022995 
53.600000 	126.355003 	234.000000 	234.078003 	253.022995 
53.700000 	126.355003 	234.000000 	234.078003 	253.022995 
53.800000 	126.355003 	234.000000 	234.078003 	253.022995 
53.900000 	126.355003 	234.000000 	234.078003 	253.022995 
54.000000 	126.355003 	234.000000 	234.078003 	253.022995 
54.100000 	126.355003 	234.000000 	234.078003 	253.022995 
54.200000 	126.355003 	234.000000 	234.078003 	253.022995 
54.300000 	126.355003 	234.000000 	234.078003 	253.022995 
54.400000 	126.355003 	234.000000 	234.078003 	253.022995 
54.500000 	126.371002 	234.000000 	234.069000 	253.195007 
54.600000 	126.371002 	234.000000 	234.069000 	253.195007 
54.700000 	126.371002 	234.000000 	234.069000 	253.195007 
54.800000 	126.371002 	234.000000 	234.069000 	253.195007 
54.900000 	126.371002 	234.000000 	234.069000 	253.195007 
55.000000 	126.371002 	234.000000 	234.069000 	253.195007 
55.100000 	126.371002 	234.000000 	234.069000 	253.195007 
55.200000 	126.371002 	234.000000 	234.069000 	253.195007 
55.300000 	126.371002 	234.000000 	234.069000 	253.195007 
55.400000 	126.371002 	234.000000 	234.069000 	253.195007 
55.500000 	126.387001 	234.000000 	234.059998 	253.367996 
55.600000 	126.387001 	234.000000 	234.059998 	253.367996 
55.700000 	126.387001 	234.000000 	234.059998 	253.367996 
55.800000 	126.387001 	234.000000 	234.059998 	253.367996 
55.900000 	126.387001 	234.000000 	234.059998 	253.367996 
56.000000 	126.387001 	234.000000 	234.059998 	253.367996 
56.100000 	126.387001 	234.000000 	234.059998 	253.367996 
56.200000 	126.387001 	234.000000 	234.059998 	253.367996 
56.300000 	126.387001 	234.000000 	234.059998 	253.367996 
56.400000 	126.387001 	234.000000 	234.059998 	253.367996 
56.500000 	126.403000 	234.000000 	234.050003 	253.542999 
56.600000 	126.403000 	234.000000 	234.050003 	253.542999 
56.700000 	126.403000 	234.000000 	234.050003 	253.542999 
56.800000 	126.403000 	234.000000 	234.050003 	253.542999 
56.900000 	126.403000 	234.000000 	234.050003 	253.542999 
57.000000 	126.403000 	234.000000 	234.050003 	253.542999 
57.100000 	126.403000 	234.000000 	234.050003 	253.542999 
57.200000 	126.403000 	234.000000 	234.050003 	253.542999 
57.300000 	126.403000 	234.000000 	234.050003 	253.542999 
57.400000 	126.403000 	234.000000 	234.050003 	253.542999 
57.500000 	126.418999 	234.000000 	234.041000 	253.718994 
57.600000 	126.418999 	234.000000 	234.041000 	253.718994 
57.700000 	126.418999 	234.000000 	234.041000 	253.718994 
57.800000 	126.418999 	234.000000 	234.041000 	253.718994 
57.900000 	126.418999 	234.000000 	234.041000 	253.718994 
58.000000 	126.418999 	234.000000 	234.041000 	253.718994 
58.100000 	126.418999 	234.000000 	234.041000 	253.718994 
58.200000 	126.418999 	234.000000 	234.041000 	253.718994 
58.300000 	126.418999 	234.000000 	234.041000 	253.718994 
58.400000 	126.418999 	234.000000 	234.041000 	253.718994 
58.500000 	126.435997 	234.000000 	234.029999 	253.895996 
58.600000 	126.435997 	234.000000 	234.029999 	253.895996 
58.700000 	126.435997 	234.000000 	234.029999 	253.895996 
58.800000 	126.435997 	234.000000 	234.029999 	253.895996 
58.900000 	126.435997 	234.000000 	234.029999 	253.895996 
59.000000 	126.435997 	234.000000 	234.029999 	253.895996 
59.100000 	126.435997 	234.000000 	234.029999 	253.895996 
59.200000 	126.435997 	234.000000 	234.029999 	253.895996 
59.300000 	126.435997 	234.000000 	234.029999 	253.895996 
59.400000 	126.435997 	234.000000 	234.029999 	253.895996 
59.500000 	126.452003 	234.000000 	234.020004 	254.074005 
59.600000 	126.452003 	234.000000 	234.020004 	254.074005 
59.700000 	126.452003 	234.000000 	234.020004 	254.074005 
59.800000 	126.452003 	234.000000 	234.020004 	254.074005 
59.900000 	126.452003 	234.000000 	234.020004 	254.074005 
60.000000 	126.452003 	234.000000 	234.020004 	254.074005 
