0.500000 	92.988297 	831.000000 	837.992981 	833.715027 
0.600000 	92.988297 	831.000000 	837.992981 	833.715027 
0.700000 	92.988297 	831.000000 	837.992981 	833.715027 
0.800000 	92.988297 	831.000000 	837.992981 	833.715027 
0.900000 	92.988297 	831.000000 	837.992981 	833.715027 
1.000000 	92.988297 	831.000000 	837.992981 	833.715027 
1.100000 	92.988297 	831.000000 	837.992981 	833.715027 
1.200000 	92.988297 	831.000000 	837.992981 	833.715027 
1.300000 	92.988297 	831.000000 	837.992981 	833.715027 
1.400000 	92.988297 	831.000000 	837.992981 	833.715027 
1.500000 	104.098999 	831.000000 	834.849976 	835.012024 
1.600000 	104.098999 	831.000000 	834.849976 	835.012024 
1.700000 	104.098999 	831.000000 	834.849976 	835.012024 
1.800000 	104.098999 	831.000000 	834.849976 	835.012024 
1.900000 	104.098999 	831.000000 	834.849976 	835.012024 
2.000000 	104.098999 	831.000000 	834.849976 	835.012024 
2.100000 	104.098999 	831.000000 	834.849976 	835.012024 
2.200000 	104.098999 	831.000000 	834.849976 	835.012024 
2.300000 	104.098999 	831.000000 	834.849976 	835.012024 
2.400000 	104.098999 	831.000000 	834.849976 	835.012024 
2.500000 	114.001999 	831.000000 	833.078003 	835.030029 
2.600000 	114.001999 	831.000000 	833.078003 	835.030029 
2.700000 	114.001999 	831.000000 	833.078003 	835.030029 
2.800000 	114.001999 	831.000000 	833.078003 	835.030029 
2.900000 	114.001999 	831.000000 	833.078003 	835.030029 
3.000000 	114.001999 	831.000000 	833.078003 	835.030029 
3.100000 	114.001999 	831.000000 	833.078003 	835.030029 
3.200000 	114.001999 	831.000000 	833.078003 	835.030029 
3.300000 	114.001999 	831.000000 	833.078003 	835.030029 
3.400000 	114.001999 	831.000000 	833.078003 	835.030029 
3.500000 	118.723999 	831.000000 	832.237976 	835.021973 
3.600000 	118.723999 	831.000000 	832.237976 	835.021973 
3.700000 	118.723999 	831.000000 	832.237976 	835.021973 
3.800000 	118.723999 	831.000000 	832.237976 	835.021973 
3.900000 	118.723999 	831.000000 	832.237976 	835.021973 
4.000000 	118.723999 	831.000000 	832.237976 	835.021973 
4.100000 	118.723999 	831.000000 	832.237976 	835.021973 
4.200000 	118.723999 	831.000000 	832.237976 	835.021973 
4.300000 	118.723999 	831.000000 	832.237976 	835.021973 
4.400000 	118.723999 	831.000000 	832.237976 	835.021973 
4.500000 	121.182999 	831.000000 	831.796021 	835.017029 
4.600000 	121.182999 	831.000000 	831.796021 	835.017029 
4.700000 	121.182999 	831.000000 	831.796021 	835.017029 
4.800000 	121.182999 	831.000000 	831.796021 	835.017029 
4.900000 	121.182999 	831.000000 	831.796021 	835.017029 
5.000000 	121.182999 	831.000000 	831.796021 	835.017029 
5.100000 	121.182999 	831.000000 	831.796021 	835.017029 
5.200000 	121.182999 	831.000000 	831.796021 	835.017029 
5.300000 	121.182999 	831.000000 	831.796021 	835.017029 
5.400000 	121.182999 	831.000000 	831.796021 	835.017029 
5.500000 	122.600998 	831.000000 	831.541016 	835.015015 
5.600000 	122.600998 	831.000000 	831.541016 	835.015015 
5.700000 	122.600998 	831.000000 	831.541016 	835.015015 
5.800000 	122.600998 	831.000000 	831.541016 	835.015015 
5.900000 	122.600998 	831.000000 	831.541016 	835.015015 
6.000000 	122.600998 	831.000000 	831.541016 	835.015015 
6.100000 	122.600998 	831.000000 	831.541016 	835.015015 
6.200000 	122.600998 	831.000000 	831.541016 	835.015015 
6.300000 	122.600998 	831.000000 	831.541016 	835.015015 
6.400000 	122.600998 	831.000000 	831.541016 	835.015015 
6.500000 	123.487000 	831.000000 	831.380005 	835.015991 
6.600000 	123.487000 	831.000000 	831.380005 	835.015991 
6.700000 	123.487000 	831.000000 	831.380005 	835.015991 
6.800000 	123.487000 	831.000000 	831.380005 	835.015991 
6.900000 	123.487000 	831.000000 	831.380005 	835.015991 
7.000000 	123.487000 	831.000000 	831.380005 	835.015991 
7.100000 	123.487000 	831.000000 	831.380005 	835.015991 
7.200000 	123.487000 	831.000000 	831.380005 	835.015991 
7.300000 	123.487000 	831.000000 	831.380005 	835.015991 
7.400000 	123.487000 	831.000000 	831.380005 	835.015991 
7.500000 	124.074997 	831.000000 	831.273010 	835.018005 
7.600000 	124.074997 	831.000000 	831.273010 	835.018005 
7.700000 	124.074997 	831.000000 	831.273010 	835.018005 
7.800000 	124.074997 	831.000000 	831.273010 	835.018005 
7.900000 	124.074997 	831.000000 	831.273010 	835.018005 
8.000000 	124.074997 	831.000000 	831.273010 	835.018005 
8.100000 	124.074997 	831.000000 	831.273010 	835.018005 
8.200000 	124.074997 	831.000000 	831.273010 	835.018005 
8.300000 	124.074997 	831.000000 	831.273010 	835.018005 
8.400000 	124.074997 	831.000000 	831.273010 	835.018005 
8.500000 	124.486000 	831.000000 	831.197021 	835.021973 
8.600000 	124.486000 	831.000000 	831.197021 	835.021973 
8.700000 	124.486000 	831.000000 	831.197021 	835.021973 
8.800000 	124.486000 	831.000000 	831.197021 	835.021973 
8.900000 	124.486000 	831.000000 	831.197021 	835.021973 
9.000000 	124.486000 	831.000000 	831.197021 	835.021973 
9.100000 	124.486000 	831.000000 	831.197021 	835.021973 
9.200000 	124.486000 	831.000000 	831.197021 	835.021973 
9.300000 	124.486000 	831.000000 	831.197021 	835.021973 
9.400000 	124.486000 	831.000000 	831.197021 	835.021973 
9.500000 	124.785004 	831.000000 	831.142029 	835.026001 
9.600000 	124.785004 	831.000000 	831.142029 	835.026001 
9.700000 	124.785004 	831.000000 	831.142029 	835.026001 
9.800000 	124.785004 	831.000000 	831.142029 	835.026001 
9.900000 	124.785004 	831.000000 	831.142029 	835.026001 
10.000000 	124.785004 	831.000000 	831.142029 	835.026001 
10.100000 	124.785004 	831.000000 	831.142029 	835.026001 
10.200000 	124.785004 	831.000000 	831.142029 	835.026001 
10.300000 	124.785004 	831.000000 	831.142029 	835.026001 
10.400000 	124.785004 	831.000000 	831.142029 	835.026001 
10.500000 	125.008003 	831.000000 	831.098999 	835.031006 
10.600000 	125.008003 	831.000000 	831.098999 	835.031006 
10.700000 	125.008003 	831.000000 	831.098999 	835.031006 
10.800000 	125.008003 	831.000000 	831.098999 	835.031006 
10.900000 	125.008003 	831.000000 	831.098999 	835.031006 
11.000000 	125.008003 	831.000000 	831.098999 	835.031006 
11.100000 	125.008003 	831.000000 	831.098999 	835.031006 
11.200000 	125.008003 	831.000000 	831.098999 	835.031006 
11.300000 	125.008003 	831.000000 	831.098999 	835.031006 
11.400000 	125.008003 	831.000000 	831.098999 	835.031006 
11.500000 	125.180000 	831.000000 	831.065979 	835.036987 
11.600000 	125.180000 	831.000000 	831.065979 	835.036987 
11.700000 	125.180000 	831.000000 	831.065979 	835.036987 
11.800000 	125.180000 	831.000000 	831.065979 	835.036987 
11.900000 	125.180000 	831.000000 	831.065979 	835.036987 
12.000000 	125.180000 	831.000000 	831.065979 	835.036987 
12.100000 	125.180000 	831.000000 	831.065979 	835.036987 
12.200000 	125.180000 	831.000000 	831.065979 	835.036987 
12.300000 	125.180000 	831.000000 	831.065979 	835.036987 
12.400000 	125.180000 	831.000000 	831.065979 	835.036987 
12.500000 	125.315002 	831.000000 	831.039001 	835.044006 
12.600000 	125.315002 	831.000000 	831.039001 	835.044006 
12.700000 	125.315002 	831.000000 	831.039001 	835.044006 
12.800000 	125.315002 	831.000000 	831.039001 	835.044006 
12.900000 	125.315002 	831.000000 	831.039001 	835.044006 
13.000000 	125.315002 	831.000000 	831.039001 	835.044006 
13.100000 	125.315002 	831.000000 	831.039001 	835.044006 
13.200000 	125.315002 	831.000000 	831.039001 	835.044006 
13.300000 	125.315002 	831.000000 	831.039001 	835.044006 
13.400000 	125.315002 	831.000000 	831.039001 	835.044006 
13.500000 	125.424004 	831.000000 	831.015991 	835.051025 
13.600000 	125.424004 	831.000000 	831.015991 	835.051025 
13.700000 	125.424004 	831.000000 	831.015991 	835.051025 
13.800000 	125.424004 	831.000000 	831.015991 	835.051025 
13.900000 	125.424004 	831.000000 	831.015991 	835.051025 
14.000000 	125.424004 	831.000000 	831.015991 	835.051025 
14.100000 	125.424004 	831.000000 	831.015991 	835.051025 
14.200000 	125.424004 	831.000000 	831.015991 	835.051025 
14.300000 	125.424004 	831.000000 	831.015991 	835.051025 
14.400000 	125.424004 	831.000000 	831.015991 	835.051025 
14.500000 	125.513000 	831.000000 	830.997009 	835.057983 
14.600000 	125.513000 	831.000000 	830.997009 	835.057983 
14.700000 	125.513000 	831.000000 	830.997009 	835.057983 
14.800000 	125.513000 	831.000000 	830.997009 	835.057983 
14.900000 	125.513000 	831.000000 	830.997009 	835.057983 
15.000000 	125.513000 	831.000000 	830.997009 	835.057983 
15.100000 	125.513000 	831.000000 	830.997009 	835.057983 
15.200000 	125.513000 	831.000000 	830.997009 	835.057983 
15.300000 	125.513000 	831.000000 	830.997009 	835.057983 
15.400000 	125.513000 	831.000000 	830.997009 	835.057983 
15.500000 	125.585999 	831.000000 	830.979980 	835.065979 
15.600000 	125.585999 	831.000000 	830.979980 	835.065979 
15.700000 	125.585999 	831.000000 	830.979980 	835.065979 
15.800000 	125.585999 	831.000000 	830.979980 	835.065979 
15.900000 	125.585999 	831.000000 	830.979980 	835.065979 
16.000000 	125.585999 	831.000000 	830.979980 	835.065979 
16.100000 	125.585999 	831.000000 	830.979980 	835.065979 
16.200000 	125.585999 	831.000000 	830.979980 	835.065979 
16.300000 	125.585999 	831.000000 	830.979980 	835.065979 
16.400000 	125.585999 	831.000000 	830.979980 	835.065979 
16.500000 	125.648003 	831.000000 	830.965027 	835.073975 
16.600000 	125.648003 	831.000000 	830.965027 	835.073975 
16.700000 	125.648003 	831.000000 	830.965027 	835.073975 
16.800000 	125.648003 	831.000000 	830.965027 	835.073975 
16.900000 	125.648003 	831.000000 	830.965027 	835.073975 
17.000000 	125.648003 	831.000000 	830.965027 	835.073975 
17.100000 	125.648003 	831.000000 	830.965027 	835.073975 
17.200000 	125.648003 	831.000000 	830.965027 	835.073975 
17.300000 	125.648003 	831.000000 	830.965027 	835.073975 
17.400000 	125.648003 	831.000000 	830.965027 	835.073975 
17.500000 	125.700996 	831.000000 	830.950989 	835.083008 
17.600000 	125.700996 	831.000000 	830.950989 	835.083008 
17.700000 	125.700996 	831.000000 	830.950989 	835.083008 
17.800000 	125.700996 	831.000000 	830.950989 	835.083008 
17.900000 	125.700996 	831.000000 	830.950989 	835.083008 
18.000000 	125.700996 	831.000000 	830.950989 	835.083008 
18.100000 	125.700996 	831.000000 	830.950989 	835.083008 
18.200000 	125.700996 	831.000000 	830.950989 	835.083008 
18.300000 	125.700996 	831.000000 	830.950989 	835.083008 
18.400000 	125.700996 	831.000000 	830.950989 	835.083008 
18.500000 	125.746002 	831.000000 	830.939026 	835.091003 
18.600000 	125.746002 	831.000000 	830.939026 	835.091003 
18.700000 	125.746002 	831.000000 	830.939026 	835.091003 
18.800000 	125.746002 	831.000000 	830.939026 	835.091003 
18.900000 	125.746002 	831.000000 	830.939026 	835.091003 
19.000000 	125.746002 	831.000000 	830.939026 	835.091003 
19.100000 	125.746002 	831.000000 	830.939026 	835.091003 
19.200000 	125.746002 	831.000000 	830.939026 	835.091003 
19.300000 	125.746002 	831.000000 	830.939026 	835.091003 
19.400000 	125.746002 	831.000000 	830.939026 	835.091003 
19.500000 	125.785004 	831.000000 	830.926025 	835.099976 
19.600000 	125.785004 	831.000000 	830.926025 	835.099976 
19.700000 	125.785004 	831.000000 	830.926025 	835.099976 
19.800000 	125.785004 	831.000000 	830.926025 	835.099976 
19.900000 	125.785004 	831.000000 	830.926025 	835.099976 
20.000000 	125.785004 	831.000000 	830.926025 	835.099976 
20.100000 	125.785004 	831.000000 	830.926025 	835.099976 
20.200000 	125.785004 	831.000000 	830.926025 	835.099976 
20.300000 	125.785004 	831.000000 	830.926025 	835.099976 
20.400000 	125.785004 	831.000000 	830.926025 	835.099976 
20.500000 	125.820000 	831.000000 	830.914978 	835.109009 
20.600000 	125.820000 	831.000000 	830.914978 	835.109009 
20.700000 	125.820000 	831.000000 	830.914978 	835.109009 
20.800000 	125.820000 	831.000000 	830.914978 	835.109009 
20.900000 	125.820000 	831.000000 	830.914978 	835.109009 
21.000000 	125.820000 	831.000000 	830.914978 	835.109009 
21.100000 	125.820000 	831.000000 	830.914978 	835.109009 
21.200000 	125.820000 	831.000000 	830.914978 	835.109009 
21.300000 	125.820000 	831.000000 	830.914978 	835.109009 
21.400000 	125.820000 	831.000000 	830.914978 	835.109009 
21.500000 	125.849998 	831.000000 	830.903015 	835.117981 
21.600000 	125.849998 	831.000000 	830.903015 	835.117981 
21.700000 	125.849998 	831.000000 	830.903015 	835.117981 
21.800000 	125.849998 	831.000000 	830.903015 	835.117981 
21.900000 	125.849998 	831.000000 	830.903015 	835.117981 
22.000000 	125.849998 	831.000000 	830.903015 	835.117981 
22.100000 	125.849998 	831.000000 	830.903015 	835.117981 
22.200000 	125.849998 	831.000000 	830.903015 	835.117981 
22.300000 	125.849998 	831.000000 	830.903015 	835.117981 
22.400000 	125.849998 	831.000000 	830.903015 	835.117981 
22.500000 	125.877998 	831.000000 	830.892029 	835.127014 
22.600000 	125.877998 	831.000000 	830.892029 	835.127014 
22.700000 	125.877998 	831.000000 	830.892029 	835.127014 
22.800000 	125.877998 	831.000000 	830.892029 	835.127014 
22.900000 	125.877998 	831.000000 	830.892029 	835.127014 
23.000000 	125.877998 	831.000000 	830.892029 	835.127014 
23.100000 	125.877998 	831.000000 	830.892029 	835.127014 
23.200000 	125.877998 	831.000000 	830.892029 	835.127014 
23.300000 	125.877998 	831.000000 	830.892029 	835.127014 
23.400000 	125.877998 	831.000000 	830.892029 	835.127014 
23.500000 	125.902000 	831.000000 	830.880981 	835.135986 
23.600000 	125.902000 	831.000000 	830.880981 	835.135986 
23.700000 	125.902000 	831.000000 	830.880981 	835.135986 
23.800000 	125.902000 	831.000000 	830.880981 	835.135986 
23.900000 	125.902000 	831.000000 	830.880981 	835.135986 
24.000000 	125.902000 	831.000000 	830.880981 	835.135986 
24.100000 	125.902000 	831.000000 	830.880981 	835.135986 
24.200000 	125.902000 	831.000000 	830.880981 	835.135986 
24.300000 	125.902000 	831.000000 	830.880981 	835.135986 
24.400000 	125.902000 	831.000000 	830.880981 	835.135986 
24.500000 	125.925003 	831.000000 	830.869995 	835.145996 
24.600000 	125.925003 	831.000000 	830.869995 	835.145996 
24.700000 	125.925003 	831.000000 	830.869995 	835.145996 
24.800000 	125.925003 	831.000000 	830.869995 	835.145996 
24.900000 	125.925003 	831.000000 	830.869995 	835.145996 
25.000000 	125.925003 	831.000000 	830.869995 	835.145996 
25.100000 	125.925003 	831.000000 	830.869995 	835.145996 
25.200000 	125.925003 	831.000000 	830.869995 	835.145996 
25.300000 	125.925003 	831.000000 	830.869995 	835.145996 
25.400000 	125.925003 	831.000000 	830.869995 	835.145996 
25.500000 	125.945000 	831.000000 	830.857971 	835.155029 
25.600000 	125.945000 	831.000000 	830.857971 	835.155029 
25.700000 	125.945000 	831.000000 	830.857971 	835.155029 
25.800000 	125.945000 	831.000000 	830.857971 	835.155029 
25.900000 	125.945000 	831.000000 	830.857971 	835.155029 
26.000000 	125.945000 	831.000000 	830.857971 	835.155029 
26.100000 	125.945000 	831.000000 	830.857971 	835.155029 
26.200000 	125.945000 	831.000000 	830.857971 	835.155029 
26.300000 	125.945000 	831.000000 	830.857971 	835.155029 
26.400000 	125.945000 	831.000000 	830.857971 	835.155029 
26.500000 	125.963997 	831.000000 	830.846985 	835.163025 
26.600000 	125.963997 	831.000000 	830.846985 	835.163025 
26.700000 	125.963997 	831.000000 	830.846985 	835.163025 
26.800000 	125.963997 	831.000000 	830.846985 	835.163025 
26.900000 	125.963997 	831.000000 	830.846985 	835.163025 
27.000000 	125.963997 	831.000000 	830.846985 	835.163025 
27.100000 	125.963997 	831.000000 	830.846985 	835.163025 
27.200000 	125.963997 	831.000000 	830.846985 	835.163025 
27.300000 	125.963997 	831.000000 	830.846985 	835.163025 
27.400000 	125.963997 	831.000000 	830.846985 	835.163025 
27.500000 	125.981003 	831.000000 	830.835022 	835.171997 
27.600000 	125.981003 	831.000000 	830.835022 	835.171997 
27.700000 	125.981003 	831.000000 	830.835022 	835.171997 
27.800000 	125.981003 	831.000000 	830.835022 	835.171997 
27.900000 	125.981003 	831.000000 	830.835022 	835.171997 
28.000000 	125.981003 	831.000000 	830.835022 	835.171997 
28.100000 	125.981003 	831.000000 	830.835022 	835.171997 
28.200000 	125.981003 	831.000000 	830.835022 	835.171997 
28.300000 	125.981003 	831.000000 	830.835022 	835.171997 
28.400000 	125.981003 	831.000000 	830.835022 	835.171997 
28.500000 	125.997002 	831.000000 	830.822021 	835.179993 
28.600000 	125.997002 	831.000000 	830.822021 	835.179993 
28.700000 	125.997002 	831.000000 	830.822021 	835.179993 
28.800000 	125.997002 	831.000000 	830.822021 	835.179993 
28.900000 	125.997002 	831.000000 	830.822021 	835.179993 
29.000000 	125.997002 	831.000000 	830.822021 	835.179993 
29.100000 	125.997002 	831.000000 	830.822021 	835.179993 
29.200000 	125.997002 	831.000000 	830.822021 	835.179993 
29.300000 	125.997002 	831.000000 	830.822021 	835.179993 
29.400000 	125.997002 	831.000000 	830.822021 	835.179993 
29.500000 	126.012001 	831.000000 	830.809998 	835.189026 
29.600000 	126.012001 	831.000000 	830.809998 	835.189026 
29.700000 	126.012001 	831.000000 	830.809998 	835.189026 
29.800000 	126.012001 	831.000000 	830.809998 	835.189026 
29.900000 	126.012001 	831.000000 	830.809998 	835.189026 
30.000000 	126.012001 	831.000000 	830.809998 	835.189026 
30.100000 	126.012001 	831.000000 	830.809998 	835.189026 
30.200000 	126.012001 	831.000000 	830.809998 	835.189026 
30.300000 	126.012001 	831.000000 	830.809998 	835.189026 
30.400000 	126.012001 	831.000000 	830.809998 	835.189026 
30.500000 	126.026001 	831.000000 	830.796997 	835.197021 
30.600000 	126.026001 	831.000000 	830.796997 	835.197021 
30.700000 	126.026001 	831.000000 	830.796997 	835.197021 
30.800000 	126.026001 	831.000000 	830.796997 	835.197021 
30.900000 	126.026001 	831.000000 	830.796997 	835.197021 
31.000000 	126.026001 	831.000000 	830.796997 	835.197021 
31.100000 	126.026001 	831.000000 	830.796997 	835.197021 
31.200000 	126.026001 	831.000000 	830.796997 	835.197021 
31.300000 	126.026001 	831.000000 	830.796997 	835.197021 
31.400000 	126.026001 	831.000000 	830.796997 	835.197021 
31.500000 	126.040001 	831.000000 	830.783020 	835.203979 
31.600000 	126.040001 	831.000000 	830.783020 	835.203979 
31.700000 	126.040001 	831.000000 	830.783020 	835.203979 
31.800000 	126.040001 	831.000000 	830.783020 	835.203979 
31.900000 	126.040001 	831.000000 	830.783020 	835.203979 
32.000000 	126.040001 	831.000000 	830.783020 	835.203979 
32.100000 	126.040001 	831.000000 	830.783020 	835.203979 
32.200000 	126.040001 	831.000000 	830.783020 	835.203979 
32.300000 	126.040001 	831.000000 	830.783020 	835.203979 
32.400000 	126.040001 	831.000000 	830.783020 	835.203979 
32.500000 	126.053001 	831.000000 	830.768982 	835.210999 
32.600000 	126.053001 	831.000000 	830.768982 	835.210999 
32.700000 	126.053001 	831.000000 	830.768982 	835.210999 
32.800000 	126.053001 	831.000000 	830.768982 	835.210999 
32.900000 	126.053001 	831.000000 	830.768982 	835.210999 
33.000000 	126.053001 	831.000000 	830.768982 	835.210999 
33.100000 	126.053001 	831.000000 	830.768982 	835.210999 
33.200000 	126.053001 	831.000000 	830.768982 	835.210999 
33.300000 	126.053001 	831.000000 	830.768982 	835.210999 
33.400000 	126.053001 	831.000000 	830.768982 	835.210999 
33.500000 	126.065002 	831.000000 	830.754028 	835.218018 
33.600000 	126.065002 	831.000000 	830.754028 	835.218018 
33.700000 	126.065002 	831.000000 	830.754028 	835.218018 
33.800000 	126.065002 	831.000000 	830.754028 	835.218018 
33.900000 	126.065002 	831.000000 	830.754028 	835.218018 
34.000000 	126.065002 	831.000000 	830.754028 	835.218018 
34.100000 	126.065002 	831.000000 	830.754028 	835.218018 
34.200000 	126.065002 	831.000000 	830.754028 	835.218018 
34.300000 	126.065002 	831.000000 	830.754028 	835.218018 
34.400000 	126.065002 	831.000000 	830.754028 	835.218018 
34.500000 	126.077003 	831.000000 	830.739014 	835.223999 
34.600000 	126.077003 	831.000000 	830.739014 	835.223999 
34.700000 	126.077003 	831.000000 	830.739014 	835.223999 
34.800000 	126.077003 	831.000000 	830.739014 	835.223999 
34.900000 	126.077003 	831.000000 	830.739014 	835.223999 
35.000000 	126.077003 	831.000000 	830.739014 	835.223999 
35.100000 	126.077003 	831.000000 	830.739014 	835.223999 
35.200000 	126.077003 	831.000000 	830.739014 	835.223999 
35.300000 	126.077003 	831.000000 	830.739014 	835.223999 
35.400000 	126.077003 	831.000000 	830.739014 	835.223999 
35.500000 	126.087997 	831.000000 	830.723022 	835.229980 
35.600000 	126.087997 	831.000000 	830.723022 	835.229980 
35.700000 	126.087997 	831.000000 	830.723022 	835.229980 
35.800000 	126.087997 	831.000000 	830.723022 	835.229980 
35.900000 	126.087997 	831.000000 	830.723022 	835.229980 
36.000000 	126.087997 	831.000000 	830.723022 	835.229980 
36.100000 	126.087997 	831.000000 	830.723022 	835.229980 
36.200000 	126.087997 	831.000000 	830.723022 	835.229980 
36.300000 	126.087997 	831.000000 	830.723022 	835.229980 
36.400000 	126.087997 	831.000000 	830.723022 	835.229980 
36.500000 	126.098999 	831.000000 	830.705994 	835.234985 
36.600000 	126.098999 	831.000000 	830.705994 	835.234985 
36.700000 	126.098999 	831.000000 	830.705994 	835.234985 
36.800000 	126.098999 	831.000000 	830.705994 	835.234985 
36.900000 	126.098999 	831.000000 	830.705994 	835.234985 
37.000000 	126.098999 	831.000000 	830.705994 	835.234985 
37.100000 	126.098999 	831.000000 	830.705994 	835.234985 
37.200000 	126.098999 	831.000000 	830.705994 	835.234985 
37.300000 	126.098999 	831.000000 	830.705994 	835.234985 
37.400000 	126.098999 	831.000000 	830.705994 	835.234985 
37.500000 	126.109001 	831.000000 	830.687988 	835.239014 
37.600000 	126.109001 	831.000000 	830.687988 	835.239014 
37.700000 	126.109001 	831.000000 	830.687988 	835.239014 
37.800000 	126.109001 	831.000000 	830.687988 	835.239014 
37.900000 	126.109001 	831.000000 	830.687988 	835.239014 
38.000000 	126.109001 	831.000000 	830.687988 	835.239014 
38.100000 	126.109001 	831.000000 	830.687988 	835.239014 
38.200000 	126.109001 	831.000000 	830.687988 	835.239014 
38.300000 	126.109001 	831.000000 	830.687988 	835.239014 
38.400000 	126.109001 	831.000000 	830.687988 	835.239014 
38.500000 	126.119003 	831.000000 	830.669983 	835.242981 
38.600000 	126.119003 	831.000000 	830.669983 	835.242981 
38.700000 	126.119003 	831.000000 	830.669983 	835.242981 
38.800000 	126.119003 	831.000000 	830.669983 	835.242981 
38.900000 	126.119003 	831.000000 	830.669983 	835.242981 
39.000000 	126.119003 	831.000000 	830.669983 	835.242981 
39.100000 	126.119003 	831.000000 	830.669983 	835.242981 
39.200000 	126.119003 	831.000000 	830.669983 	835.242981 
39.300000 	126.119003 	831.000000 	830.669983 	835.242981 
39.400000 	126.119003 	831.000000 	830.669983 	835.242981 
39.500000 	126.128998 	831.000000 	830.651001 	835.245972 
39.600000 	126.128998 	831.000000 	830.651001 	835.245972 
39.700000 	126.128998 	831.000000 	830.651001 	835.245972 
39.800000 	126.128998 	831.000000 	830.651001 	835.245972 
39.900000 	126.128998 	831.000000 	830.651001 	835.245972 
40.000000 	126.128998 	831.000000 	830.651001 	835.245972 
40.100000 	126.128998 	831.000000 	830.651001 	835.245972 
40.200000 	126.128998 	831.000000 	830.651001 	835.245972 
40.300000 	126.128998 	831.000000 	830.651001 	835.245972 
40.400000 	126.128998 	831.000000 	830.651001 	835.245972 
40.500000 	126.139000 	831.000000 	830.630981 	835.247986 
40.600000 	126.139000 	831.000000 	830.630981 	835.247986 
40.700000 	126.139000 	831.000000 	830.630981 	835.247986 
40.800000 	126.139000 	831.000000 	830.630981 	835.247986 
40.900000 	126.139000 	831.000000 	830.630981 	835.247986 
41.000000 	126.139000 	831.000000 	830.630981 	835.247986 
41.100000 	126.139000 	831.000000 	830.630981 	835.247986 
41.200000 	126.139000 	831.000000 	830.630981 	835.247986 
41.300000 	126.139000 	831.000000 	830.630981 	835.247986 
41.400000 	126.139000 	831.000000 	830.630981 	835.247986 
41.500000 	126.149002 	831.000000 	830.609985 	835.250000 
41.600000 	126.149002 	831.000000 	830.609985 	835.250000 
41.700000 	126.149002 	831.000000 	830.609985 	835.250000 
41.800000 	126.149002 	831.000000 	830.609985 	835.250000 
41.900000 	126.149002 	831.000000 	830.609985 	835.250000 
42.000000 	126.149002 	831.000000 	830.609985 	835.250000 
42.100000 	126.149002 	831.000000 	830.609985 	835.250000 
42.200000 	126.149002 	831.000000 	830.609985 	835.250000 
42.300000 	126.149002 	831.000000 	830.609985 	835.250000 
42.400000 	126.149002 	831.000000 	830.609985 	835.250000 
42.500000 	126.157997 	831.000000 	830.588013 	835.250000 
42.600000 	126.157997 	831.000000 	830.588013 	835.250000 
42.700000 	126.157997 	831.000000 	830.588013 	835.250000 
42.800000 	126.157997 	831.000000 	830.588013 	835.250000 
42.900000 	126.157997 	831.000000 	830.588013 	835.250000 
43.000000 	126.157997 	831.000000 	830.588013 	835.250000 
43.100000 	126.157997 	831.000000 	830.588013 	835.250000 
43.200000 	126.157997 	831.000000 	830.588013 	835.250000 
43.300000 	126.157997 	831.000000 	830.588013 	835.250000 
43.400000 	126.157997 	831.000000 	830.588013 	835.250000 
43.500000 	126.167000 	831.000000 	830.565002 	835.250000 
43.600000 	126.167000 	831.000000 	830.565002 	835.250000 
43.700000 	126.167000 	831.000000 	830.565002 	835.250000 
43.800000 	126.167000 	831.000000 	830.565002 	835.250000 
43.900000 	126.167000 	831.000000 	830.565002 	835.250000 
44.000000 	126.167000 	831.000000 	830.565002 	835.250000 
44.100000 	126.167000 	831.000000 	830.565002 	835.250000 
44.200000 	126.167000 	831.000000 	830.565002 	835.250000 
44.300000 	126.167000 	831.000000 	830.565002 	835.250000 
44.400000 	126.167000 	831.000000 	830.565002 	835.250000 
44.500000 	126.177002 	831.000000 	830.541992 	835.247986 
44.600000 	126.177002 	831.000000 	830.541992 	835.247986 
44.700000 	126.177002 	831.000000 	830.541992 	835.247986 
44.800000 	126.177002 	831.000000 	830.541992 	835.247986 
44.900000 	126.177002 	831.000000 	830.541992 	835.247986 
45.000000 	126.177002 	831.000000 	830.541992 	835.247986 
45.100000 	126.177002 	831.000000 	830.541992 	835.247986 
45.200000 	126.177002 	831.000000 	830.541992 	835.247986 
45.300000 	126.177002 	831.000000 	830.541992 	835.247986 
45.400000 	126.177002 	831.000000 	830.541992 	835.247986 
45.500000 	126.185997 	831.000000 	830.517029 	835.245972 
45.600000 	126.185997 	831.000000 	830.517029 	835.245972 
45.700000 	126.185997 	831.000000 	830.517029 	835.245972 
45.800000 	126.185997 	831.000000 	830.517029 	835.245972 
45.900000 	126.185997 	831.000000 	830.517029 	835.245972 
46.000000 	126.185997 	831.000000 	830.517029 	835.245972 
46.100000 	126.185997 	831.000000 	830.517029 	835.245972 
46.200000 	126.185997 	831.000000 	830.517029 	835.245972 
46.300000 	126.185997 	831.000000 	830.517029 	835.245972 
46.400000 	126.185997 	831.000000 	830.517029 	835.245972 
46.500000 	126.195000 	831.000000 	830.489990 	835.242981 
46.600000 	126.195000 	831.000000 	830.489990 	835.242981 
46.700000 	126.195000 	831.000000 	830.489990 	835.242981 
46.800000 	126.195000 	831.000000 	830.489990 	835.242981 
46.900000 	126.195000 	831.000000 	830.489990 	835.242981 
47.000000 	126.195000 	831.000000 	830.489990 	835.242981 
47.100000 	126.195000 	831.000000 	830.489990 	835.242981 
47.200000 	126.195000 	831.000000 	830.489990 	835.242981 
47.300000 	126.195000 	831.000000 	830.489990 	835.242981 
47.400000 	126.195000 	831.000000 	830.489990 	835.242981 
47.500000 	126.204002 	831.000000 	830.463013 	835.237976 
47.600000 	126.204002 	831.000000 	830.463013 	835.237976 
47.700000 	126.204002 	831.000000 	830.463013 	835.237976 
47.800000 	126.204002 	831.000000 	830.463013 	835.237976 
47.900000 	126.204002 	831.000000 	830.463013 	835.237976 
48.000000 	126.204002 	831.000000 	830.463013 	835.237976 
48.100000 	126.204002 	831.000000 	830.463013 	835.237976 
48.200000 	126.204002 	831.000000 	830.463013 	835.237976 
48.300000 	126.204002 	831.000000 	830.463013 	835.237976 
48.400000 	126.204002 	831.000000 	830.463013 	835.237976 
48.500000 	126.212997 	831.000000 	830.434998 	835.232971 
48.600000 	126.212997 	831.000000 	830.434998 	835.232971 
48.700000 	126.212997 	831.000000 	830.434998 	835.232971 
48.800000 	126.212997 	831.000000 	830.434998 	835.232971 
48.900000 	126.212997 	831.000000 	830.434998 	835.232971 
49.000000 	126.212997 	831.000000 	830.434998 	835.232971 
49.100000 	126.212997 	831.000000 	830.434998 	835.232971 
49.200000 	126.212997 	831.000000 	830.434998 	835.232971 
49.300000 	126.212997 	831.000000 	830.434998 	835.232971 
49.400000 	126.212997 	831.000000 	830.434998 	835.232971 
49.500000 	126.221001 	831.000000 	830.405029 	835.226013 
49.600000 	126.221001 	831.000000 	830.405029 	835.226013 
49.700000 	126.221001 	831.000000 	830.405029 	835.226013 
49.800000 	126.221001 	831.000000 	830.405029 	835.226013 
49.900000 	126.221001 	831.000000 	830.405029 	835.226013 
50.000000 	126.221001 	831.000000 	830.405029 	835.226013 
50.100000 	126.221001 	831.000000 	830.405029 	835.226013 
50.200000 	126.221001 	831.000000 	830.405029 	835.226013 
50.300000 	126.221001 	831.000000 	830.405029 	835.226013 
50.400000 	126.221001 	831.000000 	830.405029 	835.226013 
50.500000 	126.230003 	831.000000 	830.374023 	835.218018 
50.600000 	126.230003 	831.000000 	830.374023 	835.218018 
50.700000 	126.230003 	831.000000 	830.374023 	835.218018 
50.800000 	126.230003 	831.000000 	830.374023 	835.218018 
50.900000 	126.230003 	831.000000 	830.374023 	835.218018 
51.000000 	126.230003 	831.000000 	830.374023 	835.218018 
51.100000 	126.230003 	831.000000 	830.374023 	835.218018 
51.200000 	126.230003 	831.000000 	830.374023 	835.218018 
51.300000 	126.230003 	831.000000 	830.374023 	835.218018 
51.400000 	126.230003 	831.000000 	830.374023 	835.218018 
51.500000 	126.238998 	831.000000 	830.341003 	835.208008 
51.600000 	126.238998 	831.000000 	830.341003 	835.208008 
51.700000 	126.238998 	831.000000 	830.341003 	835.208008 
51.800000 	126.238998 	831.000000 	830.341003 	835.208008 
51.900000 	126.238998 	831.000000 	830.341003 	835.208008 
52.000000 	126.238998 	831.000000 	830.341003 	835.208008 
52.100000 	126.238998 	831.000000 	830.341003 	835.208008 
52.200000 	126.238998 	831.000000 	830.341003 	835.208008 
52.300000 	126.238998 	831.000000 	830.341003 	835.208008 
52.400000 	126.238998 	831.000000 	830.341003 	835.208008 
52.500000 	126.248001 	831.000000 	830.307007 	835.197021 
52.600000 	126.248001 	831.000000 	830.307007 	835.197021 
52.700000 	126.248001 	831.000000 	830.307007 	835.197021 
52.800000 	126.248001 	831.000000 	830.307007 	835.197021 
52.900000 	126.248001 	831.000000 	830.307007 	835.197021 
53.000000 	126.248001 	831.000000 	830.307007 	835.197021 
53.100000 	126.248001 	831.000000 	830.307007 	835.197021 
53.200000 	126.248001 	831.000000 	830.307007 	835.197021 
53.300000 	126.248001 	831.000000 	830.307007 	835.197021 
53.400000 	126.248001 	831.000000 	830.307007 	835.197021 
53.500000 	126.257004 	831.000000 	830.271973 	835.184998 
53.600000 	126.257004 	831.000000 	830.271973 	835.184998 
53.700000 	126.257004 	831.000000 	830.271973 	835.184998 
53.800000 	126.257004 	831.000000 	830.271973 	835.184998 
53.900000 	126.257004 	831.000000 	830.271973 	835.184998 
54.000000 	126.257004 	831.000000 	830.271973 	835.184998 
54.100000 	126.257004 	831.000000 	830.271973 	835.184998 
54.200000 	126.257004 	831.000000 	830.271973 	835.184998 
54.300000 	126.257004 	831.000000 	830.271973 	835.184998 
54.400000 	126.257004 	831.000000 	830.271973 	835.184998 
54.500000 	126.265999 	831.000000 	830.234985 	835.171021 
54.600000 	126.265999 	831.000000 	830.234985 	835.171021 
54.700000 	126.265999 	831.000000 	830.234985 	835.171021 
54.800000 	126.265999 	831.000000 	830.234985 	835.171021 
54.900000 	126.265999 	831.000000 	830.234985 	835.171021 
55.000000 	126.265999 	831.000000 	830.234985 	835.171021 
55.100000 	126.265999 	831.000000 	830.234985 	835.171021 
55.200000 	126.265999 	831.000000 	830.234985 	835.171021 
55.300000 	126.265999 	831.000000 	830.234985 	835.171021 
55.400000 	126.265999 	831.000000 	830.234985 	835.171021 
55.500000 	126.275002 	831.000000 	830.195984 	835.156006 
55.600000 	126.275002 	831.000000 	830.195984 	835.156006 
55.700000 	126.275002 	831.000000 	830.195984 	835.156006 
55.800000 	126.275002 	831.000000 	830.195984 	835.156006 
55.900000 	126.275002 	831.000000 	830.195984 	835.156006 
56.000000 	126.275002 	831.000000 	830.195984 	835.156006 
56.100000 	126.275002 	831.000000 	830.195984 	835.156006 
56.200000 	126.275002 	831.000000 	830.195984 	835.156006 
56.300000 	126.275002 	831.000000 	830.195984 	835.156006 
56.400000 	126.275002 	831.000000 	830.195984 	835.156006 
56.500000 	126.283997 	831.000000 	830.156006 	835.138977 
56.600000 	126.283997 	831.000000 	830.156006 	835.138977 
56.700000 	126.283997 	831.000000 	830.156006 	835.138977 
56.800000 	126.283997 	831.000000 	830.156006 	835.138977 
56.900000 	126.283997 	831.000000 	830.156006 	835.138977 
57.000000 	126.283997 	831.000000 	830.156006 	835.138977 
57.100000 	126.283997 	831.000000 	830.156006 	835.138977 
57.200000 	126.283997 	831.000000 	830.156006 	835.138977 
57.300000 	126.283997 	831.000000 	830.156006 	835.138977 
57.400000 	126.283997 	831.000000 	830.156006 	835.138977 
57.500000 	126.292999 	831.000000 	830.114014 	835.120972 
57.600000 	126.292999 	831.000000 	830.114014 	835.120972 
57.700000 	126.292999 	831.000000 	830.114014 	835.120972 
57.800000 	126.292999 	831.000000 	830.114014 	835.120972 
57.900000 	126.292999 	831.000000 	830.114014 	835.120972 
58.000000 	126.292999 	831.000000 	830.114014 	835.120972 
58.100000 	126.292999 	831.000000 	830.114014 	835.120972 
58.200000 	126.292999 	831.000000 	830.114014 	835.120972 
58.300000 	126.292999 	831.000000 	830.114014 	835.120972 
58.400000 	126.292999 	831.000000 	830.114014 	835.120972 
58.500000 	126.302002 	831.000000 	830.070007 	835.101013 
58.600000 	126.302002 	831.000000 	830.070007 	835.101013 
58.700000 	126.302002 	831.000000 	830.070007 	835.101013 
58.800000 	126.302002 	831.000000 	830.070007 	835.101013 
58.900000 	126.302002 	831.000000 	830.070007 	835.101013 
59.000000 	126.302002 	831.000000 	830.070007 	835.101013 
59.100000 	126.302002 	831.000000 	830.070007 	835.101013 
59.200000 	126.302002 	831.000000 	830.070007 	835.101013 
59.300000 	126.302002 	831.000000 	830.070007 	835.101013 
59.400000 	126.302002 	831.000000 	830.070007 	835.101013 
59.500000 	126.310997 	831.000000 	830.023987 	835.078979 
59.600000 	126.310997 	831.000000 	830.023987 	835.078979 
59.700000 	126.310997 	831.000000 	830.023987 	835.078979 
59.800000 	126.310997 	831.000000 	830.023987 	835.078979 
59.900000 	126.310997 	831.000000 	830.023987 	835.078979 
60.000000 	126.310997 	831.000000 	830.023987 	835.078979 
