0.500000 	92.933502 	764.000000 	772.429993 	767.317017 
0.600000 	92.933502 	764.000000 	772.429993 	767.317017 
0.700000 	92.933502 	764.000000 	772.429993 	767.317017 
0.800000 	92.933502 	764.000000 	772.429993 	767.317017 
0.900000 	92.933502 	764.000000 	772.429993 	767.317017 
1.000000 	92.933502 	764.000000 	772.429993 	767.317017 
1.100000 	92.933502 	764.000000 	772.429993 	767.317017 
1.200000 	92.933502 	764.000000 	772.429993 	767.317017 
1.300000 	92.933502 	764.000000 	772.429993 	767.317017 
1.400000 	92.933502 	764.000000 	772.429993 	767.317017 
1.500000 	104.009003 	764.000000 	768.362976 	768.385010 
1.600000 	104.009003 	764.000000 	768.362976 	768.385010 
1.700000 	104.009003 	764.000000 	768.362976 	768.385010 
1.800000 	104.009003 	764.000000 	768.362976 	768.385010 
1.900000 	104.009003 	764.000000 	768.362976 	768.385010 
2.000000 	104.009003 	764.000000 	768.362976 	768.385010 
2.100000 	104.009003 	764.000000 	768.362976 	768.385010 
2.200000 	104.009003 	764.000000 	768.362976 	768.385010 
2.300000 	104.009003 	764.000000 	768.362976 	768.385010 
2.400000 	104.009003 	764.000000 	768.362976 	768.385010 
2.500000 	113.939003 	764.000000 	766.346985 	768.377991 
2.600000 	113.939003 	764.000000 	766.346985 	768.377991 
2.700000 	113.939003 	764.000000 	766.346985 	768.377991 
2.800000 	113.939003 	764.000000 	766.346985 	768.377991 
2.900000 	113.939003 	764.000000 	766.346985 	768.377991 
3.000000 	113.939003 	764.000000 	766.346985 	768.377991 
3.100000 	113.939003 	764.000000 	766.346985 	768.377991 
3.200000 	113.939003 	764.000000 	766.346985 	768.377991 
3.300000 	113.939003 	764.000000 	766.346985 	768.377991 
3.400000 	113.939003 	764.000000 	766.346985 	768.377991 
3.500000 	118.681000 	764.000000 	765.401978 	768.362000 
3.600000 	118.681000 	764.000000 	765.401978 	768.362000 
3.700000 	118.681000 	764.000000 	765.401978 	768.362000 
3.800000 	118.681000 	764.000000 	765.401978 	768.362000 
3.900000 	118.681000 	764.000000 	765.401978 	768.362000 
4.000000 	118.681000 	764.000000 	765.401978 	768.362000 
4.100000 	118.681000 	764.000000 	765.401978 	768.362000 
4.200000 	118.681000 	764.000000 	765.401978 	768.362000 
4.300000 	118.681000 	764.000000 	765.401978 	768.362000 
4.400000 	118.681000 	764.000000 	765.401978 	768.362000 
4.500000 	121.152000 	764.000000 	764.908020 	768.354004 
4.600000 	121.152000 	764.000000 	764.908020 	768.354004 
4.700000 	121.152000 	764.000000 	764.908020 	768.354004 
4.800000 	121.152000 	764.000000 	764.908020 	768.354004 
4.900000 	121.152000 	764.000000 	764.908020 	768.354004 
5.000000 	121.152000 	764.000000 	764.908020 	768.354004 
5.100000 	121.152000 	764.000000 	764.908020 	768.354004 
5.200000 	121.152000 	764.000000 	764.908020 	768.354004 
5.300000 	121.152000 	764.000000 	764.908020 	768.354004 
5.400000 	121.152000 	764.000000 	764.908020 	768.354004 
5.500000 	122.577003 	764.000000 	764.622986 	768.349976 
5.600000 	122.577003 	764.000000 	764.622986 	768.349976 
5.700000 	122.577003 	764.000000 	764.622986 	768.349976 
5.800000 	122.577003 	764.000000 	764.622986 	768.349976 
5.900000 	122.577003 	764.000000 	764.622986 	768.349976 
6.000000 	122.577003 	764.000000 	764.622986 	768.349976 
6.100000 	122.577003 	764.000000 	764.622986 	768.349976 
6.200000 	122.577003 	764.000000 	764.622986 	768.349976 
6.300000 	122.577003 	764.000000 	764.622986 	768.349976 
6.400000 	122.577003 	764.000000 	764.622986 	768.349976 
6.500000 	123.468002 	764.000000 	764.443970 	768.351013 
6.600000 	123.468002 	764.000000 	764.443970 	768.351013 
6.700000 	123.468002 	764.000000 	764.443970 	768.351013 
6.800000 	123.468002 	764.000000 	764.443970 	768.351013 
6.900000 	123.468002 	764.000000 	764.443970 	768.351013 
7.000000 	123.468002 	764.000000 	764.443970 	768.351013 
7.100000 	123.468002 	764.000000 	764.443970 	768.351013 
7.200000 	123.468002 	764.000000 	764.443970 	768.351013 
7.300000 	123.468002 	764.000000 	764.443970 	768.351013 
7.400000 	123.468002 	764.000000 	764.443970 	768.351013 
7.500000 	124.059998 	764.000000 	764.323975 	768.353027 
7.600000 	124.059998 	764.000000 	764.323975 	768.353027 
7.700000 	124.059998 	764.000000 	764.323975 	768.353027 
7.800000 	124.059998 	764.000000 	764.323975 	768.353027 
7.900000 	124.059998 	764.000000 	764.323975 	768.353027 
8.000000 	124.059998 	764.000000 	764.323975 	768.353027 
8.100000 	124.059998 	764.000000 	764.323975 	768.353027 
8.200000 	124.059998 	764.000000 	764.323975 	768.353027 
8.300000 	124.059998 	764.000000 	764.323975 	768.353027 
8.400000 	124.059998 	764.000000 	764.323975 	768.353027 
8.500000 	124.473000 	764.000000 	764.239990 	768.356995 
8.600000 	124.473000 	764.000000 	764.239990 	768.356995 
8.700000 	124.473000 	764.000000 	764.239990 	768.356995 
8.800000 	124.473000 	764.000000 	764.239990 	768.356995 
8.900000 	124.473000 	764.000000 	764.239990 	768.356995 
9.000000 	124.473000 	764.000000 	764.239990 	768.356995 
9.100000 	124.473000 	764.000000 	764.239990 	768.356995 
9.200000 	124.473000 	764.000000 	764.239990 	768.356995 
9.300000 	124.473000 	764.000000 	764.239990 	768.356995 
9.400000 	124.473000 	764.000000 	764.239990 	768.356995 
9.500000 	124.773003 	764.000000 	764.179016 	768.362976 
9.600000 	124.773003 	764.000000 	764.179016 	768.362976 
9.700000 	124.773003 	764.000000 	764.179016 	768.362976 
9.800000 	124.773003 	764.000000 	764.179016 	768.362976 
9.900000 	124.773003 	764.000000 	764.179016 	768.362976 
10.000000 	124.773003 	764.000000 	764.179016 	768.362976 
10.100000 	124.773003 	764.000000 	764.179016 	768.362976 
10.200000 	124.773003 	764.000000 	764.179016 	768.362976 
10.300000 	124.773003 	764.000000 	764.179016 	768.362976 
10.400000 	124.773003 	764.000000 	764.179016 	768.362976 
10.500000 	124.998001 	764.000000 	764.132019 	768.369019 
10.600000 	124.998001 	764.000000 	764.132019 	768.369019 
10.700000 	124.998001 	764.000000 	764.132019 	768.369019 
10.800000 	124.998001 	764.000000 	764.132019 	768.369019 
10.900000 	124.998001 	764.000000 	764.132019 	768.369019 
11.000000 	124.998001 	764.000000 	764.132019 	768.369019 
11.100000 	124.998001 	764.000000 	764.132019 	768.369019 
11.200000 	124.998001 	764.000000 	764.132019 	768.369019 
11.300000 	124.998001 	764.000000 	764.132019 	768.369019 
11.400000 	124.998001 	764.000000 	764.132019 	768.369019 
11.500000 	125.170998 	764.000000 	764.094971 	768.377014 
11.600000 	125.170998 	764.000000 	764.094971 	768.377014 
11.700000 	125.170998 	764.000000 	764.094971 	768.377014 
11.800000 	125.170998 	764.000000 	764.094971 	768.377014 
11.900000 	125.170998 	764.000000 	764.094971 	768.377014 
12.000000 	125.170998 	764.000000 	764.094971 	768.377014 
12.100000 	125.170998 	764.000000 	764.094971 	768.377014 
12.200000 	125.170998 	764.000000 	764.094971 	768.377014 
12.300000 	125.170998 	764.000000 	764.094971 	768.377014 
12.400000 	125.170998 	764.000000 	764.094971 	768.377014 
12.500000 	125.306999 	764.000000 	764.065979 	768.385010 
12.600000 	125.306999 	764.000000 	764.065979 	768.385010 
12.700000 	125.306999 	764.000000 	764.065979 	768.385010 
12.800000 	125.306999 	764.000000 	764.065979 	768.385010 
12.900000 	125.306999 	764.000000 	764.065979 	768.385010 
13.000000 	125.306999 	764.000000 	764.065979 	768.385010 
13.100000 	125.306999 	764.000000 	764.065979 	768.385010 
13.200000 	125.306999 	764.000000 	764.065979 	768.385010 
13.300000 	125.306999 	764.000000 	764.065979 	768.385010 
13.400000 	125.306999 	764.000000 	764.065979 	768.385010 
13.500000 	125.417000 	764.000000 	764.041992 	768.393982 
13.600000 	125.417000 	764.000000 	764.041992 	768.393982 
13.700000 	125.417000 	764.000000 	764.041992 	768.393982 
13.800000 	125.417000 	764.000000 	764.041992 	768.393982 
13.900000 	125.417000 	764.000000 	764.041992 	768.393982 
14.000000 	125.417000 	764.000000 	764.041992 	768.393982 
14.100000 	125.417000 	764.000000 	764.041992 	768.393982 
14.200000 	125.417000 	764.000000 	764.041992 	768.393982 
14.300000 	125.417000 	764.000000 	764.041992 	768.393982 
14.400000 	125.417000 	764.000000 	764.041992 	768.393982 
14.500000 	125.505997 	764.000000 	764.020996 	768.403015 
14.600000 	125.505997 	764.000000 	764.020996 	768.403015 
14.700000 	125.505997 	764.000000 	764.020996 	768.403015 
14.800000 	125.505997 	764.000000 	764.020996 	768.403015 
14.900000 	125.505997 	764.000000 	764.020996 	768.403015 
15.000000 	125.505997 	764.000000 	764.020996 	768.403015 
15.100000 	125.505997 	764.000000 	764.020996 	768.403015 
15.200000 	125.505997 	764.000000 	764.020996 	768.403015 
15.300000 	125.505997 	764.000000 	764.020996 	768.403015 
15.400000 	125.505997 	764.000000 	764.020996 	768.403015 
15.500000 	125.580002 	764.000000 	764.002991 	768.413025 
15.600000 	125.580002 	764.000000 	764.002991 	768.413025 
15.700000 	125.580002 	764.000000 	764.002991 	768.413025 
15.800000 	125.580002 	764.000000 	764.002991 	768.413025 
15.900000 	125.580002 	764.000000 	764.002991 	768.413025 
16.000000 	125.580002 	764.000000 	764.002991 	768.413025 
16.100000 	125.580002 	764.000000 	764.002991 	768.413025 
16.200000 	125.580002 	764.000000 	764.002991 	768.413025 
16.300000 	125.580002 	764.000000 	764.002991 	768.413025 
16.400000 	125.580002 	764.000000 	764.002991 	768.413025 
16.500000 	125.641998 	764.000000 	763.987000 	768.424011 
16.600000 	125.641998 	764.000000 	763.987000 	768.424011 
16.700000 	125.641998 	764.000000 	763.987000 	768.424011 
16.800000 	125.641998 	764.000000 	763.987000 	768.424011 
16.900000 	125.641998 	764.000000 	763.987000 	768.424011 
17.000000 	125.641998 	764.000000 	763.987000 	768.424011 
17.100000 	125.641998 	764.000000 	763.987000 	768.424011 
17.200000 	125.641998 	764.000000 	763.987000 	768.424011 
17.300000 	125.641998 	764.000000 	763.987000 	768.424011 
17.400000 	125.641998 	764.000000 	763.987000 	768.424011 
17.500000 	125.695000 	764.000000 	763.973022 	768.434998 
17.600000 	125.695000 	764.000000 	763.973022 	768.434998 
17.700000 	125.695000 	764.000000 	763.973022 	768.434998 
17.800000 	125.695000 	764.000000 	763.973022 	768.434998 
17.900000 	125.695000 	764.000000 	763.973022 	768.434998 
18.000000 	125.695000 	764.000000 	763.973022 	768.434998 
18.100000 	125.695000 	764.000000 	763.973022 	768.434998 
18.200000 	125.695000 	764.000000 	763.973022 	768.434998 
18.300000 	125.695000 	764.000000 	763.973022 	768.434998 
18.400000 	125.695000 	764.000000 	763.973022 	768.434998 
18.500000 	125.740997 	764.000000 	763.960022 	768.445984 
18.600000 	125.740997 	764.000000 	763.960022 	768.445984 
18.700000 	125.740997 	764.000000 	763.960022 	768.445984 
18.800000 	125.740997 	764.000000 	763.960022 	768.445984 
18.900000 	125.740997 	764.000000 	763.960022 	768.445984 
19.000000 	125.740997 	764.000000 	763.960022 	768.445984 
19.100000 	125.740997 	764.000000 	763.960022 	768.445984 
19.200000 	125.740997 	764.000000 	763.960022 	768.445984 
19.300000 	125.740997 	764.000000 	763.960022 	768.445984 
19.400000 	125.740997 	764.000000 	763.960022 	768.445984 
19.500000 	125.780998 	764.000000 	763.947021 	768.456970 
19.600000 	125.780998 	764.000000 	763.947021 	768.456970 
19.700000 	125.780998 	764.000000 	763.947021 	768.456970 
19.800000 	125.780998 	764.000000 	763.947021 	768.456970 
19.900000 	125.780998 	764.000000 	763.947021 	768.456970 
20.000000 	125.780998 	764.000000 	763.947021 	768.456970 
20.100000 	125.780998 	764.000000 	763.947021 	768.456970 
20.200000 	125.780998 	764.000000 	763.947021 	768.456970 
20.300000 	125.780998 	764.000000 	763.947021 	768.456970 
20.400000 	125.780998 	764.000000 	763.947021 	768.456970 
20.500000 	125.815002 	764.000000 	763.935974 	768.468994 
20.600000 	125.815002 	764.000000 	763.935974 	768.468994 
20.700000 	125.815002 	764.000000 	763.935974 	768.468994 
20.800000 	125.815002 	764.000000 	763.935974 	768.468994 
20.900000 	125.815002 	764.000000 	763.935974 	768.468994 
21.000000 	125.815002 	764.000000 	763.935974 	768.468994 
21.100000 	125.815002 	764.000000 	763.935974 	768.468994 
21.200000 	125.815002 	764.000000 	763.935974 	768.468994 
21.300000 	125.815002 	764.000000 	763.935974 	768.468994 
21.400000 	125.815002 	764.000000 	763.935974 	768.468994 
21.500000 	125.846001 	764.000000 	763.924011 	768.481018 
21.600000 	125.846001 	764.000000 	763.924011 	768.481018 
21.700000 	125.846001 	764.000000 	763.924011 	768.481018 
21.800000 	125.846001 	764.000000 	763.924011 	768.481018 
21.900000 	125.846001 	764.000000 	763.924011 	768.481018 
22.000000 	125.846001 	764.000000 	763.924011 	768.481018 
22.100000 	125.846001 	764.000000 	763.924011 	768.481018 
22.200000 	125.846001 	764.000000 	763.924011 	768.481018 
22.300000 	125.846001 	764.000000 	763.924011 	768.481018 
22.400000 	125.846001 	764.000000 	763.924011 	768.481018 
22.500000 	125.874001 	764.000000 	763.913025 	768.494019 
22.600000 	125.874001 	764.000000 	763.913025 	768.494019 
22.700000 	125.874001 	764.000000 	763.913025 	768.494019 
22.800000 	125.874001 	764.000000 	763.913025 	768.494019 
22.900000 	125.874001 	764.000000 	763.913025 	768.494019 
23.000000 	125.874001 	764.000000 	763.913025 	768.494019 
23.100000 	125.874001 	764.000000 	763.913025 	768.494019 
23.200000 	125.874001 	764.000000 	763.913025 	768.494019 
23.300000 	125.874001 	764.000000 	763.913025 	768.494019 
23.400000 	125.874001 	764.000000 	763.913025 	768.494019 
23.500000 	125.899002 	764.000000 	763.903015 	768.505981 
23.600000 	125.899002 	764.000000 	763.903015 	768.505981 
23.700000 	125.899002 	764.000000 	763.903015 	768.505981 
23.800000 	125.899002 	764.000000 	763.903015 	768.505981 
23.900000 	125.899002 	764.000000 	763.903015 	768.505981 
24.000000 	125.899002 	764.000000 	763.903015 	768.505981 
24.100000 	125.899002 	764.000000 	763.903015 	768.505981 
24.200000 	125.899002 	764.000000 	763.903015 	768.505981 
24.300000 	125.899002 	764.000000 	763.903015 	768.505981 
24.400000 	125.899002 	764.000000 	763.903015 	768.505981 
24.500000 	125.920998 	764.000000 	763.892029 	768.518982 
24.600000 	125.920998 	764.000000 	763.892029 	768.518982 
24.700000 	125.920998 	764.000000 	763.892029 	768.518982 
24.800000 	125.920998 	764.000000 	763.892029 	768.518982 
24.900000 	125.920998 	764.000000 	763.892029 	768.518982 
25.000000 	125.920998 	764.000000 	763.892029 	768.518982 
25.100000 	125.920998 	764.000000 	763.892029 	768.518982 
25.200000 	125.920998 	764.000000 	763.892029 	768.518982 
25.300000 	125.920998 	764.000000 	763.892029 	768.518982 
25.400000 	125.920998 	764.000000 	763.892029 	768.518982 
25.500000 	125.942001 	764.000000 	763.880981 	768.531006 
25.600000 	125.942001 	764.000000 	763.880981 	768.531006 
25.700000 	125.942001 	764.000000 	763.880981 	768.531006 
25.800000 	125.942001 	764.000000 	763.880981 	768.531006 
25.900000 	125.942001 	764.000000 	763.880981 	768.531006 
26.000000 	125.942001 	764.000000 	763.880981 	768.531006 
26.100000 	125.942001 	764.000000 	763.880981 	768.531006 
26.200000 	125.942001 	764.000000 	763.880981 	768.531006 
26.300000 	125.942001 	764.000000 	763.880981 	768.531006 
26.400000 	125.942001 	764.000000 	763.880981 	768.531006 
26.500000 	125.960999 	764.000000 	763.869995 	768.544006 
26.600000 	125.960999 	764.000000 	763.869995 	768.544006 
26.700000 	125.960999 	764.000000 	763.869995 	768.544006 
26.800000 	125.960999 	764.000000 	763.869995 	768.544006 
26.900000 	125.960999 	764.000000 	763.869995 	768.544006 
27.000000 	125.960999 	764.000000 	763.869995 	768.544006 
27.100000 	125.960999 	764.000000 	763.869995 	768.544006 
27.200000 	125.960999 	764.000000 	763.869995 	768.544006 
27.300000 	125.960999 	764.000000 	763.869995 	768.544006 
27.400000 	125.960999 	764.000000 	763.869995 	768.544006 
27.500000 	125.978996 	764.000000 	763.857971 	768.557007 
27.600000 	125.978996 	764.000000 	763.857971 	768.557007 
27.700000 	125.978996 	764.000000 	763.857971 	768.557007 
27.800000 	125.978996 	764.000000 	763.857971 	768.557007 
27.900000 	125.978996 	764.000000 	763.857971 	768.557007 
28.000000 	125.978996 	764.000000 	763.857971 	768.557007 
28.100000 	125.978996 	764.000000 	763.857971 	768.557007 
28.200000 	125.978996 	764.000000 	763.857971 	768.557007 
28.300000 	125.978996 	764.000000 	763.857971 	768.557007 
28.400000 	125.978996 	764.000000 	763.857971 	768.557007 
28.500000 	125.995003 	764.000000 	763.846985 	768.568970 
28.600000 	125.995003 	764.000000 	763.846985 	768.568970 
28.700000 	125.995003 	764.000000 	763.846985 	768.568970 
28.800000 	125.995003 	764.000000 	763.846985 	768.568970 
28.900000 	125.995003 	764.000000 	763.846985 	768.568970 
29.000000 	125.995003 	764.000000 	763.846985 	768.568970 
29.100000 	125.995003 	764.000000 	763.846985 	768.568970 
29.200000 	125.995003 	764.000000 	763.846985 	768.568970 
29.300000 	125.995003 	764.000000 	763.846985 	768.568970 
29.400000 	125.995003 	764.000000 	763.846985 	768.568970 
29.500000 	126.010002 	764.000000 	763.835022 	768.581970 
29.600000 	126.010002 	764.000000 	763.835022 	768.581970 
29.700000 	126.010002 	764.000000 	763.835022 	768.581970 
29.800000 	126.010002 	764.000000 	763.835022 	768.581970 
29.900000 	126.010002 	764.000000 	763.835022 	768.581970 
30.000000 	126.010002 	764.000000 	763.835022 	768.581970 
30.100000 	126.010002 	764.000000 	763.835022 	768.581970 
30.200000 	126.010002 	764.000000 	763.835022 	768.581970 
30.300000 	126.010002 	764.000000 	763.835022 	768.581970 
30.400000 	126.010002 	764.000000 	763.835022 	768.581970 
30.500000 	126.025002 	764.000000 	763.822998 	768.593994 
30.600000 	126.025002 	764.000000 	763.822998 	768.593994 
30.700000 	126.025002 	764.000000 	763.822998 	768.593994 
30.800000 	126.025002 	764.000000 	763.822998 	768.593994 
30.900000 	126.025002 	764.000000 	763.822998 	768.593994 
31.000000 	126.025002 	764.000000 	763.822998 	768.593994 
31.100000 	126.025002 	764.000000 	763.822998 	768.593994 
31.200000 	126.025002 	764.000000 	763.822998 	768.593994 
31.300000 	126.025002 	764.000000 	763.822998 	768.593994 
31.400000 	126.025002 	764.000000 	763.822998 	768.593994 
31.500000 	126.038002 	764.000000 	763.809998 	768.606018 
31.600000 	126.038002 	764.000000 	763.809998 	768.606018 
31.700000 	126.038002 	764.000000 	763.809998 	768.606018 
31.800000 	126.038002 	764.000000 	763.809998 	768.606018 
31.900000 	126.038002 	764.000000 	763.809998 	768.606018 
32.000000 	126.038002 	764.000000 	763.809998 	768.606018 
32.100000 	126.038002 	764.000000 	763.809998 	768.606018 
32.200000 	126.038002 	764.000000 	763.809998 	768.606018 
32.300000 	126.038002 	764.000000 	763.809998 	768.606018 
32.400000 	126.038002 	764.000000 	763.809998 	768.606018 
32.500000 	126.051003 	764.000000 	763.796997 	768.617981 
32.600000 	126.051003 	764.000000 	763.796997 	768.617981 
32.700000 	126.051003 	764.000000 	763.796997 	768.617981 
32.800000 	126.051003 	764.000000 	763.796997 	768.617981 
32.900000 	126.051003 	764.000000 	763.796997 	768.617981 
33.000000 	126.051003 	764.000000 	763.796997 	768.617981 
33.100000 	126.051003 	764.000000 	763.796997 	768.617981 
33.200000 	126.051003 	764.000000 	763.796997 	768.617981 
33.300000 	126.051003 	764.000000 	763.796997 	768.617981 
33.400000 	126.051003 	764.000000 	763.796997 	768.617981 
33.500000 	126.064003 	764.000000 	763.783020 	768.630005 
33.600000 	126.064003 	764.000000 	763.783020 	768.630005 
33.700000 	126.064003 	764.000000 	763.783020 	768.630005 
33.800000 	126.064003 	764.000000 	763.783020 	768.630005 
33.900000 	126.064003 	764.000000 	763.783020 	768.630005 
34.000000 	126.064003 	764.000000 	763.783020 	768.630005 
34.100000 	126.064003 	764.000000 	763.783020 	768.630005 
34.200000 	126.064003 	764.000000 	763.783020 	768.630005 
34.300000 	126.064003 	764.000000 	763.783020 	768.630005 
34.400000 	126.064003 	764.000000 	763.783020 	768.630005 
34.500000 	126.075996 	764.000000 	763.768982 	768.640991 
34.600000 	126.075996 	764.000000 	763.768982 	768.640991 
34.700000 	126.075996 	764.000000 	763.768982 	768.640991 
34.800000 	126.075996 	764.000000 	763.768982 	768.640991 
34.900000 	126.075996 	764.000000 	763.768982 	768.640991 
35.000000 	126.075996 	764.000000 	763.768982 	768.640991 
35.100000 	126.075996 	764.000000 	763.768982 	768.640991 
35.200000 	126.075996 	764.000000 	763.768982 	768.640991 
35.300000 	126.075996 	764.000000 	763.768982 	768.640991 
35.400000 	126.075996 	764.000000 	763.768982 	768.640991 
35.500000 	126.086998 	764.000000 	763.754028 	768.651978 
35.600000 	126.086998 	764.000000 	763.754028 	768.651978 
35.700000 	126.086998 	764.000000 	763.754028 	768.651978 
35.800000 	126.086998 	764.000000 	763.754028 	768.651978 
35.900000 	126.086998 	764.000000 	763.754028 	768.651978 
36.000000 	126.086998 	764.000000 	763.754028 	768.651978 
36.100000 	126.086998 	764.000000 	763.754028 	768.651978 
36.200000 	126.086998 	764.000000 	763.754028 	768.651978 
36.300000 	126.086998 	764.000000 	763.754028 	768.651978 
36.400000 	126.086998 	764.000000 	763.754028 	768.651978 
36.500000 	126.098000 	764.000000 	763.739014 	768.661987 
36.600000 	126.098000 	764.000000 	763.739014 	768.661987 
36.700000 	126.098000 	764.000000 	763.739014 	768.661987 
36.800000 	126.098000 	764.000000 	763.739014 	768.661987 
36.900000 	126.098000 	764.000000 	763.739014 	768.661987 
37.000000 	126.098000 	764.000000 	763.739014 	768.661987 
37.100000 	126.098000 	764.000000 	763.739014 	768.661987 
37.200000 	126.098000 	764.000000 	763.739014 	768.661987 
37.300000 	126.098000 	764.000000 	763.739014 	768.661987 
37.400000 	126.098000 	764.000000 	763.739014 	768.661987 
37.500000 	126.109001 	764.000000 	763.723022 	768.672974 
37.600000 	126.109001 	764.000000 	763.723022 	768.672974 
37.700000 	126.109001 	764.000000 	763.723022 	768.672974 
37.800000 	126.109001 	764.000000 	763.723022 	768.672974 
37.900000 	126.109001 	764.000000 	763.723022 	768.672974 
38.000000 	126.109001 	764.000000 	763.723022 	768.672974 
38.100000 	126.109001 	764.000000 	763.723022 	768.672974 
38.200000 	126.109001 	764.000000 	763.723022 	768.672974 
38.300000 	126.109001 	764.000000 	763.723022 	768.672974 
38.400000 	126.109001 	764.000000 	763.723022 	768.672974 
38.500000 	126.120003 	764.000000 	763.705994 	768.682007 
38.600000 	126.120003 	764.000000 	763.705994 	768.682007 
38.700000 	126.120003 	764.000000 	763.705994 	768.682007 
38.800000 	126.120003 	764.000000 	763.705994 	768.682007 
38.900000 	126.120003 	764.000000 	763.705994 	768.682007 
39.000000 	126.120003 	764.000000 	763.705994 	768.682007 
39.100000 	126.120003 	764.000000 	763.705994 	768.682007 
39.200000 	126.120003 	764.000000 	763.705994 	768.682007 
39.300000 	126.120003 	764.000000 	763.705994 	768.682007 
39.400000 	126.120003 	764.000000 	763.705994 	768.682007 
39.500000 	126.129997 	764.000000 	763.689026 	768.690979 
39.600000 	126.129997 	764.000000 	763.689026 	768.690979 
39.700000 	126.129997 	764.000000 	763.689026 	768.690979 
39.800000 	126.129997 	764.000000 	763.689026 	768.690979 
39.900000 	126.129997 	764.000000 	763.689026 	768.690979 
40.000000 	126.129997 	764.000000 	763.689026 	768.690979 
40.100000 	126.129997 	764.000000 	763.689026 	768.690979 
40.200000 	126.129997 	764.000000 	763.689026 	768.690979 
40.300000 	126.129997 	764.000000 	763.689026 	768.690979 
40.400000 	126.129997 	764.000000 	763.689026 	768.690979 
40.500000 	126.139999 	764.000000 	763.669983 	768.700012 
40.600000 	126.139999 	764.000000 	763.669983 	768.700012 
40.700000 	126.139999 	764.000000 	763.669983 	768.700012 
40.800000 	126.139999 	764.000000 	763.669983 	768.700012 
40.900000 	126.139999 	764.000000 	763.669983 	768.700012 
41.000000 	126.139999 	764.000000 	763.669983 	768.700012 
41.100000 	126.139999 	764.000000 	763.669983 	768.700012 
41.200000 	126.139999 	764.000000 	763.669983 	768.700012 
41.300000 	126.139999 	764.000000 	763.669983 	768.700012 
41.400000 	126.139999 	764.000000 	763.669983 	768.700012 
41.500000 	126.150002 	764.000000 	763.651001 	768.706970 
41.600000 	126.150002 	764.000000 	763.651001 	768.706970 
41.700000 	126.150002 	764.000000 	763.651001 	768.706970 
41.800000 	126.150002 	764.000000 	763.651001 	768.706970 
41.900000 	126.150002 	764.000000 	763.651001 	768.706970 
42.000000 	126.150002 	764.000000 	763.651001 	768.706970 
42.100000 	126.150002 	764.000000 	763.651001 	768.706970 
42.200000 	126.150002 	764.000000 	763.651001 	768.706970 
42.300000 	126.150002 	764.000000 	763.651001 	768.706970 
42.400000 	126.150002 	764.000000 	763.651001 	768.706970 
42.500000 	126.158997 	764.000000 	763.630981 	768.715027 
42.600000 	126.158997 	764.000000 	763.630981 	768.715027 
42.700000 	126.158997 	764.000000 	763.630981 	768.715027 
42.800000 	126.158997 	764.000000 	763.630981 	768.715027 
42.900000 	126.158997 	764.000000 	763.630981 	768.715027 
43.000000 	126.158997 	764.000000 	763.630981 	768.715027 
43.100000 	126.158997 	764.000000 	763.630981 	768.715027 
43.200000 	126.158997 	764.000000 	763.630981 	768.715027 
43.300000 	126.158997 	764.000000 	763.630981 	768.715027 
43.400000 	126.158997 	764.000000 	763.630981 	768.715027 
43.500000 	126.168999 	764.000000 	763.609985 	768.721008 
43.600000 	126.168999 	764.000000 	763.609985 	768.721008 
43.700000 	126.168999 	764.000000 	763.609985 	768.721008 
43.800000 	126.168999 	764.000000 	763.609985 	768.721008 
43.900000 	126.168999 	764.000000 	763.609985 	768.721008 
44.000000 	126.168999 	764.000000 	763.609985 	768.721008 
44.100000 	126.168999 	764.000000 	763.609985 	768.721008 
44.200000 	126.168999 	764.000000 	763.609985 	768.721008 
44.300000 	126.168999 	764.000000 	763.609985 	768.721008 
44.400000 	126.168999 	764.000000 	763.609985 	768.721008 
44.500000 	126.178001 	764.000000 	763.588989 	768.726990 
44.600000 	126.178001 	764.000000 	763.588989 	768.726990 
44.700000 	126.178001 	764.000000 	763.588989 	768.726990 
44.800000 	126.178001 	764.000000 	763.588989 	768.726990 
44.900000 	126.178001 	764.000000 	763.588989 	768.726990 
45.000000 	126.178001 	764.000000 	763.588989 	768.726990 
45.100000 	126.178001 	764.000000 	763.588989 	768.726990 
45.200000 	126.178001 	764.000000 	763.588989 	768.726990 
45.300000 	126.178001 	764.000000 	763.588989 	768.726990 
45.400000 	126.178001 	764.000000 	763.588989 	768.726990 
45.500000 	126.188004 	764.000000 	763.565979 	768.731995 
45.600000 	126.188004 	764.000000 	763.565979 	768.731995 
45.700000 	126.188004 	764.000000 	763.565979 	768.731995 
45.800000 	126.188004 	764.000000 	763.565979 	768.731995 
45.900000 	126.188004 	764.000000 	763.565979 	768.731995 
46.000000 	126.188004 	764.000000 	763.565979 	768.731995 
46.100000 	126.188004 	764.000000 	763.565979 	768.731995 
46.200000 	126.188004 	764.000000 	763.565979 	768.731995 
46.300000 	126.188004 	764.000000 	763.565979 	768.731995 
46.400000 	126.188004 	764.000000 	763.565979 	768.731995 
46.500000 	126.196999 	764.000000 	763.541992 	768.736023 
46.600000 	126.196999 	764.000000 	763.541992 	768.736023 
46.700000 	126.196999 	764.000000 	763.541992 	768.736023 
46.800000 	126.196999 	764.000000 	763.541992 	768.736023 
46.900000 	126.196999 	764.000000 	763.541992 	768.736023 
47.000000 	126.196999 	764.000000 	763.541992 	768.736023 
47.100000 	126.196999 	764.000000 	763.541992 	768.736023 
47.200000 	126.196999 	764.000000 	763.541992 	768.736023 
47.300000 	126.196999 	764.000000 	763.541992 	768.736023 
47.400000 	126.196999 	764.000000 	763.541992 	768.736023 
47.500000 	126.206001 	764.000000 	763.517029 	768.739014 
47.600000 	126.206001 	764.000000 	763.517029 	768.739014 
47.700000 	126.206001 	764.000000 	763.517029 	768.739014 
47.800000 	126.206001 	764.000000 	763.517029 	768.739014 
47.900000 	126.206001 	764.000000 	763.517029 	768.739014 
48.000000 	126.206001 	764.000000 	763.517029 	768.739014 
48.100000 	126.206001 	764.000000 	763.517029 	768.739014 
48.200000 	126.206001 	764.000000 	763.517029 	768.739014 
48.300000 	126.206001 	764.000000 	763.517029 	768.739014 
48.400000 	126.206001 	764.000000 	763.517029 	768.739014 
48.500000 	126.214996 	764.000000 	763.491028 	768.741028 
48.600000 	126.214996 	764.000000 	763.491028 	768.741028 
48.700000 	126.214996 	764.000000 	763.491028 	768.741028 
48.800000 	126.214996 	764.000000 	763.491028 	768.741028 
48.900000 	126.214996 	764.000000 	763.491028 	768.741028 
49.000000 	126.214996 	764.000000 	763.491028 	768.741028 
49.100000 	126.214996 	764.000000 	763.491028 	768.741028 
49.200000 	126.214996 	764.000000 	763.491028 	768.741028 
49.300000 	126.214996 	764.000000 	763.491028 	768.741028 
49.400000 	126.214996 	764.000000 	763.491028 	768.741028 
49.500000 	126.224998 	764.000000 	763.463989 	768.742004 
49.600000 	126.224998 	764.000000 	763.463989 	768.742004 
49.700000 	126.224998 	764.000000 	763.463989 	768.742004 
49.800000 	126.224998 	764.000000 	763.463989 	768.742004 
49.900000 	126.224998 	764.000000 	763.463989 	768.742004 
50.000000 	126.224998 	764.000000 	763.463989 	768.742004 
50.100000 	126.224998 	764.000000 	763.463989 	768.742004 
50.200000 	126.224998 	764.000000 	763.463989 	768.742004 
50.300000 	126.224998 	764.000000 	763.463989 	768.742004 
50.400000 	126.224998 	764.000000 	763.463989 	768.742004 
50.500000 	126.234001 	764.000000 	763.435974 	768.742004 
50.600000 	126.234001 	764.000000 	763.435974 	768.742004 
50.700000 	126.234001 	764.000000 	763.435974 	768.742004 
50.800000 	126.234001 	764.000000 	763.435974 	768.742004 
50.900000 	126.234001 	764.000000 	763.435974 	768.742004 
51.000000 	126.234001 	764.000000 	763.435974 	768.742004 
51.100000 	126.234001 	764.000000 	763.435974 	768.742004 
51.200000 	126.234001 	764.000000 	763.435974 	768.742004 
51.300000 	126.234001 	764.000000 	763.435974 	768.742004 
51.400000 	126.234001 	764.000000 	763.435974 	768.742004 
51.500000 	126.242996 	764.000000 	763.406006 	768.741028 
51.600000 	126.242996 	764.000000 	763.406006 	768.741028 
51.700000 	126.242996 	764.000000 	763.406006 	768.741028 
51.800000 	126.242996 	764.000000 	763.406006 	768.741028 
51.900000 	126.242996 	764.000000 	763.406006 	768.741028 
52.000000 	126.242996 	764.000000 	763.406006 	768.741028 
52.100000 	126.242996 	764.000000 	763.406006 	768.741028 
52.200000 	126.242996 	764.000000 	763.406006 	768.741028 
52.300000 	126.242996 	764.000000 	763.406006 	768.741028 
52.400000 	126.242996 	764.000000 	763.406006 	768.741028 
52.500000 	126.251999 	764.000000 	763.375000 	768.739014 
52.600000 	126.251999 	764.000000 	763.375000 	768.739014 
52.700000 	126.251999 	764.000000 	763.375000 	768.739014 
52.800000 	126.251999 	764.000000 	763.375000 	768.739014 
52.900000 	126.251999 	764.000000 	763.375000 	768.739014 
53.000000 	126.251999 	764.000000 	763.375000 	768.739014 
53.100000 	126.251999 	764.000000 	763.375000 	768.739014 
53.200000 	126.251999 	764.000000 	763.375000 	768.739014 
53.300000 	126.251999 	764.000000 	763.375000 	768.739014 
53.400000 	126.251999 	764.000000 	763.375000 	768.739014 
53.500000 	126.261002 	764.000000 	763.343018 	768.736023 
53.600000 	126.261002 	764.000000 	763.343018 	768.736023 
53.700000 	126.261002 	764.000000 	763.343018 	768.736023 
53.800000 	126.261002 	764.000000 	763.343018 	768.736023 
53.900000 	126.261002 	764.000000 	763.343018 	768.736023 
54.000000 	126.261002 	764.000000 	763.343018 	768.736023 
54.100000 	126.261002 	764.000000 	763.343018 	768.736023 
54.200000 	126.261002 	764.000000 	763.343018 	768.736023 
54.300000 	126.261002 	764.000000 	763.343018 	768.736023 
54.400000 	126.261002 	764.000000 	763.343018 	768.736023 
54.500000 	126.269997 	764.000000 	763.309021 	768.731995 
54.600000 	126.269997 	764.000000 	763.309021 	768.731995 
54.700000 	126.269997 	764.000000 	763.309021 	768.731995 
54.800000 	126.269997 	764.000000 	763.309021 	768.731995 
54.900000 	126.269997 	764.000000 	763.309021 	768.731995 
55.000000 	126.269997 	764.000000 	763.309021 	768.731995 
55.100000 	126.269997 	764.000000 	763.309021 	768.731995 
55.200000 	126.269997 	764.000000 	763.309021 	768.731995 
55.300000 	126.269997 	764.000000 	763.309021 	768.731995 
55.400000 	126.269997 	764.000000 	763.309021 	768.731995 
55.500000 	126.279999 	764.000000 	763.273987 	768.726013 
55.600000 	126.279999 	764.000000 	763.273987 	768.726013 
55.700000 	126.279999 	764.000000 	763.273987 	768.726013 
55.800000 	126.279999 	764.000000 	763.273987 	768.726013 
55.900000 	126.279999 	764.000000 	763.273987 	768.726013 
56.000000 	126.279999 	764.000000 	763.273987 	768.726013 
56.100000 	126.279999 	764.000000 	763.273987 	768.726013 
56.200000 	126.279999 	764.000000 	763.273987 	768.726013 
56.300000 	126.279999 	764.000000 	763.273987 	768.726013 
56.400000 	126.279999 	764.000000 	763.273987 	768.726013 
56.500000 	126.289001 	764.000000 	763.237000 	768.718994 
56.600000 	126.289001 	764.000000 	763.237000 	768.718994 
56.700000 	126.289001 	764.000000 	763.237000 	768.718994 
56.800000 	126.289001 	764.000000 	763.237000 	768.718994 
56.900000 	126.289001 	764.000000 	763.237000 	768.718994 
57.000000 	126.289001 	764.000000 	763.237000 	768.718994 
57.100000 	126.289001 	764.000000 	763.237000 	768.718994 
57.200000 	126.289001 	764.000000 	763.237000 	768.718994 
57.300000 	126.289001 	764.000000 	763.237000 	768.718994 
57.400000 	126.289001 	764.000000 	763.237000 	768.718994 
57.500000 	126.297997 	764.000000 	763.198975 	768.710999 
57.600000 	126.297997 	764.000000 	763.198975 	768.710999 
57.700000 	126.297997 	764.000000 	763.198975 	768.710999 
57.800000 	126.297997 	764.000000 	763.198975 	768.710999 
57.900000 	126.297997 	764.000000 	763.198975 	768.710999 
58.000000 	126.297997 	764.000000 	763.198975 	768.710999 
58.100000 	126.297997 	764.000000 	763.198975 	768.710999 
58.200000 	126.297997 	764.000000 	763.198975 	768.710999 
58.300000 	126.297997 	764.000000 	763.198975 	768.710999 
58.400000 	126.297997 	764.000000 	763.198975 	768.710999 
58.500000 	126.307999 	764.000000 	763.158997 	768.700989 
58.600000 	126.307999 	764.000000 	763.158997 	768.700989 
58.700000 	126.307999 	764.000000 	763.158997 	768.700989 
58.800000 	126.307999 	764.000000 	763.158997 	768.700989 
58.900000 	126.307999 	764.000000 	763.158997 	768.700989 
59.000000 	126.307999 	764.000000 	763.158997 	768.700989 
59.100000 	126.307999 	764.000000 	763.158997 	768.700989 
59.200000 	126.307999 	764.000000 	763.158997 	768.700989 
59.300000 	126.307999 	764.000000 	763.158997 	768.700989 
59.400000 	126.307999 	764.000000 	763.158997 	768.700989 
59.500000 	126.317001 	764.000000 	763.117004 	768.690002 
59.600000 	126.317001 	764.000000 	763.117004 	768.690002 
59.700000 	126.317001 	764.000000 	763.117004 	768.690002 
59.800000 	126.317001 	764.000000 	763.117004 	768.690002 
59.900000 	126.317001 	764.000000 	763.117004 	768.690002 
60.000000 	126.317001 	764.000000 	763.117004 	768.690002 
