0.500000 	92.090599 	443.000000 	462.674988 	449.994995 
0.600000 	92.090599 	443.000000 	462.674988 	449.994995 
0.700000 	92.090599 	443.000000 	462.674988 	449.994995 
0.800000 	92.090599 	443.000000 	462.674988 	449.994995 
0.900000 	92.090599 	443.000000 	462.674988 	449.994995 
1.000000 	92.090599 	443.000000 	462.674988 	449.994995 
1.100000 	92.090599 	443.000000 	462.674988 	449.994995 
1.200000 	92.090599 	443.000000 	462.674988 	449.994995 
1.300000 	92.090599 	443.000000 	462.674988 	449.994995 
1.400000 	92.090599 	443.000000 	462.674988 	449.994995 
1.500000 	102.921997 	443.000000 	451.315002 	449.841003 
1.600000 	102.921997 	443.000000 	451.315002 	449.841003 
1.700000 	102.921997 	443.000000 	451.315002 	449.841003 
1.800000 	102.921997 	443.000000 	451.315002 	449.841003 
1.900000 	102.921997 	443.000000 	451.315002 	449.841003 
2.000000 	102.921997 	443.000000 	451.315002 	449.841003 
2.100000 	102.921997 	443.000000 	451.315002 	449.841003 
2.200000 	102.921997 	443.000000 	451.315002 	449.841003 
2.300000 	102.921997 	443.000000 	451.315002 	449.841003 
2.400000 	102.921997 	443.000000 	451.315002 	449.841003 
2.500000 	113.189003 	443.000000 	447.239014 	449.834015 
2.600000 	113.189003 	443.000000 	447.239014 	449.834015 
2.700000 	113.189003 	443.000000 	447.239014 	449.834015 
2.800000 	113.189003 	443.000000 	447.239014 	449.834015 
2.900000 	113.189003 	443.000000 	447.239014 	449.834015 
3.000000 	113.189003 	443.000000 	447.239014 	449.834015 
3.100000 	113.189003 	443.000000 	447.239014 	449.834015 
3.200000 	113.189003 	443.000000 	447.239014 	449.834015 
3.300000 	113.189003 	443.000000 	447.239014 	449.834015 
3.400000 	113.189003 	443.000000 	447.239014 	449.834015 
3.500000 	118.174004 	443.000000 	445.412994 	449.860992 
3.600000 	118.174004 	443.000000 	445.412994 	449.860992 
3.700000 	118.174004 	443.000000 	445.412994 	449.860992 
3.800000 	118.174004 	443.000000 	445.412994 	449.860992 
3.900000 	118.174004 	443.000000 	445.412994 	449.860992 
4.000000 	118.174004 	443.000000 	445.412994 	449.860992 
4.100000 	118.174004 	443.000000 	445.412994 	449.860992 
4.200000 	118.174004 	443.000000 	445.412994 	449.860992 
4.300000 	118.174004 	443.000000 	445.412994 	449.860992 
4.400000 	118.174004 	443.000000 	445.412994 	449.860992 
4.500000 	120.792000 	443.000000 	444.476013 	449.891998 
4.600000 	120.792000 	443.000000 	444.476013 	449.891998 
4.700000 	120.792000 	443.000000 	444.476013 	449.891998 
4.800000 	120.792000 	443.000000 	444.476013 	449.891998 
4.900000 	120.792000 	443.000000 	444.476013 	449.891998 
5.000000 	120.792000 	443.000000 	444.476013 	449.891998 
5.100000 	120.792000 	443.000000 	444.476013 	449.891998 
5.200000 	120.792000 	443.000000 	444.476013 	449.891998 
5.300000 	120.792000 	443.000000 	444.476013 	449.891998 
5.400000 	120.792000 	443.000000 	444.476013 	449.891998 
5.500000 	122.307999 	443.000000 	443.941986 	449.921997 
5.600000 	122.307999 	443.000000 	443.941986 	449.921997 
5.700000 	122.307999 	443.000000 	443.941986 	449.921997 
5.800000 	122.307999 	443.000000 	443.941986 	449.921997 
5.900000 	122.307999 	443.000000 	443.941986 	449.921997 
6.000000 	122.307999 	443.000000 	443.941986 	449.921997 
6.100000 	122.307999 	443.000000 	443.941986 	449.921997 
6.200000 	122.307999 	443.000000 	443.941986 	449.921997 
6.300000 	122.307999 	443.000000 	443.941986 	449.921997 
6.400000 	122.307999 	443.000000 	443.941986 	449.921997 
6.500000 	123.258003 	443.000000 	443.610992 	449.950012 
6.600000 	123.258003 	443.000000 	443.610992 	449.950012 
6.700000 	123.258003 	443.000000 	443.610992 	449.950012 
6.800000 	123.258003 	443.000000 	443.610992 	449.950012 
6.900000 	123.258003 	443.000000 	443.610992 	449.950012 
7.000000 	123.258003 	443.000000 	443.610992 	449.950012 
7.100000 	123.258003 	443.000000 	443.610992 	449.950012 
7.200000 	123.258003 	443.000000 	443.610992 	449.950012 
7.300000 	123.258003 	443.000000 	443.610992 	449.950012 
7.400000 	123.258003 	443.000000 	443.610992 	449.950012 
7.500000 	123.890999 	443.000000 	443.394012 	449.977997 
7.600000 	123.890999 	443.000000 	443.394012 	449.977997 
7.700000 	123.890999 	443.000000 	443.394012 	449.977997 
7.800000 	123.890999 	443.000000 	443.394012 	449.977997 
7.900000 	123.890999 	443.000000 	443.394012 	449.977997 
8.000000 	123.890999 	443.000000 	443.394012 	449.977997 
8.100000 	123.890999 	443.000000 	443.394012 	449.977997 
8.200000 	123.890999 	443.000000 	443.394012 	449.977997 
8.300000 	123.890999 	443.000000 	443.394012 	449.977997 
8.400000 	123.890999 	443.000000 	443.394012 	449.977997 
8.500000 	124.333000 	443.000000 	443.243988 	450.005005 
8.600000 	124.333000 	443.000000 	443.243988 	450.005005 
8.700000 	124.333000 	443.000000 	443.243988 	450.005005 
8.800000 	124.333000 	443.000000 	443.243988 	450.005005 
8.900000 	124.333000 	443.000000 	443.243988 	450.005005 
9.000000 	124.333000 	443.000000 	443.243988 	450.005005 
9.100000 	124.333000 	443.000000 	443.243988 	450.005005 
9.200000 	124.333000 	443.000000 	443.243988 	450.005005 
9.300000 	124.333000 	443.000000 	443.243988 	450.005005 
9.400000 	124.333000 	443.000000 	443.243988 	450.005005 
9.500000 	124.653999 	443.000000 	443.135986 	450.032990 
9.600000 	124.653999 	443.000000 	443.135986 	450.032990 
9.700000 	124.653999 	443.000000 	443.135986 	450.032990 
9.800000 	124.653999 	443.000000 	443.135986 	450.032990 
9.900000 	124.653999 	443.000000 	443.135986 	450.032990 
10.000000 	124.653999 	443.000000 	443.135986 	450.032990 
10.100000 	124.653999 	443.000000 	443.135986 	450.032990 
10.200000 	124.653999 	443.000000 	443.135986 	450.032990 
10.300000 	124.653999 	443.000000 	443.135986 	450.032990 
10.400000 	124.653999 	443.000000 	443.135986 	450.032990 
10.500000 	124.896004 	443.000000 	443.056000 	450.061005 
10.600000 	124.896004 	443.000000 	443.056000 	450.061005 
10.700000 	124.896004 	443.000000 	443.056000 	450.061005 
10.800000 	124.896004 	443.000000 	443.056000 	450.061005 
10.900000 	124.896004 	443.000000 	443.056000 	450.061005 
11.000000 	124.896004 	443.000000 	443.056000 	450.061005 
11.100000 	124.896004 	443.000000 	443.056000 	450.061005 
11.200000 	124.896004 	443.000000 	443.056000 	450.061005 
11.300000 	124.896004 	443.000000 	443.056000 	450.061005 
11.400000 	124.896004 	443.000000 	443.056000 	450.061005 
11.500000 	125.081001 	443.000000 	442.994995 	450.091003 
11.600000 	125.081001 	443.000000 	442.994995 	450.091003 
11.700000 	125.081001 	443.000000 	442.994995 	450.091003 
11.800000 	125.081001 	443.000000 	442.994995 	450.091003 
11.900000 	125.081001 	443.000000 	442.994995 	450.091003 
12.000000 	125.081001 	443.000000 	442.994995 	450.091003 
12.100000 	125.081001 	443.000000 	442.994995 	450.091003 
12.200000 	125.081001 	443.000000 	442.994995 	450.091003 
12.300000 	125.081001 	443.000000 	442.994995 	450.091003 
12.400000 	125.081001 	443.000000 	442.994995 	450.091003 
12.500000 	125.227997 	443.000000 	442.947998 	450.121002 
12.600000 	125.227997 	443.000000 	442.947998 	450.121002 
12.700000 	125.227997 	443.000000 	442.947998 	450.121002 
12.800000 	125.227997 	443.000000 	442.947998 	450.121002 
12.900000 	125.227997 	443.000000 	442.947998 	450.121002 
13.000000 	125.227997 	443.000000 	442.947998 	450.121002 
13.100000 	125.227997 	443.000000 	442.947998 	450.121002 
13.200000 	125.227997 	443.000000 	442.947998 	450.121002 
13.300000 	125.227997 	443.000000 	442.947998 	450.121002 
13.400000 	125.227997 	443.000000 	442.947998 	450.121002 
13.500000 	125.345001 	443.000000 	442.910004 	450.152008 
13.600000 	125.345001 	443.000000 	442.910004 	450.152008 
13.700000 	125.345001 	443.000000 	442.910004 	450.152008 
13.800000 	125.345001 	443.000000 	442.910004 	450.152008 
13.900000 	125.345001 	443.000000 	442.910004 	450.152008 
14.000000 	125.345001 	443.000000 	442.910004 	450.152008 
14.100000 	125.345001 	443.000000 	442.910004 	450.152008 
14.200000 	125.345001 	443.000000 	442.910004 	450.152008 
14.300000 	125.345001 	443.000000 	442.910004 	450.152008 
14.400000 	125.345001 	443.000000 	442.910004 	450.152008 
14.500000 	125.442001 	443.000000 	442.878998 	450.183990 
14.600000 	125.442001 	443.000000 	442.878998 	450.183990 
14.700000 	125.442001 	443.000000 	442.878998 	450.183990 
14.800000 	125.442001 	443.000000 	442.878998 	450.183990 
14.900000 	125.442001 	443.000000 	442.878998 	450.183990 
15.000000 	125.442001 	443.000000 	442.878998 	450.183990 
15.100000 	125.442001 	443.000000 	442.878998 	450.183990 
15.200000 	125.442001 	443.000000 	442.878998 	450.183990 
15.300000 	125.442001 	443.000000 	442.878998 	450.183990 
15.400000 	125.442001 	443.000000 	442.878998 	450.183990 
15.500000 	125.522003 	443.000000 	442.854004 	450.217987 
15.600000 	125.522003 	443.000000 	442.854004 	450.217987 
15.700000 	125.522003 	443.000000 	442.854004 	450.217987 
15.800000 	125.522003 	443.000000 	442.854004 	450.217987 
15.900000 	125.522003 	443.000000 	442.854004 	450.217987 
16.000000 	125.522003 	443.000000 	442.854004 	450.217987 
16.100000 	125.522003 	443.000000 	442.854004 	450.217987 
16.200000 	125.522003 	443.000000 	442.854004 	450.217987 
16.300000 	125.522003 	443.000000 	442.854004 	450.217987 
16.400000 	125.522003 	443.000000 	442.854004 	450.217987 
16.500000 	125.588997 	443.000000 	442.832001 	450.265991 
16.600000 	125.588997 	443.000000 	442.832001 	450.265991 
16.700000 	125.588997 	443.000000 	442.832001 	450.265991 
16.800000 	125.588997 	443.000000 	442.832001 	450.265991 
16.900000 	125.588997 	443.000000 	442.832001 	450.265991 
17.000000 	125.588997 	443.000000 	442.832001 	450.265991 
17.100000 	125.588997 	443.000000 	442.832001 	450.265991 
17.200000 	125.588997 	443.000000 	442.832001 	450.265991 
17.300000 	125.588997 	443.000000 	442.832001 	450.265991 
17.400000 	125.588997 	443.000000 	442.832001 	450.265991 
17.500000 	125.647003 	443.000000 	442.813995 	450.303009 
17.600000 	125.647003 	443.000000 	442.813995 	450.303009 
17.700000 	125.647003 	443.000000 	442.813995 	450.303009 
17.800000 	125.647003 	443.000000 	442.813995 	450.303009 
17.900000 	125.647003 	443.000000 	442.813995 	450.303009 
18.000000 	125.647003 	443.000000 	442.813995 	450.303009 
18.100000 	125.647003 	443.000000 	442.813995 	450.303009 
18.200000 	125.647003 	443.000000 	442.813995 	450.303009 
18.300000 	125.647003 	443.000000 	442.813995 	450.303009 
18.400000 	125.647003 	443.000000 	442.813995 	450.303009 
18.500000 	125.695999 	443.000000 	442.798004 	450.339996 
18.600000 	125.695999 	443.000000 	442.798004 	450.339996 
18.700000 	125.695999 	443.000000 	442.798004 	450.339996 
18.800000 	125.695999 	443.000000 	442.798004 	450.339996 
18.900000 	125.695999 	443.000000 	442.798004 	450.339996 
19.000000 	125.695999 	443.000000 	442.798004 	450.339996 
19.100000 	125.695999 	443.000000 	442.798004 	450.339996 
19.200000 	125.695999 	443.000000 	442.798004 	450.339996 
19.300000 	125.695999 	443.000000 	442.798004 	450.339996 
19.400000 	125.695999 	443.000000 	442.798004 	450.339996 
19.500000 	125.739998 	443.000000 	442.785004 	450.380005 
19.600000 	125.739998 	443.000000 	442.785004 	450.380005 
19.700000 	125.739998 	443.000000 	442.785004 	450.380005 
19.800000 	125.739998 	443.000000 	442.785004 	450.380005 
19.900000 	125.739998 	443.000000 	442.785004 	450.380005 
20.000000 	125.739998 	443.000000 	442.785004 	450.380005 
20.100000 	125.739998 	443.000000 	442.785004 	450.380005 
20.200000 	125.739998 	443.000000 	442.785004 	450.380005 
20.300000 	125.739998 	443.000000 	442.785004 	450.380005 
20.400000 	125.739998 	443.000000 	442.785004 	450.380005 
20.500000 	125.778000 	443.000000 	442.772003 	450.420013 
20.600000 	125.778000 	443.000000 	442.772003 	450.420013 
20.700000 	125.778000 	443.000000 	442.772003 	450.420013 
20.800000 	125.778000 	443.000000 	442.772003 	450.420013 
20.900000 	125.778000 	443.000000 	442.772003 	450.420013 
21.000000 	125.778000 	443.000000 	442.772003 	450.420013 
21.100000 	125.778000 	443.000000 	442.772003 	450.420013 
21.200000 	125.778000 	443.000000 	442.772003 	450.420013 
21.300000 	125.778000 	443.000000 	442.772003 	450.420013 
21.400000 	125.778000 	443.000000 	442.772003 	450.420013 
21.500000 	125.811996 	443.000000 	442.760986 	450.460999 
21.600000 	125.811996 	443.000000 	442.760986 	450.460999 
21.700000 	125.811996 	443.000000 	442.760986 	450.460999 
21.800000 	125.811996 	443.000000 	442.760986 	450.460999 
21.900000 	125.811996 	443.000000 	442.760986 	450.460999 
22.000000 	125.811996 	443.000000 	442.760986 	450.460999 
22.100000 	125.811996 	443.000000 	442.760986 	450.460999 
22.200000 	125.811996 	443.000000 	442.760986 	450.460999 
22.300000 	125.811996 	443.000000 	442.760986 	450.460999 
22.400000 	125.811996 	443.000000 	442.760986 	450.460999 
22.500000 	125.842003 	443.000000 	442.751007 	450.503998 
22.600000 	125.842003 	443.000000 	442.751007 	450.503998 
22.700000 	125.842003 	443.000000 	442.751007 	450.503998 
22.800000 	125.842003 	443.000000 	442.751007 	450.503998 
22.900000 	125.842003 	443.000000 	442.751007 	450.503998 
23.000000 	125.842003 	443.000000 	442.751007 	450.503998 
23.100000 	125.842003 	443.000000 	442.751007 	450.503998 
23.200000 	125.842003 	443.000000 	442.751007 	450.503998 
23.300000 	125.842003 	443.000000 	442.751007 	450.503998 
23.400000 	125.842003 	443.000000 	442.751007 	450.503998 
23.500000 	125.870003 	443.000000 	442.742004 	450.548004 
23.600000 	125.870003 	443.000000 	442.742004 	450.548004 
23.700000 	125.870003 	443.000000 	442.742004 	450.548004 
23.800000 	125.870003 	443.000000 	442.742004 	450.548004 
23.900000 	125.870003 	443.000000 	442.742004 	450.548004 
24.000000 	125.870003 	443.000000 	442.742004 	450.548004 
24.100000 	125.870003 	443.000000 	442.742004 	450.548004 
24.200000 	125.870003 	443.000000 	442.742004 	450.548004 
24.300000 	125.870003 	443.000000 	442.742004 	450.548004 
24.400000 	125.870003 	443.000000 	442.742004 	450.548004 
24.500000 	125.894997 	443.000000 	442.733002 	450.592987 
24.600000 	125.894997 	443.000000 	442.733002 	450.592987 
24.700000 	125.894997 	443.000000 	442.733002 	450.592987 
24.800000 	125.894997 	443.000000 	442.733002 	450.592987 
24.900000 	125.894997 	443.000000 	442.733002 	450.592987 
25.000000 	125.894997 	443.000000 	442.733002 	450.592987 
25.100000 	125.894997 	443.000000 	442.733002 	450.592987 
25.200000 	125.894997 	443.000000 	442.733002 	450.592987 
25.300000 	125.894997 	443.000000 	442.733002 	450.592987 
25.400000 	125.894997 	443.000000 	442.733002 	450.592987 
25.500000 	125.917999 	443.000000 	442.723999 	450.639008 
25.600000 	125.917999 	443.000000 	442.723999 	450.639008 
25.700000 	125.917999 	443.000000 	442.723999 	450.639008 
25.800000 	125.917999 	443.000000 	442.723999 	450.639008 
25.900000 	125.917999 	443.000000 	442.723999 	450.639008 
26.000000 	125.917999 	443.000000 	442.723999 	450.639008 
26.100000 	125.917999 	443.000000 	442.723999 	450.639008 
26.200000 	125.917999 	443.000000 	442.723999 	450.639008 
26.300000 	125.917999 	443.000000 	442.723999 	450.639008 
26.400000 	125.917999 	443.000000 	442.723999 	450.639008 
26.500000 	125.939003 	443.000000 	442.716003 	450.686005 
26.600000 	125.939003 	443.000000 	442.716003 	450.686005 
26.700000 	125.939003 	443.000000 	442.716003 	450.686005 
26.800000 	125.939003 	443.000000 	442.716003 	450.686005 
26.900000 	125.939003 	443.000000 	442.716003 	450.686005 
27.000000 	125.939003 	443.000000 	442.716003 	450.686005 
27.100000 	125.939003 	443.000000 	442.716003 	450.686005 
27.200000 	125.939003 	443.000000 	442.716003 	450.686005 
27.300000 	125.939003 	443.000000 	442.716003 	450.686005 
27.400000 	125.939003 	443.000000 	442.716003 	450.686005 
27.500000 	125.959000 	443.000000 	442.709015 	450.734009 
27.600000 	125.959000 	443.000000 	442.709015 	450.734009 
27.700000 	125.959000 	443.000000 	442.709015 	450.734009 
27.800000 	125.959000 	443.000000 	442.709015 	450.734009 
27.900000 	125.959000 	443.000000 	442.709015 	450.734009 
28.000000 	125.959000 	443.000000 	442.709015 	450.734009 
28.100000 	125.959000 	443.000000 	442.709015 	450.734009 
28.200000 	125.959000 	443.000000 	442.709015 	450.734009 
28.300000 	125.959000 	443.000000 	442.709015 	450.734009 
28.400000 	125.959000 	443.000000 	442.709015 	450.734009 
28.500000 	125.977997 	443.000000 	442.700989 	450.782990 
28.600000 	125.977997 	443.000000 	442.700989 	450.782990 
28.700000 	125.977997 	443.000000 	442.700989 	450.782990 
28.800000 	125.977997 	443.000000 	442.700989 	450.782990 
28.900000 	125.977997 	443.000000 	442.700989 	450.782990 
29.000000 	125.977997 	443.000000 	442.700989 	450.782990 
29.100000 	125.977997 	443.000000 	442.700989 	450.782990 
29.200000 	125.977997 	443.000000 	442.700989 	450.782990 
29.300000 	125.977997 	443.000000 	442.700989 	450.782990 
29.400000 	125.977997 	443.000000 	442.700989 	450.782990 
29.500000 	125.995003 	443.000000 	442.692993 	450.833008 
29.600000 	125.995003 	443.000000 	442.692993 	450.833008 
29.700000 	125.995003 	443.000000 	442.692993 	450.833008 
29.800000 	125.995003 	443.000000 	442.692993 	450.833008 
29.900000 	125.995003 	443.000000 	442.692993 	450.833008 
30.000000 	125.995003 	443.000000 	442.692993 	450.833008 
30.100000 	125.995003 	443.000000 	442.692993 	450.833008 
30.200000 	125.995003 	443.000000 	442.692993 	450.833008 
30.300000 	125.995003 	443.000000 	442.692993 	450.833008 
30.400000 	125.995003 	443.000000 	442.692993 	450.833008 
30.500000 	126.012001 	443.000000 	442.686005 	450.884003 
30.600000 	126.012001 	443.000000 	442.686005 	450.884003 
30.700000 	126.012001 	443.000000 	442.686005 	450.884003 
30.800000 	126.012001 	443.000000 	442.686005 	450.884003 
30.900000 	126.012001 	443.000000 	442.686005 	450.884003 
31.000000 	126.012001 	443.000000 	442.686005 	450.884003 
31.100000 	126.012001 	443.000000 	442.686005 	450.884003 
31.200000 	126.012001 	443.000000 	442.686005 	450.884003 
31.300000 	126.012001 	443.000000 	442.686005 	450.884003 
31.400000 	126.012001 	443.000000 	442.686005 	450.884003 
31.500000 	126.028000 	443.000000 	442.678009 	450.934998 
31.600000 	126.028000 	443.000000 	442.678009 	450.934998 
31.700000 	126.028000 	443.000000 	442.678009 	450.934998 
31.800000 	126.028000 	443.000000 	442.678009 	450.934998 
31.900000 	126.028000 	443.000000 	442.678009 	450.934998 
32.000000 	126.028000 	443.000000 	442.678009 	450.934998 
32.100000 	126.028000 	443.000000 	442.678009 	450.934998 
32.200000 	126.028000 	443.000000 	442.678009 	450.934998 
32.300000 	126.028000 	443.000000 	442.678009 	450.934998 
32.400000 	126.028000 	443.000000 	442.678009 	450.934998 
32.500000 	126.042999 	443.000000 	442.670990 	450.988007 
32.600000 	126.042999 	443.000000 	442.670990 	450.988007 
32.700000 	126.042999 	443.000000 	442.670990 	450.988007 
32.800000 	126.042999 	443.000000 	442.670990 	450.988007 
32.900000 	126.042999 	443.000000 	442.670990 	450.988007 
33.000000 	126.042999 	443.000000 	442.670990 	450.988007 
33.100000 	126.042999 	443.000000 	442.670990 	450.988007 
33.200000 	126.042999 	443.000000 	442.670990 	450.988007 
33.300000 	126.042999 	443.000000 	442.670990 	450.988007 
33.400000 	126.042999 	443.000000 	442.670990 	450.988007 
33.500000 	126.056999 	443.000000 	442.662994 	451.040985 
33.600000 	126.056999 	443.000000 	442.662994 	451.040985 
33.700000 	126.056999 	443.000000 	442.662994 	451.040985 
33.800000 	126.056999 	443.000000 	442.662994 	451.040985 
33.900000 	126.056999 	443.000000 	442.662994 	451.040985 
34.000000 	126.056999 	443.000000 	442.662994 	451.040985 
34.100000 	126.056999 	443.000000 	442.662994 	451.040985 
34.200000 	126.056999 	443.000000 	442.662994 	451.040985 
34.300000 	126.056999 	443.000000 	442.662994 	451.040985 
34.400000 	126.056999 	443.000000 	442.662994 	451.040985 
34.500000 	126.070999 	443.000000 	442.654999 	451.095001 
34.600000 	126.070999 	443.000000 	442.654999 	451.095001 
34.700000 	126.070999 	443.000000 	442.654999 	451.095001 
34.800000 	126.070999 	443.000000 	442.654999 	451.095001 
34.900000 	126.070999 	443.000000 	442.654999 	451.095001 
35.000000 	126.070999 	443.000000 	442.654999 	451.095001 
35.100000 	126.070999 	443.000000 	442.654999 	451.095001 
35.200000 	126.070999 	443.000000 	442.654999 	451.095001 
35.300000 	126.070999 	443.000000 	442.654999 	451.095001 
35.400000 	126.070999 	443.000000 	442.654999 	451.095001 
35.500000 	126.084999 	443.000000 	442.647003 	451.149994 
35.600000 	126.084999 	443.000000 	442.647003 	451.149994 
35.700000 	126.084999 	443.000000 	442.647003 	451.149994 
35.800000 	126.084999 	443.000000 	442.647003 	451.149994 
35.900000 	126.084999 	443.000000 	442.647003 	451.149994 
36.000000 	126.084999 	443.000000 	442.647003 	451.149994 
36.100000 	126.084999 	443.000000 	442.647003 	451.149994 
36.200000 	126.084999 	443.000000 	442.647003 	451.149994 
36.300000 	126.084999 	443.000000 	442.647003 	451.149994 
36.400000 	126.084999 	443.000000 	442.647003 	451.149994 
36.500000 	126.098000 	443.000000 	442.638000 	451.205994 
36.600000 	126.098000 	443.000000 	442.638000 	451.205994 
36.700000 	126.098000 	443.000000 	442.638000 	451.205994 
36.800000 	126.098000 	443.000000 	442.638000 	451.205994 
36.900000 	126.098000 	443.000000 	442.638000 	451.205994 
37.000000 	126.098000 	443.000000 	442.638000 	451.205994 
37.100000 	126.098000 	443.000000 	442.638000 	451.205994 
37.200000 	126.098000 	443.000000 	442.638000 	451.205994 
37.300000 	126.098000 	443.000000 	442.638000 	451.205994 
37.400000 	126.098000 	443.000000 	442.638000 	451.205994 
37.500000 	126.111000 	443.000000 	442.630005 	451.261993 
37.600000 	126.111000 	443.000000 	442.630005 	451.261993 
37.700000 	126.111000 	443.000000 	442.630005 	451.261993 
37.800000 	126.111000 	443.000000 	442.630005 	451.261993 
37.900000 	126.111000 	443.000000 	442.630005 	451.261993 
38.000000 	126.111000 	443.000000 	442.630005 	451.261993 
38.100000 	126.111000 	443.000000 	442.630005 	451.261993 
38.200000 	126.111000 	443.000000 	442.630005 	451.261993 
38.300000 	126.111000 	443.000000 	442.630005 	451.261993 
38.400000 	126.111000 	443.000000 	442.630005 	451.261993 
38.500000 	126.123001 	443.000000 	442.621002 	451.319000 
38.600000 	126.123001 	443.000000 	442.621002 	451.319000 
38.700000 	126.123001 	443.000000 	442.621002 	451.319000 
38.800000 	126.123001 	443.000000 	442.621002 	451.319000 
38.900000 	126.123001 	443.000000 	442.621002 	451.319000 
39.000000 	126.123001 	443.000000 	442.621002 	451.319000 
39.100000 	126.123001 	443.000000 	442.621002 	451.319000 
39.200000 	126.123001 	443.000000 	442.621002 	451.319000 
39.300000 	126.123001 	443.000000 	442.621002 	451.319000 
39.400000 	126.123001 	443.000000 	442.621002 	451.319000 
39.500000 	126.136002 	443.000000 	442.612000 	451.377014 
39.600000 	126.136002 	443.000000 	442.612000 	451.377014 
39.700000 	126.136002 	443.000000 	442.612000 	451.377014 
39.800000 	126.136002 	443.000000 	442.612000 	451.377014 
39.900000 	126.136002 	443.000000 	442.612000 	451.377014 
40.000000 	126.136002 	443.000000 	442.612000 	451.377014 
40.100000 	126.136002 	443.000000 	442.612000 	451.377014 
40.200000 	126.136002 	443.000000 	442.612000 	451.377014 
40.300000 	126.136002 	443.000000 	442.612000 	451.377014 
40.400000 	126.136002 	443.000000 	442.612000 	451.377014 
40.500000 	126.148003 	443.000000 	442.601990 	451.434998 
40.600000 	126.148003 	443.000000 	442.601990 	451.434998 
40.700000 	126.148003 	443.000000 	442.601990 	451.434998 
40.800000 	126.148003 	443.000000 	442.601990 	451.434998 
40.900000 	126.148003 	443.000000 	442.601990 	451.434998 
41.000000 	126.148003 	443.000000 	442.601990 	451.434998 
41.100000 	126.148003 	443.000000 	442.601990 	451.434998 
41.200000 	126.148003 	443.000000 	442.601990 	451.434998 
41.300000 	126.148003 	443.000000 	442.601990 	451.434998 
41.400000 	126.148003 	443.000000 	442.601990 	451.434998 
41.500000 	126.160004 	443.000000 	442.592010 	451.493011 
41.600000 	126.160004 	443.000000 	442.592010 	451.493011 
41.700000 	126.160004 	443.000000 	442.592010 	451.493011 
41.800000 	126.160004 	443.000000 	442.592010 	451.493011 
41.900000 	126.160004 	443.000000 	442.592010 	451.493011 
42.000000 	126.160004 	443.000000 	442.592010 	451.493011 
42.100000 	126.160004 	443.000000 	442.592010 	451.493011 
42.200000 	126.160004 	443.000000 	442.592010 	451.493011 
42.300000 	126.160004 	443.000000 	442.592010 	451.493011 
42.400000 	126.160004 	443.000000 	442.592010 	451.493011 
42.500000 	126.171997 	443.000000 	442.582001 	451.552002 
42.600000 	126.171997 	443.000000 	442.582001 	451.552002 
42.700000 	126.171997 	443.000000 	442.582001 	451.552002 
42.800000 	126.171997 	443.000000 	442.582001 	451.552002 
42.900000 	126.171997 	443.000000 	442.582001 	451.552002 
43.000000 	126.171997 	443.000000 	442.582001 	451.552002 
43.100000 	126.171997 	443.000000 	442.582001 	451.552002 
43.200000 	126.171997 	443.000000 	442.582001 	451.552002 
43.300000 	126.171997 	443.000000 	442.582001 	451.552002 
43.400000 	126.171997 	443.000000 	442.582001 	451.552002 
43.500000 	126.182999 	443.000000 	442.571014 	451.612000 
43.600000 	126.182999 	443.000000 	442.571014 	451.612000 
43.700000 	126.182999 	443.000000 	442.571014 	451.612000 
43.800000 	126.182999 	443.000000 	442.571014 	451.612000 
43.900000 	126.182999 	443.000000 	442.571014 	451.612000 
44.000000 	126.182999 	443.000000 	442.571014 	451.612000 
44.100000 	126.182999 	443.000000 	442.571014 	451.612000 
44.200000 	126.182999 	443.000000 	442.571014 	451.612000 
44.300000 	126.182999 	443.000000 	442.571014 	451.612000 
44.400000 	126.182999 	443.000000 	442.571014 	451.612000 
44.500000 	126.195000 	443.000000 	442.559998 	451.671997 
44.600000 	126.195000 	443.000000 	442.559998 	451.671997 
44.700000 	126.195000 	443.000000 	442.559998 	451.671997 
44.800000 	126.195000 	443.000000 	442.559998 	451.671997 
44.900000 	126.195000 	443.000000 	442.559998 	451.671997 
45.000000 	126.195000 	443.000000 	442.559998 	451.671997 
45.100000 	126.195000 	443.000000 	442.559998 	451.671997 
45.200000 	126.195000 	443.000000 	442.559998 	451.671997 
45.300000 	126.195000 	443.000000 	442.559998 	451.671997 
45.400000 	126.195000 	443.000000 	442.559998 	451.671997 
45.500000 	126.207001 	443.000000 	442.548004 	451.731995 
45.600000 	126.207001 	443.000000 	442.548004 	451.731995 
45.700000 	126.207001 	443.000000 	442.548004 	451.731995 
45.800000 	126.207001 	443.000000 	442.548004 	451.731995 
45.900000 	126.207001 	443.000000 	442.548004 	451.731995 
46.000000 	126.207001 	443.000000 	442.548004 	451.731995 
46.100000 	126.207001 	443.000000 	442.548004 	451.731995 
46.200000 	126.207001 	443.000000 	442.548004 	451.731995 
46.300000 	126.207001 	443.000000 	442.548004 	451.731995 
46.400000 	126.207001 	443.000000 	442.548004 	451.731995 
46.500000 	126.218002 	443.000000 	442.536011 	451.791992 
46.600000 	126.218002 	443.000000 	442.536011 	451.791992 
46.700000 	126.218002 	443.000000 	442.536011 	451.791992 
46.800000 	126.218002 	443.000000 	442.536011 	451.791992 
46.900000 	126.218002 	443.000000 	442.536011 	451.791992 
47.000000 	126.218002 	443.000000 	442.536011 	451.791992 
47.100000 	126.218002 	443.000000 	442.536011 	451.791992 
47.200000 	126.218002 	443.000000 	442.536011 	451.791992 
47.300000 	126.218002 	443.000000 	442.536011 	451.791992 
47.400000 	126.218002 	443.000000 	442.536011 	451.791992 
47.500000 	126.230003 	443.000000 	442.523010 	451.852997 
47.600000 	126.230003 	443.000000 	442.523010 	451.852997 
47.700000 	126.230003 	443.000000 	442.523010 	451.852997 
47.800000 	126.230003 	443.000000 	442.523010 	451.852997 
47.900000 	126.230003 	443.000000 	442.523010 	451.852997 
48.000000 	126.230003 	443.000000 	442.523010 	451.852997 
48.100000 	126.230003 	443.000000 	442.523010 	451.852997 
48.200000 	126.230003 	443.000000 	442.523010 	451.852997 
48.300000 	126.230003 	443.000000 	442.523010 	451.852997 
48.400000 	126.230003 	443.000000 	442.523010 	451.852997 
48.500000 	126.240997 	443.000000 	442.510010 	451.915009 
48.600000 	126.240997 	443.000000 	442.510010 	451.915009 
48.700000 	126.240997 	443.000000 	442.510010 	451.915009 
48.800000 	126.240997 	443.000000 	442.510010 	451.915009 
48.900000 	126.240997 	443.000000 	442.510010 	451.915009 
49.000000 	126.240997 	443.000000 	442.510010 	451.915009 
49.100000 	126.240997 	443.000000 	442.510010 	451.915009 
49.200000 	126.240997 	443.000000 	442.510010 	451.915009 
49.300000 	126.240997 	443.000000 	442.510010 	451.915009 
49.400000 	126.240997 	443.000000 	442.510010 	451.915009 
49.500000 	126.251999 	443.000000 	442.496002 	451.976013 
49.600000 	126.251999 	443.000000 	442.496002 	451.976013 
49.700000 	126.251999 	443.000000 	442.496002 	451.976013 
49.800000 	126.251999 	443.000000 	442.496002 	451.976013 
49.900000 	126.251999 	443.000000 	442.496002 	451.976013 
50.000000 	126.251999 	443.000000 	442.496002 	451.976013 
50.100000 	126.251999 	443.000000 	442.496002 	451.976013 
50.200000 	126.251999 	443.000000 	442.496002 	451.976013 
50.300000 	126.251999 	443.000000 	442.496002 	451.976013 
50.400000 	126.251999 	443.000000 	442.496002 	451.976013 
50.500000 	126.264000 	443.000000 	442.480988 	452.037994 
50.600000 	126.264000 	443.000000 	442.480988 	452.037994 
50.700000 	126.264000 	443.000000 	442.480988 	452.037994 
50.800000 	126.264000 	443.000000 	442.480988 	452.037994 
50.900000 	126.264000 	443.000000 	442.480988 	452.037994 
51.000000 	126.264000 	443.000000 	442.480988 	452.037994 
51.100000 	126.264000 	443.000000 	442.480988 	452.037994 
51.200000 	126.264000 	443.000000 	442.480988 	452.037994 
51.300000 	126.264000 	443.000000 	442.480988 	452.037994 
51.400000 	126.264000 	443.000000 	442.480988 	452.037994 
51.500000 	126.275002 	443.000000 	442.466003 	452.098999 
51.600000 	126.275002 	443.000000 	442.466003 	452.098999 
51.700000 	126.275002 	443.000000 	442.466003 	452.098999 
51.800000 	126.275002 	443.000000 	442.466003 	452.098999 
51.900000 	126.275002 	443.000000 	442.466003 	452.098999 
52.000000 	126.275002 	443.000000 	442.466003 	452.098999 
52.100000 	126.275002 	443.000000 	442.466003 	452.098999 
52.200000 	126.275002 	443.000000 	442.466003 	452.098999 
52.300000 	126.275002 	443.000000 	442.466003 	452.098999 
52.400000 	126.275002 	443.000000 	442.466003 	452.098999 
52.500000 	126.287003 	443.000000 	442.450012 	452.161011 
52.600000 	126.287003 	443.000000 	442.450012 	452.161011 
52.700000 	126.287003 	443.000000 	442.450012 	452.161011 
52.800000 	126.287003 	443.000000 	442.450012 	452.161011 
52.900000 	126.287003 	443.000000 	442.450012 	452.161011 
53.000000 	126.287003 	443.000000 	442.450012 	452.161011 
53.100000 	126.287003 	443.000000 	442.450012 	452.161011 
53.200000 	126.287003 	443.000000 	442.450012 	452.161011 
53.300000 	126.287003 	443.000000 	442.450012 	452.161011 
53.400000 	126.287003 	443.000000 	442.450012 	452.161011 
53.500000 	126.299004 	443.000000 	442.433990 	452.222992 
53.600000 	126.299004 	443.000000 	442.433990 	452.222992 
53.700000 	126.299004 	443.000000 	442.433990 	452.222992 
53.800000 	126.299004 	443.000000 	442.433990 	452.222992 
53.900000 	126.299004 	443.000000 	442.433990 	452.222992 
54.000000 	126.299004 	443.000000 	442.433990 	452.222992 
54.100000 	126.299004 	443.000000 	442.433990 	452.222992 
54.200000 	126.299004 	443.000000 	442.433990 	452.222992 
54.300000 	126.299004 	443.000000 	442.433990 	452.222992 
54.400000 	126.299004 	443.000000 	442.433990 	452.222992 
54.500000 	126.309998 	443.000000 	442.415985 	452.285004 
54.600000 	126.309998 	443.000000 	442.415985 	452.285004 
54.700000 	126.309998 	443.000000 	442.415985 	452.285004 
54.800000 	126.309998 	443.000000 	442.415985 	452.285004 
54.900000 	126.309998 	443.000000 	442.415985 	452.285004 
55.000000 	126.309998 	443.000000 	442.415985 	452.285004 
55.100000 	126.309998 	443.000000 	442.415985 	452.285004 
55.200000 	126.309998 	443.000000 	442.415985 	452.285004 
55.300000 	126.309998 	443.000000 	442.415985 	452.285004 
55.400000 	126.309998 	443.000000 	442.415985 	452.285004 
55.500000 	126.321999 	443.000000 	442.398010 	452.347992 
55.600000 	126.321999 	443.000000 	442.398010 	452.347992 
55.700000 	126.321999 	443.000000 	442.398010 	452.347992 
55.800000 	126.321999 	443.000000 	442.398010 	452.347992 
55.900000 	126.321999 	443.000000 	442.398010 	452.347992 
56.000000 	126.321999 	443.000000 	442.398010 	452.347992 
56.100000 	126.321999 	443.000000 	442.398010 	452.347992 
56.200000 	126.321999 	443.000000 	442.398010 	452.347992 
56.300000 	126.321999 	443.000000 	442.398010 	452.347992 
56.400000 	126.321999 	443.000000 	442.398010 	452.347992 
56.500000 	126.334000 	443.000000 	442.378998 	452.410004 
56.600000 	126.334000 	443.000000 	442.378998 	452.410004 
56.700000 	126.334000 	443.000000 	442.378998 	452.410004 
56.800000 	126.334000 	443.000000 	442.378998 	452.410004 
56.900000 	126.334000 	443.000000 	442.378998 	452.410004 
57.000000 	126.334000 	443.000000 	442.378998 	452.410004 
57.100000 	126.334000 	443.000000 	442.378998 	452.410004 
57.200000 	126.334000 	443.000000 	442.378998 	452.410004 
57.300000 	126.334000 	443.000000 	442.378998 	452.410004 
57.400000 	126.334000 	443.000000 	442.378998 	452.410004 
57.500000 	126.346001 	443.000000 	442.359985 	452.471985 
57.600000 	126.346001 	443.000000 	442.359985 	452.471985 
57.700000 	126.346001 	443.000000 	442.359985 	452.471985 
57.800000 	126.346001 	443.000000 	442.359985 	452.471985 
57.900000 	126.346001 	443.000000 	442.359985 	452.471985 
58.000000 	126.346001 	443.000000 	442.359985 	452.471985 
58.100000 	126.346001 	443.000000 	442.359985 	452.471985 
58.200000 	126.346001 	443.000000 	442.359985 	452.471985 
58.300000 	126.346001 	443.000000 	442.359985 	452.471985 
58.400000 	126.346001 	443.000000 	442.359985 	452.471985 
58.500000 	126.358002 	443.000000 	442.338989 	452.533997 
58.600000 	126.358002 	443.000000 	442.338989 	452.533997 
58.700000 	126.358002 	443.000000 	442.338989 	452.533997 
58.800000 	126.358002 	443.000000 	442.338989 	452.533997 
58.900000 	126.358002 	443.000000 	442.338989 	452.533997 
59.000000 	126.358002 	443.000000 	442.338989 	452.533997 
59.100000 	126.358002 	443.000000 	442.338989 	452.533997 
59.200000 	126.358002 	443.000000 	442.338989 	452.533997 
59.300000 	126.358002 	443.000000 	442.338989 	452.533997 
59.400000 	126.358002 	443.000000 	442.338989 	452.533997 
59.500000 	126.370003 	443.000000 	442.317993 	452.596008 
59.600000 	126.370003 	443.000000 	442.317993 	452.596008 
59.700000 	126.370003 	443.000000 	442.317993 	452.596008 
59.800000 	126.370003 	443.000000 	442.317993 	452.596008 
59.900000 	126.370003 	443.000000 	442.317993 	452.596008 
60.000000 	126.370003 	443.000000 	442.317993 	452.596008 
