0.500000 	93.052803 	945.000000 	949.945007 	946.822998 
0.600000 	93.052803 	945.000000 	949.945007 	946.822998 
0.700000 	93.052803 	945.000000 	949.945007 	946.822998 
0.800000 	93.052803 	945.000000 	949.945007 	946.822998 
0.900000 	93.052803 	945.000000 	949.945007 	946.822998 
1.000000 	93.052803 	945.000000 	949.945007 	946.822998 
1.100000 	93.052803 	945.000000 	949.945007 	946.822998 
1.200000 	93.052803 	945.000000 	949.945007 	946.822998 
1.300000 	93.052803 	945.000000 	949.945007 	946.822998 
1.400000 	93.052803 	945.000000 	949.945007 	946.822998 
1.500000 	104.214996 	945.000000 	948.138977 	948.392029 
1.600000 	104.214996 	945.000000 	948.138977 	948.392029 
1.700000 	104.214996 	945.000000 	948.138977 	948.392029 
1.800000 	104.214996 	945.000000 	948.138977 	948.392029 
1.900000 	104.214996 	945.000000 	948.138977 	948.392029 
2.000000 	104.214996 	945.000000 	948.138977 	948.392029 
2.100000 	104.214996 	945.000000 	948.138977 	948.392029 
2.200000 	104.214996 	945.000000 	948.138977 	948.392029 
2.300000 	104.214996 	945.000000 	948.138977 	948.392029 
2.400000 	104.214996 	945.000000 	948.138977 	948.392029 
2.500000 	114.084000 	945.000000 	946.706970 	948.546997 
2.600000 	114.084000 	945.000000 	946.706970 	948.546997 
2.700000 	114.084000 	945.000000 	946.706970 	948.546997 
2.800000 	114.084000 	945.000000 	946.706970 	948.546997 
2.900000 	114.084000 	945.000000 	946.706970 	948.546997 
3.000000 	114.084000 	945.000000 	946.706970 	948.546997 
3.100000 	114.084000 	945.000000 	946.706970 	948.546997 
3.200000 	114.084000 	945.000000 	946.706970 	948.546997 
3.300000 	114.084000 	945.000000 	946.706970 	948.546997 
3.400000 	114.084000 	945.000000 	946.706970 	948.546997 
3.500000 	118.779999 	945.000000 	946.010010 	948.551025 
3.600000 	118.779999 	945.000000 	946.010010 	948.551025 
3.700000 	118.779999 	945.000000 	946.010010 	948.551025 
3.800000 	118.779999 	945.000000 	946.010010 	948.551025 
3.900000 	118.779999 	945.000000 	946.010010 	948.551025 
4.000000 	118.779999 	945.000000 	946.010010 	948.551025 
4.100000 	118.779999 	945.000000 	946.010010 	948.551025 
4.200000 	118.779999 	945.000000 	946.010010 	948.551025 
4.300000 	118.779999 	945.000000 	946.010010 	948.551025 
4.400000 	118.779999 	945.000000 	946.010010 	948.551025 
4.500000 	121.223999 	945.000000 	945.640991 	948.551025 
4.600000 	121.223999 	945.000000 	945.640991 	948.551025 
4.700000 	121.223999 	945.000000 	945.640991 	948.551025 
4.800000 	121.223999 	945.000000 	945.640991 	948.551025 
4.900000 	121.223999 	945.000000 	945.640991 	948.551025 
5.000000 	121.223999 	945.000000 	945.640991 	948.551025 
5.100000 	121.223999 	945.000000 	945.640991 	948.551025 
5.200000 	121.223999 	945.000000 	945.640991 	948.551025 
5.300000 	121.223999 	945.000000 	945.640991 	948.551025 
5.400000 	121.223999 	945.000000 	945.640991 	948.551025 
5.500000 	122.632004 	945.000000 	945.426025 	948.552002 
5.600000 	122.632004 	945.000000 	945.426025 	948.552002 
5.700000 	122.632004 	945.000000 	945.426025 	948.552002 
5.800000 	122.632004 	945.000000 	945.426025 	948.552002 
5.900000 	122.632004 	945.000000 	945.426025 	948.552002 
6.000000 	122.632004 	945.000000 	945.426025 	948.552002 
6.100000 	122.632004 	945.000000 	945.426025 	948.552002 
6.200000 	122.632004 	945.000000 	945.426025 	948.552002 
6.300000 	122.632004 	945.000000 	945.426025 	948.552002 
6.400000 	122.632004 	945.000000 	945.426025 	948.552002 
6.500000 	123.511002 	945.000000 	945.291016 	948.552979 
6.600000 	123.511002 	945.000000 	945.291016 	948.552979 
6.700000 	123.511002 	945.000000 	945.291016 	948.552979 
6.800000 	123.511002 	945.000000 	945.291016 	948.552979 
6.900000 	123.511002 	945.000000 	945.291016 	948.552979 
7.000000 	123.511002 	945.000000 	945.291016 	948.552979 
7.100000 	123.511002 	945.000000 	945.291016 	948.552979 
7.200000 	123.511002 	945.000000 	945.291016 	948.552979 
7.300000 	123.511002 	945.000000 	945.291016 	948.552979 
7.400000 	123.511002 	945.000000 	945.291016 	948.552979 
7.500000 	124.096001 	945.000000 	945.200012 	948.554993 
7.600000 	124.096001 	945.000000 	945.200012 	948.554993 
7.700000 	124.096001 	945.000000 	945.200012 	948.554993 
7.800000 	124.096001 	945.000000 	945.200012 	948.554993 
7.900000 	124.096001 	945.000000 	945.200012 	948.554993 
8.000000 	124.096001 	945.000000 	945.200012 	948.554993 
8.100000 	124.096001 	945.000000 	945.200012 	948.554993 
8.200000 	124.096001 	945.000000 	945.200012 	948.554993 
8.300000 	124.096001 	945.000000 	945.200012 	948.554993 
8.400000 	124.096001 	945.000000 	945.200012 	948.554993 
8.500000 	124.503998 	945.000000 	945.135986 	948.557983 
8.600000 	124.503998 	945.000000 	945.135986 	948.557983 
8.700000 	124.503998 	945.000000 	945.135986 	948.557983 
8.800000 	124.503998 	945.000000 	945.135986 	948.557983 
8.900000 	124.503998 	945.000000 	945.135986 	948.557983 
9.000000 	124.503998 	945.000000 	945.135986 	948.557983 
9.100000 	124.503998 	945.000000 	945.135986 	948.557983 
9.200000 	124.503998 	945.000000 	945.135986 	948.557983 
9.300000 	124.503998 	945.000000 	945.135986 	948.557983 
9.400000 	124.503998 	945.000000 	945.135986 	948.557983 
9.500000 	124.800003 	945.000000 	945.088013 	948.560974 
9.600000 	124.800003 	945.000000 	945.088013 	948.560974 
9.700000 	124.800003 	945.000000 	945.088013 	948.560974 
9.800000 	124.800003 	945.000000 	945.088013 	948.560974 
9.900000 	124.800003 	945.000000 	945.088013 	948.560974 
10.000000 	124.800003 	945.000000 	945.088013 	948.560974 
10.100000 	124.800003 	945.000000 	945.088013 	948.560974 
10.200000 	124.800003 	945.000000 	945.088013 	948.560974 
10.300000 	124.800003 	945.000000 	945.088013 	948.560974 
10.400000 	124.800003 	945.000000 	945.088013 	948.560974 
10.500000 	125.022003 	945.000000 	945.052002 	948.565002 
10.600000 	125.022003 	945.000000 	945.052002 	948.565002 
10.700000 	125.022003 	945.000000 	945.052002 	948.565002 
10.800000 	125.022003 	945.000000 	945.052002 	948.565002 
10.900000 	125.022003 	945.000000 	945.052002 	948.565002 
11.000000 	125.022003 	945.000000 	945.052002 	948.565002 
11.100000 	125.022003 	945.000000 	945.052002 	948.565002 
11.200000 	125.022003 	945.000000 	945.052002 	948.565002 
11.300000 	125.022003 	945.000000 	945.052002 	948.565002 
11.400000 	125.022003 	945.000000 	945.052002 	948.565002 
11.500000 	125.192001 	945.000000 	945.023010 	948.568970 
11.600000 	125.192001 	945.000000 	945.023010 	948.568970 
11.700000 	125.192001 	945.000000 	945.023010 	948.568970 
11.800000 	125.192001 	945.000000 	945.023010 	948.568970 
11.900000 	125.192001 	945.000000 	945.023010 	948.568970 
12.000000 	125.192001 	945.000000 	945.023010 	948.568970 
12.100000 	125.192001 	945.000000 	945.023010 	948.568970 
12.200000 	125.192001 	945.000000 	945.023010 	948.568970 
12.300000 	125.192001 	945.000000 	945.023010 	948.568970 
12.400000 	125.192001 	945.000000 	945.023010 	948.568970 
12.500000 	125.325996 	945.000000 	944.999023 	948.572998 
12.600000 	125.325996 	945.000000 	944.999023 	948.572998 
12.700000 	125.325996 	945.000000 	944.999023 	948.572998 
12.800000 	125.325996 	945.000000 	944.999023 	948.572998 
12.900000 	125.325996 	945.000000 	944.999023 	948.572998 
13.000000 	125.325996 	945.000000 	944.999023 	948.572998 
13.100000 	125.325996 	945.000000 	944.999023 	948.572998 
13.200000 	125.325996 	945.000000 	944.999023 	948.572998 
13.300000 	125.325996 	945.000000 	944.999023 	948.572998 
13.400000 	125.325996 	945.000000 	944.999023 	948.572998 
13.500000 	125.433998 	945.000000 	944.979004 	948.578003 
13.600000 	125.433998 	945.000000 	944.979004 	948.578003 
13.700000 	125.433998 	945.000000 	944.979004 	948.578003 
13.800000 	125.433998 	945.000000 	944.979004 	948.578003 
13.900000 	125.433998 	945.000000 	944.979004 	948.578003 
14.000000 	125.433998 	945.000000 	944.979004 	948.578003 
14.100000 	125.433998 	945.000000 	944.979004 	948.578003 
14.200000 	125.433998 	945.000000 	944.979004 	948.578003 
14.300000 	125.433998 	945.000000 	944.979004 	948.578003 
14.400000 	125.433998 	945.000000 	944.979004 	948.578003 
14.500000 	125.522003 	945.000000 	944.960999 	948.581970 
14.600000 	125.522003 	945.000000 	944.960999 	948.581970 
14.700000 	125.522003 	945.000000 	944.960999 	948.581970 
14.800000 	125.522003 	945.000000 	944.960999 	948.581970 
14.900000 	125.522003 	945.000000 	944.960999 	948.581970 
15.000000 	125.522003 	945.000000 	944.960999 	948.581970 
15.100000 	125.522003 	945.000000 	944.960999 	948.581970 
15.200000 	125.522003 	945.000000 	944.960999 	948.581970 
15.300000 	125.522003 	945.000000 	944.960999 	948.581970 
15.400000 	125.522003 	945.000000 	944.960999 	948.581970 
15.500000 	125.595001 	945.000000 	944.945984 	948.586975 
15.600000 	125.595001 	945.000000 	944.945984 	948.586975 
15.700000 	125.595001 	945.000000 	944.945984 	948.586975 
15.800000 	125.595001 	945.000000 	944.945984 	948.586975 
15.900000 	125.595001 	945.000000 	944.945984 	948.586975 
16.000000 	125.595001 	945.000000 	944.945984 	948.586975 
16.100000 	125.595001 	945.000000 	944.945984 	948.586975 
16.200000 	125.595001 	945.000000 	944.945984 	948.586975 
16.300000 	125.595001 	945.000000 	944.945984 	948.586975 
16.400000 	125.595001 	945.000000 	944.945984 	948.586975 
16.500000 	125.655998 	945.000000 	944.931030 	948.591980 
16.600000 	125.655998 	945.000000 	944.931030 	948.591980 
16.700000 	125.655998 	945.000000 	944.931030 	948.591980 
16.800000 	125.655998 	945.000000 	944.931030 	948.591980 
16.900000 	125.655998 	945.000000 	944.931030 	948.591980 
17.000000 	125.655998 	945.000000 	944.931030 	948.591980 
17.100000 	125.655998 	945.000000 	944.931030 	948.591980 
17.200000 	125.655998 	945.000000 	944.931030 	948.591980 
17.300000 	125.655998 	945.000000 	944.931030 	948.591980 
17.400000 	125.655998 	945.000000 	944.931030 	948.591980 
17.500000 	125.708000 	945.000000 	944.918030 	948.596985 
17.600000 	125.708000 	945.000000 	944.918030 	948.596985 
17.700000 	125.708000 	945.000000 	944.918030 	948.596985 
17.800000 	125.708000 	945.000000 	944.918030 	948.596985 
17.900000 	125.708000 	945.000000 	944.918030 	948.596985 
18.000000 	125.708000 	945.000000 	944.918030 	948.596985 
18.100000 	125.708000 	945.000000 	944.918030 	948.596985 
18.200000 	125.708000 	945.000000 	944.918030 	948.596985 
18.300000 	125.708000 	945.000000 	944.918030 	948.596985 
18.400000 	125.708000 	945.000000 	944.918030 	948.596985 
18.500000 	125.752998 	945.000000 	944.906006 	948.601990 
18.600000 	125.752998 	945.000000 	944.906006 	948.601990 
18.700000 	125.752998 	945.000000 	944.906006 	948.601990 
18.800000 	125.752998 	945.000000 	944.906006 	948.601990 
18.900000 	125.752998 	945.000000 	944.906006 	948.601990 
19.000000 	125.752998 	945.000000 	944.906006 	948.601990 
19.100000 	125.752998 	945.000000 	944.906006 	948.601990 
19.200000 	125.752998 	945.000000 	944.906006 	948.601990 
19.300000 	125.752998 	945.000000 	944.906006 	948.601990 
19.400000 	125.752998 	945.000000 	944.906006 	948.601990 
19.500000 	125.792000 	945.000000 	944.893982 	948.606995 
19.600000 	125.792000 	945.000000 	944.893982 	948.606995 
19.700000 	125.792000 	945.000000 	944.893982 	948.606995 
19.800000 	125.792000 	945.000000 	944.893982 	948.606995 
19.900000 	125.792000 	945.000000 	944.893982 	948.606995 
20.000000 	125.792000 	945.000000 	944.893982 	948.606995 
20.100000 	125.792000 	945.000000 	944.893982 	948.606995 
20.200000 	125.792000 	945.000000 	944.893982 	948.606995 
20.300000 	125.792000 	945.000000 	944.893982 	948.606995 
20.400000 	125.792000 	945.000000 	944.893982 	948.606995 
20.500000 	125.825996 	945.000000 	944.882019 	948.612000 
20.600000 	125.825996 	945.000000 	944.882019 	948.612000 
20.700000 	125.825996 	945.000000 	944.882019 	948.612000 
20.800000 	125.825996 	945.000000 	944.882019 	948.612000 
20.900000 	125.825996 	945.000000 	944.882019 	948.612000 
21.000000 	125.825996 	945.000000 	944.882019 	948.612000 
21.100000 	125.825996 	945.000000 	944.882019 	948.612000 
21.200000 	125.825996 	945.000000 	944.882019 	948.612000 
21.300000 	125.825996 	945.000000 	944.882019 	948.612000 
21.400000 	125.825996 	945.000000 	944.882019 	948.612000 
21.500000 	125.856003 	945.000000 	944.869995 	948.617004 
21.600000 	125.856003 	945.000000 	944.869995 	948.617004 
21.700000 	125.856003 	945.000000 	944.869995 	948.617004 
21.800000 	125.856003 	945.000000 	944.869995 	948.617004 
21.900000 	125.856003 	945.000000 	944.869995 	948.617004 
22.000000 	125.856003 	945.000000 	944.869995 	948.617004 
22.100000 	125.856003 	945.000000 	944.869995 	948.617004 
22.200000 	125.856003 	945.000000 	944.869995 	948.617004 
22.300000 	125.856003 	945.000000 	944.869995 	948.617004 
22.400000 	125.856003 	945.000000 	944.869995 	948.617004 
22.500000 	125.883003 	945.000000 	944.857971 	948.620972 
22.600000 	125.883003 	945.000000 	944.857971 	948.620972 
22.700000 	125.883003 	945.000000 	944.857971 	948.620972 
22.800000 	125.883003 	945.000000 	944.857971 	948.620972 
22.900000 	125.883003 	945.000000 	944.857971 	948.620972 
23.000000 	125.883003 	945.000000 	944.857971 	948.620972 
23.100000 	125.883003 	945.000000 	944.857971 	948.620972 
23.200000 	125.883003 	945.000000 	944.857971 	948.620972 
23.300000 	125.883003 	945.000000 	944.857971 	948.620972 
23.400000 	125.883003 	945.000000 	944.857971 	948.620972 
23.500000 	125.907997 	945.000000 	944.846008 	948.625977 
23.600000 	125.907997 	945.000000 	944.846008 	948.625977 
23.700000 	125.907997 	945.000000 	944.846008 	948.625977 
23.800000 	125.907997 	945.000000 	944.846008 	948.625977 
23.900000 	125.907997 	945.000000 	944.846008 	948.625977 
24.000000 	125.907997 	945.000000 	944.846008 	948.625977 
24.100000 	125.907997 	945.000000 	944.846008 	948.625977 
24.200000 	125.907997 	945.000000 	944.846008 	948.625977 
24.300000 	125.907997 	945.000000 	944.846008 	948.625977 
24.400000 	125.907997 	945.000000 	944.846008 	948.625977 
24.500000 	125.929001 	945.000000 	944.833984 	948.630005 
24.600000 	125.929001 	945.000000 	944.833984 	948.630005 
24.700000 	125.929001 	945.000000 	944.833984 	948.630005 
24.800000 	125.929001 	945.000000 	944.833984 	948.630005 
24.900000 	125.929001 	945.000000 	944.833984 	948.630005 
25.000000 	125.929001 	945.000000 	944.833984 	948.630005 
25.100000 	125.929001 	945.000000 	944.833984 	948.630005 
25.200000 	125.929001 	945.000000 	944.833984 	948.630005 
25.300000 	125.929001 	945.000000 	944.833984 	948.630005 
25.400000 	125.929001 	945.000000 	944.833984 	948.630005 
25.500000 	125.949997 	945.000000 	944.822021 	948.632996 
25.600000 	125.949997 	945.000000 	944.822021 	948.632996 
25.700000 	125.949997 	945.000000 	944.822021 	948.632996 
25.800000 	125.949997 	945.000000 	944.822021 	948.632996 
25.900000 	125.949997 	945.000000 	944.822021 	948.632996 
26.000000 	125.949997 	945.000000 	944.822021 	948.632996 
26.100000 	125.949997 	945.000000 	944.822021 	948.632996 
26.200000 	125.949997 	945.000000 	944.822021 	948.632996 
26.300000 	125.949997 	945.000000 	944.822021 	948.632996 
26.400000 	125.949997 	945.000000 	944.822021 	948.632996 
26.500000 	125.968002 	945.000000 	944.809021 	948.637024 
26.600000 	125.968002 	945.000000 	944.809021 	948.637024 
26.700000 	125.968002 	945.000000 	944.809021 	948.637024 
26.800000 	125.968002 	945.000000 	944.809021 	948.637024 
26.900000 	125.968002 	945.000000 	944.809021 	948.637024 
27.000000 	125.968002 	945.000000 	944.809021 	948.637024 
27.100000 	125.968002 	945.000000 	944.809021 	948.637024 
27.200000 	125.968002 	945.000000 	944.809021 	948.637024 
27.300000 	125.968002 	945.000000 	944.809021 	948.637024 
27.400000 	125.968002 	945.000000 	944.809021 	948.637024 
27.500000 	125.985001 	945.000000 	944.796021 	948.640015 
27.600000 	125.985001 	945.000000 	944.796021 	948.640015 
27.700000 	125.985001 	945.000000 	944.796021 	948.640015 
27.800000 	125.985001 	945.000000 	944.796021 	948.640015 
27.900000 	125.985001 	945.000000 	944.796021 	948.640015 
28.000000 	125.985001 	945.000000 	944.796021 	948.640015 
28.100000 	125.985001 	945.000000 	944.796021 	948.640015 
28.200000 	125.985001 	945.000000 	944.796021 	948.640015 
28.300000 	125.985001 	945.000000 	944.796021 	948.640015 
28.400000 	125.985001 	945.000000 	944.796021 	948.640015 
28.500000 	126.000999 	945.000000 	944.783020 	948.642029 
28.600000 	126.000999 	945.000000 	944.783020 	948.642029 
28.700000 	126.000999 	945.000000 	944.783020 	948.642029 
28.800000 	126.000999 	945.000000 	944.783020 	948.642029 
28.900000 	126.000999 	945.000000 	944.783020 	948.642029 
29.000000 	126.000999 	945.000000 	944.783020 	948.642029 
29.100000 	126.000999 	945.000000 	944.783020 	948.642029 
29.200000 	126.000999 	945.000000 	944.783020 	948.642029 
29.300000 	126.000999 	945.000000 	944.783020 	948.642029 
29.400000 	126.000999 	945.000000 	944.783020 	948.642029 
29.500000 	126.014999 	945.000000 	944.768982 	948.643982 
29.600000 	126.014999 	945.000000 	944.768982 	948.643982 
29.700000 	126.014999 	945.000000 	944.768982 	948.643982 
29.800000 	126.014999 	945.000000 	944.768982 	948.643982 
29.900000 	126.014999 	945.000000 	944.768982 	948.643982 
30.000000 	126.014999 	945.000000 	944.768982 	948.643982 
30.100000 	126.014999 	945.000000 	944.768982 	948.643982 
30.200000 	126.014999 	945.000000 	944.768982 	948.643982 
30.300000 	126.014999 	945.000000 	944.768982 	948.643982 
30.400000 	126.014999 	945.000000 	944.768982 	948.643982 
30.500000 	126.028999 	945.000000 	944.754028 	948.645996 
30.600000 	126.028999 	945.000000 	944.754028 	948.645996 
30.700000 	126.028999 	945.000000 	944.754028 	948.645996 
30.800000 	126.028999 	945.000000 	944.754028 	948.645996 
30.900000 	126.028999 	945.000000 	944.754028 	948.645996 
31.000000 	126.028999 	945.000000 	944.754028 	948.645996 
31.100000 	126.028999 	945.000000 	944.754028 	948.645996 
31.200000 	126.028999 	945.000000 	944.754028 	948.645996 
31.300000 	126.028999 	945.000000 	944.754028 	948.645996 
31.400000 	126.028999 	945.000000 	944.754028 	948.645996 
31.500000 	126.042000 	945.000000 	944.739014 	948.645996 
31.600000 	126.042000 	945.000000 	944.739014 	948.645996 
31.700000 	126.042000 	945.000000 	944.739014 	948.645996 
31.800000 	126.042000 	945.000000 	944.739014 	948.645996 
31.900000 	126.042000 	945.000000 	944.739014 	948.645996 
32.000000 	126.042000 	945.000000 	944.739014 	948.645996 
32.100000 	126.042000 	945.000000 	944.739014 	948.645996 
32.200000 	126.042000 	945.000000 	944.739014 	948.645996 
32.300000 	126.042000 	945.000000 	944.739014 	948.645996 
32.400000 	126.042000 	945.000000 	944.739014 	948.645996 
32.500000 	126.055000 	945.000000 	944.723022 	948.646973 
32.600000 	126.055000 	945.000000 	944.723022 	948.646973 
32.700000 	126.055000 	945.000000 	944.723022 	948.646973 
32.800000 	126.055000 	945.000000 	944.723022 	948.646973 
32.900000 	126.055000 	945.000000 	944.723022 	948.646973 
33.000000 	126.055000 	945.000000 	944.723022 	948.646973 
33.100000 	126.055000 	945.000000 	944.723022 	948.646973 
33.200000 	126.055000 	945.000000 	944.723022 	948.646973 
33.300000 	126.055000 	945.000000 	944.723022 	948.646973 
33.400000 	126.055000 	945.000000 	944.723022 	948.646973 
33.500000 	126.067001 	945.000000 	944.705994 	948.645996 
33.600000 	126.067001 	945.000000 	944.705994 	948.645996 
33.700000 	126.067001 	945.000000 	944.705994 	948.645996 
33.800000 	126.067001 	945.000000 	944.705994 	948.645996 
33.900000 	126.067001 	945.000000 	944.705994 	948.645996 
34.000000 	126.067001 	945.000000 	944.705994 	948.645996 
34.100000 	126.067001 	945.000000 	944.705994 	948.645996 
34.200000 	126.067001 	945.000000 	944.705994 	948.645996 
34.300000 	126.067001 	945.000000 	944.705994 	948.645996 
34.400000 	126.067001 	945.000000 	944.705994 	948.645996 
34.500000 	126.078003 	945.000000 	944.689026 	948.645020 
34.600000 	126.078003 	945.000000 	944.689026 	948.645020 
34.700000 	126.078003 	945.000000 	944.689026 	948.645020 
34.800000 	126.078003 	945.000000 	944.689026 	948.645020 
34.900000 	126.078003 	945.000000 	944.689026 	948.645020 
35.000000 	126.078003 	945.000000 	944.689026 	948.645020 
35.100000 	126.078003 	945.000000 	944.689026 	948.645020 
35.200000 	126.078003 	945.000000 	944.689026 	948.645020 
35.300000 	126.078003 	945.000000 	944.689026 	948.645020 
35.400000 	126.078003 	945.000000 	944.689026 	948.645020 
35.500000 	126.088997 	945.000000 	944.669983 	948.643005 
35.600000 	126.088997 	945.000000 	944.669983 	948.643005 
35.700000 	126.088997 	945.000000 	944.669983 	948.643005 
35.800000 	126.088997 	945.000000 	944.669983 	948.643005 
35.900000 	126.088997 	945.000000 	944.669983 	948.643005 
36.000000 	126.088997 	945.000000 	944.669983 	948.643005 
36.100000 	126.088997 	945.000000 	944.669983 	948.643005 
36.200000 	126.088997 	945.000000 	944.669983 	948.643005 
36.300000 	126.088997 	945.000000 	944.669983 	948.643005 
36.400000 	126.088997 	945.000000 	944.669983 	948.643005 
36.500000 	126.098999 	945.000000 	944.651001 	948.640015 
36.600000 	126.098999 	945.000000 	944.651001 	948.640015 
36.700000 	126.098999 	945.000000 	944.651001 	948.640015 
36.800000 	126.098999 	945.000000 	944.651001 	948.640015 
36.900000 	126.098999 	945.000000 	944.651001 	948.640015 
37.000000 	126.098999 	945.000000 	944.651001 	948.640015 
37.100000 	126.098999 	945.000000 	944.651001 	948.640015 
37.200000 	126.098999 	945.000000 	944.651001 	948.640015 
37.300000 	126.098999 	945.000000 	944.651001 	948.640015 
37.400000 	126.098999 	945.000000 	944.651001 	948.640015 
37.500000 	126.110001 	945.000000 	944.630981 	948.635986 
37.600000 	126.110001 	945.000000 	944.630981 	948.635986 
37.700000 	126.110001 	945.000000 	944.630981 	948.635986 
37.800000 	126.110001 	945.000000 	944.630981 	948.635986 
37.900000 	126.110001 	945.000000 	944.630981 	948.635986 
38.000000 	126.110001 	945.000000 	944.630981 	948.635986 
38.100000 	126.110001 	945.000000 	944.630981 	948.635986 
38.200000 	126.110001 	945.000000 	944.630981 	948.635986 
38.300000 	126.110001 	945.000000 	944.630981 	948.635986 
38.400000 	126.110001 	945.000000 	944.630981 	948.635986 
38.500000 	126.119003 	945.000000 	944.609985 	948.630981 
38.600000 	126.119003 	945.000000 	944.609985 	948.630981 
38.700000 	126.119003 	945.000000 	944.609985 	948.630981 
38.800000 	126.119003 	945.000000 	944.609985 	948.630981 
38.900000 	126.119003 	945.000000 	944.609985 	948.630981 
39.000000 	126.119003 	945.000000 	944.609985 	948.630981 
39.100000 	126.119003 	945.000000 	944.609985 	948.630981 
39.200000 	126.119003 	945.000000 	944.609985 	948.630981 
39.300000 	126.119003 	945.000000 	944.609985 	948.630981 
39.400000 	126.119003 	945.000000 	944.609985 	948.630981 
39.500000 	126.128998 	945.000000 	944.588989 	948.625000 
39.600000 	126.128998 	945.000000 	944.588989 	948.625000 
39.700000 	126.128998 	945.000000 	944.588989 	948.625000 
39.800000 	126.128998 	945.000000 	944.588989 	948.625000 
39.900000 	126.128998 	945.000000 	944.588989 	948.625000 
40.000000 	126.128998 	945.000000 	944.588989 	948.625000 
40.100000 	126.128998 	945.000000 	944.588989 	948.625000 
40.200000 	126.128998 	945.000000 	944.588989 	948.625000 
40.300000 	126.128998 	945.000000 	944.588989 	948.625000 
40.400000 	126.128998 	945.000000 	944.588989 	948.625000 
40.500000 	126.139000 	945.000000 	944.565979 	948.617981 
40.600000 	126.139000 	945.000000 	944.565979 	948.617981 
40.700000 	126.139000 	945.000000 	944.565979 	948.617981 
40.800000 	126.139000 	945.000000 	944.565979 	948.617981 
40.900000 	126.139000 	945.000000 	944.565979 	948.617981 
41.000000 	126.139000 	945.000000 	944.565979 	948.617981 
41.100000 	126.139000 	945.000000 	944.565979 	948.617981 
41.200000 	126.139000 	945.000000 	944.565979 	948.617981 
41.300000 	126.139000 	945.000000 	944.565979 	948.617981 
41.400000 	126.139000 	945.000000 	944.565979 	948.617981 
41.500000 	126.148003 	945.000000 	944.541992 	948.609985 
41.600000 	126.148003 	945.000000 	944.541992 	948.609985 
41.700000 	126.148003 	945.000000 	944.541992 	948.609985 
41.800000 	126.148003 	945.000000 	944.541992 	948.609985 
41.900000 	126.148003 	945.000000 	944.541992 	948.609985 
42.000000 	126.148003 	945.000000 	944.541992 	948.609985 
42.100000 	126.148003 	945.000000 	944.541992 	948.609985 
42.200000 	126.148003 	945.000000 	944.541992 	948.609985 
42.300000 	126.148003 	945.000000 	944.541992 	948.609985 
42.400000 	126.148003 	945.000000 	944.541992 	948.609985 
42.500000 	126.156998 	945.000000 	944.517029 	948.601013 
42.600000 	126.156998 	945.000000 	944.517029 	948.601013 
42.700000 	126.156998 	945.000000 	944.517029 	948.601013 
42.800000 	126.156998 	945.000000 	944.517029 	948.601013 
42.900000 	126.156998 	945.000000 	944.517029 	948.601013 
43.000000 	126.156998 	945.000000 	944.517029 	948.601013 
43.100000 	126.156998 	945.000000 	944.517029 	948.601013 
43.200000 	126.156998 	945.000000 	944.517029 	948.601013 
43.300000 	126.156998 	945.000000 	944.517029 	948.601013 
43.400000 	126.156998 	945.000000 	944.517029 	948.601013 
43.500000 	126.166000 	945.000000 	944.491028 	948.590027 
43.600000 	126.166000 	945.000000 	944.491028 	948.590027 
43.700000 	126.166000 	945.000000 	944.491028 	948.590027 
43.800000 	126.166000 	945.000000 	944.491028 	948.590027 
43.900000 	126.166000 	945.000000 	944.491028 	948.590027 
44.000000 	126.166000 	945.000000 	944.491028 	948.590027 
44.100000 	126.166000 	945.000000 	944.491028 	948.590027 
44.200000 	126.166000 	945.000000 	944.491028 	948.590027 
44.300000 	126.166000 	945.000000 	944.491028 	948.590027 
44.400000 	126.166000 	945.000000 	944.491028 	948.590027 
44.500000 	126.175003 	945.000000 	944.463013 	948.578003 
44.600000 	126.175003 	945.000000 	944.463013 	948.578003 
44.700000 	126.175003 	945.000000 	944.463013 	948.578003 
44.800000 	126.175003 	945.000000 	944.463013 	948.578003 
44.900000 	126.175003 	945.000000 	944.463013 	948.578003 
45.000000 	126.175003 	945.000000 	944.463013 	948.578003 
45.100000 	126.175003 	945.000000 	944.463013 	948.578003 
45.200000 	126.175003 	945.000000 	944.463013 	948.578003 
45.300000 	126.175003 	945.000000 	944.463013 	948.578003 
45.400000 	126.175003 	945.000000 	944.463013 	948.578003 
45.500000 	126.182999 	945.000000 	944.434998 	948.565002 
45.600000 	126.182999 	945.000000 	944.434998 	948.565002 
45.700000 	126.182999 	945.000000 	944.434998 	948.565002 
45.800000 	126.182999 	945.000000 	944.434998 	948.565002 
45.900000 	126.182999 	945.000000 	944.434998 	948.565002 
46.000000 	126.182999 	945.000000 	944.434998 	948.565002 
46.100000 	126.182999 	945.000000 	944.434998 	948.565002 
46.200000 	126.182999 	945.000000 	944.434998 	948.565002 
46.300000 	126.182999 	945.000000 	944.434998 	948.565002 
46.400000 	126.182999 	945.000000 	944.434998 	948.565002 
46.500000 	126.192001 	945.000000 	944.405029 	948.549988 
46.600000 	126.192001 	945.000000 	944.405029 	948.549988 
46.700000 	126.192001 	945.000000 	944.405029 	948.549988 
46.800000 	126.192001 	945.000000 	944.405029 	948.549988 
46.900000 	126.192001 	945.000000 	944.405029 	948.549988 
47.000000 	126.192001 	945.000000 	944.405029 	948.549988 
47.100000 	126.192001 	945.000000 	944.405029 	948.549988 
47.200000 	126.192001 	945.000000 	944.405029 	948.549988 
47.300000 	126.192001 	945.000000 	944.405029 	948.549988 
47.400000 	126.192001 	945.000000 	944.405029 	948.549988 
47.500000 	126.199997 	945.000000 	944.372986 	948.377991 
47.600000 	126.199997 	945.000000 	944.372986 	948.377991 
47.700000 	126.199997 	945.000000 	944.372986 	948.377991 
47.800000 	126.199997 	945.000000 	944.372986 	948.377991 
47.900000 	126.199997 	945.000000 	944.372986 	948.377991 
48.000000 	126.199997 	945.000000 	944.372986 	948.377991 
48.100000 	126.199997 	945.000000 	944.372986 	948.377991 
48.200000 	126.199997 	945.000000 	944.372986 	948.377991 
48.300000 	126.199997 	945.000000 	944.372986 	948.377991 
48.400000 	126.199997 	945.000000 	944.372986 	948.377991 
48.500000 	126.209000 	945.000000 	944.341003 	948.356995 
48.600000 	126.209000 	945.000000 	944.341003 	948.356995 
48.700000 	126.209000 	945.000000 	944.341003 	948.356995 
48.800000 	126.209000 	945.000000 	944.341003 	948.356995 
48.900000 	126.209000 	945.000000 	944.341003 	948.356995 
49.000000 	126.209000 	945.000000 	944.341003 	948.356995 
49.100000 	126.209000 	945.000000 	944.341003 	948.356995 
49.200000 	126.209000 	945.000000 	944.341003 	948.356995 
49.300000 	126.209000 	945.000000 	944.341003 	948.356995 
49.400000 	126.209000 	945.000000 	944.341003 	948.356995 
49.500000 	126.217003 	945.000000 	944.306030 	948.333984 
49.600000 	126.217003 	945.000000 	944.306030 	948.333984 
49.700000 	126.217003 	945.000000 	944.306030 	948.333984 
49.800000 	126.217003 	945.000000 	944.306030 	948.333984 
49.900000 	126.217003 	945.000000 	944.306030 	948.333984 
50.000000 	126.217003 	945.000000 	944.306030 	948.333984 
50.100000 	126.217003 	945.000000 	944.306030 	948.333984 
50.200000 	126.217003 	945.000000 	944.306030 	948.333984 
50.300000 	126.217003 	945.000000 	944.306030 	948.333984 
50.400000 	126.217003 	945.000000 	944.306030 	948.333984 
50.500000 	126.225998 	945.000000 	944.270996 	948.309998 
50.600000 	126.225998 	945.000000 	944.270996 	948.309998 
50.700000 	126.225998 	945.000000 	944.270996 	948.309998 
50.800000 	126.225998 	945.000000 	944.270996 	948.309998 
50.900000 	126.225998 	945.000000 	944.270996 	948.309998 
51.000000 	126.225998 	945.000000 	944.270996 	948.309998 
51.100000 	126.225998 	945.000000 	944.270996 	948.309998 
51.200000 	126.225998 	945.000000 	944.270996 	948.309998 
51.300000 	126.225998 	945.000000 	944.270996 	948.309998 
51.400000 	126.225998 	945.000000 	944.270996 	948.309998 
51.500000 	126.234001 	945.000000 	944.232971 	948.283997 
51.600000 	126.234001 	945.000000 	944.232971 	948.283997 
51.700000 	126.234001 	945.000000 	944.232971 	948.283997 
51.800000 	126.234001 	945.000000 	944.232971 	948.283997 
51.900000 	126.234001 	945.000000 	944.232971 	948.283997 
52.000000 	126.234001 	945.000000 	944.232971 	948.283997 
52.100000 	126.234001 	945.000000 	944.232971 	948.283997 
52.200000 	126.234001 	945.000000 	944.232971 	948.283997 
52.300000 	126.234001 	945.000000 	944.232971 	948.283997 
52.400000 	126.234001 	945.000000 	944.232971 	948.283997 
52.500000 	126.242996 	945.000000 	944.193970 	948.255981 
52.600000 	126.242996 	945.000000 	944.193970 	948.255981 
52.700000 	126.242996 	945.000000 	944.193970 	948.255981 
52.800000 	126.242996 	945.000000 	944.193970 	948.255981 
52.900000 	126.242996 	945.000000 	944.193970 	948.255981 
53.000000 	126.242996 	945.000000 	944.193970 	948.255981 
53.100000 	126.242996 	945.000000 	944.193970 	948.255981 
53.200000 	126.242996 	945.000000 	944.193970 	948.255981 
53.300000 	126.242996 	945.000000 	944.193970 	948.255981 
53.400000 	126.242996 	945.000000 	944.193970 	948.255981 
53.500000 	126.250999 	945.000000 	944.153015 	948.226013 
53.600000 	126.250999 	945.000000 	944.153015 	948.226013 
53.700000 	126.250999 	945.000000 	944.153015 	948.226013 
53.800000 	126.250999 	945.000000 	944.153015 	948.226013 
53.900000 	126.250999 	945.000000 	944.153015 	948.226013 
54.000000 	126.250999 	945.000000 	944.153015 	948.226013 
54.100000 	126.250999 	945.000000 	944.153015 	948.226013 
54.200000 	126.250999 	945.000000 	944.153015 	948.226013 
54.300000 	126.250999 	945.000000 	944.153015 	948.226013 
54.400000 	126.250999 	945.000000 	944.153015 	948.226013 
54.500000 	126.260002 	945.000000 	944.111023 	948.193970 
54.600000 	126.260002 	945.000000 	944.111023 	948.193970 
54.700000 	126.260002 	945.000000 	944.111023 	948.193970 
54.800000 	126.260002 	945.000000 	944.111023 	948.193970 
54.900000 	126.260002 	945.000000 	944.111023 	948.193970 
55.000000 	126.260002 	945.000000 	944.111023 	948.193970 
55.100000 	126.260002 	945.000000 	944.111023 	948.193970 
55.200000 	126.260002 	945.000000 	944.111023 	948.193970 
55.300000 	126.260002 	945.000000 	944.111023 	948.193970 
55.400000 	126.260002 	945.000000 	944.111023 	948.193970 
55.500000 	126.267998 	945.000000 	944.065979 	948.161011 
55.600000 	126.267998 	945.000000 	944.065979 	948.161011 
55.700000 	126.267998 	945.000000 	944.065979 	948.161011 
55.800000 	126.267998 	945.000000 	944.065979 	948.161011 
55.900000 	126.267998 	945.000000 	944.065979 	948.161011 
56.000000 	126.267998 	945.000000 	944.065979 	948.161011 
56.100000 	126.267998 	945.000000 	944.065979 	948.161011 
56.200000 	126.267998 	945.000000 	944.065979 	948.161011 
56.300000 	126.267998 	945.000000 	944.065979 	948.161011 
56.400000 	126.267998 	945.000000 	944.065979 	948.161011 
56.500000 	126.277000 	945.000000 	944.020020 	948.125000 
56.600000 	126.277000 	945.000000 	944.020020 	948.125000 
56.700000 	126.277000 	945.000000 	944.020020 	948.125000 
56.800000 	126.277000 	945.000000 	944.020020 	948.125000 
56.900000 	126.277000 	945.000000 	944.020020 	948.125000 
57.000000 	126.277000 	945.000000 	944.020020 	948.125000 
57.100000 	126.277000 	945.000000 	944.020020 	948.125000 
57.200000 	126.277000 	945.000000 	944.020020 	948.125000 
57.300000 	126.277000 	945.000000 	944.020020 	948.125000 
57.400000 	126.277000 	945.000000 	944.020020 	948.125000 
57.500000 	126.285004 	945.000000 	943.971008 	948.086975 
57.600000 	126.285004 	945.000000 	943.971008 	948.086975 
57.700000 	126.285004 	945.000000 	943.971008 	948.086975 
57.800000 	126.285004 	945.000000 	943.971008 	948.086975 
57.900000 	126.285004 	945.000000 	943.971008 	948.086975 
58.000000 	126.285004 	945.000000 	943.971008 	948.086975 
58.100000 	126.285004 	945.000000 	943.971008 	948.086975 
58.200000 	126.285004 	945.000000 	943.971008 	948.086975 
58.300000 	126.285004 	945.000000 	943.971008 	948.086975 
58.400000 	126.285004 	945.000000 	943.971008 	948.086975 
58.500000 	126.293999 	945.000000 	943.921021 	948.047974 
58.600000 	126.293999 	945.000000 	943.921021 	948.047974 
58.700000 	126.293999 	945.000000 	943.921021 	948.047974 
58.800000 	126.293999 	945.000000 	943.921021 	948.047974 
58.900000 	126.293999 	945.000000 	943.921021 	948.047974 
59.000000 	126.293999 	945.000000 	943.921021 	948.047974 
59.100000 	126.293999 	945.000000 	943.921021 	948.047974 
59.200000 	126.293999 	945.000000 	943.921021 	948.047974 
59.300000 	126.293999 	945.000000 	943.921021 	948.047974 
59.400000 	126.293999 	945.000000 	943.921021 	948.047974 
59.500000 	126.303001 	945.000000 	943.867981 	948.005981 
59.600000 	126.303001 	945.000000 	943.867981 	948.005981 
59.700000 	126.303001 	945.000000 	943.867981 	948.005981 
59.800000 	126.303001 	945.000000 	943.867981 	948.005981 
59.900000 	126.303001 	945.000000 	943.867981 	948.005981 
60.000000 	126.303001 	945.000000 	943.867981 	948.005981 
