0.500000 	93.010002 	864.000000 	870.354980 	866.442017 
0.600000 	93.010002 	864.000000 	870.354980 	866.442017 
0.700000 	93.010002 	864.000000 	870.354980 	866.442017 
0.800000 	93.010002 	864.000000 	870.354980 	866.442017 
0.900000 	93.010002 	864.000000 	870.354980 	866.442017 
1.000000 	93.010002 	864.000000 	870.354980 	866.442017 
1.100000 	93.010002 	864.000000 	870.354980 	866.442017 
1.200000 	93.010002 	864.000000 	870.354980 	866.442017 
1.300000 	93.010002 	864.000000 	870.354980 	866.442017 
1.400000 	93.010002 	864.000000 	870.354980 	866.442017 
1.500000 	104.137001 	864.000000 	867.625977 	867.848022 
1.600000 	104.137001 	864.000000 	867.625977 	867.848022 
1.700000 	104.137001 	864.000000 	867.625977 	867.848022 
1.800000 	104.137001 	864.000000 	867.625977 	867.848022 
1.900000 	104.137001 	864.000000 	867.625977 	867.848022 
2.000000 	104.137001 	864.000000 	867.625977 	867.848022 
2.100000 	104.137001 	864.000000 	867.625977 	867.848022 
2.200000 	104.137001 	864.000000 	867.625977 	867.848022 
2.300000 	104.137001 	864.000000 	867.625977 	867.848022 
2.400000 	104.137001 	864.000000 	867.625977 	867.848022 
2.500000 	114.028999 	864.000000 	865.960999 	867.877991 
2.600000 	114.028999 	864.000000 	865.960999 	867.877991 
2.700000 	114.028999 	864.000000 	865.960999 	867.877991 
2.800000 	114.028999 	864.000000 	865.960999 	867.877991 
2.900000 	114.028999 	864.000000 	865.960999 	867.877991 
3.000000 	114.028999 	864.000000 	865.960999 	867.877991 
3.100000 	114.028999 	864.000000 	865.960999 	867.877991 
3.200000 	114.028999 	864.000000 	865.960999 	867.877991 
3.300000 	114.028999 	864.000000 	865.960999 	867.877991 
3.400000 	114.028999 	864.000000 	865.960999 	867.877991 
3.500000 	118.741997 	864.000000 	865.166016 	867.872986 
3.600000 	118.741997 	864.000000 	865.166016 	867.872986 
3.700000 	118.741997 	864.000000 	865.166016 	867.872986 
3.800000 	118.741997 	864.000000 	865.166016 	867.872986 
3.900000 	118.741997 	864.000000 	865.166016 	867.872986 
4.000000 	118.741997 	864.000000 	865.166016 	867.872986 
4.100000 	118.741997 	864.000000 	865.166016 	867.872986 
4.200000 	118.741997 	864.000000 	865.166016 	867.872986 
4.300000 	118.741997 	864.000000 	865.166016 	867.872986 
4.400000 	118.741997 	864.000000 	865.166016 	867.872986 
4.500000 	121.195999 	864.000000 	864.747986 	867.869995 
4.600000 	121.195999 	864.000000 	864.747986 	867.869995 
4.700000 	121.195999 	864.000000 	864.747986 	867.869995 
4.800000 	121.195999 	864.000000 	864.747986 	867.869995 
4.900000 	121.195999 	864.000000 	864.747986 	867.869995 
5.000000 	121.195999 	864.000000 	864.747986 	867.869995 
5.100000 	121.195999 	864.000000 	864.747986 	867.869995 
5.200000 	121.195999 	864.000000 	864.747986 	867.869995 
5.300000 	121.195999 	864.000000 	864.747986 	867.869995 
5.400000 	121.195999 	864.000000 	864.747986 	867.869995 
5.500000 	122.611000 	864.000000 	864.505005 	867.869019 
5.600000 	122.611000 	864.000000 	864.505005 	867.869019 
5.700000 	122.611000 	864.000000 	864.505005 	867.869019 
5.800000 	122.611000 	864.000000 	864.505005 	867.869019 
5.900000 	122.611000 	864.000000 	864.505005 	867.869019 
6.000000 	122.611000 	864.000000 	864.505005 	867.869019 
6.100000 	122.611000 	864.000000 	864.505005 	867.869019 
6.200000 	122.611000 	864.000000 	864.505005 	867.869019 
6.300000 	122.611000 	864.000000 	864.505005 	867.869019 
6.400000 	122.611000 	864.000000 	864.505005 	867.869019 
6.500000 	123.495003 	864.000000 	864.351990 	867.869019 
6.600000 	123.495003 	864.000000 	864.351990 	867.869019 
6.700000 	123.495003 	864.000000 	864.351990 	867.869019 
6.800000 	123.495003 	864.000000 	864.351990 	867.869019 
6.900000 	123.495003 	864.000000 	864.351990 	867.869019 
7.000000 	123.495003 	864.000000 	864.351990 	867.869019 
7.100000 	123.495003 	864.000000 	864.351990 	867.869019 
7.200000 	123.495003 	864.000000 	864.351990 	867.869019 
7.300000 	123.495003 	864.000000 	864.351990 	867.869019 
7.400000 	123.495003 	864.000000 	864.351990 	867.869019 
7.500000 	124.082001 	864.000000 	864.250000 	867.872009 
7.600000 	124.082001 	864.000000 	864.250000 	867.872009 
7.700000 	124.082001 	864.000000 	864.250000 	867.872009 
7.800000 	124.082001 	864.000000 	864.250000 	867.872009 
7.900000 	124.082001 	864.000000 	864.250000 	867.872009 
8.000000 	124.082001 	864.000000 	864.250000 	867.872009 
8.100000 	124.082001 	864.000000 	864.250000 	867.872009 
8.200000 	124.082001 	864.000000 	864.250000 	867.872009 
8.300000 	124.082001 	864.000000 	864.250000 	867.872009 
8.400000 	124.082001 	864.000000 	864.250000 	867.872009 
8.500000 	124.491997 	864.000000 	864.177979 	867.875000 
8.600000 	124.491997 	864.000000 	864.177979 	867.875000 
8.700000 	124.491997 	864.000000 	864.177979 	867.875000 
8.800000 	124.491997 	864.000000 	864.177979 	867.875000 
8.900000 	124.491997 	864.000000 	864.177979 	867.875000 
9.000000 	124.491997 	864.000000 	864.177979 	867.875000 
9.100000 	124.491997 	864.000000 	864.177979 	867.875000 
9.200000 	124.491997 	864.000000 	864.177979 	867.875000 
9.300000 	124.491997 	864.000000 	864.177979 	867.875000 
9.400000 	124.491997 	864.000000 	864.177979 	867.875000 
9.500000 	124.789001 	864.000000 	864.125000 	867.879028 
9.600000 	124.789001 	864.000000 	864.125000 	867.879028 
9.700000 	124.789001 	864.000000 	864.125000 	867.879028 
9.800000 	124.789001 	864.000000 	864.125000 	867.879028 
9.900000 	124.789001 	864.000000 	864.125000 	867.879028 
10.000000 	124.789001 	864.000000 	864.125000 	867.879028 
10.100000 	124.789001 	864.000000 	864.125000 	867.879028 
10.200000 	124.789001 	864.000000 	864.125000 	867.879028 
10.300000 	124.789001 	864.000000 	864.125000 	867.879028 
10.400000 	124.789001 	864.000000 	864.125000 	867.879028 
10.500000 	125.012001 	864.000000 	864.085022 	867.883972 
10.600000 	125.012001 	864.000000 	864.085022 	867.883972 
10.700000 	125.012001 	864.000000 	864.085022 	867.883972 
10.800000 	125.012001 	864.000000 	864.085022 	867.883972 
10.900000 	125.012001 	864.000000 	864.085022 	867.883972 
11.000000 	125.012001 	864.000000 	864.085022 	867.883972 
11.100000 	125.012001 	864.000000 	864.085022 	867.883972 
11.200000 	125.012001 	864.000000 	864.085022 	867.883972 
11.300000 	125.012001 	864.000000 	864.085022 	867.883972 
11.400000 	125.012001 	864.000000 	864.085022 	867.883972 
11.500000 	125.183998 	864.000000 	864.052979 	867.888977 
11.600000 	125.183998 	864.000000 	864.052979 	867.888977 
11.700000 	125.183998 	864.000000 	864.052979 	867.888977 
11.800000 	125.183998 	864.000000 	864.052979 	867.888977 
11.900000 	125.183998 	864.000000 	864.052979 	867.888977 
12.000000 	125.183998 	864.000000 	864.052979 	867.888977 
12.100000 	125.183998 	864.000000 	864.052979 	867.888977 
12.200000 	125.183998 	864.000000 	864.052979 	867.888977 
12.300000 	125.183998 	864.000000 	864.052979 	867.888977 
12.400000 	125.183998 	864.000000 	864.052979 	867.888977 
12.500000 	125.319000 	864.000000 	864.026978 	867.895020 
12.600000 	125.319000 	864.000000 	864.026978 	867.895020 
12.700000 	125.319000 	864.000000 	864.026978 	867.895020 
12.800000 	125.319000 	864.000000 	864.026978 	867.895020 
12.900000 	125.319000 	864.000000 	864.026978 	867.895020 
13.000000 	125.319000 	864.000000 	864.026978 	867.895020 
13.100000 	125.319000 	864.000000 	864.026978 	867.895020 
13.200000 	125.319000 	864.000000 	864.026978 	867.895020 
13.300000 	125.319000 	864.000000 	864.026978 	867.895020 
13.400000 	125.319000 	864.000000 	864.026978 	867.895020 
13.500000 	125.427002 	864.000000 	864.005005 	867.901001 
13.600000 	125.427002 	864.000000 	864.005005 	867.901001 
13.700000 	125.427002 	864.000000 	864.005005 	867.901001 
13.800000 	125.427002 	864.000000 	864.005005 	867.901001 
13.900000 	125.427002 	864.000000 	864.005005 	867.901001 
14.000000 	125.427002 	864.000000 	864.005005 	867.901001 
14.100000 	125.427002 	864.000000 	864.005005 	867.901001 
14.200000 	125.427002 	864.000000 	864.005005 	867.901001 
14.300000 	125.427002 	864.000000 	864.005005 	867.901001 
14.400000 	125.427002 	864.000000 	864.005005 	867.901001 
14.500000 	125.515999 	864.000000 	863.986023 	867.908020 
14.600000 	125.515999 	864.000000 	863.986023 	867.908020 
14.700000 	125.515999 	864.000000 	863.986023 	867.908020 
14.800000 	125.515999 	864.000000 	863.986023 	867.908020 
14.900000 	125.515999 	864.000000 	863.986023 	867.908020 
15.000000 	125.515999 	864.000000 	863.986023 	867.908020 
15.100000 	125.515999 	864.000000 	863.986023 	867.908020 
15.200000 	125.515999 	864.000000 	863.986023 	867.908020 
15.300000 	125.515999 	864.000000 	863.986023 	867.908020 
15.400000 	125.515999 	864.000000 	863.986023 	867.908020 
15.500000 	125.588997 	864.000000 	863.969971 	867.914978 
15.600000 	125.588997 	864.000000 	863.969971 	867.914978 
15.700000 	125.588997 	864.000000 	863.969971 	867.914978 
15.800000 	125.588997 	864.000000 	863.969971 	867.914978 
15.900000 	125.588997 	864.000000 	863.969971 	867.914978 
16.000000 	125.588997 	864.000000 	863.969971 	867.914978 
16.100000 	125.588997 	864.000000 	863.969971 	867.914978 
16.200000 	125.588997 	864.000000 	863.969971 	867.914978 
16.300000 	125.588997 	864.000000 	863.969971 	867.914978 
16.400000 	125.588997 	864.000000 	863.969971 	867.914978 
16.500000 	125.651001 	864.000000 	863.955017 	867.921997 
16.600000 	125.651001 	864.000000 	863.955017 	867.921997 
16.700000 	125.651001 	864.000000 	863.955017 	867.921997 
16.800000 	125.651001 	864.000000 	863.955017 	867.921997 
16.900000 	125.651001 	864.000000 	863.955017 	867.921997 
17.000000 	125.651001 	864.000000 	863.955017 	867.921997 
17.100000 	125.651001 	864.000000 	863.955017 	867.921997 
17.200000 	125.651001 	864.000000 	863.955017 	867.921997 
17.300000 	125.651001 	864.000000 	863.955017 	867.921997 
17.400000 	125.651001 	864.000000 	863.955017 	867.921997 
17.500000 	125.703003 	864.000000 	863.940979 	867.929016 
17.600000 	125.703003 	864.000000 	863.940979 	867.929016 
17.700000 	125.703003 	864.000000 	863.940979 	867.929016 
17.800000 	125.703003 	864.000000 	863.940979 	867.929016 
17.900000 	125.703003 	864.000000 	863.940979 	867.929016 
18.000000 	125.703003 	864.000000 	863.940979 	867.929016 
18.100000 	125.703003 	864.000000 	863.940979 	867.929016 
18.200000 	125.703003 	864.000000 	863.940979 	867.929016 
18.300000 	125.703003 	864.000000 	863.940979 	867.929016 
18.400000 	125.703003 	864.000000 	863.940979 	867.929016 
18.500000 	125.748001 	864.000000 	863.929016 	867.937012 
18.600000 	125.748001 	864.000000 	863.929016 	867.937012 
18.700000 	125.748001 	864.000000 	863.929016 	867.937012 
18.800000 	125.748001 	864.000000 	863.929016 	867.937012 
18.900000 	125.748001 	864.000000 	863.929016 	867.937012 
19.000000 	125.748001 	864.000000 	863.929016 	867.937012 
19.100000 	125.748001 	864.000000 	863.929016 	867.937012 
19.200000 	125.748001 	864.000000 	863.929016 	867.937012 
19.300000 	125.748001 	864.000000 	863.929016 	867.937012 
19.400000 	125.748001 	864.000000 	863.929016 	867.937012 
19.500000 	125.787003 	864.000000 	863.916992 	867.943970 
19.600000 	125.787003 	864.000000 	863.916992 	867.943970 
19.700000 	125.787003 	864.000000 	863.916992 	867.943970 
19.800000 	125.787003 	864.000000 	863.916992 	867.943970 
19.900000 	125.787003 	864.000000 	863.916992 	867.943970 
20.000000 	125.787003 	864.000000 	863.916992 	867.943970 
20.100000 	125.787003 	864.000000 	863.916992 	867.943970 
20.200000 	125.787003 	864.000000 	863.916992 	867.943970 
20.300000 	125.787003 	864.000000 	863.916992 	867.943970 
20.400000 	125.787003 	864.000000 	863.916992 	867.943970 
20.500000 	125.821999 	864.000000 	863.905029 	867.952026 
20.600000 	125.821999 	864.000000 	863.905029 	867.952026 
20.700000 	125.821999 	864.000000 	863.905029 	867.952026 
20.800000 	125.821999 	864.000000 	863.905029 	867.952026 
20.900000 	125.821999 	864.000000 	863.905029 	867.952026 
21.000000 	125.821999 	864.000000 	863.905029 	867.952026 
21.100000 	125.821999 	864.000000 	863.905029 	867.952026 
21.200000 	125.821999 	864.000000 	863.905029 	867.952026 
21.300000 	125.821999 	864.000000 	863.905029 	867.952026 
21.400000 	125.821999 	864.000000 	863.905029 	867.952026 
21.500000 	125.851997 	864.000000 	863.893005 	867.960022 
21.600000 	125.851997 	864.000000 	863.893005 	867.960022 
21.700000 	125.851997 	864.000000 	863.893005 	867.960022 
21.800000 	125.851997 	864.000000 	863.893005 	867.960022 
21.900000 	125.851997 	864.000000 	863.893005 	867.960022 
22.000000 	125.851997 	864.000000 	863.893005 	867.960022 
22.100000 	125.851997 	864.000000 	863.893005 	867.960022 
22.200000 	125.851997 	864.000000 	863.893005 	867.960022 
22.300000 	125.851997 	864.000000 	863.893005 	867.960022 
22.400000 	125.851997 	864.000000 	863.893005 	867.960022 
22.500000 	125.878998 	864.000000 	863.882019 	867.966980 
22.600000 	125.878998 	864.000000 	863.882019 	867.966980 
22.700000 	125.878998 	864.000000 	863.882019 	867.966980 
22.800000 	125.878998 	864.000000 	863.882019 	867.966980 
22.900000 	125.878998 	864.000000 	863.882019 	867.966980 
23.000000 	125.878998 	864.000000 	863.882019 	867.966980 
23.100000 	125.878998 	864.000000 	863.882019 	867.966980 
23.200000 	125.878998 	864.000000 	863.882019 	867.966980 
23.300000 	125.878998 	864.000000 	863.882019 	867.966980 
23.400000 	125.878998 	864.000000 	863.882019 	867.966980 
23.500000 	125.903999 	864.000000 	863.870972 	867.974976 
23.600000 	125.903999 	864.000000 	863.870972 	867.974976 
23.700000 	125.903999 	864.000000 	863.870972 	867.974976 
23.800000 	125.903999 	864.000000 	863.870972 	867.974976 
23.900000 	125.903999 	864.000000 	863.870972 	867.974976 
24.000000 	125.903999 	864.000000 	863.870972 	867.974976 
24.100000 	125.903999 	864.000000 	863.870972 	867.974976 
24.200000 	125.903999 	864.000000 	863.870972 	867.974976 
24.300000 	125.903999 	864.000000 	863.870972 	867.974976 
24.400000 	125.903999 	864.000000 	863.870972 	867.974976 
24.500000 	125.926003 	864.000000 	863.859009 	867.982971 
24.600000 	125.926003 	864.000000 	863.859009 	867.982971 
24.700000 	125.926003 	864.000000 	863.859009 	867.982971 
24.800000 	125.926003 	864.000000 	863.859009 	867.982971 
24.900000 	125.926003 	864.000000 	863.859009 	867.982971 
25.000000 	125.926003 	864.000000 	863.859009 	867.982971 
25.100000 	125.926003 	864.000000 	863.859009 	867.982971 
25.200000 	125.926003 	864.000000 	863.859009 	867.982971 
25.300000 	125.926003 	864.000000 	863.859009 	867.982971 
25.400000 	125.926003 	864.000000 	863.859009 	867.982971 
25.500000 	125.945999 	864.000000 	863.846985 	867.989990 
25.600000 	125.945999 	864.000000 	863.846985 	867.989990 
25.700000 	125.945999 	864.000000 	863.846985 	867.989990 
25.800000 	125.945999 	864.000000 	863.846985 	867.989990 
25.900000 	125.945999 	864.000000 	863.846985 	867.989990 
26.000000 	125.945999 	864.000000 	863.846985 	867.989990 
26.100000 	125.945999 	864.000000 	863.846985 	867.989990 
26.200000 	125.945999 	864.000000 	863.846985 	867.989990 
26.300000 	125.945999 	864.000000 	863.846985 	867.989990 
26.400000 	125.945999 	864.000000 	863.846985 	867.989990 
26.500000 	125.964996 	864.000000 	863.835999 	867.997009 
26.600000 	125.964996 	864.000000 	863.835999 	867.997009 
26.700000 	125.964996 	864.000000 	863.835999 	867.997009 
26.800000 	125.964996 	864.000000 	863.835999 	867.997009 
26.900000 	125.964996 	864.000000 	863.835999 	867.997009 
27.000000 	125.964996 	864.000000 	863.835999 	867.997009 
27.100000 	125.964996 	864.000000 	863.835999 	867.997009 
27.200000 	125.964996 	864.000000 	863.835999 	867.997009 
27.300000 	125.964996 	864.000000 	863.835999 	867.997009 
27.400000 	125.964996 	864.000000 	863.835999 	867.997009 
27.500000 	125.982002 	864.000000 	863.822998 	868.004028 
27.600000 	125.982002 	864.000000 	863.822998 	868.004028 
27.700000 	125.982002 	864.000000 	863.822998 	868.004028 
27.800000 	125.982002 	864.000000 	863.822998 	868.004028 
27.900000 	125.982002 	864.000000 	863.822998 	868.004028 
28.000000 	125.982002 	864.000000 	863.822998 	868.004028 
28.100000 	125.982002 	864.000000 	863.822998 	868.004028 
28.200000 	125.982002 	864.000000 	863.822998 	868.004028 
28.300000 	125.982002 	864.000000 	863.822998 	868.004028 
28.400000 	125.982002 	864.000000 	863.822998 	868.004028 
28.500000 	125.998001 	864.000000 	863.810974 	868.010986 
28.600000 	125.998001 	864.000000 	863.810974 	868.010986 
28.700000 	125.998001 	864.000000 	863.810974 	868.010986 
28.800000 	125.998001 	864.000000 	863.810974 	868.010986 
28.900000 	125.998001 	864.000000 	863.810974 	868.010986 
29.000000 	125.998001 	864.000000 	863.810974 	868.010986 
29.100000 	125.998001 	864.000000 	863.810974 	868.010986 
29.200000 	125.998001 	864.000000 	863.810974 	868.010986 
29.300000 	125.998001 	864.000000 	863.810974 	868.010986 
29.400000 	125.998001 	864.000000 	863.810974 	868.010986 
29.500000 	126.013000 	864.000000 	863.797974 	868.017029 
29.600000 	126.013000 	864.000000 	863.797974 	868.017029 
29.700000 	126.013000 	864.000000 	863.797974 	868.017029 
29.800000 	126.013000 	864.000000 	863.797974 	868.017029 
29.900000 	126.013000 	864.000000 	863.797974 	868.017029 
30.000000 	126.013000 	864.000000 	863.797974 	868.017029 
30.100000 	126.013000 	864.000000 	863.797974 	868.017029 
30.200000 	126.013000 	864.000000 	863.797974 	868.017029 
30.300000 	126.013000 	864.000000 	863.797974 	868.017029 
30.400000 	126.013000 	864.000000 	863.797974 	868.017029 
30.500000 	126.027000 	864.000000 	863.783997 	868.023010 
30.600000 	126.027000 	864.000000 	863.783997 	868.023010 
30.700000 	126.027000 	864.000000 	863.783997 	868.023010 
30.800000 	126.027000 	864.000000 	863.783997 	868.023010 
30.900000 	126.027000 	864.000000 	863.783997 	868.023010 
31.000000 	126.027000 	864.000000 	863.783997 	868.023010 
31.100000 	126.027000 	864.000000 	863.783997 	868.023010 
31.200000 	126.027000 	864.000000 	863.783997 	868.023010 
31.300000 	126.027000 	864.000000 	863.783997 	868.023010 
31.400000 	126.027000 	864.000000 	863.783997 	868.023010 
31.500000 	126.041000 	864.000000 	863.770020 	868.028015 
31.600000 	126.041000 	864.000000 	863.770020 	868.028015 
31.700000 	126.041000 	864.000000 	863.770020 	868.028015 
31.800000 	126.041000 	864.000000 	863.770020 	868.028015 
31.900000 	126.041000 	864.000000 	863.770020 	868.028015 
32.000000 	126.041000 	864.000000 	863.770020 	868.028015 
32.100000 	126.041000 	864.000000 	863.770020 	868.028015 
32.200000 	126.041000 	864.000000 	863.770020 	868.028015 
32.300000 	126.041000 	864.000000 	863.770020 	868.028015 
32.400000 	126.041000 	864.000000 	863.770020 	868.028015 
32.500000 	126.053001 	864.000000 	863.755005 	868.033020 
32.600000 	126.053001 	864.000000 	863.755005 	868.033020 
32.700000 	126.053001 	864.000000 	863.755005 	868.033020 
32.800000 	126.053001 	864.000000 	863.755005 	868.033020 
32.900000 	126.053001 	864.000000 	863.755005 	868.033020 
33.000000 	126.053001 	864.000000 	863.755005 	868.033020 
33.100000 	126.053001 	864.000000 	863.755005 	868.033020 
33.200000 	126.053001 	864.000000 	863.755005 	868.033020 
33.300000 	126.053001 	864.000000 	863.755005 	868.033020 
33.400000 	126.053001 	864.000000 	863.755005 	868.033020 
33.500000 	126.065002 	864.000000 	863.739990 	868.038025 
33.600000 	126.065002 	864.000000 	863.739990 	868.038025 
33.700000 	126.065002 	864.000000 	863.739990 	868.038025 
33.800000 	126.065002 	864.000000 	863.739990 	868.038025 
33.900000 	126.065002 	864.000000 	863.739990 	868.038025 
34.000000 	126.065002 	864.000000 	863.739990 	868.038025 
34.100000 	126.065002 	864.000000 	863.739990 	868.038025 
34.200000 	126.065002 	864.000000 	863.739990 	868.038025 
34.300000 	126.065002 	864.000000 	863.739990 	868.038025 
34.400000 	126.065002 	864.000000 	863.739990 	868.038025 
34.500000 	126.077003 	864.000000 	863.723999 	868.041016 
34.600000 	126.077003 	864.000000 	863.723999 	868.041016 
34.700000 	126.077003 	864.000000 	863.723999 	868.041016 
34.800000 	126.077003 	864.000000 	863.723999 	868.041016 
34.900000 	126.077003 	864.000000 	863.723999 	868.041016 
35.000000 	126.077003 	864.000000 	863.723999 	868.041016 
35.100000 	126.077003 	864.000000 	863.723999 	868.041016 
35.200000 	126.077003 	864.000000 	863.723999 	868.041016 
35.300000 	126.077003 	864.000000 	863.723999 	868.041016 
35.400000 	126.077003 	864.000000 	863.723999 	868.041016 
35.500000 	126.087997 	864.000000 	863.706970 	868.044983 
35.600000 	126.087997 	864.000000 	863.706970 	868.044983 
35.700000 	126.087997 	864.000000 	863.706970 	868.044983 
35.800000 	126.087997 	864.000000 	863.706970 	868.044983 
35.900000 	126.087997 	864.000000 	863.706970 	868.044983 
36.000000 	126.087997 	864.000000 	863.706970 	868.044983 
36.100000 	126.087997 	864.000000 	863.706970 	868.044983 
36.200000 	126.087997 	864.000000 	863.706970 	868.044983 
36.300000 	126.087997 	864.000000 	863.706970 	868.044983 
36.400000 	126.087997 	864.000000 	863.706970 	868.044983 
36.500000 	126.098999 	864.000000 	863.690002 	868.046997 
36.600000 	126.098999 	864.000000 	863.690002 	868.046997 
36.700000 	126.098999 	864.000000 	863.690002 	868.046997 
36.800000 	126.098999 	864.000000 	863.690002 	868.046997 
36.900000 	126.098999 	864.000000 	863.690002 	868.046997 
37.000000 	126.098999 	864.000000 	863.690002 	868.046997 
37.100000 	126.098999 	864.000000 	863.690002 	868.046997 
37.200000 	126.098999 	864.000000 	863.690002 	868.046997 
37.300000 	126.098999 	864.000000 	863.690002 	868.046997 
37.400000 	126.098999 	864.000000 	863.690002 	868.046997 
37.500000 	126.109001 	864.000000 	863.671997 	868.049011 
37.600000 	126.109001 	864.000000 	863.671997 	868.049011 
37.700000 	126.109001 	864.000000 	863.671997 	868.049011 
37.800000 	126.109001 	864.000000 	863.671997 	868.049011 
37.900000 	126.109001 	864.000000 	863.671997 	868.049011 
38.000000 	126.109001 	864.000000 	863.671997 	868.049011 
38.100000 	126.109001 	864.000000 	863.671997 	868.049011 
38.200000 	126.109001 	864.000000 	863.671997 	868.049011 
38.300000 	126.109001 	864.000000 	863.671997 	868.049011 
38.400000 	126.109001 	864.000000 	863.671997 	868.049011 
38.500000 	126.119003 	864.000000 	863.653015 	868.049988 
38.600000 	126.119003 	864.000000 	863.653015 	868.049988 
38.700000 	126.119003 	864.000000 	863.653015 	868.049988 
38.800000 	126.119003 	864.000000 	863.653015 	868.049988 
38.900000 	126.119003 	864.000000 	863.653015 	868.049988 
39.000000 	126.119003 	864.000000 	863.653015 	868.049988 
39.100000 	126.119003 	864.000000 	863.653015 	868.049988 
39.200000 	126.119003 	864.000000 	863.653015 	868.049988 
39.300000 	126.119003 	864.000000 	863.653015 	868.049988 
39.400000 	126.119003 	864.000000 	863.653015 	868.049988 
39.500000 	126.128998 	864.000000 	863.632996 	868.051025 
39.600000 	126.128998 	864.000000 	863.632996 	868.051025 
39.700000 	126.128998 	864.000000 	863.632996 	868.051025 
39.800000 	126.128998 	864.000000 	863.632996 	868.051025 
39.900000 	126.128998 	864.000000 	863.632996 	868.051025 
40.000000 	126.128998 	864.000000 	863.632996 	868.051025 
40.100000 	126.128998 	864.000000 	863.632996 	868.051025 
40.200000 	126.128998 	864.000000 	863.632996 	868.051025 
40.300000 	126.128998 	864.000000 	863.632996 	868.051025 
40.400000 	126.128998 	864.000000 	863.632996 	868.051025 
40.500000 	126.139000 	864.000000 	863.612000 	868.049988 
40.600000 	126.139000 	864.000000 	863.612000 	868.049988 
40.700000 	126.139000 	864.000000 	863.612000 	868.049988 
40.800000 	126.139000 	864.000000 	863.612000 	868.049988 
40.900000 	126.139000 	864.000000 	863.612000 	868.049988 
41.000000 	126.139000 	864.000000 	863.612000 	868.049988 
41.100000 	126.139000 	864.000000 	863.612000 	868.049988 
41.200000 	126.139000 	864.000000 	863.612000 	868.049988 
41.300000 	126.139000 	864.000000 	863.612000 	868.049988 
41.400000 	126.139000 	864.000000 	863.612000 	868.049988 
41.500000 	126.148003 	864.000000 	863.590027 	868.049011 
41.600000 	126.148003 	864.000000 	863.590027 	868.049011 
41.700000 	126.148003 	864.000000 	863.590027 	868.049011 
41.800000 	126.148003 	864.000000 	863.590027 	868.049011 
41.900000 	126.148003 	864.000000 	863.590027 	868.049011 
42.000000 	126.148003 	864.000000 	863.590027 	868.049011 
42.100000 	126.148003 	864.000000 	863.590027 	868.049011 
42.200000 	126.148003 	864.000000 	863.590027 	868.049011 
42.300000 	126.148003 	864.000000 	863.590027 	868.049011 
42.400000 	126.148003 	864.000000 	863.590027 	868.049011 
42.500000 	126.157997 	864.000000 	863.567017 	868.046021 
42.600000 	126.157997 	864.000000 	863.567017 	868.046021 
42.700000 	126.157997 	864.000000 	863.567017 	868.046021 
42.800000 	126.157997 	864.000000 	863.567017 	868.046021 
42.900000 	126.157997 	864.000000 	863.567017 	868.046021 
43.000000 	126.157997 	864.000000 	863.567017 	868.046021 
43.100000 	126.157997 	864.000000 	863.567017 	868.046021 
43.200000 	126.157997 	864.000000 	863.567017 	868.046021 
43.300000 	126.157997 	864.000000 	863.567017 	868.046021 
43.400000 	126.157997 	864.000000 	863.567017 	868.046021 
43.500000 	126.167000 	864.000000 	863.544006 	868.043030 
43.600000 	126.167000 	864.000000 	863.544006 	868.043030 
43.700000 	126.167000 	864.000000 	863.544006 	868.043030 
43.800000 	126.167000 	864.000000 	863.544006 	868.043030 
43.900000 	126.167000 	864.000000 	863.544006 	868.043030 
44.000000 	126.167000 	864.000000 	863.544006 	868.043030 
44.100000 	126.167000 	864.000000 	863.544006 	868.043030 
44.200000 	126.167000 	864.000000 	863.544006 	868.043030 
44.300000 	126.167000 	864.000000 	863.544006 	868.043030 
44.400000 	126.167000 	864.000000 	863.544006 	868.043030 
44.500000 	126.176003 	864.000000 	863.518982 	868.038025 
44.600000 	126.176003 	864.000000 	863.518982 	868.038025 
44.700000 	126.176003 	864.000000 	863.518982 	868.038025 
44.800000 	126.176003 	864.000000 	863.518982 	868.038025 
44.900000 	126.176003 	864.000000 	863.518982 	868.038025 
45.000000 	126.176003 	864.000000 	863.518982 	868.038025 
45.100000 	126.176003 	864.000000 	863.518982 	868.038025 
45.200000 	126.176003 	864.000000 	863.518982 	868.038025 
45.300000 	126.176003 	864.000000 	863.518982 	868.038025 
45.400000 	126.176003 	864.000000 	863.518982 	868.038025 
45.500000 	126.184998 	864.000000 	863.492981 	868.033020 
45.600000 	126.184998 	864.000000 	863.492981 	868.033020 
45.700000 	126.184998 	864.000000 	863.492981 	868.033020 
45.800000 	126.184998 	864.000000 	863.492981 	868.033020 
45.900000 	126.184998 	864.000000 	863.492981 	868.033020 
46.000000 	126.184998 	864.000000 	863.492981 	868.033020 
46.100000 	126.184998 	864.000000 	863.492981 	868.033020 
46.200000 	126.184998 	864.000000 	863.492981 	868.033020 
46.300000 	126.184998 	864.000000 	863.492981 	868.033020 
46.400000 	126.184998 	864.000000 	863.492981 	868.033020 
46.500000 	126.194000 	864.000000 	863.465027 	868.026001 
46.600000 	126.194000 	864.000000 	863.465027 	868.026001 
46.700000 	126.194000 	864.000000 	863.465027 	868.026001 
46.800000 	126.194000 	864.000000 	863.465027 	868.026001 
46.900000 	126.194000 	864.000000 	863.465027 	868.026001 
47.000000 	126.194000 	864.000000 	863.465027 	868.026001 
47.100000 	126.194000 	864.000000 	863.465027 	868.026001 
47.200000 	126.194000 	864.000000 	863.465027 	868.026001 
47.300000 	126.194000 	864.000000 	863.465027 	868.026001 
47.400000 	126.194000 	864.000000 	863.465027 	868.026001 
47.500000 	126.203003 	864.000000 	863.437012 	868.018005 
47.600000 	126.203003 	864.000000 	863.437012 	868.018005 
47.700000 	126.203003 	864.000000 	863.437012 	868.018005 
47.800000 	126.203003 	864.000000 	863.437012 	868.018005 
47.900000 	126.203003 	864.000000 	863.437012 	868.018005 
48.000000 	126.203003 	864.000000 	863.437012 	868.018005 
48.100000 	126.203003 	864.000000 	863.437012 	868.018005 
48.200000 	126.203003 	864.000000 	863.437012 	868.018005 
48.300000 	126.203003 	864.000000 	863.437012 	868.018005 
48.400000 	126.203003 	864.000000 	863.437012 	868.018005 
48.500000 	126.210999 	864.000000 	863.406982 	868.007996 
48.600000 	126.210999 	864.000000 	863.406982 	868.007996 
48.700000 	126.210999 	864.000000 	863.406982 	868.007996 
48.800000 	126.210999 	864.000000 	863.406982 	868.007996 
48.900000 	126.210999 	864.000000 	863.406982 	868.007996 
49.000000 	126.210999 	864.000000 	863.406982 	868.007996 
49.100000 	126.210999 	864.000000 	863.406982 	868.007996 
49.200000 	126.210999 	864.000000 	863.406982 	868.007996 
49.300000 	126.210999 	864.000000 	863.406982 	868.007996 
49.400000 	126.210999 	864.000000 	863.406982 	868.007996 
49.500000 	126.220001 	864.000000 	863.375977 	867.997986 
49.600000 	126.220001 	864.000000 	863.375977 	867.997986 
49.700000 	126.220001 	864.000000 	863.375977 	867.997986 
49.800000 	126.220001 	864.000000 	863.375977 	867.997986 
49.900000 	126.220001 	864.000000 	863.375977 	867.997986 
50.000000 	126.220001 	864.000000 	863.375977 	867.997986 
50.100000 	126.220001 	864.000000 	863.375977 	867.997986 
50.200000 	126.220001 	864.000000 	863.375977 	867.997986 
50.300000 	126.220001 	864.000000 	863.375977 	867.997986 
50.400000 	126.220001 	864.000000 	863.375977 	867.997986 
50.500000 	126.228996 	864.000000 	863.343994 	867.986023 
50.600000 	126.228996 	864.000000 	863.343994 	867.986023 
50.700000 	126.228996 	864.000000 	863.343994 	867.986023 
50.800000 	126.228996 	864.000000 	863.343994 	867.986023 
50.900000 	126.228996 	864.000000 	863.343994 	867.986023 
51.000000 	126.228996 	864.000000 	863.343994 	867.986023 
51.100000 	126.228996 	864.000000 	863.343994 	867.986023 
51.200000 	126.228996 	864.000000 	863.343994 	867.986023 
51.300000 	126.228996 	864.000000 	863.343994 	867.986023 
51.400000 	126.228996 	864.000000 	863.343994 	867.986023 
51.500000 	126.237999 	864.000000 	863.309998 	867.971985 
51.600000 	126.237999 	864.000000 	863.309998 	867.971985 
51.700000 	126.237999 	864.000000 	863.309998 	867.971985 
51.800000 	126.237999 	864.000000 	863.309998 	867.971985 
51.900000 	126.237999 	864.000000 	863.309998 	867.971985 
52.000000 	126.237999 	864.000000 	863.309998 	867.971985 
52.100000 	126.237999 	864.000000 	863.309998 	867.971985 
52.200000 	126.237999 	864.000000 	863.309998 	867.971985 
52.300000 	126.237999 	864.000000 	863.309998 	867.971985 
52.400000 	126.237999 	864.000000 	863.309998 	867.971985 
52.500000 	126.246002 	864.000000 	863.273987 	867.958008 
52.600000 	126.246002 	864.000000 	863.273987 	867.958008 
52.700000 	126.246002 	864.000000 	863.273987 	867.958008 
52.800000 	126.246002 	864.000000 	863.273987 	867.958008 
52.900000 	126.246002 	864.000000 	863.273987 	867.958008 
53.000000 	126.246002 	864.000000 	863.273987 	867.958008 
53.100000 	126.246002 	864.000000 	863.273987 	867.958008 
53.200000 	126.246002 	864.000000 	863.273987 	867.958008 
53.300000 	126.246002 	864.000000 	863.273987 	867.958008 
53.400000 	126.246002 	864.000000 	863.273987 	867.958008 
53.500000 	126.254997 	864.000000 	863.237000 	867.940979 
53.600000 	126.254997 	864.000000 	863.237000 	867.940979 
53.700000 	126.254997 	864.000000 	863.237000 	867.940979 
53.800000 	126.254997 	864.000000 	863.237000 	867.940979 
53.900000 	126.254997 	864.000000 	863.237000 	867.940979 
54.000000 	126.254997 	864.000000 	863.237000 	867.940979 
54.100000 	126.254997 	864.000000 	863.237000 	867.940979 
54.200000 	126.254997 	864.000000 	863.237000 	867.940979 
54.300000 	126.254997 	864.000000 	863.237000 	867.940979 
54.400000 	126.254997 	864.000000 	863.237000 	867.940979 
54.500000 	126.264000 	864.000000 	863.198975 	867.922974 
54.600000 	126.264000 	864.000000 	863.198975 	867.922974 
54.700000 	126.264000 	864.000000 	863.198975 	867.922974 
54.800000 	126.264000 	864.000000 	863.198975 	867.922974 
54.900000 	126.264000 	864.000000 	863.198975 	867.922974 
55.000000 	126.264000 	864.000000 	863.198975 	867.922974 
55.100000 	126.264000 	864.000000 	863.198975 	867.922974 
55.200000 	126.264000 	864.000000 	863.198975 	867.922974 
55.300000 	126.264000 	864.000000 	863.198975 	867.922974 
55.400000 	126.264000 	864.000000 	863.198975 	867.922974 
55.500000 	126.273003 	864.000000 	863.158020 	867.903015 
55.600000 	126.273003 	864.000000 	863.158020 	867.903015 
55.700000 	126.273003 	864.000000 	863.158020 	867.903015 
55.800000 	126.273003 	864.000000 	863.158020 	867.903015 
55.900000 	126.273003 	864.000000 	863.158020 	867.903015 
56.000000 	126.273003 	864.000000 	863.158020 	867.903015 
56.100000 	126.273003 	864.000000 	863.158020 	867.903015 
56.200000 	126.273003 	864.000000 	863.158020 	867.903015 
56.300000 	126.273003 	864.000000 	863.158020 	867.903015 
56.400000 	126.273003 	864.000000 	863.158020 	867.903015 
56.500000 	126.280998 	864.000000 	863.116028 	867.882019 
56.600000 	126.280998 	864.000000 	863.116028 	867.882019 
56.700000 	126.280998 	864.000000 	863.116028 	867.882019 
56.800000 	126.280998 	864.000000 	863.116028 	867.882019 
56.900000 	126.280998 	864.000000 	863.116028 	867.882019 
57.000000 	126.280998 	864.000000 	863.116028 	867.882019 
57.100000 	126.280998 	864.000000 	863.116028 	867.882019 
57.200000 	126.280998 	864.000000 	863.116028 	867.882019 
57.300000 	126.280998 	864.000000 	863.116028 	867.882019 
57.400000 	126.280998 	864.000000 	863.116028 	867.882019 
57.500000 	126.290001 	864.000000 	863.072021 	867.857971 
57.600000 	126.290001 	864.000000 	863.072021 	867.857971 
57.700000 	126.290001 	864.000000 	863.072021 	867.857971 
57.800000 	126.290001 	864.000000 	863.072021 	867.857971 
57.900000 	126.290001 	864.000000 	863.072021 	867.857971 
58.000000 	126.290001 	864.000000 	863.072021 	867.857971 
58.100000 	126.290001 	864.000000 	863.072021 	867.857971 
58.200000 	126.290001 	864.000000 	863.072021 	867.857971 
58.300000 	126.290001 	864.000000 	863.072021 	867.857971 
58.400000 	126.290001 	864.000000 	863.072021 	867.857971 
58.500000 	126.299004 	864.000000 	863.026001 	867.650024 
58.600000 	126.299004 	864.000000 	863.026001 	867.650024 
58.700000 	126.299004 	864.000000 	863.026001 	867.650024 
58.800000 	126.299004 	864.000000 	863.026001 	867.650024 
58.900000 	126.299004 	864.000000 	863.026001 	867.650024 
59.000000 	126.299004 	864.000000 	863.026001 	867.650024 
59.100000 	126.299004 	864.000000 	863.026001 	867.650024 
59.200000 	126.299004 	864.000000 	863.026001 	867.650024 
59.300000 	126.299004 	864.000000 	863.026001 	867.650024 
59.400000 	126.299004 	864.000000 	863.026001 	867.650024 
59.500000 	126.307999 	864.000000 	862.978027 	867.619995 
59.600000 	126.307999 	864.000000 	862.978027 	867.619995 
59.700000 	126.307999 	864.000000 	862.978027 	867.619995 
59.800000 	126.307999 	864.000000 	862.978027 	867.619995 
59.900000 	126.307999 	864.000000 	862.978027 	867.619995 
60.000000 	126.307999 	864.000000 	862.978027 	867.619995 
