0.500000 	92.667297 	589.000000 	602.513977 	594.330994 
0.600000 	92.667297 	589.000000 	602.513977 	594.330994 
0.700000 	92.667297 	589.000000 	602.513977 	594.330994 
0.800000 	92.667297 	589.000000 	602.513977 	594.330994 
0.900000 	92.667297 	589.000000 	602.513977 	594.330994 
1.000000 	92.667297 	589.000000 	602.513977 	594.330994 
1.100000 	92.667297 	589.000000 	602.513977 	594.330994 
1.200000 	92.667297 	589.000000 	602.513977 	594.330994 
1.300000 	92.667297 	589.000000 	602.513977 	594.330994 
1.400000 	92.667297 	589.000000 	602.513977 	594.330994 
1.500000 	103.628998 	589.000000 	595.258972 	594.741028 
1.600000 	103.628998 	589.000000 	595.258972 	594.741028 
1.700000 	103.628998 	589.000000 	595.258972 	594.741028 
1.800000 	103.628998 	589.000000 	595.258972 	594.741028 
1.900000 	103.628998 	589.000000 	595.258972 	594.741028 
2.000000 	103.628998 	589.000000 	595.258972 	594.741028 
2.100000 	103.628998 	589.000000 	595.258972 	594.741028 
2.200000 	103.628998 	589.000000 	595.258972 	594.741028 
2.300000 	103.628998 	589.000000 	595.258972 	594.741028 
2.400000 	103.628998 	589.000000 	595.258972 	594.741028 
2.500000 	113.676003 	589.000000 	592.344971 	594.651978 
2.600000 	113.676003 	589.000000 	592.344971 	594.651978 
2.700000 	113.676003 	589.000000 	592.344971 	594.651978 
2.800000 	113.676003 	589.000000 	592.344971 	594.651978 
2.900000 	113.676003 	589.000000 	592.344971 	594.651978 
3.000000 	113.676003 	589.000000 	592.344971 	594.651978 
3.100000 	113.676003 	589.000000 	592.344971 	594.651978 
3.200000 	113.676003 	589.000000 	592.344971 	594.651978 
3.300000 	113.676003 	589.000000 	592.344971 	594.651978 
3.400000 	113.676003 	589.000000 	592.344971 	594.651978 
3.500000 	118.501999 	589.000000 	591.013000 	594.609009 
3.600000 	118.501999 	589.000000 	591.013000 	594.609009 
3.700000 	118.501999 	589.000000 	591.013000 	594.609009 
3.800000 	118.501999 	589.000000 	591.013000 	594.609009 
3.900000 	118.501999 	589.000000 	591.013000 	594.609009 
4.000000 	118.501999 	589.000000 	591.013000 	594.609009 
4.100000 	118.501999 	589.000000 	591.013000 	594.609009 
4.200000 	118.501999 	589.000000 	591.013000 	594.609009 
4.300000 	118.501999 	589.000000 	591.013000 	594.609009 
4.400000 	118.501999 	589.000000 	591.013000 	594.609009 
4.500000 	121.025002 	589.000000 	590.322021 	594.588989 
4.600000 	121.025002 	589.000000 	590.322021 	594.588989 
4.700000 	121.025002 	589.000000 	590.322021 	594.588989 
4.800000 	121.025002 	589.000000 	590.322021 	594.588989 
4.900000 	121.025002 	589.000000 	590.322021 	594.588989 
5.000000 	121.025002 	589.000000 	590.322021 	594.588989 
5.100000 	121.025002 	589.000000 	590.322021 	594.588989 
5.200000 	121.025002 	589.000000 	590.322021 	594.588989 
5.300000 	121.025002 	589.000000 	590.322021 	594.588989 
5.400000 	121.025002 	589.000000 	590.322021 	594.588989 
5.500000 	122.482002 	589.000000 	589.924011 	594.580994 
5.600000 	122.482002 	589.000000 	589.924011 	594.580994 
5.700000 	122.482002 	589.000000 	589.924011 	594.580994 
5.800000 	122.482002 	589.000000 	589.924011 	594.580994 
5.900000 	122.482002 	589.000000 	589.924011 	594.580994 
6.000000 	122.482002 	589.000000 	589.924011 	594.580994 
6.100000 	122.482002 	589.000000 	589.924011 	594.580994 
6.200000 	122.482002 	589.000000 	589.924011 	594.580994 
6.300000 	122.482002 	589.000000 	589.924011 	594.580994 
6.400000 	122.482002 	589.000000 	589.924011 	594.580994 
6.500000 	123.392998 	589.000000 	589.674988 	594.580017 
6.600000 	123.392998 	589.000000 	589.674988 	594.580017 
6.700000 	123.392998 	589.000000 	589.674988 	594.580017 
6.800000 	123.392998 	589.000000 	589.674988 	594.580017 
6.900000 	123.392998 	589.000000 	589.674988 	594.580017 
7.000000 	123.392998 	589.000000 	589.674988 	594.580017 
7.100000 	123.392998 	589.000000 	589.674988 	594.580017 
7.200000 	123.392998 	589.000000 	589.674988 	594.580017 
7.300000 	123.392998 	589.000000 	589.674988 	594.580017 
7.400000 	123.392998 	589.000000 	589.674988 	594.580017 
7.500000 	123.999001 	589.000000 	589.510010 	594.583008 
7.600000 	123.999001 	589.000000 	589.510010 	594.583008 
7.700000 	123.999001 	589.000000 	589.510010 	594.583008 
7.800000 	123.999001 	589.000000 	589.510010 	594.583008 
7.900000 	123.999001 	589.000000 	589.510010 	594.583008 
8.000000 	123.999001 	589.000000 	589.510010 	594.583008 
8.100000 	123.999001 	589.000000 	589.510010 	594.583008 
8.200000 	123.999001 	589.000000 	589.510010 	594.583008 
8.300000 	123.999001 	589.000000 	589.510010 	594.583008 
8.400000 	123.999001 	589.000000 	589.510010 	594.583008 
8.500000 	124.421997 	589.000000 	589.393982 	594.588989 
8.600000 	124.421997 	589.000000 	589.393982 	594.588989 
8.700000 	124.421997 	589.000000 	589.393982 	594.588989 
8.800000 	124.421997 	589.000000 	589.393982 	594.588989 
8.900000 	124.421997 	589.000000 	589.393982 	594.588989 
9.000000 	124.421997 	589.000000 	589.393982 	594.588989 
9.100000 	124.421997 	589.000000 	589.393982 	594.588989 
9.200000 	124.421997 	589.000000 	589.393982 	594.588989 
9.300000 	124.421997 	589.000000 	589.393982 	594.588989 
9.400000 	124.421997 	589.000000 	589.393982 	594.588989 
9.500000 	124.728996 	589.000000 	589.309998 	594.598022 
9.600000 	124.728996 	589.000000 	589.309998 	594.598022 
9.700000 	124.728996 	589.000000 	589.309998 	594.598022 
9.800000 	124.728996 	589.000000 	589.309998 	594.598022 
9.900000 	124.728996 	589.000000 	589.309998 	594.598022 
10.000000 	124.728996 	589.000000 	589.309998 	594.598022 
10.100000 	124.728996 	589.000000 	589.309998 	594.598022 
10.200000 	124.728996 	589.000000 	589.309998 	594.598022 
10.300000 	124.728996 	589.000000 	589.309998 	594.598022 
10.400000 	124.728996 	589.000000 	589.309998 	594.598022 
10.500000 	124.959999 	589.000000 	589.247009 	594.609009 
10.600000 	124.959999 	589.000000 	589.247009 	594.609009 
10.700000 	124.959999 	589.000000 	589.247009 	594.609009 
10.800000 	124.959999 	589.000000 	589.247009 	594.609009 
10.900000 	124.959999 	589.000000 	589.247009 	594.609009 
11.000000 	124.959999 	589.000000 	589.247009 	594.609009 
11.100000 	124.959999 	589.000000 	589.247009 	594.609009 
11.200000 	124.959999 	589.000000 	589.247009 	594.609009 
11.300000 	124.959999 	589.000000 	589.247009 	594.609009 
11.400000 	124.959999 	589.000000 	589.247009 	594.609009 
11.500000 	125.137001 	589.000000 	589.197998 	594.622009 
11.600000 	125.137001 	589.000000 	589.197998 	594.622009 
11.700000 	125.137001 	589.000000 	589.197998 	594.622009 
11.800000 	125.137001 	589.000000 	589.197998 	594.622009 
11.900000 	125.137001 	589.000000 	589.197998 	594.622009 
12.000000 	125.137001 	589.000000 	589.197998 	594.622009 
12.100000 	125.137001 	589.000000 	589.197998 	594.622009 
12.200000 	125.137001 	589.000000 	589.197998 	594.622009 
12.300000 	125.137001 	589.000000 	589.197998 	594.622009 
12.400000 	125.137001 	589.000000 	589.197998 	594.622009 
12.500000 	125.277000 	589.000000 	589.158997 	594.635986 
12.600000 	125.277000 	589.000000 	589.158997 	594.635986 
12.700000 	125.277000 	589.000000 	589.158997 	594.635986 
12.800000 	125.277000 	589.000000 	589.158997 	594.635986 
12.900000 	125.277000 	589.000000 	589.158997 	594.635986 
13.000000 	125.277000 	589.000000 	589.158997 	594.635986 
13.100000 	125.277000 	589.000000 	589.158997 	594.635986 
13.200000 	125.277000 	589.000000 	589.158997 	594.635986 
13.300000 	125.277000 	589.000000 	589.158997 	594.635986 
13.400000 	125.277000 	589.000000 	589.158997 	594.635986 
13.500000 	125.389000 	589.000000 	589.127014 	594.651001 
13.600000 	125.389000 	589.000000 	589.127014 	594.651001 
13.700000 	125.389000 	589.000000 	589.127014 	594.651001 
13.800000 	125.389000 	589.000000 	589.127014 	594.651001 
13.900000 	125.389000 	589.000000 	589.127014 	594.651001 
14.000000 	125.389000 	589.000000 	589.127014 	594.651001 
14.100000 	125.389000 	589.000000 	589.127014 	594.651001 
14.200000 	125.389000 	589.000000 	589.127014 	594.651001 
14.300000 	125.389000 	589.000000 	589.127014 	594.651001 
14.400000 	125.389000 	589.000000 	589.127014 	594.651001 
14.500000 	125.481003 	589.000000 	589.101013 	594.668030 
14.600000 	125.481003 	589.000000 	589.101013 	594.668030 
14.700000 	125.481003 	589.000000 	589.101013 	594.668030 
14.800000 	125.481003 	589.000000 	589.101013 	594.668030 
14.900000 	125.481003 	589.000000 	589.101013 	594.668030 
15.000000 	125.481003 	589.000000 	589.101013 	594.668030 
15.100000 	125.481003 	589.000000 	589.101013 	594.668030 
15.200000 	125.481003 	589.000000 	589.101013 	594.668030 
15.300000 	125.481003 	589.000000 	589.101013 	594.668030 
15.400000 	125.481003 	589.000000 	589.101013 	594.668030 
15.500000 	125.556999 	589.000000 	589.078003 	594.685974 
15.600000 	125.556999 	589.000000 	589.078003 	594.685974 
15.700000 	125.556999 	589.000000 	589.078003 	594.685974 
15.800000 	125.556999 	589.000000 	589.078003 	594.685974 
15.900000 	125.556999 	589.000000 	589.078003 	594.685974 
16.000000 	125.556999 	589.000000 	589.078003 	594.685974 
16.100000 	125.556999 	589.000000 	589.078003 	594.685974 
16.200000 	125.556999 	589.000000 	589.078003 	594.685974 
16.300000 	125.556999 	589.000000 	589.078003 	594.685974 
16.400000 	125.556999 	589.000000 	589.078003 	594.685974 
16.500000 	125.621002 	589.000000 	589.059021 	594.703979 
16.600000 	125.621002 	589.000000 	589.059021 	594.703979 
16.700000 	125.621002 	589.000000 	589.059021 	594.703979 
16.800000 	125.621002 	589.000000 	589.059021 	594.703979 
16.900000 	125.621002 	589.000000 	589.059021 	594.703979 
17.000000 	125.621002 	589.000000 	589.059021 	594.703979 
17.100000 	125.621002 	589.000000 	589.059021 	594.703979 
17.200000 	125.621002 	589.000000 	589.059021 	594.703979 
17.300000 	125.621002 	589.000000 	589.059021 	594.703979 
17.400000 	125.621002 	589.000000 	589.059021 	594.703979 
17.500000 	125.676003 	589.000000 	589.043030 	594.723999 
17.600000 	125.676003 	589.000000 	589.043030 	594.723999 
17.700000 	125.676003 	589.000000 	589.043030 	594.723999 
17.800000 	125.676003 	589.000000 	589.043030 	594.723999 
17.900000 	125.676003 	589.000000 	589.043030 	594.723999 
18.000000 	125.676003 	589.000000 	589.043030 	594.723999 
18.100000 	125.676003 	589.000000 	589.043030 	594.723999 
18.200000 	125.676003 	589.000000 	589.043030 	594.723999 
18.300000 	125.676003 	589.000000 	589.043030 	594.723999 
18.400000 	125.676003 	589.000000 	589.043030 	594.723999 
18.500000 	125.723000 	589.000000 	589.028015 	594.744995 
18.600000 	125.723000 	589.000000 	589.028015 	594.744995 
18.700000 	125.723000 	589.000000 	589.028015 	594.744995 
18.800000 	125.723000 	589.000000 	589.028015 	594.744995 
18.900000 	125.723000 	589.000000 	589.028015 	594.744995 
19.000000 	125.723000 	589.000000 	589.028015 	594.744995 
19.100000 	125.723000 	589.000000 	589.028015 	594.744995 
19.200000 	125.723000 	589.000000 	589.028015 	594.744995 
19.300000 	125.723000 	589.000000 	589.028015 	594.744995 
19.400000 	125.723000 	589.000000 	589.028015 	594.744995 
19.500000 	125.764000 	589.000000 	589.013977 	594.765991 
19.600000 	125.764000 	589.000000 	589.013977 	594.765991 
19.700000 	125.764000 	589.000000 	589.013977 	594.765991 
19.800000 	125.764000 	589.000000 	589.013977 	594.765991 
19.900000 	125.764000 	589.000000 	589.013977 	594.765991 
20.000000 	125.764000 	589.000000 	589.013977 	594.765991 
20.100000 	125.764000 	589.000000 	589.013977 	594.765991 
20.200000 	125.764000 	589.000000 	589.013977 	594.765991 
20.300000 	125.764000 	589.000000 	589.013977 	594.765991 
20.400000 	125.764000 	589.000000 	589.013977 	594.765991 
20.500000 	125.800003 	589.000000 	589.002014 	594.789001 
20.600000 	125.800003 	589.000000 	589.002014 	594.789001 
20.700000 	125.800003 	589.000000 	589.002014 	594.789001 
20.800000 	125.800003 	589.000000 	589.002014 	594.789001 
20.900000 	125.800003 	589.000000 	589.002014 	594.789001 
21.000000 	125.800003 	589.000000 	589.002014 	594.789001 
21.100000 	125.800003 	589.000000 	589.002014 	594.789001 
21.200000 	125.800003 	589.000000 	589.002014 	594.789001 
21.300000 	125.800003 	589.000000 	589.002014 	594.789001 
21.400000 	125.800003 	589.000000 	589.002014 	594.789001 
21.500000 	125.832001 	589.000000 	588.989990 	594.812012 
21.600000 	125.832001 	589.000000 	588.989990 	594.812012 
21.700000 	125.832001 	589.000000 	588.989990 	594.812012 
21.800000 	125.832001 	589.000000 	588.989990 	594.812012 
21.900000 	125.832001 	589.000000 	588.989990 	594.812012 
22.000000 	125.832001 	589.000000 	588.989990 	594.812012 
22.100000 	125.832001 	589.000000 	588.989990 	594.812012 
22.200000 	125.832001 	589.000000 	588.989990 	594.812012 
22.300000 	125.832001 	589.000000 	588.989990 	594.812012 
22.400000 	125.832001 	589.000000 	588.989990 	594.812012 
22.500000 	125.861000 	589.000000 	588.979004 	594.835999 
22.600000 	125.861000 	589.000000 	588.979004 	594.835999 
22.700000 	125.861000 	589.000000 	588.979004 	594.835999 
22.800000 	125.861000 	589.000000 	588.979004 	594.835999 
22.900000 	125.861000 	589.000000 	588.979004 	594.835999 
23.000000 	125.861000 	589.000000 	588.979004 	594.835999 
23.100000 	125.861000 	589.000000 	588.979004 	594.835999 
23.200000 	125.861000 	589.000000 	588.979004 	594.835999 
23.300000 	125.861000 	589.000000 	588.979004 	594.835999 
23.400000 	125.861000 	589.000000 	588.979004 	594.835999 
23.500000 	125.887001 	589.000000 	588.968018 	594.859985 
23.600000 	125.887001 	589.000000 	588.968018 	594.859985 
23.700000 	125.887001 	589.000000 	588.968018 	594.859985 
23.800000 	125.887001 	589.000000 	588.968018 	594.859985 
23.900000 	125.887001 	589.000000 	588.968018 	594.859985 
24.000000 	125.887001 	589.000000 	588.968018 	594.859985 
24.100000 	125.887001 	589.000000 	588.968018 	594.859985 
24.200000 	125.887001 	589.000000 	588.968018 	594.859985 
24.300000 	125.887001 	589.000000 	588.968018 	594.859985 
24.400000 	125.887001 	589.000000 	588.968018 	594.859985 
24.500000 	125.911003 	589.000000 	588.958008 	594.885010 
24.600000 	125.911003 	589.000000 	588.958008 	594.885010 
24.700000 	125.911003 	589.000000 	588.958008 	594.885010 
24.800000 	125.911003 	589.000000 	588.958008 	594.885010 
24.900000 	125.911003 	589.000000 	588.958008 	594.885010 
25.000000 	125.911003 	589.000000 	588.958008 	594.885010 
25.100000 	125.911003 	589.000000 	588.958008 	594.885010 
25.200000 	125.911003 	589.000000 	588.958008 	594.885010 
25.300000 	125.911003 	589.000000 	588.958008 	594.885010 
25.400000 	125.911003 	589.000000 	588.958008 	594.885010 
25.500000 	125.931999 	589.000000 	588.947998 	594.911011 
25.600000 	125.931999 	589.000000 	588.947998 	594.911011 
25.700000 	125.931999 	589.000000 	588.947998 	594.911011 
25.800000 	125.931999 	589.000000 	588.947998 	594.911011 
25.900000 	125.931999 	589.000000 	588.947998 	594.911011 
26.000000 	125.931999 	589.000000 	588.947998 	594.911011 
26.100000 	125.931999 	589.000000 	588.947998 	594.911011 
26.200000 	125.931999 	589.000000 	588.947998 	594.911011 
26.300000 	125.931999 	589.000000 	588.947998 	594.911011 
26.400000 	125.931999 	589.000000 	588.947998 	594.911011 
26.500000 	125.952003 	589.000000 	588.937988 	594.937012 
26.600000 	125.952003 	589.000000 	588.937988 	594.937012 
26.700000 	125.952003 	589.000000 	588.937988 	594.937012 
26.800000 	125.952003 	589.000000 	588.937988 	594.937012 
26.900000 	125.952003 	589.000000 	588.937988 	594.937012 
27.000000 	125.952003 	589.000000 	588.937988 	594.937012 
27.100000 	125.952003 	589.000000 	588.937988 	594.937012 
27.200000 	125.952003 	589.000000 	588.937988 	594.937012 
27.300000 	125.952003 	589.000000 	588.937988 	594.937012 
27.400000 	125.952003 	589.000000 	588.937988 	594.937012 
27.500000 	125.970001 	589.000000 	588.927979 	594.963989 
27.600000 	125.970001 	589.000000 	588.927979 	594.963989 
27.700000 	125.970001 	589.000000 	588.927979 	594.963989 
27.800000 	125.970001 	589.000000 	588.927979 	594.963989 
27.900000 	125.970001 	589.000000 	588.927979 	594.963989 
28.000000 	125.970001 	589.000000 	588.927979 	594.963989 
28.100000 	125.970001 	589.000000 	588.927979 	594.963989 
28.200000 	125.970001 	589.000000 	588.927979 	594.963989 
28.300000 	125.970001 	589.000000 	588.927979 	594.963989 
28.400000 	125.970001 	589.000000 	588.927979 	594.963989 
28.500000 	125.987999 	589.000000 	588.919006 	594.991028 
28.600000 	125.987999 	589.000000 	588.919006 	594.991028 
28.700000 	125.987999 	589.000000 	588.919006 	594.991028 
28.800000 	125.987999 	589.000000 	588.919006 	594.991028 
28.900000 	125.987999 	589.000000 	588.919006 	594.991028 
29.000000 	125.987999 	589.000000 	588.919006 	594.991028 
29.100000 	125.987999 	589.000000 	588.919006 	594.991028 
29.200000 	125.987999 	589.000000 	588.919006 	594.991028 
29.300000 	125.987999 	589.000000 	588.919006 	594.991028 
29.400000 	125.987999 	589.000000 	588.919006 	594.991028 
29.500000 	126.003998 	589.000000 	588.908997 	595.018005 
29.600000 	126.003998 	589.000000 	588.908997 	595.018005 
29.700000 	126.003998 	589.000000 	588.908997 	595.018005 
29.800000 	126.003998 	589.000000 	588.908997 	595.018005 
29.900000 	126.003998 	589.000000 	588.908997 	595.018005 
30.000000 	126.003998 	589.000000 	588.908997 	595.018005 
30.100000 	126.003998 	589.000000 	588.908997 	595.018005 
30.200000 	126.003998 	589.000000 	588.908997 	595.018005 
30.300000 	126.003998 	589.000000 	588.908997 	595.018005 
30.400000 	126.003998 	589.000000 	588.908997 	595.018005 
30.500000 	126.018997 	589.000000 	588.898987 	595.046021 
30.600000 	126.018997 	589.000000 	588.898987 	595.046021 
30.700000 	126.018997 	589.000000 	588.898987 	595.046021 
30.800000 	126.018997 	589.000000 	588.898987 	595.046021 
30.900000 	126.018997 	589.000000 	588.898987 	595.046021 
31.000000 	126.018997 	589.000000 	588.898987 	595.046021 
31.100000 	126.018997 	589.000000 	588.898987 	595.046021 
31.200000 	126.018997 	589.000000 	588.898987 	595.046021 
31.300000 	126.018997 	589.000000 	588.898987 	595.046021 
31.400000 	126.018997 	589.000000 	588.898987 	595.046021 
31.500000 	126.033997 	589.000000 	588.888000 	595.073975 
31.600000 	126.033997 	589.000000 	588.888000 	595.073975 
31.700000 	126.033997 	589.000000 	588.888000 	595.073975 
31.800000 	126.033997 	589.000000 	588.888000 	595.073975 
31.900000 	126.033997 	589.000000 	588.888000 	595.073975 
32.000000 	126.033997 	589.000000 	588.888000 	595.073975 
32.100000 	126.033997 	589.000000 	588.888000 	595.073975 
32.200000 	126.033997 	589.000000 	588.888000 	595.073975 
32.300000 	126.033997 	589.000000 	588.888000 	595.073975 
32.400000 	126.033997 	589.000000 	588.888000 	595.073975 
32.500000 	126.047997 	589.000000 	588.877991 	595.103027 
32.600000 	126.047997 	589.000000 	588.877991 	595.103027 
32.700000 	126.047997 	589.000000 	588.877991 	595.103027 
32.800000 	126.047997 	589.000000 	588.877991 	595.103027 
32.900000 	126.047997 	589.000000 	588.877991 	595.103027 
33.000000 	126.047997 	589.000000 	588.877991 	595.103027 
33.100000 	126.047997 	589.000000 	588.877991 	595.103027 
33.200000 	126.047997 	589.000000 	588.877991 	595.103027 
33.300000 	126.047997 	589.000000 	588.877991 	595.103027 
33.400000 	126.047997 	589.000000 	588.877991 	595.103027 
33.500000 	126.060997 	589.000000 	588.867004 	595.132019 
33.600000 	126.060997 	589.000000 	588.867004 	595.132019 
33.700000 	126.060997 	589.000000 	588.867004 	595.132019 
33.800000 	126.060997 	589.000000 	588.867004 	595.132019 
33.900000 	126.060997 	589.000000 	588.867004 	595.132019 
34.000000 	126.060997 	589.000000 	588.867004 	595.132019 
34.100000 	126.060997 	589.000000 	588.867004 	595.132019 
34.200000 	126.060997 	589.000000 	588.867004 	595.132019 
34.300000 	126.060997 	589.000000 	588.867004 	595.132019 
34.400000 	126.060997 	589.000000 	588.867004 	595.132019 
34.500000 	126.073997 	589.000000 	588.856018 	595.161011 
34.600000 	126.073997 	589.000000 	588.856018 	595.161011 
34.700000 	126.073997 	589.000000 	588.856018 	595.161011 
34.800000 	126.073997 	589.000000 	588.856018 	595.161011 
34.900000 	126.073997 	589.000000 	588.856018 	595.161011 
35.000000 	126.073997 	589.000000 	588.856018 	595.161011 
35.100000 	126.073997 	589.000000 	588.856018 	595.161011 
35.200000 	126.073997 	589.000000 	588.856018 	595.161011 
35.300000 	126.073997 	589.000000 	588.856018 	595.161011 
35.400000 	126.073997 	589.000000 	588.856018 	595.161011 
35.500000 	126.085999 	589.000000 	588.843994 	595.190002 
35.600000 	126.085999 	589.000000 	588.843994 	595.190002 
35.700000 	126.085999 	589.000000 	588.843994 	595.190002 
35.800000 	126.085999 	589.000000 	588.843994 	595.190002 
35.900000 	126.085999 	589.000000 	588.843994 	595.190002 
36.000000 	126.085999 	589.000000 	588.843994 	595.190002 
36.100000 	126.085999 	589.000000 	588.843994 	595.190002 
36.200000 	126.085999 	589.000000 	588.843994 	595.190002 
36.300000 	126.085999 	589.000000 	588.843994 	595.190002 
36.400000 	126.085999 	589.000000 	588.843994 	595.190002 
36.500000 	126.098000 	589.000000 	588.833008 	595.218994 
36.600000 	126.098000 	589.000000 	588.833008 	595.218994 
36.700000 	126.098000 	589.000000 	588.833008 	595.218994 
36.800000 	126.098000 	589.000000 	588.833008 	595.218994 
36.900000 	126.098000 	589.000000 	588.833008 	595.218994 
37.000000 	126.098000 	589.000000 	588.833008 	595.218994 
37.100000 	126.098000 	589.000000 	588.833008 	595.218994 
37.200000 	126.098000 	589.000000 	588.833008 	595.218994 
37.300000 	126.098000 	589.000000 	588.833008 	595.218994 
37.400000 	126.098000 	589.000000 	588.833008 	595.218994 
37.500000 	126.110001 	589.000000 	588.820007 	595.247986 
37.600000 	126.110001 	589.000000 	588.820007 	595.247986 
37.700000 	126.110001 	589.000000 	588.820007 	595.247986 
37.800000 	126.110001 	589.000000 	588.820007 	595.247986 
37.900000 	126.110001 	589.000000 	588.820007 	595.247986 
38.000000 	126.110001 	589.000000 	588.820007 	595.247986 
38.100000 	126.110001 	589.000000 	588.820007 	595.247986 
38.200000 	126.110001 	589.000000 	588.820007 	595.247986 
38.300000 	126.110001 	589.000000 	588.820007 	595.247986 
38.400000 	126.110001 	589.000000 	588.820007 	595.247986 
38.500000 	126.121002 	589.000000 	588.807007 	595.278015 
38.600000 	126.121002 	589.000000 	588.807007 	595.278015 
38.700000 	126.121002 	589.000000 	588.807007 	595.278015 
38.800000 	126.121002 	589.000000 	588.807007 	595.278015 
38.900000 	126.121002 	589.000000 	588.807007 	595.278015 
39.000000 	126.121002 	589.000000 	588.807007 	595.278015 
39.100000 	126.121002 	589.000000 	588.807007 	595.278015 
39.200000 	126.121002 	589.000000 	588.807007 	595.278015 
39.300000 	126.121002 	589.000000 	588.807007 	595.278015 
39.400000 	126.121002 	589.000000 	588.807007 	595.278015 
39.500000 	126.132004 	589.000000 	588.794006 	595.307007 
39.600000 	126.132004 	589.000000 	588.794006 	595.307007 
39.700000 	126.132004 	589.000000 	588.794006 	595.307007 
39.800000 	126.132004 	589.000000 	588.794006 	595.307007 
39.900000 	126.132004 	589.000000 	588.794006 	595.307007 
40.000000 	126.132004 	589.000000 	588.794006 	595.307007 
40.100000 	126.132004 	589.000000 	588.794006 	595.307007 
40.200000 	126.132004 	589.000000 	588.794006 	595.307007 
40.300000 	126.132004 	589.000000 	588.794006 	595.307007 
40.400000 	126.132004 	589.000000 	588.794006 	595.307007 
40.500000 	126.142998 	589.000000 	588.780029 	595.336975 
40.600000 	126.142998 	589.000000 	588.780029 	595.336975 
40.700000 	126.142998 	589.000000 	588.780029 	595.336975 
40.800000 	126.142998 	589.000000 	588.780029 	595.336975 
40.900000 	126.142998 	589.000000 	588.780029 	595.336975 
41.000000 	126.142998 	589.000000 	588.780029 	595.336975 
41.100000 	126.142998 	589.000000 	588.780029 	595.336975 
41.200000 	126.142998 	589.000000 	588.780029 	595.336975 
41.300000 	126.142998 	589.000000 	588.780029 	595.336975 
41.400000 	126.142998 	589.000000 	588.780029 	595.336975 
41.500000 	126.153999 	589.000000 	588.765991 	595.366028 
41.600000 	126.153999 	589.000000 	588.765991 	595.366028 
41.700000 	126.153999 	589.000000 	588.765991 	595.366028 
41.800000 	126.153999 	589.000000 	588.765991 	595.366028 
41.900000 	126.153999 	589.000000 	588.765991 	595.366028 
42.000000 	126.153999 	589.000000 	588.765991 	595.366028 
42.100000 	126.153999 	589.000000 	588.765991 	595.366028 
42.200000 	126.153999 	589.000000 	588.765991 	595.366028 
42.300000 	126.153999 	589.000000 	588.765991 	595.366028 
42.400000 	126.153999 	589.000000 	588.765991 	595.366028 
42.500000 	126.164001 	589.000000 	588.750977 	595.395020 
42.600000 	126.164001 	589.000000 	588.750977 	595.395020 
42.700000 	126.164001 	589.000000 	588.750977 	595.395020 
42.800000 	126.164001 	589.000000 	588.750977 	595.395020 
42.900000 	126.164001 	589.000000 	588.750977 	595.395020 
43.000000 	126.164001 	589.000000 	588.750977 	595.395020 
43.100000 	126.164001 	589.000000 	588.750977 	595.395020 
43.200000 	126.164001 	589.000000 	588.750977 	595.395020 
43.300000 	126.164001 	589.000000 	588.750977 	595.395020 
43.400000 	126.164001 	589.000000 	588.750977 	595.395020 
43.500000 	126.175003 	589.000000 	588.734985 	595.424011 
43.600000 	126.175003 	589.000000 	588.734985 	595.424011 
43.700000 	126.175003 	589.000000 	588.734985 	595.424011 
43.800000 	126.175003 	589.000000 	588.734985 	595.424011 
43.900000 	126.175003 	589.000000 	588.734985 	595.424011 
44.000000 	126.175003 	589.000000 	588.734985 	595.424011 
44.100000 	126.175003 	589.000000 	588.734985 	595.424011 
44.200000 	126.175003 	589.000000 	588.734985 	595.424011 
44.300000 	126.175003 	589.000000 	588.734985 	595.424011 
44.400000 	126.175003 	589.000000 	588.734985 	595.424011 
44.500000 	126.184998 	589.000000 	588.718994 	595.453003 
44.600000 	126.184998 	589.000000 	588.718994 	595.453003 
44.700000 	126.184998 	589.000000 	588.718994 	595.453003 
44.800000 	126.184998 	589.000000 	588.718994 	595.453003 
44.900000 	126.184998 	589.000000 	588.718994 	595.453003 
45.000000 	126.184998 	589.000000 	588.718994 	595.453003 
45.100000 	126.184998 	589.000000 	588.718994 	595.453003 
45.200000 	126.184998 	589.000000 	588.718994 	595.453003 
45.300000 	126.184998 	589.000000 	588.718994 	595.453003 
45.400000 	126.184998 	589.000000 	588.718994 	595.453003 
45.500000 	126.195999 	589.000000 	588.702026 	595.481995 
45.600000 	126.195999 	589.000000 	588.702026 	595.481995 
45.700000 	126.195999 	589.000000 	588.702026 	595.481995 
45.800000 	126.195999 	589.000000 	588.702026 	595.481995 
45.900000 	126.195999 	589.000000 	588.702026 	595.481995 
46.000000 	126.195999 	589.000000 	588.702026 	595.481995 
46.100000 	126.195999 	589.000000 	588.702026 	595.481995 
46.200000 	126.195999 	589.000000 	588.702026 	595.481995 
46.300000 	126.195999 	589.000000 	588.702026 	595.481995 
46.400000 	126.195999 	589.000000 	588.702026 	595.481995 
46.500000 	126.206001 	589.000000 	588.684021 	595.510010 
46.600000 	126.206001 	589.000000 	588.684021 	595.510010 
46.700000 	126.206001 	589.000000 	588.684021 	595.510010 
46.800000 	126.206001 	589.000000 	588.684021 	595.510010 
46.900000 	126.206001 	589.000000 	588.684021 	595.510010 
47.000000 	126.206001 	589.000000 	588.684021 	595.510010 
47.100000 	126.206001 	589.000000 	588.684021 	595.510010 
47.200000 	126.206001 	589.000000 	588.684021 	595.510010 
47.300000 	126.206001 	589.000000 	588.684021 	595.510010 
47.400000 	126.206001 	589.000000 	588.684021 	595.510010 
47.500000 	126.216003 	589.000000 	588.664978 	595.538025 
47.600000 	126.216003 	589.000000 	588.664978 	595.538025 
47.700000 	126.216003 	589.000000 	588.664978 	595.538025 
47.800000 	126.216003 	589.000000 	588.664978 	595.538025 
47.900000 	126.216003 	589.000000 	588.664978 	595.538025 
48.000000 	126.216003 	589.000000 	588.664978 	595.538025 
48.100000 	126.216003 	589.000000 	588.664978 	595.538025 
48.200000 	126.216003 	589.000000 	588.664978 	595.538025 
48.300000 	126.216003 	589.000000 	588.664978 	595.538025 
48.400000 	126.216003 	589.000000 	588.664978 	595.538025 
48.500000 	126.225998 	589.000000 	588.645996 	595.565979 
48.600000 	126.225998 	589.000000 	588.645996 	595.565979 
48.700000 	126.225998 	589.000000 	588.645996 	595.565979 
48.800000 	126.225998 	589.000000 	588.645996 	595.565979 
48.900000 	126.225998 	589.000000 	588.645996 	595.565979 
49.000000 	126.225998 	589.000000 	588.645996 	595.565979 
49.100000 	126.225998 	589.000000 	588.645996 	595.565979 
49.200000 	126.225998 	589.000000 	588.645996 	595.565979 
49.300000 	126.225998 	589.000000 	588.645996 	595.565979 
49.400000 	126.225998 	589.000000 	588.645996 	595.565979 
49.500000 	126.236000 	589.000000 	588.625977 	595.593018 
49.600000 	126.236000 	589.000000 	588.625977 	595.593018 
49.700000 	126.236000 	589.000000 	588.625977 	595.593018 
49.800000 	126.236000 	589.000000 	588.625977 	595.593018 
49.900000 	126.236000 	589.000000 	588.625977 	595.593018 
50.000000 	126.236000 	589.000000 	588.625977 	595.593018 
50.100000 	126.236000 	589.000000 	588.625977 	595.593018 
50.200000 	126.236000 	589.000000 	588.625977 	595.593018 
50.300000 	126.236000 	589.000000 	588.625977 	595.593018 
50.400000 	126.236000 	589.000000 	588.625977 	595.593018 
50.500000 	126.246002 	589.000000 	588.604980 	595.620972 
50.600000 	126.246002 	589.000000 	588.604980 	595.620972 
50.700000 	126.246002 	589.000000 	588.604980 	595.620972 
50.800000 	126.246002 	589.000000 	588.604980 	595.620972 
50.900000 	126.246002 	589.000000 	588.604980 	595.620972 
51.000000 	126.246002 	589.000000 	588.604980 	595.620972 
51.100000 	126.246002 	589.000000 	588.604980 	595.620972 
51.200000 	126.246002 	589.000000 	588.604980 	595.620972 
51.300000 	126.246002 	589.000000 	588.604980 	595.620972 
51.400000 	126.246002 	589.000000 	588.604980 	595.620972 
51.500000 	126.257004 	589.000000 	588.583008 	595.646973 
51.600000 	126.257004 	589.000000 	588.583008 	595.646973 
51.700000 	126.257004 	589.000000 	588.583008 	595.646973 
51.800000 	126.257004 	589.000000 	588.583008 	595.646973 
51.900000 	126.257004 	589.000000 	588.583008 	595.646973 
52.000000 	126.257004 	589.000000 	588.583008 	595.646973 
52.100000 	126.257004 	589.000000 	588.583008 	595.646973 
52.200000 	126.257004 	589.000000 	588.583008 	595.646973 
52.300000 	126.257004 	589.000000 	588.583008 	595.646973 
52.400000 	126.257004 	589.000000 	588.583008 	595.646973 
52.500000 	126.266998 	589.000000 	588.559998 	595.672974 
52.600000 	126.266998 	589.000000 	588.559998 	595.672974 
52.700000 	126.266998 	589.000000 	588.559998 	595.672974 
52.800000 	126.266998 	589.000000 	588.559998 	595.672974 
52.900000 	126.266998 	589.000000 	588.559998 	595.672974 
53.000000 	126.266998 	589.000000 	588.559998 	595.672974 
53.100000 	126.266998 	589.000000 	588.559998 	595.672974 
53.200000 	126.266998 	589.000000 	588.559998 	595.672974 
53.300000 	126.266998 	589.000000 	588.559998 	595.672974 
53.400000 	126.266998 	589.000000 	588.559998 	595.672974 
53.500000 	126.277000 	589.000000 	588.536011 	595.698975 
53.600000 	126.277000 	589.000000 	588.536011 	595.698975 
53.700000 	126.277000 	589.000000 	588.536011 	595.698975 
53.800000 	126.277000 	589.000000 	588.536011 	595.698975 
53.900000 	126.277000 	589.000000 	588.536011 	595.698975 
54.000000 	126.277000 	589.000000 	588.536011 	595.698975 
54.100000 	126.277000 	589.000000 	588.536011 	595.698975 
54.200000 	126.277000 	589.000000 	588.536011 	595.698975 
54.300000 	126.277000 	589.000000 	588.536011 	595.698975 
54.400000 	126.277000 	589.000000 	588.536011 	595.698975 
54.500000 	126.287003 	589.000000 	588.510986 	595.723999 
54.600000 	126.287003 	589.000000 	588.510986 	595.723999 
54.700000 	126.287003 	589.000000 	588.510986 	595.723999 
54.800000 	126.287003 	589.000000 	588.510986 	595.723999 
54.900000 	126.287003 	589.000000 	588.510986 	595.723999 
55.000000 	126.287003 	589.000000 	588.510986 	595.723999 
55.100000 	126.287003 	589.000000 	588.510986 	595.723999 
55.200000 	126.287003 	589.000000 	588.510986 	595.723999 
55.300000 	126.287003 	589.000000 	588.510986 	595.723999 
55.400000 	126.287003 	589.000000 	588.510986 	595.723999 
55.500000 	126.297997 	589.000000 	588.484009 	595.747986 
55.600000 	126.297997 	589.000000 	588.484009 	595.747986 
55.700000 	126.297997 	589.000000 	588.484009 	595.747986 
55.800000 	126.297997 	589.000000 	588.484009 	595.747986 
55.900000 	126.297997 	589.000000 	588.484009 	595.747986 
56.000000 	126.297997 	589.000000 	588.484009 	595.747986 
56.100000 	126.297997 	589.000000 	588.484009 	595.747986 
56.200000 	126.297997 	589.000000 	588.484009 	595.747986 
56.300000 	126.297997 	589.000000 	588.484009 	595.747986 
56.400000 	126.297997 	589.000000 	588.484009 	595.747986 
56.500000 	126.307999 	589.000000 	588.456970 	595.771973 
56.600000 	126.307999 	589.000000 	588.456970 	595.771973 
56.700000 	126.307999 	589.000000 	588.456970 	595.771973 
56.800000 	126.307999 	589.000000 	588.456970 	595.771973 
56.900000 	126.307999 	589.000000 	588.456970 	595.771973 
57.000000 	126.307999 	589.000000 	588.456970 	595.771973 
57.100000 	126.307999 	589.000000 	588.456970 	595.771973 
57.200000 	126.307999 	589.000000 	588.456970 	595.771973 
57.300000 	126.307999 	589.000000 	588.456970 	595.771973 
57.400000 	126.307999 	589.000000 	588.456970 	595.771973 
57.500000 	126.319000 	589.000000 	588.429016 	595.794983 
57.600000 	126.319000 	589.000000 	588.429016 	595.794983 
57.700000 	126.319000 	589.000000 	588.429016 	595.794983 
57.800000 	126.319000 	589.000000 	588.429016 	595.794983 
57.900000 	126.319000 	589.000000 	588.429016 	595.794983 
58.000000 	126.319000 	589.000000 	588.429016 	595.794983 
58.100000 	126.319000 	589.000000 	588.429016 	595.794983 
58.200000 	126.319000 	589.000000 	588.429016 	595.794983 
58.300000 	126.319000 	589.000000 	588.429016 	595.794983 
58.400000 	126.319000 	589.000000 	588.429016 	595.794983 
58.500000 	126.329002 	589.000000 	588.398987 	595.817993 
58.600000 	126.329002 	589.000000 	588.398987 	595.817993 
58.700000 	126.329002 	589.000000 	588.398987 	595.817993 
58.800000 	126.329002 	589.000000 	588.398987 	595.817993 
58.900000 	126.329002 	589.000000 	588.398987 	595.817993 
59.000000 	126.329002 	589.000000 	588.398987 	595.817993 
59.100000 	126.329002 	589.000000 	588.398987 	595.817993 
59.200000 	126.329002 	589.000000 	588.398987 	595.817993 
59.300000 	126.329002 	589.000000 	588.398987 	595.817993 
59.400000 	126.329002 	589.000000 	588.398987 	595.817993 
59.500000 	126.339996 	589.000000 	588.367981 	595.838989 
59.600000 	126.339996 	589.000000 	588.367981 	595.838989 
59.700000 	126.339996 	589.000000 	588.367981 	595.838989 
59.800000 	126.339996 	589.000000 	588.367981 	595.838989 
59.900000 	126.339996 	589.000000 	588.367981 	595.838989 
60.000000 	126.339996 	589.000000 	588.367981 	595.838989 
