0.500000 	93.025803 	891.000000 	896.862000 	893.228027 
0.600000 	93.025803 	891.000000 	896.862000 	893.228027 
0.700000 	93.025803 	891.000000 	896.862000 	893.228027 
0.800000 	93.025803 	891.000000 	896.862000 	893.228027 
0.900000 	93.025803 	891.000000 	896.862000 	893.228027 
1.000000 	93.025803 	891.000000 	896.862000 	893.228027 
1.100000 	93.025803 	891.000000 	896.862000 	893.228027 
1.200000 	93.025803 	891.000000 	896.862000 	893.228027 
1.300000 	93.025803 	891.000000 	896.862000 	893.228027 
1.400000 	93.025803 	891.000000 	896.862000 	893.228027 
1.500000 	104.165001 	891.000000 	894.453979 	894.721985 
1.600000 	104.165001 	891.000000 	894.453979 	894.721985 
1.700000 	104.165001 	891.000000 	894.453979 	894.721985 
1.800000 	104.165001 	891.000000 	894.453979 	894.721985 
1.900000 	104.165001 	891.000000 	894.453979 	894.721985 
2.000000 	104.165001 	891.000000 	894.453979 	894.721985 
2.100000 	104.165001 	891.000000 	894.453979 	894.721985 
2.200000 	104.165001 	891.000000 	894.453979 	894.721985 
2.300000 	104.165001 	891.000000 	894.453979 	894.721985 
2.400000 	104.165001 	891.000000 	894.453979 	894.721985 
2.500000 	114.049004 	891.000000 	892.872009 	894.760986 
2.600000 	114.049004 	891.000000 	892.872009 	894.760986 
2.700000 	114.049004 	891.000000 	892.872009 	894.760986 
2.800000 	114.049004 	891.000000 	892.872009 	894.760986 
2.900000 	114.049004 	891.000000 	892.872009 	894.760986 
3.000000 	114.049004 	891.000000 	892.872009 	894.760986 
3.100000 	114.049004 	891.000000 	892.872009 	894.760986 
3.200000 	114.049004 	891.000000 	892.872009 	894.760986 
3.300000 	114.049004 	891.000000 	892.872009 	894.760986 
3.400000 	114.049004 	891.000000 	892.872009 	894.760986 
3.500000 	118.754997 	891.000000 	892.111023 	894.760010 
3.600000 	118.754997 	891.000000 	892.111023 	894.760010 
3.700000 	118.754997 	891.000000 	892.111023 	894.760010 
3.800000 	118.754997 	891.000000 	892.111023 	894.760010 
3.900000 	118.754997 	891.000000 	892.111023 	894.760010 
4.000000 	118.754997 	891.000000 	892.111023 	894.760010 
4.100000 	118.754997 	891.000000 	892.111023 	894.760010 
4.200000 	118.754997 	891.000000 	892.111023 	894.760010 
4.300000 	118.754997 	891.000000 	892.111023 	894.760010 
4.400000 	118.754997 	891.000000 	892.111023 	894.760010 
4.500000 	121.206001 	891.000000 	891.710022 	894.757019 
4.600000 	121.206001 	891.000000 	891.710022 	894.757019 
4.700000 	121.206001 	891.000000 	891.710022 	894.757019 
4.800000 	121.206001 	891.000000 	891.710022 	894.757019 
4.900000 	121.206001 	891.000000 	891.710022 	894.757019 
5.000000 	121.206001 	891.000000 	891.710022 	894.757019 
5.100000 	121.206001 	891.000000 	891.710022 	894.757019 
5.200000 	121.206001 	891.000000 	891.710022 	894.757019 
5.300000 	121.206001 	891.000000 	891.710022 	894.757019 
5.400000 	121.206001 	891.000000 	891.710022 	894.757019 
5.500000 	122.617996 	891.000000 	891.476990 	894.757019 
5.600000 	122.617996 	891.000000 	891.476990 	894.757019 
5.700000 	122.617996 	891.000000 	891.476990 	894.757019 
5.800000 	122.617996 	891.000000 	891.476990 	894.757019 
5.900000 	122.617996 	891.000000 	891.476990 	894.757019 
6.000000 	122.617996 	891.000000 	891.476990 	894.757019 
6.100000 	122.617996 	891.000000 	891.476990 	894.757019 
6.200000 	122.617996 	891.000000 	891.476990 	894.757019 
6.300000 	122.617996 	891.000000 	891.476990 	894.757019 
6.400000 	122.617996 	891.000000 	891.476990 	894.757019 
6.500000 	123.500999 	891.000000 	891.330994 	894.757996 
6.600000 	123.500999 	891.000000 	891.330994 	894.757996 
6.700000 	123.500999 	891.000000 	891.330994 	894.757996 
6.800000 	123.500999 	891.000000 	891.330994 	894.757996 
6.900000 	123.500999 	891.000000 	891.330994 	894.757996 
7.000000 	123.500999 	891.000000 	891.330994 	894.757996 
7.100000 	123.500999 	891.000000 	891.330994 	894.757996 
7.200000 	123.500999 	891.000000 	891.330994 	894.757996 
7.300000 	123.500999 	891.000000 	891.330994 	894.757996 
7.400000 	123.500999 	891.000000 	891.330994 	894.757996 
7.500000 	124.086998 	891.000000 	891.232971 	894.760010 
7.600000 	124.086998 	891.000000 	891.232971 	894.760010 
7.700000 	124.086998 	891.000000 	891.232971 	894.760010 
7.800000 	124.086998 	891.000000 	891.232971 	894.760010 
7.900000 	124.086998 	891.000000 	891.232971 	894.760010 
8.000000 	124.086998 	891.000000 	891.232971 	894.760010 
8.100000 	124.086998 	891.000000 	891.232971 	894.760010 
8.200000 	124.086998 	891.000000 	891.232971 	894.760010 
8.300000 	124.086998 	891.000000 	891.232971 	894.760010 
8.400000 	124.086998 	891.000000 	891.232971 	894.760010 
8.500000 	124.496002 	891.000000 	891.163025 	894.763000 
8.600000 	124.496002 	891.000000 	891.163025 	894.763000 
8.700000 	124.496002 	891.000000 	891.163025 	894.763000 
8.800000 	124.496002 	891.000000 	891.163025 	894.763000 
8.900000 	124.496002 	891.000000 	891.163025 	894.763000 
9.000000 	124.496002 	891.000000 	891.163025 	894.763000 
9.100000 	124.496002 	891.000000 	891.163025 	894.763000 
9.200000 	124.496002 	891.000000 	891.163025 	894.763000 
9.300000 	124.496002 	891.000000 	891.163025 	894.763000 
9.400000 	124.496002 	891.000000 	891.163025 	894.763000 
9.500000 	124.792999 	891.000000 	891.112000 	894.767029 
9.600000 	124.792999 	891.000000 	891.112000 	894.767029 
9.700000 	124.792999 	891.000000 	891.112000 	894.767029 
9.800000 	124.792999 	891.000000 	891.112000 	894.767029 
9.900000 	124.792999 	891.000000 	891.112000 	894.767029 
10.000000 	124.792999 	891.000000 	891.112000 	894.767029 
10.100000 	124.792999 	891.000000 	891.112000 	894.767029 
10.200000 	124.792999 	891.000000 	891.112000 	894.767029 
10.300000 	124.792999 	891.000000 	891.112000 	894.767029 
10.400000 	124.792999 	891.000000 	891.112000 	894.767029 
10.500000 	125.015999 	891.000000 	891.072998 	894.770996 
10.600000 	125.015999 	891.000000 	891.072998 	894.770996 
10.700000 	125.015999 	891.000000 	891.072998 	894.770996 
10.800000 	125.015999 	891.000000 	891.072998 	894.770996 
10.900000 	125.015999 	891.000000 	891.072998 	894.770996 
11.000000 	125.015999 	891.000000 	891.072998 	894.770996 
11.100000 	125.015999 	891.000000 	891.072998 	894.770996 
11.200000 	125.015999 	891.000000 	891.072998 	894.770996 
11.300000 	125.015999 	891.000000 	891.072998 	894.770996 
11.400000 	125.015999 	891.000000 	891.072998 	894.770996 
11.500000 	125.186996 	891.000000 	891.041992 	894.776001 
11.600000 	125.186996 	891.000000 	891.041992 	894.776001 
11.700000 	125.186996 	891.000000 	891.041992 	894.776001 
11.800000 	125.186996 	891.000000 	891.041992 	894.776001 
11.900000 	125.186996 	891.000000 	891.041992 	894.776001 
12.000000 	125.186996 	891.000000 	891.041992 	894.776001 
12.100000 	125.186996 	891.000000 	891.041992 	894.776001 
12.200000 	125.186996 	891.000000 	891.041992 	894.776001 
12.300000 	125.186996 	891.000000 	891.041992 	894.776001 
12.400000 	125.186996 	891.000000 	891.041992 	894.776001 
12.500000 	125.320999 	891.000000 	891.017029 	894.781006 
12.600000 	125.320999 	891.000000 	891.017029 	894.781006 
12.700000 	125.320999 	891.000000 	891.017029 	894.781006 
12.800000 	125.320999 	891.000000 	891.017029 	894.781006 
12.900000 	125.320999 	891.000000 	891.017029 	894.781006 
13.000000 	125.320999 	891.000000 	891.017029 	894.781006 
13.100000 	125.320999 	891.000000 	891.017029 	894.781006 
13.200000 	125.320999 	891.000000 	891.017029 	894.781006 
13.300000 	125.320999 	891.000000 	891.017029 	894.781006 
13.400000 	125.320999 	891.000000 	891.017029 	894.781006 
13.500000 	125.430000 	891.000000 	890.995972 	894.786987 
13.600000 	125.430000 	891.000000 	890.995972 	894.786987 
13.700000 	125.430000 	891.000000 	890.995972 	894.786987 
13.800000 	125.430000 	891.000000 	890.995972 	894.786987 
13.900000 	125.430000 	891.000000 	890.995972 	894.786987 
14.000000 	125.430000 	891.000000 	890.995972 	894.786987 
14.100000 	125.430000 	891.000000 	890.995972 	894.786987 
14.200000 	125.430000 	891.000000 	890.995972 	894.786987 
14.300000 	125.430000 	891.000000 	890.995972 	894.786987 
14.400000 	125.430000 	891.000000 	890.995972 	894.786987 
14.500000 	125.517998 	891.000000 	890.978027 	894.793030 
14.600000 	125.517998 	891.000000 	890.978027 	894.793030 
14.700000 	125.517998 	891.000000 	890.978027 	894.793030 
14.800000 	125.517998 	891.000000 	890.978027 	894.793030 
14.900000 	125.517998 	891.000000 	890.978027 	894.793030 
15.000000 	125.517998 	891.000000 	890.978027 	894.793030 
15.100000 	125.517998 	891.000000 	890.978027 	894.793030 
15.200000 	125.517998 	891.000000 	890.978027 	894.793030 
15.300000 	125.517998 	891.000000 	890.978027 	894.793030 
15.400000 	125.517998 	891.000000 	890.978027 	894.793030 
15.500000 	125.591003 	891.000000 	890.961975 	894.799011 
15.600000 	125.591003 	891.000000 	890.961975 	894.799011 
15.700000 	125.591003 	891.000000 	890.961975 	894.799011 
15.800000 	125.591003 	891.000000 	890.961975 	894.799011 
15.900000 	125.591003 	891.000000 	890.961975 	894.799011 
16.000000 	125.591003 	891.000000 	890.961975 	894.799011 
16.100000 	125.591003 	891.000000 	890.961975 	894.799011 
16.200000 	125.591003 	891.000000 	890.961975 	894.799011 
16.300000 	125.591003 	891.000000 	890.961975 	894.799011 
16.400000 	125.591003 	891.000000 	890.961975 	894.799011 
16.500000 	125.653000 	891.000000 	890.947021 	894.804993 
16.600000 	125.653000 	891.000000 	890.947021 	894.804993 
16.700000 	125.653000 	891.000000 	890.947021 	894.804993 
16.800000 	125.653000 	891.000000 	890.947021 	894.804993 
16.900000 	125.653000 	891.000000 	890.947021 	894.804993 
17.000000 	125.653000 	891.000000 	890.947021 	894.804993 
17.100000 	125.653000 	891.000000 	890.947021 	894.804993 
17.200000 	125.653000 	891.000000 	890.947021 	894.804993 
17.300000 	125.653000 	891.000000 	890.947021 	894.804993 
17.400000 	125.653000 	891.000000 	890.947021 	894.804993 
17.500000 	125.705002 	891.000000 	890.932983 	894.812012 
17.600000 	125.705002 	891.000000 	890.932983 	894.812012 
17.700000 	125.705002 	891.000000 	890.932983 	894.812012 
17.800000 	125.705002 	891.000000 	890.932983 	894.812012 
17.900000 	125.705002 	891.000000 	890.932983 	894.812012 
18.000000 	125.705002 	891.000000 	890.932983 	894.812012 
18.100000 	125.705002 	891.000000 	890.932983 	894.812012 
18.200000 	125.705002 	891.000000 	890.932983 	894.812012 
18.300000 	125.705002 	891.000000 	890.932983 	894.812012 
18.400000 	125.705002 	891.000000 	890.932983 	894.812012 
18.500000 	125.750000 	891.000000 	890.921021 	894.818970 
18.600000 	125.750000 	891.000000 	890.921021 	894.818970 
18.700000 	125.750000 	891.000000 	890.921021 	894.818970 
18.800000 	125.750000 	891.000000 	890.921021 	894.818970 
18.900000 	125.750000 	891.000000 	890.921021 	894.818970 
19.000000 	125.750000 	891.000000 	890.921021 	894.818970 
19.100000 	125.750000 	891.000000 	890.921021 	894.818970 
19.200000 	125.750000 	891.000000 	890.921021 	894.818970 
19.300000 	125.750000 	891.000000 	890.921021 	894.818970 
19.400000 	125.750000 	891.000000 	890.921021 	894.818970 
19.500000 	125.789001 	891.000000 	890.908997 	894.825012 
19.600000 	125.789001 	891.000000 	890.908997 	894.825012 
19.700000 	125.789001 	891.000000 	890.908997 	894.825012 
19.800000 	125.789001 	891.000000 	890.908997 	894.825012 
19.900000 	125.789001 	891.000000 	890.908997 	894.825012 
20.000000 	125.789001 	891.000000 	890.908997 	894.825012 
20.100000 	125.789001 	891.000000 	890.908997 	894.825012 
20.200000 	125.789001 	891.000000 	890.908997 	894.825012 
20.300000 	125.789001 	891.000000 	890.908997 	894.825012 
20.400000 	125.789001 	891.000000 	890.908997 	894.825012 
20.500000 	125.822998 	891.000000 	890.896973 	894.831970 
20.600000 	125.822998 	891.000000 	890.896973 	894.831970 
20.700000 	125.822998 	891.000000 	890.896973 	894.831970 
20.800000 	125.822998 	891.000000 	890.896973 	894.831970 
20.900000 	125.822998 	891.000000 	890.896973 	894.831970 
21.000000 	125.822998 	891.000000 	890.896973 	894.831970 
21.100000 	125.822998 	891.000000 	890.896973 	894.831970 
21.200000 	125.822998 	891.000000 	890.896973 	894.831970 
21.300000 	125.822998 	891.000000 	890.896973 	894.831970 
21.400000 	125.822998 	891.000000 	890.896973 	894.831970 
21.500000 	125.853996 	891.000000 	890.885010 	894.838989 
21.600000 	125.853996 	891.000000 	890.885010 	894.838989 
21.700000 	125.853996 	891.000000 	890.885010 	894.838989 
21.800000 	125.853996 	891.000000 	890.885010 	894.838989 
21.900000 	125.853996 	891.000000 	890.885010 	894.838989 
22.000000 	125.853996 	891.000000 	890.885010 	894.838989 
22.100000 	125.853996 	891.000000 	890.885010 	894.838989 
22.200000 	125.853996 	891.000000 	890.885010 	894.838989 
22.300000 	125.853996 	891.000000 	890.885010 	894.838989 
22.400000 	125.853996 	891.000000 	890.885010 	894.838989 
22.500000 	125.880997 	891.000000 	890.874023 	894.844971 
22.600000 	125.880997 	891.000000 	890.874023 	894.844971 
22.700000 	125.880997 	891.000000 	890.874023 	894.844971 
22.800000 	125.880997 	891.000000 	890.874023 	894.844971 
22.900000 	125.880997 	891.000000 	890.874023 	894.844971 
23.000000 	125.880997 	891.000000 	890.874023 	894.844971 
23.100000 	125.880997 	891.000000 	890.874023 	894.844971 
23.200000 	125.880997 	891.000000 	890.874023 	894.844971 
23.300000 	125.880997 	891.000000 	890.874023 	894.844971 
23.400000 	125.880997 	891.000000 	890.874023 	894.844971 
23.500000 	125.904999 	891.000000 	890.862000 	894.851990 
23.600000 	125.904999 	891.000000 	890.862000 	894.851990 
23.700000 	125.904999 	891.000000 	890.862000 	894.851990 
23.800000 	125.904999 	891.000000 	890.862000 	894.851990 
23.900000 	125.904999 	891.000000 	890.862000 	894.851990 
24.000000 	125.904999 	891.000000 	890.862000 	894.851990 
24.100000 	125.904999 	891.000000 	890.862000 	894.851990 
24.200000 	125.904999 	891.000000 	890.862000 	894.851990 
24.300000 	125.904999 	891.000000 	890.862000 	894.851990 
24.400000 	125.904999 	891.000000 	890.862000 	894.851990 
24.500000 	125.927002 	891.000000 	890.851013 	894.857971 
24.600000 	125.927002 	891.000000 	890.851013 	894.857971 
24.700000 	125.927002 	891.000000 	890.851013 	894.857971 
24.800000 	125.927002 	891.000000 	890.851013 	894.857971 
24.900000 	125.927002 	891.000000 	890.851013 	894.857971 
25.000000 	125.927002 	891.000000 	890.851013 	894.857971 
25.100000 	125.927002 	891.000000 	890.851013 	894.857971 
25.200000 	125.927002 	891.000000 	890.851013 	894.857971 
25.300000 	125.927002 	891.000000 	890.851013 	894.857971 
25.400000 	125.927002 	891.000000 	890.851013 	894.857971 
25.500000 	125.946999 	891.000000 	890.838989 	894.864014 
25.600000 	125.946999 	891.000000 	890.838989 	894.864014 
25.700000 	125.946999 	891.000000 	890.838989 	894.864014 
25.800000 	125.946999 	891.000000 	890.838989 	894.864014 
25.900000 	125.946999 	891.000000 	890.838989 	894.864014 
26.000000 	125.946999 	891.000000 	890.838989 	894.864014 
26.100000 	125.946999 	891.000000 	890.838989 	894.864014 
26.200000 	125.946999 	891.000000 	890.838989 	894.864014 
26.300000 	125.946999 	891.000000 	890.838989 	894.864014 
26.400000 	125.946999 	891.000000 	890.838989 	894.864014 
26.500000 	125.966003 	891.000000 	890.827026 	894.869995 
26.600000 	125.966003 	891.000000 	890.827026 	894.869995 
26.700000 	125.966003 	891.000000 	890.827026 	894.869995 
26.800000 	125.966003 	891.000000 	890.827026 	894.869995 
26.900000 	125.966003 	891.000000 	890.827026 	894.869995 
27.000000 	125.966003 	891.000000 	890.827026 	894.869995 
27.100000 	125.966003 	891.000000 	890.827026 	894.869995 
27.200000 	125.966003 	891.000000 	890.827026 	894.869995 
27.300000 	125.966003 	891.000000 	890.827026 	894.869995 
27.400000 	125.966003 	891.000000 	890.827026 	894.869995 
27.500000 	125.983002 	891.000000 	890.814026 	894.875000 
27.600000 	125.983002 	891.000000 	890.814026 	894.875000 
27.700000 	125.983002 	891.000000 	890.814026 	894.875000 
27.800000 	125.983002 	891.000000 	890.814026 	894.875000 
27.900000 	125.983002 	891.000000 	890.814026 	894.875000 
28.000000 	125.983002 	891.000000 	890.814026 	894.875000 
28.100000 	125.983002 	891.000000 	890.814026 	894.875000 
28.200000 	125.983002 	891.000000 	890.814026 	894.875000 
28.300000 	125.983002 	891.000000 	890.814026 	894.875000 
28.400000 	125.983002 	891.000000 	890.814026 	894.875000 
28.500000 	125.999001 	891.000000 	890.801025 	894.880981 
28.600000 	125.999001 	891.000000 	890.801025 	894.880981 
28.700000 	125.999001 	891.000000 	890.801025 	894.880981 
28.800000 	125.999001 	891.000000 	890.801025 	894.880981 
28.900000 	125.999001 	891.000000 	890.801025 	894.880981 
29.000000 	125.999001 	891.000000 	890.801025 	894.880981 
29.100000 	125.999001 	891.000000 	890.801025 	894.880981 
29.200000 	125.999001 	891.000000 	890.801025 	894.880981 
29.300000 	125.999001 	891.000000 	890.801025 	894.880981 
29.400000 	125.999001 	891.000000 	890.801025 	894.880981 
29.500000 	126.014000 	891.000000 	890.788025 	894.885010 
29.600000 	126.014000 	891.000000 	890.788025 	894.885010 
29.700000 	126.014000 	891.000000 	890.788025 	894.885010 
29.800000 	126.014000 	891.000000 	890.788025 	894.885010 
29.900000 	126.014000 	891.000000 	890.788025 	894.885010 
30.000000 	126.014000 	891.000000 	890.788025 	894.885010 
30.100000 	126.014000 	891.000000 	890.788025 	894.885010 
30.200000 	126.014000 	891.000000 	890.788025 	894.885010 
30.300000 	126.014000 	891.000000 	890.788025 	894.885010 
30.400000 	126.014000 	891.000000 	890.788025 	894.885010 
30.500000 	126.028000 	891.000000 	890.773987 	894.890015 
30.600000 	126.028000 	891.000000 	890.773987 	894.890015 
30.700000 	126.028000 	891.000000 	890.773987 	894.890015 
30.800000 	126.028000 	891.000000 	890.773987 	894.890015 
30.900000 	126.028000 	891.000000 	890.773987 	894.890015 
31.000000 	126.028000 	891.000000 	890.773987 	894.890015 
31.100000 	126.028000 	891.000000 	890.773987 	894.890015 
31.200000 	126.028000 	891.000000 	890.773987 	894.890015 
31.300000 	126.028000 	891.000000 	890.773987 	894.890015 
31.400000 	126.028000 	891.000000 	890.773987 	894.890015 
31.500000 	126.041000 	891.000000 	890.758972 	894.893982 
31.600000 	126.041000 	891.000000 	890.758972 	894.893982 
31.700000 	126.041000 	891.000000 	890.758972 	894.893982 
31.800000 	126.041000 	891.000000 	890.758972 	894.893982 
31.900000 	126.041000 	891.000000 	890.758972 	894.893982 
32.000000 	126.041000 	891.000000 	890.758972 	894.893982 
32.100000 	126.041000 	891.000000 	890.758972 	894.893982 
32.200000 	126.041000 	891.000000 	890.758972 	894.893982 
32.300000 	126.041000 	891.000000 	890.758972 	894.893982 
32.400000 	126.041000 	891.000000 	890.758972 	894.893982 
32.500000 	126.054001 	891.000000 	890.744019 	894.896973 
32.600000 	126.054001 	891.000000 	890.744019 	894.896973 
32.700000 	126.054001 	891.000000 	890.744019 	894.896973 
32.800000 	126.054001 	891.000000 	890.744019 	894.896973 
32.900000 	126.054001 	891.000000 	890.744019 	894.896973 
33.000000 	126.054001 	891.000000 	890.744019 	894.896973 
33.100000 	126.054001 	891.000000 	890.744019 	894.896973 
33.200000 	126.054001 	891.000000 	890.744019 	894.896973 
33.300000 	126.054001 	891.000000 	890.744019 	894.896973 
33.400000 	126.054001 	891.000000 	890.744019 	894.896973 
33.500000 	126.066002 	891.000000 	890.728027 	894.900024 
33.600000 	126.066002 	891.000000 	890.728027 	894.900024 
33.700000 	126.066002 	891.000000 	890.728027 	894.900024 
33.800000 	126.066002 	891.000000 	890.728027 	894.900024 
33.900000 	126.066002 	891.000000 	890.728027 	894.900024 
34.000000 	126.066002 	891.000000 	890.728027 	894.900024 
34.100000 	126.066002 	891.000000 	890.728027 	894.900024 
34.200000 	126.066002 	891.000000 	890.728027 	894.900024 
34.300000 	126.066002 	891.000000 	890.728027 	894.900024 
34.400000 	126.066002 	891.000000 	890.728027 	894.900024 
34.500000 	126.077003 	891.000000 	890.711975 	894.901978 
34.600000 	126.077003 	891.000000 	890.711975 	894.901978 
34.700000 	126.077003 	891.000000 	890.711975 	894.901978 
34.800000 	126.077003 	891.000000 	890.711975 	894.901978 
34.900000 	126.077003 	891.000000 	890.711975 	894.901978 
35.000000 	126.077003 	891.000000 	890.711975 	894.901978 
35.100000 	126.077003 	891.000000 	890.711975 	894.901978 
35.200000 	126.077003 	891.000000 	890.711975 	894.901978 
35.300000 	126.077003 	891.000000 	890.711975 	894.901978 
35.400000 	126.077003 	891.000000 	890.711975 	894.901978 
35.500000 	126.087997 	891.000000 	890.695007 	894.903015 
35.600000 	126.087997 	891.000000 	890.695007 	894.903015 
35.700000 	126.087997 	891.000000 	890.695007 	894.903015 
35.800000 	126.087997 	891.000000 	890.695007 	894.903015 
35.900000 	126.087997 	891.000000 	890.695007 	894.903015 
36.000000 	126.087997 	891.000000 	890.695007 	894.903015 
36.100000 	126.087997 	891.000000 	890.695007 	894.903015 
36.200000 	126.087997 	891.000000 	890.695007 	894.903015 
36.300000 	126.087997 	891.000000 	890.695007 	894.903015 
36.400000 	126.087997 	891.000000 	890.695007 	894.903015 
36.500000 	126.098999 	891.000000 	890.677002 	894.903992 
36.600000 	126.098999 	891.000000 	890.677002 	894.903992 
36.700000 	126.098999 	891.000000 	890.677002 	894.903992 
36.800000 	126.098999 	891.000000 	890.677002 	894.903992 
36.900000 	126.098999 	891.000000 	890.677002 	894.903992 
37.000000 	126.098999 	891.000000 	890.677002 	894.903992 
37.100000 	126.098999 	891.000000 	890.677002 	894.903992 
37.200000 	126.098999 	891.000000 	890.677002 	894.903992 
37.300000 	126.098999 	891.000000 	890.677002 	894.903992 
37.400000 	126.098999 	891.000000 	890.677002 	894.903992 
37.500000 	126.109001 	891.000000 	890.658020 	894.903992 
37.600000 	126.109001 	891.000000 	890.658020 	894.903992 
37.700000 	126.109001 	891.000000 	890.658020 	894.903992 
37.800000 	126.109001 	891.000000 	890.658020 	894.903992 
37.900000 	126.109001 	891.000000 	890.658020 	894.903992 
38.000000 	126.109001 	891.000000 	890.658020 	894.903992 
38.100000 	126.109001 	891.000000 	890.658020 	894.903992 
38.200000 	126.109001 	891.000000 	890.658020 	894.903992 
38.300000 	126.109001 	891.000000 	890.658020 	894.903992 
38.400000 	126.109001 	891.000000 	890.658020 	894.903992 
38.500000 	126.119003 	891.000000 	890.638000 	894.903015 
38.600000 	126.119003 	891.000000 	890.638000 	894.903015 
38.700000 	126.119003 	891.000000 	890.638000 	894.903015 
38.800000 	126.119003 	891.000000 	890.638000 	894.903015 
38.900000 	126.119003 	891.000000 	890.638000 	894.903015 
39.000000 	126.119003 	891.000000 	890.638000 	894.903015 
39.100000 	126.119003 	891.000000 	890.638000 	894.903015 
39.200000 	126.119003 	891.000000 	890.638000 	894.903015 
39.300000 	126.119003 	891.000000 	890.638000 	894.903015 
39.400000 	126.119003 	891.000000 	890.638000 	894.903015 
39.500000 	126.128998 	891.000000 	890.617981 	894.901001 
39.600000 	126.128998 	891.000000 	890.617981 	894.901001 
39.700000 	126.128998 	891.000000 	890.617981 	894.901001 
39.800000 	126.128998 	891.000000 	890.617981 	894.901001 
39.900000 	126.128998 	891.000000 	890.617981 	894.901001 
40.000000 	126.128998 	891.000000 	890.617981 	894.901001 
40.100000 	126.128998 	891.000000 	890.617981 	894.901001 
40.200000 	126.128998 	891.000000 	890.617981 	894.901001 
40.300000 	126.128998 	891.000000 	890.617981 	894.901001 
40.400000 	126.128998 	891.000000 	890.617981 	894.901001 
40.500000 	126.139000 	891.000000 	890.596008 	894.898010 
40.600000 	126.139000 	891.000000 	890.596008 	894.898010 
40.700000 	126.139000 	891.000000 	890.596008 	894.898010 
40.800000 	126.139000 	891.000000 	890.596008 	894.898010 
40.900000 	126.139000 	891.000000 	890.596008 	894.898010 
41.000000 	126.139000 	891.000000 	890.596008 	894.898010 
41.100000 	126.139000 	891.000000 	890.596008 	894.898010 
41.200000 	126.139000 	891.000000 	890.596008 	894.898010 
41.300000 	126.139000 	891.000000 	890.596008 	894.898010 
41.400000 	126.139000 	891.000000 	890.596008 	894.898010 
41.500000 	126.148003 	891.000000 	890.573975 	894.893982 
41.600000 	126.148003 	891.000000 	890.573975 	894.893982 
41.700000 	126.148003 	891.000000 	890.573975 	894.893982 
41.800000 	126.148003 	891.000000 	890.573975 	894.893982 
41.900000 	126.148003 	891.000000 	890.573975 	894.893982 
42.000000 	126.148003 	891.000000 	890.573975 	894.893982 
42.100000 	126.148003 	891.000000 	890.573975 	894.893982 
42.200000 	126.148003 	891.000000 	890.573975 	894.893982 
42.300000 	126.148003 	891.000000 	890.573975 	894.893982 
42.400000 	126.148003 	891.000000 	890.573975 	894.893982 
42.500000 	126.156998 	891.000000 	890.549988 	894.890015 
42.600000 	126.156998 	891.000000 	890.549988 	894.890015 
42.700000 	126.156998 	891.000000 	890.549988 	894.890015 
42.800000 	126.156998 	891.000000 	890.549988 	894.890015 
42.900000 	126.156998 	891.000000 	890.549988 	894.890015 
43.000000 	126.156998 	891.000000 	890.549988 	894.890015 
43.100000 	126.156998 	891.000000 	890.549988 	894.890015 
43.200000 	126.156998 	891.000000 	890.549988 	894.890015 
43.300000 	126.156998 	891.000000 	890.549988 	894.890015 
43.400000 	126.156998 	891.000000 	890.549988 	894.890015 
43.500000 	126.166000 	891.000000 	890.526001 	894.883972 
43.600000 	126.166000 	891.000000 	890.526001 	894.883972 
43.700000 	126.166000 	891.000000 	890.526001 	894.883972 
43.800000 	126.166000 	891.000000 	890.526001 	894.883972 
43.900000 	126.166000 	891.000000 	890.526001 	894.883972 
44.000000 	126.166000 	891.000000 	890.526001 	894.883972 
44.100000 	126.166000 	891.000000 	890.526001 	894.883972 
44.200000 	126.166000 	891.000000 	890.526001 	894.883972 
44.300000 	126.166000 	891.000000 	890.526001 	894.883972 
44.400000 	126.166000 	891.000000 	890.526001 	894.883972 
44.500000 	126.175003 	891.000000 	890.500000 	894.877014 
44.600000 	126.175003 	891.000000 	890.500000 	894.877014 
44.700000 	126.175003 	891.000000 	890.500000 	894.877014 
44.800000 	126.175003 	891.000000 	890.500000 	894.877014 
44.900000 	126.175003 	891.000000 	890.500000 	894.877014 
45.000000 	126.175003 	891.000000 	890.500000 	894.877014 
45.100000 	126.175003 	891.000000 	890.500000 	894.877014 
45.200000 	126.175003 	891.000000 	890.500000 	894.877014 
45.300000 	126.175003 	891.000000 	890.500000 	894.877014 
45.400000 	126.175003 	891.000000 	890.500000 	894.877014 
45.500000 	126.183998 	891.000000 	890.473022 	894.867981 
45.600000 	126.183998 	891.000000 	890.473022 	894.867981 
45.700000 	126.183998 	891.000000 	890.473022 	894.867981 
45.800000 	126.183998 	891.000000 	890.473022 	894.867981 
45.900000 	126.183998 	891.000000 	890.473022 	894.867981 
46.000000 	126.183998 	891.000000 	890.473022 	894.867981 
46.100000 	126.183998 	891.000000 	890.473022 	894.867981 
46.200000 	126.183998 	891.000000 	890.473022 	894.867981 
46.300000 	126.183998 	891.000000 	890.473022 	894.867981 
46.400000 	126.183998 	891.000000 	890.473022 	894.867981 
46.500000 	126.193001 	891.000000 	890.445007 	894.859009 
46.600000 	126.193001 	891.000000 	890.445007 	894.859009 
46.700000 	126.193001 	891.000000 	890.445007 	894.859009 
46.800000 	126.193001 	891.000000 	890.445007 	894.859009 
46.900000 	126.193001 	891.000000 	890.445007 	894.859009 
47.000000 	126.193001 	891.000000 	890.445007 	894.859009 
47.100000 	126.193001 	891.000000 	890.445007 	894.859009 
47.200000 	126.193001 	891.000000 	890.445007 	894.859009 
47.300000 	126.193001 	891.000000 	890.445007 	894.859009 
47.400000 	126.193001 	891.000000 	890.445007 	894.859009 
47.500000 	126.202003 	891.000000 	890.416016 	894.848022 
47.600000 	126.202003 	891.000000 	890.416016 	894.848022 
47.700000 	126.202003 	891.000000 	890.416016 	894.848022 
47.800000 	126.202003 	891.000000 	890.416016 	894.848022 
47.900000 	126.202003 	891.000000 	890.416016 	894.848022 
48.000000 	126.202003 	891.000000 	890.416016 	894.848022 
48.100000 	126.202003 	891.000000 	890.416016 	894.848022 
48.200000 	126.202003 	891.000000 	890.416016 	894.848022 
48.300000 	126.202003 	891.000000 	890.416016 	894.848022 
48.400000 	126.202003 	891.000000 	890.416016 	894.848022 
48.500000 	126.209999 	891.000000 	890.385010 	894.835999 
48.600000 	126.209999 	891.000000 	890.385010 	894.835999 
48.700000 	126.209999 	891.000000 	890.385010 	894.835999 
48.800000 	126.209999 	891.000000 	890.385010 	894.835999 
48.900000 	126.209999 	891.000000 	890.385010 	894.835999 
49.000000 	126.209999 	891.000000 	890.385010 	894.835999 
49.100000 	126.209999 	891.000000 	890.385010 	894.835999 
49.200000 	126.209999 	891.000000 	890.385010 	894.835999 
49.300000 	126.209999 	891.000000 	890.385010 	894.835999 
49.400000 	126.209999 	891.000000 	890.385010 	894.835999 
49.500000 	126.219002 	891.000000 	890.353027 	894.822021 
49.600000 	126.219002 	891.000000 	890.353027 	894.822021 
49.700000 	126.219002 	891.000000 	890.353027 	894.822021 
49.800000 	126.219002 	891.000000 	890.353027 	894.822021 
49.900000 	126.219002 	891.000000 	890.353027 	894.822021 
50.000000 	126.219002 	891.000000 	890.353027 	894.822021 
50.100000 	126.219002 	891.000000 	890.353027 	894.822021 
50.200000 	126.219002 	891.000000 	890.353027 	894.822021 
50.300000 	126.219002 	891.000000 	890.353027 	894.822021 
50.400000 	126.219002 	891.000000 	890.353027 	894.822021 
50.500000 	126.227997 	891.000000 	890.318970 	894.807007 
50.600000 	126.227997 	891.000000 	890.318970 	894.807007 
50.700000 	126.227997 	891.000000 	890.318970 	894.807007 
50.800000 	126.227997 	891.000000 	890.318970 	894.807007 
50.900000 	126.227997 	891.000000 	890.318970 	894.807007 
51.000000 	126.227997 	891.000000 	890.318970 	894.807007 
51.100000 	126.227997 	891.000000 	890.318970 	894.807007 
51.200000 	126.227997 	891.000000 	890.318970 	894.807007 
51.300000 	126.227997 	891.000000 	890.318970 	894.807007 
51.400000 	126.227997 	891.000000 	890.318970 	894.807007 
51.500000 	126.236000 	891.000000 	890.283997 	894.791016 
51.600000 	126.236000 	891.000000 	890.283997 	894.791016 
51.700000 	126.236000 	891.000000 	890.283997 	894.791016 
51.800000 	126.236000 	891.000000 	890.283997 	894.791016 
51.900000 	126.236000 	891.000000 	890.283997 	894.791016 
52.000000 	126.236000 	891.000000 	890.283997 	894.791016 
52.100000 	126.236000 	891.000000 	890.283997 	894.791016 
52.200000 	126.236000 	891.000000 	890.283997 	894.791016 
52.300000 	126.236000 	891.000000 	890.283997 	894.791016 
52.400000 	126.236000 	891.000000 	890.283997 	894.791016 
52.500000 	126.245003 	891.000000 	890.247009 	894.773010 
52.600000 	126.245003 	891.000000 	890.247009 	894.773010 
52.700000 	126.245003 	891.000000 	890.247009 	894.773010 
52.800000 	126.245003 	891.000000 	890.247009 	894.773010 
52.900000 	126.245003 	891.000000 	890.247009 	894.773010 
53.000000 	126.245003 	891.000000 	890.247009 	894.773010 
53.100000 	126.245003 	891.000000 	890.247009 	894.773010 
53.200000 	126.245003 	891.000000 	890.247009 	894.773010 
53.300000 	126.245003 	891.000000 	890.247009 	894.773010 
53.400000 	126.245003 	891.000000 	890.247009 	894.773010 
53.500000 	126.253998 	891.000000 	890.208984 	894.752991 
53.600000 	126.253998 	891.000000 	890.208984 	894.752991 
53.700000 	126.253998 	891.000000 	890.208984 	894.752991 
53.800000 	126.253998 	891.000000 	890.208984 	894.752991 
53.900000 	126.253998 	891.000000 	890.208984 	894.752991 
54.000000 	126.253998 	891.000000 	890.208984 	894.752991 
54.100000 	126.253998 	891.000000 	890.208984 	894.752991 
54.200000 	126.253998 	891.000000 	890.208984 	894.752991 
54.300000 	126.253998 	891.000000 	890.208984 	894.752991 
54.400000 	126.253998 	891.000000 	890.208984 	894.752991 
54.500000 	126.262001 	891.000000 	890.169006 	894.557007 
54.600000 	126.262001 	891.000000 	890.169006 	894.557007 
54.700000 	126.262001 	891.000000 	890.169006 	894.557007 
54.800000 	126.262001 	891.000000 	890.169006 	894.557007 
54.900000 	126.262001 	891.000000 	890.169006 	894.557007 
55.000000 	126.262001 	891.000000 	890.169006 	894.557007 
55.100000 	126.262001 	891.000000 	890.169006 	894.557007 
55.200000 	126.262001 	891.000000 	890.169006 	894.557007 
55.300000 	126.262001 	891.000000 	890.169006 	894.557007 
55.400000 	126.262001 	891.000000 	890.169006 	894.557007 
55.500000 	126.271004 	891.000000 	890.127014 	894.531006 
55.600000 	126.271004 	891.000000 	890.127014 	894.531006 
55.700000 	126.271004 	891.000000 	890.127014 	894.531006 
55.800000 	126.271004 	891.000000 	890.127014 	894.531006 
55.900000 	126.271004 	891.000000 	890.127014 	894.531006 
56.000000 	126.271004 	891.000000 	890.127014 	894.531006 
56.100000 	126.271004 	891.000000 	890.127014 	894.531006 
56.200000 	126.271004 	891.000000 	890.127014 	894.531006 
56.300000 	126.271004 	891.000000 	890.127014 	894.531006 
56.400000 	126.271004 	891.000000 	890.127014 	894.531006 
56.500000 	126.279999 	891.000000 	890.083984 	894.502014 
56.600000 	126.279999 	891.000000 	890.083984 	894.502014 
56.700000 	126.279999 	891.000000 	890.083984 	894.502014 
56.800000 	126.279999 	891.000000 	890.083984 	894.502014 
56.900000 	126.279999 	891.000000 	890.083984 	894.502014 
57.000000 	126.279999 	891.000000 	890.083984 	894.502014 
57.100000 	126.279999 	891.000000 	890.083984 	894.502014 
57.200000 	126.279999 	891.000000 	890.083984 	894.502014 
57.300000 	126.279999 	891.000000 	890.083984 	894.502014 
57.400000 	126.279999 	891.000000 	890.083984 	894.502014 
57.500000 	126.289001 	891.000000 	890.038025 	894.471985 
57.600000 	126.289001 	891.000000 	890.038025 	894.471985 
57.700000 	126.289001 	891.000000 	890.038025 	894.471985 
57.800000 	126.289001 	891.000000 	890.038025 	894.471985 
57.900000 	126.289001 	891.000000 	890.038025 	894.471985 
58.000000 	126.289001 	891.000000 	890.038025 	894.471985 
58.100000 	126.289001 	891.000000 	890.038025 	894.471985 
58.200000 	126.289001 	891.000000 	890.038025 	894.471985 
58.300000 	126.289001 	891.000000 	890.038025 	894.471985 
58.400000 	126.289001 	891.000000 	890.038025 	894.471985 
58.500000 	126.296997 	891.000000 	889.991028 	894.440002 
58.600000 	126.296997 	891.000000 	889.991028 	894.440002 
58.700000 	126.296997 	891.000000 	889.991028 	894.440002 
58.800000 	126.296997 	891.000000 	889.991028 	894.440002 
58.900000 	126.296997 	891.000000 	889.991028 	894.440002 
59.000000 	126.296997 	891.000000 	889.991028 	894.440002 
59.100000 	126.296997 	891.000000 	889.991028 	894.440002 
59.200000 	126.296997 	891.000000 	889.991028 	894.440002 
59.300000 	126.296997 	891.000000 	889.991028 	894.440002 
59.400000 	126.296997 	891.000000 	889.991028 	894.440002 
59.500000 	126.306000 	891.000000 	889.940979 	894.406006 
59.600000 	126.306000 	891.000000 	889.940979 	894.406006 
59.700000 	126.306000 	891.000000 	889.940979 	894.406006 
59.800000 	126.306000 	891.000000 	889.940979 	894.406006 
59.900000 	126.306000 	891.000000 	889.940979 	894.406006 
60.000000 	126.306000 	891.000000 	889.940979 	894.406006 
