0.500000 	93.066101 	976.000000 	980.453979 	977.601013 
0.600000 	93.066101 	976.000000 	980.453979 	977.601013 
0.700000 	93.066101 	976.000000 	980.453979 	977.601013 
0.800000 	93.066101 	976.000000 	980.453979 	977.601013 
0.900000 	93.066101 	976.000000 	980.453979 	977.601013 
1.000000 	93.066101 	976.000000 	980.453979 	977.601013 
1.100000 	93.066101 	976.000000 	980.453979 	977.601013 
1.200000 	93.066101 	976.000000 	980.453979 	977.601013 
1.300000 	93.066101 	976.000000 	980.453979 	977.601013 
1.400000 	93.066101 	976.000000 	980.453979 	977.601013 
1.500000 	104.240997 	976.000000 	978.971008 	979.265991 
1.600000 	104.240997 	976.000000 	978.971008 	979.265991 
1.700000 	104.240997 	976.000000 	978.971008 	979.265991 
1.800000 	104.240997 	976.000000 	978.971008 	979.265991 
1.900000 	104.240997 	976.000000 	978.971008 	979.265991 
2.000000 	104.240997 	976.000000 	978.971008 	979.265991 
2.100000 	104.240997 	976.000000 	978.971008 	979.265991 
2.200000 	104.240997 	976.000000 	978.971008 	979.265991 
2.300000 	104.240997 	976.000000 	978.971008 	979.265991 
2.400000 	104.240997 	976.000000 	978.971008 	979.265991 
2.500000 	114.101997 	976.000000 	977.619995 	979.434998 
2.600000 	114.101997 	976.000000 	977.619995 	979.434998 
2.700000 	114.101997 	976.000000 	977.619995 	979.434998 
2.800000 	114.101997 	976.000000 	977.619995 	979.434998 
2.900000 	114.101997 	976.000000 	977.619995 	979.434998 
3.000000 	114.101997 	976.000000 	977.619995 	979.434998 
3.100000 	114.101997 	976.000000 	977.619995 	979.434998 
3.200000 	114.101997 	976.000000 	977.619995 	979.434998 
3.300000 	114.101997 	976.000000 	977.619995 	979.434998 
3.400000 	114.101997 	976.000000 	977.619995 	979.434998 
3.500000 	118.792000 	976.000000 	976.955994 	979.442017 
3.600000 	118.792000 	976.000000 	976.955994 	979.442017 
3.700000 	118.792000 	976.000000 	976.955994 	979.442017 
3.800000 	118.792000 	976.000000 	976.955994 	979.442017 
3.900000 	118.792000 	976.000000 	976.955994 	979.442017 
4.000000 	118.792000 	976.000000 	976.955994 	979.442017 
4.100000 	118.792000 	976.000000 	976.955994 	979.442017 
4.200000 	118.792000 	976.000000 	976.955994 	979.442017 
4.300000 	118.792000 	976.000000 	976.955994 	979.442017 
4.400000 	118.792000 	976.000000 	976.955994 	979.442017 
4.500000 	121.233002 	976.000000 	976.604004 	979.442993 
4.600000 	121.233002 	976.000000 	976.604004 	979.442993 
4.700000 	121.233002 	976.000000 	976.604004 	979.442993 
4.800000 	121.233002 	976.000000 	976.604004 	979.442993 
4.900000 	121.233002 	976.000000 	976.604004 	979.442993 
5.000000 	121.233002 	976.000000 	976.604004 	979.442993 
5.100000 	121.233002 	976.000000 	976.604004 	979.442993 
5.200000 	121.233002 	976.000000 	976.604004 	979.442993 
5.300000 	121.233002 	976.000000 	976.604004 	979.442993 
5.400000 	121.233002 	976.000000 	976.604004 	979.442993 
5.500000 	122.639000 	976.000000 	976.398987 	979.443970 
5.600000 	122.639000 	976.000000 	976.398987 	979.443970 
5.700000 	122.639000 	976.000000 	976.398987 	979.443970 
5.800000 	122.639000 	976.000000 	976.398987 	979.443970 
5.900000 	122.639000 	976.000000 	976.398987 	979.443970 
6.000000 	122.639000 	976.000000 	976.398987 	979.443970 
6.100000 	122.639000 	976.000000 	976.398987 	979.443970 
6.200000 	122.639000 	976.000000 	976.398987 	979.443970 
6.300000 	122.639000 	976.000000 	976.398987 	979.443970 
6.400000 	122.639000 	976.000000 	976.398987 	979.443970 
6.500000 	123.516998 	976.000000 	976.268982 	979.445007 
6.600000 	123.516998 	976.000000 	976.268982 	979.445007 
6.700000 	123.516998 	976.000000 	976.268982 	979.445007 
6.800000 	123.516998 	976.000000 	976.268982 	979.445007 
6.900000 	123.516998 	976.000000 	976.268982 	979.445007 
7.000000 	123.516998 	976.000000 	976.268982 	979.445007 
7.100000 	123.516998 	976.000000 	976.268982 	979.445007 
7.200000 	123.516998 	976.000000 	976.268982 	979.445007 
7.300000 	123.516998 	976.000000 	976.268982 	979.445007 
7.400000 	123.516998 	976.000000 	976.268982 	979.445007 
7.500000 	124.100998 	976.000000 	976.182007 	979.447998 
7.600000 	124.100998 	976.000000 	976.182007 	979.447998 
7.700000 	124.100998 	976.000000 	976.182007 	979.447998 
7.800000 	124.100998 	976.000000 	976.182007 	979.447998 
7.900000 	124.100998 	976.000000 	976.182007 	979.447998 
8.000000 	124.100998 	976.000000 	976.182007 	979.447998 
8.100000 	124.100998 	976.000000 	976.182007 	979.447998 
8.200000 	124.100998 	976.000000 	976.182007 	979.447998 
8.300000 	124.100998 	976.000000 	976.182007 	979.447998 
8.400000 	124.100998 	976.000000 	976.182007 	979.447998 
8.500000 	124.508003 	976.000000 	976.120972 	979.450012 
8.600000 	124.508003 	976.000000 	976.120972 	979.450012 
8.700000 	124.508003 	976.000000 	976.120972 	979.450012 
8.800000 	124.508003 	976.000000 	976.120972 	979.450012 
8.900000 	124.508003 	976.000000 	976.120972 	979.450012 
9.000000 	124.508003 	976.000000 	976.120972 	979.450012 
9.100000 	124.508003 	976.000000 	976.120972 	979.450012 
9.200000 	124.508003 	976.000000 	976.120972 	979.450012 
9.300000 	124.508003 	976.000000 	976.120972 	979.450012 
9.400000 	124.508003 	976.000000 	976.120972 	979.450012 
9.500000 	124.803001 	976.000000 	976.075012 	979.453003 
9.600000 	124.803001 	976.000000 	976.075012 	979.453003 
9.700000 	124.803001 	976.000000 	976.075012 	979.453003 
9.800000 	124.803001 	976.000000 	976.075012 	979.453003 
9.900000 	124.803001 	976.000000 	976.075012 	979.453003 
10.000000 	124.803001 	976.000000 	976.075012 	979.453003 
10.100000 	124.803001 	976.000000 	976.075012 	979.453003 
10.200000 	124.803001 	976.000000 	976.075012 	979.453003 
10.300000 	124.803001 	976.000000 	976.075012 	979.453003 
10.400000 	124.803001 	976.000000 	976.075012 	979.453003 
10.500000 	125.025002 	976.000000 	976.039978 	979.455994 
10.600000 	125.025002 	976.000000 	976.039978 	979.455994 
10.700000 	125.025002 	976.000000 	976.039978 	979.455994 
10.800000 	125.025002 	976.000000 	976.039978 	979.455994 
10.900000 	125.025002 	976.000000 	976.039978 	979.455994 
11.000000 	125.025002 	976.000000 	976.039978 	979.455994 
11.100000 	125.025002 	976.000000 	976.039978 	979.455994 
11.200000 	125.025002 	976.000000 	976.039978 	979.455994 
11.300000 	125.025002 	976.000000 	976.039978 	979.455994 
11.400000 	125.025002 	976.000000 	976.039978 	979.455994 
11.500000 	125.195000 	976.000000 	976.012024 	979.460022 
11.600000 	125.195000 	976.000000 	976.012024 	979.460022 
11.700000 	125.195000 	976.000000 	976.012024 	979.460022 
11.800000 	125.195000 	976.000000 	976.012024 	979.460022 
11.900000 	125.195000 	976.000000 	976.012024 	979.460022 
12.000000 	125.195000 	976.000000 	976.012024 	979.460022 
12.100000 	125.195000 	976.000000 	976.012024 	979.460022 
12.200000 	125.195000 	976.000000 	976.012024 	979.460022 
12.300000 	125.195000 	976.000000 	976.012024 	979.460022 
12.400000 	125.195000 	976.000000 	976.012024 	979.460022 
12.500000 	125.329002 	976.000000 	975.989014 	979.463989 
12.600000 	125.329002 	976.000000 	975.989014 	979.463989 
12.700000 	125.329002 	976.000000 	975.989014 	979.463989 
12.800000 	125.329002 	976.000000 	975.989014 	979.463989 
12.900000 	125.329002 	976.000000 	975.989014 	979.463989 
13.000000 	125.329002 	976.000000 	975.989014 	979.463989 
13.100000 	125.329002 	976.000000 	975.989014 	979.463989 
13.200000 	125.329002 	976.000000 	975.989014 	979.463989 
13.300000 	125.329002 	976.000000 	975.989014 	979.463989 
13.400000 	125.329002 	976.000000 	975.989014 	979.463989 
13.500000 	125.436996 	976.000000 	975.968994 	979.468018 
13.600000 	125.436996 	976.000000 	975.968994 	979.468018 
13.700000 	125.436996 	976.000000 	975.968994 	979.468018 
13.800000 	125.436996 	976.000000 	975.968994 	979.468018 
13.900000 	125.436996 	976.000000 	975.968994 	979.468018 
14.000000 	125.436996 	976.000000 	975.968994 	979.468018 
14.100000 	125.436996 	976.000000 	975.968994 	979.468018 
14.200000 	125.436996 	976.000000 	975.968994 	979.468018 
14.300000 	125.436996 	976.000000 	975.968994 	979.468018 
14.400000 	125.436996 	976.000000 	975.968994 	979.468018 
14.500000 	125.524002 	976.000000 	975.952026 	979.471985 
14.600000 	125.524002 	976.000000 	975.952026 	979.471985 
14.700000 	125.524002 	976.000000 	975.952026 	979.471985 
14.800000 	125.524002 	976.000000 	975.952026 	979.471985 
14.900000 	125.524002 	976.000000 	975.952026 	979.471985 
15.000000 	125.524002 	976.000000 	975.952026 	979.471985 
15.100000 	125.524002 	976.000000 	975.952026 	979.471985 
15.200000 	125.524002 	976.000000 	975.952026 	979.471985 
15.300000 	125.524002 	976.000000 	975.952026 	979.471985 
15.400000 	125.524002 	976.000000 	975.952026 	979.471985 
15.500000 	125.597000 	976.000000 	975.937012 	979.476013 
15.600000 	125.597000 	976.000000 	975.937012 	979.476013 
15.700000 	125.597000 	976.000000 	975.937012 	979.476013 
15.800000 	125.597000 	976.000000 	975.937012 	979.476013 
15.900000 	125.597000 	976.000000 	975.937012 	979.476013 
16.000000 	125.597000 	976.000000 	975.937012 	979.476013 
16.100000 	125.597000 	976.000000 	975.937012 	979.476013 
16.200000 	125.597000 	976.000000 	975.937012 	979.476013 
16.300000 	125.597000 	976.000000 	975.937012 	979.476013 
16.400000 	125.597000 	976.000000 	975.937012 	979.476013 
16.500000 	125.657997 	976.000000 	975.922974 	979.479980 
16.600000 	125.657997 	976.000000 	975.922974 	979.479980 
16.700000 	125.657997 	976.000000 	975.922974 	979.479980 
16.800000 	125.657997 	976.000000 	975.922974 	979.479980 
16.900000 	125.657997 	976.000000 	975.922974 	979.479980 
17.000000 	125.657997 	976.000000 	975.922974 	979.479980 
17.100000 	125.657997 	976.000000 	975.922974 	979.479980 
17.200000 	125.657997 	976.000000 	975.922974 	979.479980 
17.300000 	125.657997 	976.000000 	975.922974 	979.479980 
17.400000 	125.657997 	976.000000 	975.922974 	979.479980 
17.500000 	125.709999 	976.000000 	975.909973 	979.484009 
17.600000 	125.709999 	976.000000 	975.909973 	979.484009 
17.700000 	125.709999 	976.000000 	975.909973 	979.484009 
17.800000 	125.709999 	976.000000 	975.909973 	979.484009 
17.900000 	125.709999 	976.000000 	975.909973 	979.484009 
18.000000 	125.709999 	976.000000 	975.909973 	979.484009 
18.100000 	125.709999 	976.000000 	975.909973 	979.484009 
18.200000 	125.709999 	976.000000 	975.909973 	979.484009 
18.300000 	125.709999 	976.000000 	975.909973 	979.484009 
18.400000 	125.709999 	976.000000 	975.909973 	979.484009 
18.500000 	125.754997 	976.000000 	975.896973 	979.487976 
18.600000 	125.754997 	976.000000 	975.896973 	979.487976 
18.700000 	125.754997 	976.000000 	975.896973 	979.487976 
18.800000 	125.754997 	976.000000 	975.896973 	979.487976 
18.900000 	125.754997 	976.000000 	975.896973 	979.487976 
19.000000 	125.754997 	976.000000 	975.896973 	979.487976 
19.100000 	125.754997 	976.000000 	975.896973 	979.487976 
19.200000 	125.754997 	976.000000 	975.896973 	979.487976 
19.300000 	125.754997 	976.000000 	975.896973 	979.487976 
19.400000 	125.754997 	976.000000 	975.896973 	979.487976 
19.500000 	125.793999 	976.000000 	975.885010 	979.492004 
19.600000 	125.793999 	976.000000 	975.885010 	979.492004 
19.700000 	125.793999 	976.000000 	975.885010 	979.492004 
19.800000 	125.793999 	976.000000 	975.885010 	979.492004 
19.900000 	125.793999 	976.000000 	975.885010 	979.492004 
20.000000 	125.793999 	976.000000 	975.885010 	979.492004 
20.100000 	125.793999 	976.000000 	975.885010 	979.492004 
20.200000 	125.793999 	976.000000 	975.885010 	979.492004 
20.300000 	125.793999 	976.000000 	975.885010 	979.492004 
20.400000 	125.793999 	976.000000 	975.885010 	979.492004 
20.500000 	125.828003 	976.000000 	975.872986 	979.495972 
20.600000 	125.828003 	976.000000 	975.872986 	979.495972 
20.700000 	125.828003 	976.000000 	975.872986 	979.495972 
20.800000 	125.828003 	976.000000 	975.872986 	979.495972 
20.900000 	125.828003 	976.000000 	975.872986 	979.495972 
21.000000 	125.828003 	976.000000 	975.872986 	979.495972 
21.100000 	125.828003 	976.000000 	975.872986 	979.495972 
21.200000 	125.828003 	976.000000 	975.872986 	979.495972 
21.300000 	125.828003 	976.000000 	975.872986 	979.495972 
21.400000 	125.828003 	976.000000 	975.872986 	979.495972 
21.500000 	125.858002 	976.000000 	975.861023 	979.500000 
21.600000 	125.858002 	976.000000 	975.861023 	979.500000 
21.700000 	125.858002 	976.000000 	975.861023 	979.500000 
21.800000 	125.858002 	976.000000 	975.861023 	979.500000 
21.900000 	125.858002 	976.000000 	975.861023 	979.500000 
22.000000 	125.858002 	976.000000 	975.861023 	979.500000 
22.100000 	125.858002 	976.000000 	975.861023 	979.500000 
22.200000 	125.858002 	976.000000 	975.861023 	979.500000 
22.300000 	125.858002 	976.000000 	975.861023 	979.500000 
22.400000 	125.858002 	976.000000 	975.861023 	979.500000 
22.500000 	125.885002 	976.000000 	975.848999 	979.502991 
22.600000 	125.885002 	976.000000 	975.848999 	979.502991 
22.700000 	125.885002 	976.000000 	975.848999 	979.502991 
22.800000 	125.885002 	976.000000 	975.848999 	979.502991 
22.900000 	125.885002 	976.000000 	975.848999 	979.502991 
23.000000 	125.885002 	976.000000 	975.848999 	979.502991 
23.100000 	125.885002 	976.000000 	975.848999 	979.502991 
23.200000 	125.885002 	976.000000 	975.848999 	979.502991 
23.300000 	125.885002 	976.000000 	975.848999 	979.502991 
23.400000 	125.885002 	976.000000 	975.848999 	979.502991 
23.500000 	125.908997 	976.000000 	975.836975 	979.507019 
23.600000 	125.908997 	976.000000 	975.836975 	979.507019 
23.700000 	125.908997 	976.000000 	975.836975 	979.507019 
23.800000 	125.908997 	976.000000 	975.836975 	979.507019 
23.900000 	125.908997 	976.000000 	975.836975 	979.507019 
24.000000 	125.908997 	976.000000 	975.836975 	979.507019 
24.100000 	125.908997 	976.000000 	975.836975 	979.507019 
24.200000 	125.908997 	976.000000 	975.836975 	979.507019 
24.300000 	125.908997 	976.000000 	975.836975 	979.507019 
24.400000 	125.908997 	976.000000 	975.836975 	979.507019 
24.500000 	125.931000 	976.000000 	975.825012 	979.510010 
24.600000 	125.931000 	976.000000 	975.825012 	979.510010 
24.700000 	125.931000 	976.000000 	975.825012 	979.510010 
24.800000 	125.931000 	976.000000 	975.825012 	979.510010 
24.900000 	125.931000 	976.000000 	975.825012 	979.510010 
25.000000 	125.931000 	976.000000 	975.825012 	979.510010 
25.100000 	125.931000 	976.000000 	975.825012 	979.510010 
25.200000 	125.931000 	976.000000 	975.825012 	979.510010 
25.300000 	125.931000 	976.000000 	975.825012 	979.510010 
25.400000 	125.931000 	976.000000 	975.825012 	979.510010 
25.500000 	125.950996 	976.000000 	975.812012 	979.512024 
25.600000 	125.950996 	976.000000 	975.812012 	979.512024 
25.700000 	125.950996 	976.000000 	975.812012 	979.512024 
25.800000 	125.950996 	976.000000 	975.812012 	979.512024 
25.900000 	125.950996 	976.000000 	975.812012 	979.512024 
26.000000 	125.950996 	976.000000 	975.812012 	979.512024 
26.100000 	125.950996 	976.000000 	975.812012 	979.512024 
26.200000 	125.950996 	976.000000 	975.812012 	979.512024 
26.300000 	125.950996 	976.000000 	975.812012 	979.512024 
26.400000 	125.950996 	976.000000 	975.812012 	979.512024 
26.500000 	125.969002 	976.000000 	975.799011 	979.513977 
26.600000 	125.969002 	976.000000 	975.799011 	979.513977 
26.700000 	125.969002 	976.000000 	975.799011 	979.513977 
26.800000 	125.969002 	976.000000 	975.799011 	979.513977 
26.900000 	125.969002 	976.000000 	975.799011 	979.513977 
27.000000 	125.969002 	976.000000 	975.799011 	979.513977 
27.100000 	125.969002 	976.000000 	975.799011 	979.513977 
27.200000 	125.969002 	976.000000 	975.799011 	979.513977 
27.300000 	125.969002 	976.000000 	975.799011 	979.513977 
27.400000 	125.969002 	976.000000 	975.799011 	979.513977 
27.500000 	125.986000 	976.000000 	975.786011 	979.515991 
27.600000 	125.986000 	976.000000 	975.786011 	979.515991 
27.700000 	125.986000 	976.000000 	975.786011 	979.515991 
27.800000 	125.986000 	976.000000 	975.786011 	979.515991 
27.900000 	125.986000 	976.000000 	975.786011 	979.515991 
28.000000 	125.986000 	976.000000 	975.786011 	979.515991 
28.100000 	125.986000 	976.000000 	975.786011 	979.515991 
28.200000 	125.986000 	976.000000 	975.786011 	979.515991 
28.300000 	125.986000 	976.000000 	975.786011 	979.515991 
28.400000 	125.986000 	976.000000 	975.786011 	979.515991 
28.500000 	126.001999 	976.000000 	975.771973 	979.517029 
28.600000 	126.001999 	976.000000 	975.771973 	979.517029 
28.700000 	126.001999 	976.000000 	975.771973 	979.517029 
28.800000 	126.001999 	976.000000 	975.771973 	979.517029 
28.900000 	126.001999 	976.000000 	975.771973 	979.517029 
29.000000 	126.001999 	976.000000 	975.771973 	979.517029 
29.100000 	126.001999 	976.000000 	975.771973 	979.517029 
29.200000 	126.001999 	976.000000 	975.771973 	979.517029 
29.300000 	126.001999 	976.000000 	975.771973 	979.517029 
29.400000 	126.001999 	976.000000 	975.771973 	979.517029 
29.500000 	126.015999 	976.000000 	975.757996 	979.517029 
29.600000 	126.015999 	976.000000 	975.757996 	979.517029 
29.700000 	126.015999 	976.000000 	975.757996 	979.517029 
29.800000 	126.015999 	976.000000 	975.757996 	979.517029 
29.900000 	126.015999 	976.000000 	975.757996 	979.517029 
30.000000 	126.015999 	976.000000 	975.757996 	979.517029 
30.100000 	126.015999 	976.000000 	975.757996 	979.517029 
30.200000 	126.015999 	976.000000 	975.757996 	979.517029 
30.300000 	126.015999 	976.000000 	975.757996 	979.517029 
30.400000 	126.015999 	976.000000 	975.757996 	979.517029 
30.500000 	126.029999 	976.000000 	975.742981 	979.517029 
30.600000 	126.029999 	976.000000 	975.742981 	979.517029 
30.700000 	126.029999 	976.000000 	975.742981 	979.517029 
30.800000 	126.029999 	976.000000 	975.742981 	979.517029 
30.900000 	126.029999 	976.000000 	975.742981 	979.517029 
31.000000 	126.029999 	976.000000 	975.742981 	979.517029 
31.100000 	126.029999 	976.000000 	975.742981 	979.517029 
31.200000 	126.029999 	976.000000 	975.742981 	979.517029 
31.300000 	126.029999 	976.000000 	975.742981 	979.517029 
31.400000 	126.029999 	976.000000 	975.742981 	979.517029 
31.500000 	126.042999 	976.000000 	975.726990 	979.515991 
31.600000 	126.042999 	976.000000 	975.726990 	979.515991 
31.700000 	126.042999 	976.000000 	975.726990 	979.515991 
31.800000 	126.042999 	976.000000 	975.726990 	979.515991 
31.900000 	126.042999 	976.000000 	975.726990 	979.515991 
32.000000 	126.042999 	976.000000 	975.726990 	979.515991 
32.100000 	126.042999 	976.000000 	975.726990 	979.515991 
32.200000 	126.042999 	976.000000 	975.726990 	979.515991 
32.300000 	126.042999 	976.000000 	975.726990 	979.515991 
32.400000 	126.042999 	976.000000 	975.726990 	979.515991 
32.500000 	126.055000 	976.000000 	975.710022 	979.515015 
32.600000 	126.055000 	976.000000 	975.710022 	979.515015 
32.700000 	126.055000 	976.000000 	975.710022 	979.515015 
32.800000 	126.055000 	976.000000 	975.710022 	979.515015 
32.900000 	126.055000 	976.000000 	975.710022 	979.515015 
33.000000 	126.055000 	976.000000 	975.710022 	979.515015 
33.100000 	126.055000 	976.000000 	975.710022 	979.515015 
33.200000 	126.055000 	976.000000 	975.710022 	979.515015 
33.300000 	126.055000 	976.000000 	975.710022 	979.515015 
33.400000 	126.055000 	976.000000 	975.710022 	979.515015 
33.500000 	126.067001 	976.000000 	975.692993 	979.513000 
33.600000 	126.067001 	976.000000 	975.692993 	979.513000 
33.700000 	126.067001 	976.000000 	975.692993 	979.513000 
33.800000 	126.067001 	976.000000 	975.692993 	979.513000 
33.900000 	126.067001 	976.000000 	975.692993 	979.513000 
34.000000 	126.067001 	976.000000 	975.692993 	979.513000 
34.100000 	126.067001 	976.000000 	975.692993 	979.513000 
34.200000 	126.067001 	976.000000 	975.692993 	979.513000 
34.300000 	126.067001 	976.000000 	975.692993 	979.513000 
34.400000 	126.067001 	976.000000 	975.692993 	979.513000 
34.500000 	126.078003 	976.000000 	975.674988 	979.508972 
34.600000 	126.078003 	976.000000 	975.674988 	979.508972 
34.700000 	126.078003 	976.000000 	975.674988 	979.508972 
34.800000 	126.078003 	976.000000 	975.674988 	979.508972 
34.900000 	126.078003 	976.000000 	975.674988 	979.508972 
35.000000 	126.078003 	976.000000 	975.674988 	979.508972 
35.100000 	126.078003 	976.000000 	975.674988 	979.508972 
35.200000 	126.078003 	976.000000 	975.674988 	979.508972 
35.300000 	126.078003 	976.000000 	975.674988 	979.508972 
35.400000 	126.078003 	976.000000 	975.674988 	979.508972 
35.500000 	126.088997 	976.000000 	975.656006 	979.505005 
35.600000 	126.088997 	976.000000 	975.656006 	979.505005 
35.700000 	126.088997 	976.000000 	975.656006 	979.505005 
35.800000 	126.088997 	976.000000 	975.656006 	979.505005 
35.900000 	126.088997 	976.000000 	975.656006 	979.505005 
36.000000 	126.088997 	976.000000 	975.656006 	979.505005 
36.100000 	126.088997 	976.000000 	975.656006 	979.505005 
36.200000 	126.088997 	976.000000 	975.656006 	979.505005 
36.300000 	126.088997 	976.000000 	975.656006 	979.505005 
36.400000 	126.088997 	976.000000 	975.656006 	979.505005 
36.500000 	126.099998 	976.000000 	975.637024 	979.500000 
36.600000 	126.099998 	976.000000 	975.637024 	979.500000 
36.700000 	126.099998 	976.000000 	975.637024 	979.500000 
36.800000 	126.099998 	976.000000 	975.637024 	979.500000 
36.900000 	126.099998 	976.000000 	975.637024 	979.500000 
37.000000 	126.099998 	976.000000 	975.637024 	979.500000 
37.100000 	126.099998 	976.000000 	975.637024 	979.500000 
37.200000 	126.099998 	976.000000 	975.637024 	979.500000 
37.300000 	126.099998 	976.000000 	975.637024 	979.500000 
37.400000 	126.099998 	976.000000 	975.637024 	979.500000 
37.500000 	126.110001 	976.000000 	975.616028 	979.494995 
37.600000 	126.110001 	976.000000 	975.616028 	979.494995 
37.700000 	126.110001 	976.000000 	975.616028 	979.494995 
37.800000 	126.110001 	976.000000 	975.616028 	979.494995 
37.900000 	126.110001 	976.000000 	975.616028 	979.494995 
38.000000 	126.110001 	976.000000 	975.616028 	979.494995 
38.100000 	126.110001 	976.000000 	975.616028 	979.494995 
38.200000 	126.110001 	976.000000 	975.616028 	979.494995 
38.300000 	126.110001 	976.000000 	975.616028 	979.494995 
38.400000 	126.110001 	976.000000 	975.616028 	979.494995 
38.500000 	126.120003 	976.000000 	975.594971 	979.487976 
38.600000 	126.120003 	976.000000 	975.594971 	979.487976 
38.700000 	126.120003 	976.000000 	975.594971 	979.487976 
38.800000 	126.120003 	976.000000 	975.594971 	979.487976 
38.900000 	126.120003 	976.000000 	975.594971 	979.487976 
39.000000 	126.120003 	976.000000 	975.594971 	979.487976 
39.100000 	126.120003 	976.000000 	975.594971 	979.487976 
39.200000 	126.120003 	976.000000 	975.594971 	979.487976 
39.300000 	126.120003 	976.000000 	975.594971 	979.487976 
39.400000 	126.120003 	976.000000 	975.594971 	979.487976 
39.500000 	126.128998 	976.000000 	975.572021 	979.479004 
39.600000 	126.128998 	976.000000 	975.572021 	979.479004 
39.700000 	126.128998 	976.000000 	975.572021 	979.479004 
39.800000 	126.128998 	976.000000 	975.572021 	979.479004 
39.900000 	126.128998 	976.000000 	975.572021 	979.479004 
40.000000 	126.128998 	976.000000 	975.572021 	979.479004 
40.100000 	126.128998 	976.000000 	975.572021 	979.479004 
40.200000 	126.128998 	976.000000 	975.572021 	979.479004 
40.300000 	126.128998 	976.000000 	975.572021 	979.479004 
40.400000 	126.128998 	976.000000 	975.572021 	979.479004 
40.500000 	126.138000 	976.000000 	975.547974 	979.469971 
40.600000 	126.138000 	976.000000 	975.547974 	979.469971 
40.700000 	126.138000 	976.000000 	975.547974 	979.469971 
40.800000 	126.138000 	976.000000 	975.547974 	979.469971 
40.900000 	126.138000 	976.000000 	975.547974 	979.469971 
41.000000 	126.138000 	976.000000 	975.547974 	979.469971 
41.100000 	126.138000 	976.000000 	975.547974 	979.469971 
41.200000 	126.138000 	976.000000 	975.547974 	979.469971 
41.300000 	126.138000 	976.000000 	975.547974 	979.469971 
41.400000 	126.138000 	976.000000 	975.547974 	979.469971 
41.500000 	126.148003 	976.000000 	975.523987 	979.460022 
41.600000 	126.148003 	976.000000 	975.523987 	979.460022 
41.700000 	126.148003 	976.000000 	975.523987 	979.460022 
41.800000 	126.148003 	976.000000 	975.523987 	979.460022 
41.900000 	126.148003 	976.000000 	975.523987 	979.460022 
42.000000 	126.148003 	976.000000 	975.523987 	979.460022 
42.100000 	126.148003 	976.000000 	975.523987 	979.460022 
42.200000 	126.148003 	976.000000 	975.523987 	979.460022 
42.300000 	126.148003 	976.000000 	975.523987 	979.460022 
42.400000 	126.148003 	976.000000 	975.523987 	979.460022 
42.500000 	126.156998 	976.000000 	975.497986 	979.447998 
42.600000 	126.156998 	976.000000 	975.497986 	979.447998 
42.700000 	126.156998 	976.000000 	975.497986 	979.447998 
42.800000 	126.156998 	976.000000 	975.497986 	979.447998 
42.900000 	126.156998 	976.000000 	975.497986 	979.447998 
43.000000 	126.156998 	976.000000 	975.497986 	979.447998 
43.100000 	126.156998 	976.000000 	975.497986 	979.447998 
43.200000 	126.156998 	976.000000 	975.497986 	979.447998 
43.300000 	126.156998 	976.000000 	975.497986 	979.447998 
43.400000 	126.156998 	976.000000 	975.497986 	979.447998 
43.500000 	126.165001 	976.000000 	975.471008 	979.434998 
43.600000 	126.165001 	976.000000 	975.471008 	979.434998 
43.700000 	126.165001 	976.000000 	975.471008 	979.434998 
43.800000 	126.165001 	976.000000 	975.471008 	979.434998 
43.900000 	126.165001 	976.000000 	975.471008 	979.434998 
44.000000 	126.165001 	976.000000 	975.471008 	979.434998 
44.100000 	126.165001 	976.000000 	975.471008 	979.434998 
44.200000 	126.165001 	976.000000 	975.471008 	979.434998 
44.300000 	126.165001 	976.000000 	975.471008 	979.434998 
44.400000 	126.165001 	976.000000 	975.471008 	979.434998 
44.500000 	126.174004 	976.000000 	975.442017 	979.270020 
44.600000 	126.174004 	976.000000 	975.442017 	979.270020 
44.700000 	126.174004 	976.000000 	975.442017 	979.270020 
44.800000 	126.174004 	976.000000 	975.442017 	979.270020 
44.900000 	126.174004 	976.000000 	975.442017 	979.270020 
45.000000 	126.174004 	976.000000 	975.442017 	979.270020 
45.100000 	126.174004 	976.000000 	975.442017 	979.270020 
45.200000 	126.174004 	976.000000 	975.442017 	979.270020 
45.300000 	126.174004 	976.000000 	975.442017 	979.270020 
45.400000 	126.174004 	976.000000 	975.442017 	979.270020 
45.500000 	126.182999 	976.000000 	975.413025 	979.250977 
45.600000 	126.182999 	976.000000 	975.413025 	979.250977 
45.700000 	126.182999 	976.000000 	975.413025 	979.250977 
45.800000 	126.182999 	976.000000 	975.413025 	979.250977 
45.900000 	126.182999 	976.000000 	975.413025 	979.250977 
46.000000 	126.182999 	976.000000 	975.413025 	979.250977 
46.100000 	126.182999 	976.000000 	975.413025 	979.250977 
46.200000 	126.182999 	976.000000 	975.413025 	979.250977 
46.300000 	126.182999 	976.000000 	975.413025 	979.250977 
46.400000 	126.182999 	976.000000 	975.413025 	979.250977 
46.500000 	126.191002 	976.000000 	975.382019 	979.229980 
46.600000 	126.191002 	976.000000 	975.382019 	979.229980 
46.700000 	126.191002 	976.000000 	975.382019 	979.229980 
46.800000 	126.191002 	976.000000 	975.382019 	979.229980 
46.900000 	126.191002 	976.000000 	975.382019 	979.229980 
47.000000 	126.191002 	976.000000 	975.382019 	979.229980 
47.100000 	126.191002 	976.000000 	975.382019 	979.229980 
47.200000 	126.191002 	976.000000 	975.382019 	979.229980 
47.300000 	126.191002 	976.000000 	975.382019 	979.229980 
47.400000 	126.191002 	976.000000 	975.382019 	979.229980 
47.500000 	126.199997 	976.000000 	975.348999 	979.208008 
47.600000 	126.199997 	976.000000 	975.348999 	979.208008 
47.700000 	126.199997 	976.000000 	975.348999 	979.208008 
47.800000 	126.199997 	976.000000 	975.348999 	979.208008 
47.900000 	126.199997 	976.000000 	975.348999 	979.208008 
48.000000 	126.199997 	976.000000 	975.348999 	979.208008 
48.100000 	126.199997 	976.000000 	975.348999 	979.208008 
48.200000 	126.199997 	976.000000 	975.348999 	979.208008 
48.300000 	126.199997 	976.000000 	975.348999 	979.208008 
48.400000 	126.199997 	976.000000 	975.348999 	979.208008 
48.500000 	126.208000 	976.000000 	975.315002 	979.182983 
48.600000 	126.208000 	976.000000 	975.315002 	979.182983 
48.700000 	126.208000 	976.000000 	975.315002 	979.182983 
48.800000 	126.208000 	976.000000 	975.315002 	979.182983 
48.900000 	126.208000 	976.000000 	975.315002 	979.182983 
49.000000 	126.208000 	976.000000 	975.315002 	979.182983 
49.100000 	126.208000 	976.000000 	975.315002 	979.182983 
49.200000 	126.208000 	976.000000 	975.315002 	979.182983 
49.300000 	126.208000 	976.000000 	975.315002 	979.182983 
49.400000 	126.208000 	976.000000 	975.315002 	979.182983 
49.500000 	126.217003 	976.000000 	975.280029 	979.156982 
49.600000 	126.217003 	976.000000 	975.280029 	979.156982 
49.700000 	126.217003 	976.000000 	975.280029 	979.156982 
49.800000 	126.217003 	976.000000 	975.280029 	979.156982 
49.900000 	126.217003 	976.000000 	975.280029 	979.156982 
50.000000 	126.217003 	976.000000 	975.280029 	979.156982 
50.100000 	126.217003 	976.000000 	975.280029 	979.156982 
50.200000 	126.217003 	976.000000 	975.280029 	979.156982 
50.300000 	126.217003 	976.000000 	975.280029 	979.156982 
50.400000 	126.217003 	976.000000 	975.280029 	979.156982 
50.500000 	126.224998 	976.000000 	975.242981 	979.130005 
50.600000 	126.224998 	976.000000 	975.242981 	979.130005 
50.700000 	126.224998 	976.000000 	975.242981 	979.130005 
50.800000 	126.224998 	976.000000 	975.242981 	979.130005 
50.900000 	126.224998 	976.000000 	975.242981 	979.130005 
51.000000 	126.224998 	976.000000 	975.242981 	979.130005 
51.100000 	126.224998 	976.000000 	975.242981 	979.130005 
51.200000 	126.224998 	976.000000 	975.242981 	979.130005 
51.300000 	126.224998 	976.000000 	975.242981 	979.130005 
51.400000 	126.224998 	976.000000 	975.242981 	979.130005 
51.500000 	126.233002 	976.000000 	975.203979 	979.099976 
51.600000 	126.233002 	976.000000 	975.203979 	979.099976 
51.700000 	126.233002 	976.000000 	975.203979 	979.099976 
51.800000 	126.233002 	976.000000 	975.203979 	979.099976 
51.900000 	126.233002 	976.000000 	975.203979 	979.099976 
52.000000 	126.233002 	976.000000 	975.203979 	979.099976 
52.100000 	126.233002 	976.000000 	975.203979 	979.099976 
52.200000 	126.233002 	976.000000 	975.203979 	979.099976 
52.300000 	126.233002 	976.000000 	975.203979 	979.099976 
52.400000 	126.233002 	976.000000 	975.203979 	979.099976 
52.500000 	126.241997 	976.000000 	975.164001 	979.067993 
52.600000 	126.241997 	976.000000 	975.164001 	979.067993 
52.700000 	126.241997 	976.000000 	975.164001 	979.067993 
52.800000 	126.241997 	976.000000 	975.164001 	979.067993 
52.900000 	126.241997 	976.000000 	975.164001 	979.067993 
53.000000 	126.241997 	976.000000 	975.164001 	979.067993 
53.100000 	126.241997 	976.000000 	975.164001 	979.067993 
53.200000 	126.241997 	976.000000 	975.164001 	979.067993 
53.300000 	126.241997 	976.000000 	975.164001 	979.067993 
53.400000 	126.241997 	976.000000 	975.164001 	979.067993 
53.500000 	126.250000 	976.000000 	975.120972 	979.034973 
53.600000 	126.250000 	976.000000 	975.120972 	979.034973 
53.700000 	126.250000 	976.000000 	975.120972 	979.034973 
53.800000 	126.250000 	976.000000 	975.120972 	979.034973 
53.900000 	126.250000 	976.000000 	975.120972 	979.034973 
54.000000 	126.250000 	976.000000 	975.120972 	979.034973 
54.100000 	126.250000 	976.000000 	975.120972 	979.034973 
54.200000 	126.250000 	976.000000 	975.120972 	979.034973 
54.300000 	126.250000 	976.000000 	975.120972 	979.034973 
54.400000 	126.250000 	976.000000 	975.120972 	979.034973 
54.500000 	126.258003 	976.000000 	975.077026 	979.000000 
54.600000 	126.258003 	976.000000 	975.077026 	979.000000 
54.700000 	126.258003 	976.000000 	975.077026 	979.000000 
54.800000 	126.258003 	976.000000 	975.077026 	979.000000 
54.900000 	126.258003 	976.000000 	975.077026 	979.000000 
55.000000 	126.258003 	976.000000 	975.077026 	979.000000 
55.100000 	126.258003 	976.000000 	975.077026 	979.000000 
55.200000 	126.258003 	976.000000 	975.077026 	979.000000 
55.300000 	126.258003 	976.000000 	975.077026 	979.000000 
55.400000 	126.258003 	976.000000 	975.077026 	979.000000 
55.500000 	126.266998 	976.000000 	975.031006 	978.961975 
55.600000 	126.266998 	976.000000 	975.031006 	978.961975 
55.700000 	126.266998 	976.000000 	975.031006 	978.961975 
55.800000 	126.266998 	976.000000 	975.031006 	978.961975 
55.900000 	126.266998 	976.000000 	975.031006 	978.961975 
56.000000 	126.266998 	976.000000 	975.031006 	978.961975 
56.100000 	126.266998 	976.000000 	975.031006 	978.961975 
56.200000 	126.266998 	976.000000 	975.031006 	978.961975 
56.300000 	126.266998 	976.000000 	975.031006 	978.961975 
56.400000 	126.266998 	976.000000 	975.031006 	978.961975 
56.500000 	126.275002 	976.000000 	974.982971 	978.922974 
56.600000 	126.275002 	976.000000 	974.982971 	978.922974 
56.700000 	126.275002 	976.000000 	974.982971 	978.922974 
56.800000 	126.275002 	976.000000 	974.982971 	978.922974 
56.900000 	126.275002 	976.000000 	974.982971 	978.922974 
57.000000 	126.275002 	976.000000 	974.982971 	978.922974 
57.100000 	126.275002 	976.000000 	974.982971 	978.922974 
57.200000 	126.275002 	976.000000 	974.982971 	978.922974 
57.300000 	126.275002 	976.000000 	974.982971 	978.922974 
57.400000 	126.275002 	976.000000 	974.982971 	978.922974 
57.500000 	126.283997 	976.000000 	974.932983 	978.880981 
57.600000 	126.283997 	976.000000 	974.932983 	978.880981 
57.700000 	126.283997 	976.000000 	974.932983 	978.880981 
57.800000 	126.283997 	976.000000 	974.932983 	978.880981 
57.900000 	126.283997 	976.000000 	974.932983 	978.880981 
58.000000 	126.283997 	976.000000 	974.932983 	978.880981 
58.100000 	126.283997 	976.000000 	974.932983 	978.880981 
58.200000 	126.283997 	976.000000 	974.932983 	978.880981 
58.300000 	126.283997 	976.000000 	974.932983 	978.880981 
58.400000 	126.283997 	976.000000 	974.932983 	978.880981 
58.500000 	126.292000 	976.000000 	974.880005 	978.836975 
58.600000 	126.292000 	976.000000 	974.880005 	978.836975 
58.700000 	126.292000 	976.000000 	974.880005 	978.836975 
58.800000 	126.292000 	976.000000 	974.880005 	978.836975 
58.900000 	126.292000 	976.000000 	974.880005 	978.836975 
59.000000 	126.292000 	976.000000 	974.880005 	978.836975 
59.100000 	126.292000 	976.000000 	974.880005 	978.836975 
59.200000 	126.292000 	976.000000 	974.880005 	978.836975 
59.300000 	126.292000 	976.000000 	974.880005 	978.836975 
59.400000 	126.292000 	976.000000 	974.880005 	978.836975 
59.500000 	126.301003 	976.000000 	974.825989 	978.791016 
59.600000 	126.301003 	976.000000 	974.825989 	978.791016 
59.700000 	126.301003 	976.000000 	974.825989 	978.791016 
59.800000 	126.301003 	976.000000 	974.825989 	978.791016 
59.900000 	126.301003 	976.000000 	974.825989 	978.791016 
60.000000 	126.301003 	976.000000 	974.825989 	978.791016 
