0.500000 	93.042900 	924.000000 	929.291992 	925.976990 
0.600000 	93.042900 	924.000000 	929.291992 	925.976990 
0.700000 	93.042900 	924.000000 	929.291992 	925.976990 
0.800000 	93.042900 	924.000000 	929.291992 	925.976990 
0.900000 	93.042900 	924.000000 	929.291992 	925.976990 
1.000000 	93.042900 	924.000000 	929.291992 	925.976990 
1.100000 	93.042900 	924.000000 	929.291992 	925.976990 
1.200000 	93.042900 	924.000000 	929.291992 	925.976990 
1.300000 	93.042900 	924.000000 	929.291992 	925.976990 
1.400000 	93.042900 	924.000000 	929.291992 	925.976990 
1.500000 	104.195999 	924.000000 	927.257019 	927.578003 
1.600000 	104.195999 	924.000000 	927.257019 	927.578003 
1.700000 	104.195999 	924.000000 	927.257019 	927.578003 
1.800000 	104.195999 	924.000000 	927.257019 	927.578003 
1.900000 	104.195999 	924.000000 	927.257019 	927.578003 
2.000000 	104.195999 	924.000000 	927.257019 	927.578003 
2.100000 	104.195999 	924.000000 	927.257019 	927.578003 
2.200000 	104.195999 	924.000000 	927.257019 	927.578003 
2.300000 	104.195999 	924.000000 	927.257019 	927.578003 
2.400000 	104.195999 	924.000000 	927.257019 	927.578003 
2.500000 	114.070999 	924.000000 	925.768982 	927.627991 
2.600000 	114.070999 	924.000000 	925.768982 	927.627991 
2.700000 	114.070999 	924.000000 	925.768982 	927.627991 
2.800000 	114.070999 	924.000000 	925.768982 	927.627991 
2.900000 	114.070999 	924.000000 	925.768982 	927.627991 
3.000000 	114.070999 	924.000000 	925.768982 	927.627991 
3.100000 	114.070999 	924.000000 	925.768982 	927.627991 
3.200000 	114.070999 	924.000000 	925.768982 	927.627991 
3.300000 	114.070999 	924.000000 	925.768982 	927.627991 
3.400000 	114.070999 	924.000000 	925.768982 	927.627991 
3.500000 	118.771004 	924.000000 	925.047974 	927.630005 
3.600000 	118.771004 	924.000000 	925.047974 	927.630005 
3.700000 	118.771004 	924.000000 	925.047974 	927.630005 
3.800000 	118.771004 	924.000000 	925.047974 	927.630005 
3.900000 	118.771004 	924.000000 	925.047974 	927.630005 
4.000000 	118.771004 	924.000000 	925.047974 	927.630005 
4.100000 	118.771004 	924.000000 	925.047974 	927.630005 
4.200000 	118.771004 	924.000000 	925.047974 	927.630005 
4.300000 	118.771004 	924.000000 	925.047974 	927.630005 
4.400000 	118.771004 	924.000000 	925.047974 	927.630005 
4.500000 	121.217003 	924.000000 	924.666992 	927.629028 
4.600000 	121.217003 	924.000000 	924.666992 	927.629028 
4.700000 	121.217003 	924.000000 	924.666992 	927.629028 
4.800000 	121.217003 	924.000000 	924.666992 	927.629028 
4.900000 	121.217003 	924.000000 	924.666992 	927.629028 
5.000000 	121.217003 	924.000000 	924.666992 	927.629028 
5.100000 	121.217003 	924.000000 	924.666992 	927.629028 
5.200000 	121.217003 	924.000000 	924.666992 	927.629028 
5.300000 	121.217003 	924.000000 	924.666992 	927.629028 
5.400000 	121.217003 	924.000000 	924.666992 	927.629028 
5.500000 	122.626999 	924.000000 	924.445007 	927.629028 
5.600000 	122.626999 	924.000000 	924.445007 	927.629028 
5.700000 	122.626999 	924.000000 	924.445007 	927.629028 
5.800000 	122.626999 	924.000000 	924.445007 	927.629028 
5.900000 	122.626999 	924.000000 	924.445007 	927.629028 
6.000000 	122.626999 	924.000000 	924.445007 	927.629028 
6.100000 	122.626999 	924.000000 	924.445007 	927.629028 
6.200000 	122.626999 	924.000000 	924.445007 	927.629028 
6.300000 	122.626999 	924.000000 	924.445007 	927.629028 
6.400000 	122.626999 	924.000000 	924.445007 	927.629028 
6.500000 	123.507004 	924.000000 	924.306030 	927.630005 
6.600000 	123.507004 	924.000000 	924.306030 	927.630005 
6.700000 	123.507004 	924.000000 	924.306030 	927.630005 
6.800000 	123.507004 	924.000000 	924.306030 	927.630005 
6.900000 	123.507004 	924.000000 	924.306030 	927.630005 
7.000000 	123.507004 	924.000000 	924.306030 	927.630005 
7.100000 	123.507004 	924.000000 	924.306030 	927.630005 
7.200000 	123.507004 	924.000000 	924.306030 	927.630005 
7.300000 	123.507004 	924.000000 	924.306030 	927.630005 
7.400000 	123.507004 	924.000000 	924.306030 	927.630005 
7.500000 	124.093002 	924.000000 	924.211975 	927.632019 
7.600000 	124.093002 	924.000000 	924.211975 	927.632019 
7.700000 	124.093002 	924.000000 	924.211975 	927.632019 
7.800000 	124.093002 	924.000000 	924.211975 	927.632019 
7.900000 	124.093002 	924.000000 	924.211975 	927.632019 
8.000000 	124.093002 	924.000000 	924.211975 	927.632019 
8.100000 	124.093002 	924.000000 	924.211975 	927.632019 
8.200000 	124.093002 	924.000000 	924.211975 	927.632019 
8.300000 	124.093002 	924.000000 	924.211975 	927.632019 
8.400000 	124.093002 	924.000000 	924.211975 	927.632019 
8.500000 	124.500999 	924.000000 	924.145996 	927.635010 
8.600000 	124.500999 	924.000000 	924.145996 	927.635010 
8.700000 	124.500999 	924.000000 	924.145996 	927.635010 
8.800000 	124.500999 	924.000000 	924.145996 	927.635010 
8.900000 	124.500999 	924.000000 	924.145996 	927.635010 
9.000000 	124.500999 	924.000000 	924.145996 	927.635010 
9.100000 	124.500999 	924.000000 	924.145996 	927.635010 
9.200000 	124.500999 	924.000000 	924.145996 	927.635010 
9.300000 	124.500999 	924.000000 	924.145996 	927.635010 
9.400000 	124.500999 	924.000000 	924.145996 	927.635010 
9.500000 	124.796997 	924.000000 	924.096985 	927.638000 
9.600000 	124.796997 	924.000000 	924.096985 	927.638000 
9.700000 	124.796997 	924.000000 	924.096985 	927.638000 
9.800000 	124.796997 	924.000000 	924.096985 	927.638000 
9.900000 	124.796997 	924.000000 	924.096985 	927.638000 
10.000000 	124.796997 	924.000000 	924.096985 	927.638000 
10.100000 	124.796997 	924.000000 	924.096985 	927.638000 
10.200000 	124.796997 	924.000000 	924.096985 	927.638000 
10.300000 	124.796997 	924.000000 	924.096985 	927.638000 
10.400000 	124.796997 	924.000000 	924.096985 	927.638000 
10.500000 	125.018997 	924.000000 	924.059998 	927.642029 
10.600000 	125.018997 	924.000000 	924.059998 	927.642029 
10.700000 	125.018997 	924.000000 	924.059998 	927.642029 
10.800000 	125.018997 	924.000000 	924.059998 	927.642029 
10.900000 	125.018997 	924.000000 	924.059998 	927.642029 
11.000000 	125.018997 	924.000000 	924.059998 	927.642029 
11.100000 	125.018997 	924.000000 	924.059998 	927.642029 
11.200000 	125.018997 	924.000000 	924.059998 	927.642029 
11.300000 	125.018997 	924.000000 	924.059998 	927.642029 
11.400000 	125.018997 	924.000000 	924.059998 	927.642029 
11.500000 	125.190002 	924.000000 	924.030029 	927.646973 
11.600000 	125.190002 	924.000000 	924.030029 	927.646973 
11.700000 	125.190002 	924.000000 	924.030029 	927.646973 
11.800000 	125.190002 	924.000000 	924.030029 	927.646973 
11.900000 	125.190002 	924.000000 	924.030029 	927.646973 
12.000000 	125.190002 	924.000000 	924.030029 	927.646973 
12.100000 	125.190002 	924.000000 	924.030029 	927.646973 
12.200000 	125.190002 	924.000000 	924.030029 	927.646973 
12.300000 	125.190002 	924.000000 	924.030029 	927.646973 
12.400000 	125.190002 	924.000000 	924.030029 	927.646973 
12.500000 	125.323997 	924.000000 	924.005981 	927.651001 
12.600000 	125.323997 	924.000000 	924.005981 	927.651001 
12.700000 	125.323997 	924.000000 	924.005981 	927.651001 
12.800000 	125.323997 	924.000000 	924.005981 	927.651001 
12.900000 	125.323997 	924.000000 	924.005981 	927.651001 
13.000000 	125.323997 	924.000000 	924.005981 	927.651001 
13.100000 	125.323997 	924.000000 	924.005981 	927.651001 
13.200000 	125.323997 	924.000000 	924.005981 	927.651001 
13.300000 	125.323997 	924.000000 	924.005981 	927.651001 
13.400000 	125.323997 	924.000000 	924.005981 	927.651001 
13.500000 	125.431999 	924.000000 	923.984985 	927.656006 
13.600000 	125.431999 	924.000000 	923.984985 	927.656006 
13.700000 	125.431999 	924.000000 	923.984985 	927.656006 
13.800000 	125.431999 	924.000000 	923.984985 	927.656006 
13.900000 	125.431999 	924.000000 	923.984985 	927.656006 
14.000000 	125.431999 	924.000000 	923.984985 	927.656006 
14.100000 	125.431999 	924.000000 	923.984985 	927.656006 
14.200000 	125.431999 	924.000000 	923.984985 	927.656006 
14.300000 	125.431999 	924.000000 	923.984985 	927.656006 
14.400000 	125.431999 	924.000000 	923.984985 	927.656006 
14.500000 	125.519997 	924.000000 	923.966980 	927.661011 
14.600000 	125.519997 	924.000000 	923.966980 	927.661011 
14.700000 	125.519997 	924.000000 	923.966980 	927.661011 
14.800000 	125.519997 	924.000000 	923.966980 	927.661011 
14.900000 	125.519997 	924.000000 	923.966980 	927.661011 
15.000000 	125.519997 	924.000000 	923.966980 	927.661011 
15.100000 	125.519997 	924.000000 	923.966980 	927.661011 
15.200000 	125.519997 	924.000000 	923.966980 	927.661011 
15.300000 	125.519997 	924.000000 	923.966980 	927.661011 
15.400000 	125.519997 	924.000000 	923.966980 	927.661011 
15.500000 	125.593002 	924.000000 	923.952026 	927.666992 
15.600000 	125.593002 	924.000000 	923.952026 	927.666992 
15.700000 	125.593002 	924.000000 	923.952026 	927.666992 
15.800000 	125.593002 	924.000000 	923.952026 	927.666992 
15.900000 	125.593002 	924.000000 	923.952026 	927.666992 
16.000000 	125.593002 	924.000000 	923.952026 	927.666992 
16.100000 	125.593002 	924.000000 	923.952026 	927.666992 
16.200000 	125.593002 	924.000000 	923.952026 	927.666992 
16.300000 	125.593002 	924.000000 	923.952026 	927.666992 
16.400000 	125.593002 	924.000000 	923.952026 	927.666992 
16.500000 	125.654999 	924.000000 	923.937012 	927.671997 
16.600000 	125.654999 	924.000000 	923.937012 	927.671997 
16.700000 	125.654999 	924.000000 	923.937012 	927.671997 
16.800000 	125.654999 	924.000000 	923.937012 	927.671997 
16.900000 	125.654999 	924.000000 	923.937012 	927.671997 
17.000000 	125.654999 	924.000000 	923.937012 	927.671997 
17.100000 	125.654999 	924.000000 	923.937012 	927.671997 
17.200000 	125.654999 	924.000000 	923.937012 	927.671997 
17.300000 	125.654999 	924.000000 	923.937012 	927.671997 
17.400000 	125.654999 	924.000000 	923.937012 	927.671997 
17.500000 	125.707001 	924.000000 	923.924011 	927.677979 
17.600000 	125.707001 	924.000000 	923.924011 	927.677979 
17.700000 	125.707001 	924.000000 	923.924011 	927.677979 
17.800000 	125.707001 	924.000000 	923.924011 	927.677979 
17.900000 	125.707001 	924.000000 	923.924011 	927.677979 
18.000000 	125.707001 	924.000000 	923.924011 	927.677979 
18.100000 	125.707001 	924.000000 	923.924011 	927.677979 
18.200000 	125.707001 	924.000000 	923.924011 	927.677979 
18.300000 	125.707001 	924.000000 	923.924011 	927.677979 
18.400000 	125.707001 	924.000000 	923.924011 	927.677979 
18.500000 	125.751999 	924.000000 	923.911011 	927.682983 
18.600000 	125.751999 	924.000000 	923.911011 	927.682983 
18.700000 	125.751999 	924.000000 	923.911011 	927.682983 
18.800000 	125.751999 	924.000000 	923.911011 	927.682983 
18.900000 	125.751999 	924.000000 	923.911011 	927.682983 
19.000000 	125.751999 	924.000000 	923.911011 	927.682983 
19.100000 	125.751999 	924.000000 	923.911011 	927.682983 
19.200000 	125.751999 	924.000000 	923.911011 	927.682983 
19.300000 	125.751999 	924.000000 	923.911011 	927.682983 
19.400000 	125.751999 	924.000000 	923.911011 	927.682983 
19.500000 	125.791000 	924.000000 	923.898987 	927.689026 
19.600000 	125.791000 	924.000000 	923.898987 	927.689026 
19.700000 	125.791000 	924.000000 	923.898987 	927.689026 
19.800000 	125.791000 	924.000000 	923.898987 	927.689026 
19.900000 	125.791000 	924.000000 	923.898987 	927.689026 
20.000000 	125.791000 	924.000000 	923.898987 	927.689026 
20.100000 	125.791000 	924.000000 	923.898987 	927.689026 
20.200000 	125.791000 	924.000000 	923.898987 	927.689026 
20.300000 	125.791000 	924.000000 	923.898987 	927.689026 
20.400000 	125.791000 	924.000000 	923.898987 	927.689026 
20.500000 	125.824997 	924.000000 	923.888000 	927.695007 
20.600000 	125.824997 	924.000000 	923.888000 	927.695007 
20.700000 	125.824997 	924.000000 	923.888000 	927.695007 
20.800000 	125.824997 	924.000000 	923.888000 	927.695007 
20.900000 	125.824997 	924.000000 	923.888000 	927.695007 
21.000000 	125.824997 	924.000000 	923.888000 	927.695007 
21.100000 	125.824997 	924.000000 	923.888000 	927.695007 
21.200000 	125.824997 	924.000000 	923.888000 	927.695007 
21.300000 	125.824997 	924.000000 	923.888000 	927.695007 
21.400000 	125.824997 	924.000000 	923.888000 	927.695007 
21.500000 	125.855003 	924.000000 	923.875977 	927.700012 
21.600000 	125.855003 	924.000000 	923.875977 	927.700012 
21.700000 	125.855003 	924.000000 	923.875977 	927.700012 
21.800000 	125.855003 	924.000000 	923.875977 	927.700012 
21.900000 	125.855003 	924.000000 	923.875977 	927.700012 
22.000000 	125.855003 	924.000000 	923.875977 	927.700012 
22.100000 	125.855003 	924.000000 	923.875977 	927.700012 
22.200000 	125.855003 	924.000000 	923.875977 	927.700012 
22.300000 	125.855003 	924.000000 	923.875977 	927.700012 
22.400000 	125.855003 	924.000000 	923.875977 	927.700012 
22.500000 	125.882004 	924.000000 	923.864014 	927.705017 
22.600000 	125.882004 	924.000000 	923.864014 	927.705017 
22.700000 	125.882004 	924.000000 	923.864014 	927.705017 
22.800000 	125.882004 	924.000000 	923.864014 	927.705017 
22.900000 	125.882004 	924.000000 	923.864014 	927.705017 
23.000000 	125.882004 	924.000000 	923.864014 	927.705017 
23.100000 	125.882004 	924.000000 	923.864014 	927.705017 
23.200000 	125.882004 	924.000000 	923.864014 	927.705017 
23.300000 	125.882004 	924.000000 	923.864014 	927.705017 
23.400000 	125.882004 	924.000000 	923.864014 	927.705017 
23.500000 	125.906998 	924.000000 	923.853027 	927.710022 
23.600000 	125.906998 	924.000000 	923.853027 	927.710022 
23.700000 	125.906998 	924.000000 	923.853027 	927.710022 
23.800000 	125.906998 	924.000000 	923.853027 	927.710022 
23.900000 	125.906998 	924.000000 	923.853027 	927.710022 
24.000000 	125.906998 	924.000000 	923.853027 	927.710022 
24.100000 	125.906998 	924.000000 	923.853027 	927.710022 
24.200000 	125.906998 	924.000000 	923.853027 	927.710022 
24.300000 	125.906998 	924.000000 	923.853027 	927.710022 
24.400000 	125.906998 	924.000000 	923.853027 	927.710022 
24.500000 	125.929001 	924.000000 	923.841003 	927.715027 
24.600000 	125.929001 	924.000000 	923.841003 	927.715027 
24.700000 	125.929001 	924.000000 	923.841003 	927.715027 
24.800000 	125.929001 	924.000000 	923.841003 	927.715027 
24.900000 	125.929001 	924.000000 	923.841003 	927.715027 
25.000000 	125.929001 	924.000000 	923.841003 	927.715027 
25.100000 	125.929001 	924.000000 	923.841003 	927.715027 
25.200000 	125.929001 	924.000000 	923.841003 	927.715027 
25.300000 	125.929001 	924.000000 	923.841003 	927.715027 
25.400000 	125.929001 	924.000000 	923.841003 	927.715027 
25.500000 	125.948997 	924.000000 	923.828979 	927.719971 
25.600000 	125.948997 	924.000000 	923.828979 	927.719971 
25.700000 	125.948997 	924.000000 	923.828979 	927.719971 
25.800000 	125.948997 	924.000000 	923.828979 	927.719971 
25.900000 	125.948997 	924.000000 	923.828979 	927.719971 
26.000000 	125.948997 	924.000000 	923.828979 	927.719971 
26.100000 	125.948997 	924.000000 	923.828979 	927.719971 
26.200000 	125.948997 	924.000000 	923.828979 	927.719971 
26.300000 	125.948997 	924.000000 	923.828979 	927.719971 
26.400000 	125.948997 	924.000000 	923.828979 	927.719971 
26.500000 	125.967003 	924.000000 	923.815979 	927.723999 
26.600000 	125.967003 	924.000000 	923.815979 	927.723999 
26.700000 	125.967003 	924.000000 	923.815979 	927.723999 
26.800000 	125.967003 	924.000000 	923.815979 	927.723999 
26.900000 	125.967003 	924.000000 	923.815979 	927.723999 
27.000000 	125.967003 	924.000000 	923.815979 	927.723999 
27.100000 	125.967003 	924.000000 	923.815979 	927.723999 
27.200000 	125.967003 	924.000000 	923.815979 	927.723999 
27.300000 	125.967003 	924.000000 	923.815979 	927.723999 
27.400000 	125.967003 	924.000000 	923.815979 	927.723999 
27.500000 	125.984001 	924.000000 	923.802979 	927.728027 
27.600000 	125.984001 	924.000000 	923.802979 	927.728027 
27.700000 	125.984001 	924.000000 	923.802979 	927.728027 
27.800000 	125.984001 	924.000000 	923.802979 	927.728027 
27.900000 	125.984001 	924.000000 	923.802979 	927.728027 
28.000000 	125.984001 	924.000000 	923.802979 	927.728027 
28.100000 	125.984001 	924.000000 	923.802979 	927.728027 
28.200000 	125.984001 	924.000000 	923.802979 	927.728027 
28.300000 	125.984001 	924.000000 	923.802979 	927.728027 
28.400000 	125.984001 	924.000000 	923.802979 	927.728027 
28.500000 	126.000000 	924.000000 	923.789978 	927.731995 
28.600000 	126.000000 	924.000000 	923.789978 	927.731995 
28.700000 	126.000000 	924.000000 	923.789978 	927.731995 
28.800000 	126.000000 	924.000000 	923.789978 	927.731995 
28.900000 	126.000000 	924.000000 	923.789978 	927.731995 
29.000000 	126.000000 	924.000000 	923.789978 	927.731995 
29.100000 	126.000000 	924.000000 	923.789978 	927.731995 
29.200000 	126.000000 	924.000000 	923.789978 	927.731995 
29.300000 	126.000000 	924.000000 	923.789978 	927.731995 
29.400000 	126.000000 	924.000000 	923.789978 	927.731995 
29.500000 	126.014999 	924.000000 	923.776001 	927.734985 
29.600000 	126.014999 	924.000000 	923.776001 	927.734985 
29.700000 	126.014999 	924.000000 	923.776001 	927.734985 
29.800000 	126.014999 	924.000000 	923.776001 	927.734985 
29.900000 	126.014999 	924.000000 	923.776001 	927.734985 
30.000000 	126.014999 	924.000000 	923.776001 	927.734985 
30.100000 	126.014999 	924.000000 	923.776001 	927.734985 
30.200000 	126.014999 	924.000000 	923.776001 	927.734985 
30.300000 	126.014999 	924.000000 	923.776001 	927.734985 
30.400000 	126.014999 	924.000000 	923.776001 	927.734985 
30.500000 	126.028999 	924.000000 	923.762024 	927.737000 
30.600000 	126.028999 	924.000000 	923.762024 	927.737000 
30.700000 	126.028999 	924.000000 	923.762024 	927.737000 
30.800000 	126.028999 	924.000000 	923.762024 	927.737000 
30.900000 	126.028999 	924.000000 	923.762024 	927.737000 
31.000000 	126.028999 	924.000000 	923.762024 	927.737000 
31.100000 	126.028999 	924.000000 	923.762024 	927.737000 
31.200000 	126.028999 	924.000000 	923.762024 	927.737000 
31.300000 	126.028999 	924.000000 	923.762024 	927.737000 
31.400000 	126.028999 	924.000000 	923.762024 	927.737000 
31.500000 	126.042000 	924.000000 	923.747009 	927.739014 
31.600000 	126.042000 	924.000000 	923.747009 	927.739014 
31.700000 	126.042000 	924.000000 	923.747009 	927.739014 
31.800000 	126.042000 	924.000000 	923.747009 	927.739014 
31.900000 	126.042000 	924.000000 	923.747009 	927.739014 
32.000000 	126.042000 	924.000000 	923.747009 	927.739014 
32.100000 	126.042000 	924.000000 	923.747009 	927.739014 
32.200000 	126.042000 	924.000000 	923.747009 	927.739014 
32.300000 	126.042000 	924.000000 	923.747009 	927.739014 
32.400000 	126.042000 	924.000000 	923.747009 	927.739014 
32.500000 	126.054001 	924.000000 	923.731018 	927.741028 
32.600000 	126.054001 	924.000000 	923.731018 	927.741028 
32.700000 	126.054001 	924.000000 	923.731018 	927.741028 
32.800000 	126.054001 	924.000000 	923.731018 	927.741028 
32.900000 	126.054001 	924.000000 	923.731018 	927.741028 
33.000000 	126.054001 	924.000000 	923.731018 	927.741028 
33.100000 	126.054001 	924.000000 	923.731018 	927.741028 
33.200000 	126.054001 	924.000000 	923.731018 	927.741028 
33.300000 	126.054001 	924.000000 	923.731018 	927.741028 
33.400000 	126.054001 	924.000000 	923.731018 	927.741028 
33.500000 	126.066002 	924.000000 	923.715027 	927.741028 
33.600000 	126.066002 	924.000000 	923.715027 	927.741028 
33.700000 	126.066002 	924.000000 	923.715027 	927.741028 
33.800000 	126.066002 	924.000000 	923.715027 	927.741028 
33.900000 	126.066002 	924.000000 	923.715027 	927.741028 
34.000000 	126.066002 	924.000000 	923.715027 	927.741028 
34.100000 	126.066002 	924.000000 	923.715027 	927.741028 
34.200000 	126.066002 	924.000000 	923.715027 	927.741028 
34.300000 	126.066002 	924.000000 	923.715027 	927.741028 
34.400000 	126.066002 	924.000000 	923.715027 	927.741028 
34.500000 	126.078003 	924.000000 	923.697998 	927.741028 
34.600000 	126.078003 	924.000000 	923.697998 	927.741028 
34.700000 	126.078003 	924.000000 	923.697998 	927.741028 
34.800000 	126.078003 	924.000000 	923.697998 	927.741028 
34.900000 	126.078003 	924.000000 	923.697998 	927.741028 
35.000000 	126.078003 	924.000000 	923.697998 	927.741028 
35.100000 	126.078003 	924.000000 	923.697998 	927.741028 
35.200000 	126.078003 	924.000000 	923.697998 	927.741028 
35.300000 	126.078003 	924.000000 	923.697998 	927.741028 
35.400000 	126.078003 	924.000000 	923.697998 	927.741028 
35.500000 	126.088997 	924.000000 	923.679993 	927.741028 
35.600000 	126.088997 	924.000000 	923.679993 	927.741028 
35.700000 	126.088997 	924.000000 	923.679993 	927.741028 
35.800000 	126.088997 	924.000000 	923.679993 	927.741028 
35.900000 	126.088997 	924.000000 	923.679993 	927.741028 
36.000000 	126.088997 	924.000000 	923.679993 	927.741028 
36.100000 	126.088997 	924.000000 	923.679993 	927.741028 
36.200000 	126.088997 	924.000000 	923.679993 	927.741028 
36.300000 	126.088997 	924.000000 	923.679993 	927.741028 
36.400000 	126.088997 	924.000000 	923.679993 	927.741028 
36.500000 	126.098999 	924.000000 	923.661011 	927.739014 
36.600000 	126.098999 	924.000000 	923.661011 	927.739014 
36.700000 	126.098999 	924.000000 	923.661011 	927.739014 
36.800000 	126.098999 	924.000000 	923.661011 	927.739014 
36.900000 	126.098999 	924.000000 	923.661011 	927.739014 
37.000000 	126.098999 	924.000000 	923.661011 	927.739014 
37.100000 	126.098999 	924.000000 	923.661011 	927.739014 
37.200000 	126.098999 	924.000000 	923.661011 	927.739014 
37.300000 	126.098999 	924.000000 	923.661011 	927.739014 
37.400000 	126.098999 	924.000000 	923.661011 	927.739014 
37.500000 	126.109001 	924.000000 	923.642029 	927.737000 
37.600000 	126.109001 	924.000000 	923.642029 	927.737000 
37.700000 	126.109001 	924.000000 	923.642029 	927.737000 
37.800000 	126.109001 	924.000000 	923.642029 	927.737000 
37.900000 	126.109001 	924.000000 	923.642029 	927.737000 
38.000000 	126.109001 	924.000000 	923.642029 	927.737000 
38.100000 	126.109001 	924.000000 	923.642029 	927.737000 
38.200000 	126.109001 	924.000000 	923.642029 	927.737000 
38.300000 	126.109001 	924.000000 	923.642029 	927.737000 
38.400000 	126.109001 	924.000000 	923.642029 	927.737000 
38.500000 	126.119003 	924.000000 	923.620972 	927.732971 
38.600000 	126.119003 	924.000000 	923.620972 	927.732971 
38.700000 	126.119003 	924.000000 	923.620972 	927.732971 
38.800000 	126.119003 	924.000000 	923.620972 	927.732971 
38.900000 	126.119003 	924.000000 	923.620972 	927.732971 
39.000000 	126.119003 	924.000000 	923.620972 	927.732971 
39.100000 	126.119003 	924.000000 	923.620972 	927.732971 
39.200000 	126.119003 	924.000000 	923.620972 	927.732971 
39.300000 	126.119003 	924.000000 	923.620972 	927.732971 
39.400000 	126.119003 	924.000000 	923.620972 	927.732971 
39.500000 	126.128998 	924.000000 	923.599976 	927.729004 
39.600000 	126.128998 	924.000000 	923.599976 	927.729004 
39.700000 	126.128998 	924.000000 	923.599976 	927.729004 
39.800000 	126.128998 	924.000000 	923.599976 	927.729004 
39.900000 	126.128998 	924.000000 	923.599976 	927.729004 
40.000000 	126.128998 	924.000000 	923.599976 	927.729004 
40.100000 	126.128998 	924.000000 	923.599976 	927.729004 
40.200000 	126.128998 	924.000000 	923.599976 	927.729004 
40.300000 	126.128998 	924.000000 	923.599976 	927.729004 
40.400000 	126.128998 	924.000000 	923.599976 	927.729004 
40.500000 	126.139000 	924.000000 	923.578003 	927.723022 
40.600000 	126.139000 	924.000000 	923.578003 	927.723022 
40.700000 	126.139000 	924.000000 	923.578003 	927.723022 
40.800000 	126.139000 	924.000000 	923.578003 	927.723022 
40.900000 	126.139000 	924.000000 	923.578003 	927.723022 
41.000000 	126.139000 	924.000000 	923.578003 	927.723022 
41.100000 	126.139000 	924.000000 	923.578003 	927.723022 
41.200000 	126.139000 	924.000000 	923.578003 	927.723022 
41.300000 	126.139000 	924.000000 	923.578003 	927.723022 
41.400000 	126.139000 	924.000000 	923.578003 	927.723022 
41.500000 	126.148003 	924.000000 	923.554016 	927.716980 
41.600000 	126.148003 	924.000000 	923.554016 	927.716980 
41.700000 	126.148003 	924.000000 	923.554016 	927.716980 
41.800000 	126.148003 	924.000000 	923.554016 	927.716980 
41.900000 	126.148003 	924.000000 	923.554016 	927.716980 
42.000000 	126.148003 	924.000000 	923.554016 	927.716980 
42.100000 	126.148003 	924.000000 	923.554016 	927.716980 
42.200000 	126.148003 	924.000000 	923.554016 	927.716980 
42.300000 	126.148003 	924.000000 	923.554016 	927.716980 
42.400000 	126.148003 	924.000000 	923.554016 	927.716980 
42.500000 	126.156998 	924.000000 	923.530029 	927.708984 
42.600000 	126.156998 	924.000000 	923.530029 	927.708984 
42.700000 	126.156998 	924.000000 	923.530029 	927.708984 
42.800000 	126.156998 	924.000000 	923.530029 	927.708984 
42.900000 	126.156998 	924.000000 	923.530029 	927.708984 
43.000000 	126.156998 	924.000000 	923.530029 	927.708984 
43.100000 	126.156998 	924.000000 	923.530029 	927.708984 
43.200000 	126.156998 	924.000000 	923.530029 	927.708984 
43.300000 	126.156998 	924.000000 	923.530029 	927.708984 
43.400000 	126.156998 	924.000000 	923.530029 	927.708984 
43.500000 	126.166000 	924.000000 	923.504028 	927.700989 
43.600000 	126.166000 	924.000000 	923.504028 	927.700989 
43.700000 	126.166000 	924.000000 	923.504028 	927.700989 
43.800000 	126.166000 	924.000000 	923.504028 	927.700989 
43.900000 	126.166000 	924.000000 	923.504028 	927.700989 
44.000000 	126.166000 	924.000000 	923.504028 	927.700989 
44.100000 	126.166000 	924.000000 	923.504028 	927.700989 
44.200000 	126.166000 	924.000000 	923.504028 	927.700989 
44.300000 	126.166000 	924.000000 	923.504028 	927.700989 
44.400000 	126.166000 	924.000000 	923.504028 	927.700989 
44.500000 	126.175003 	924.000000 	923.478027 	927.690979 
44.600000 	126.175003 	924.000000 	923.478027 	927.690979 
44.700000 	126.175003 	924.000000 	923.478027 	927.690979 
44.800000 	126.175003 	924.000000 	923.478027 	927.690979 
44.900000 	126.175003 	924.000000 	923.478027 	927.690979 
45.000000 	126.175003 	924.000000 	923.478027 	927.690979 
45.100000 	126.175003 	924.000000 	923.478027 	927.690979 
45.200000 	126.175003 	924.000000 	923.478027 	927.690979 
45.300000 	126.175003 	924.000000 	923.478027 	927.690979 
45.400000 	126.175003 	924.000000 	923.478027 	927.690979 
45.500000 	126.183998 	924.000000 	923.450012 	927.679016 
45.600000 	126.183998 	924.000000 	923.450012 	927.679016 
45.700000 	126.183998 	924.000000 	923.450012 	927.679016 
45.800000 	126.183998 	924.000000 	923.450012 	927.679016 
45.900000 	126.183998 	924.000000 	923.450012 	927.679016 
46.000000 	126.183998 	924.000000 	923.450012 	927.679016 
46.100000 	126.183998 	924.000000 	923.450012 	927.679016 
46.200000 	126.183998 	924.000000 	923.450012 	927.679016 
46.300000 	126.183998 	924.000000 	923.450012 	927.679016 
46.400000 	126.183998 	924.000000 	923.450012 	927.679016 
46.500000 	126.192001 	924.000000 	923.419983 	927.666992 
46.600000 	126.192001 	924.000000 	923.419983 	927.666992 
46.700000 	126.192001 	924.000000 	923.419983 	927.666992 
46.800000 	126.192001 	924.000000 	923.419983 	927.666992 
46.900000 	126.192001 	924.000000 	923.419983 	927.666992 
47.000000 	126.192001 	924.000000 	923.419983 	927.666992 
47.100000 	126.192001 	924.000000 	923.419983 	927.666992 
47.200000 	126.192001 	924.000000 	923.419983 	927.666992 
47.300000 	126.192001 	924.000000 	923.419983 	927.666992 
47.400000 	126.192001 	924.000000 	923.419983 	927.666992 
47.500000 	126.200996 	924.000000 	923.390015 	927.653015 
47.600000 	126.200996 	924.000000 	923.390015 	927.653015 
47.700000 	126.200996 	924.000000 	923.390015 	927.653015 
47.800000 	126.200996 	924.000000 	923.390015 	927.653015 
47.900000 	126.200996 	924.000000 	923.390015 	927.653015 
48.000000 	126.200996 	924.000000 	923.390015 	927.653015 
48.100000 	126.200996 	924.000000 	923.390015 	927.653015 
48.200000 	126.200996 	924.000000 	923.390015 	927.653015 
48.300000 	126.200996 	924.000000 	923.390015 	927.653015 
48.400000 	126.200996 	924.000000 	923.390015 	927.653015 
48.500000 	126.209000 	924.000000 	923.357971 	927.637024 
48.600000 	126.209000 	924.000000 	923.357971 	927.637024 
48.700000 	126.209000 	924.000000 	923.357971 	927.637024 
48.800000 	126.209000 	924.000000 	923.357971 	927.637024 
48.900000 	126.209000 	924.000000 	923.357971 	927.637024 
49.000000 	126.209000 	924.000000 	923.357971 	927.637024 
49.100000 	126.209000 	924.000000 	923.357971 	927.637024 
49.200000 	126.209000 	924.000000 	923.357971 	927.637024 
49.300000 	126.209000 	924.000000 	923.357971 	927.637024 
49.400000 	126.209000 	924.000000 	923.357971 	927.637024 
49.500000 	126.218002 	924.000000 	923.323975 	927.619995 
49.600000 	126.218002 	924.000000 	923.323975 	927.619995 
49.700000 	126.218002 	924.000000 	923.323975 	927.619995 
49.800000 	126.218002 	924.000000 	923.323975 	927.619995 
49.900000 	126.218002 	924.000000 	923.323975 	927.619995 
50.000000 	126.218002 	924.000000 	923.323975 	927.619995 
50.100000 	126.218002 	924.000000 	923.323975 	927.619995 
50.200000 	126.218002 	924.000000 	923.323975 	927.619995 
50.300000 	126.218002 	924.000000 	923.323975 	927.619995 
50.400000 	126.218002 	924.000000 	923.323975 	927.619995 
50.500000 	126.226997 	924.000000 	923.289001 	927.437012 
50.600000 	126.226997 	924.000000 	923.289001 	927.437012 
50.700000 	126.226997 	924.000000 	923.289001 	927.437012 
50.800000 	126.226997 	924.000000 	923.289001 	927.437012 
50.900000 	126.226997 	924.000000 	923.289001 	927.437012 
51.000000 	126.226997 	924.000000 	923.289001 	927.437012 
51.100000 	126.226997 	924.000000 	923.289001 	927.437012 
51.200000 	126.226997 	924.000000 	923.289001 	927.437012 
51.300000 	126.226997 	924.000000 	923.289001 	927.437012 
51.400000 	126.226997 	924.000000 	923.289001 	927.437012 
51.500000 	126.235001 	924.000000 	923.252991 	927.413025 
51.600000 	126.235001 	924.000000 	923.252991 	927.413025 
51.700000 	126.235001 	924.000000 	923.252991 	927.413025 
51.800000 	126.235001 	924.000000 	923.252991 	927.413025 
51.900000 	126.235001 	924.000000 	923.252991 	927.413025 
52.000000 	126.235001 	924.000000 	923.252991 	927.413025 
52.100000 	126.235001 	924.000000 	923.252991 	927.413025 
52.200000 	126.235001 	924.000000 	923.252991 	927.413025 
52.300000 	126.235001 	924.000000 	923.252991 	927.413025 
52.400000 	126.235001 	924.000000 	923.252991 	927.413025 
52.500000 	126.244003 	924.000000 	923.215027 	927.388000 
52.600000 	126.244003 	924.000000 	923.215027 	927.388000 
52.700000 	126.244003 	924.000000 	923.215027 	927.388000 
52.800000 	126.244003 	924.000000 	923.215027 	927.388000 
52.900000 	126.244003 	924.000000 	923.215027 	927.388000 
53.000000 	126.244003 	924.000000 	923.215027 	927.388000 
53.100000 	126.244003 	924.000000 	923.215027 	927.388000 
53.200000 	126.244003 	924.000000 	923.215027 	927.388000 
53.300000 	126.244003 	924.000000 	923.215027 	927.388000 
53.400000 	126.244003 	924.000000 	923.215027 	927.388000 
53.500000 	126.251999 	924.000000 	923.174988 	927.361023 
53.600000 	126.251999 	924.000000 	923.174988 	927.361023 
53.700000 	126.251999 	924.000000 	923.174988 	927.361023 
53.800000 	126.251999 	924.000000 	923.174988 	927.361023 
53.900000 	126.251999 	924.000000 	923.174988 	927.361023 
54.000000 	126.251999 	924.000000 	923.174988 	927.361023 
54.100000 	126.251999 	924.000000 	923.174988 	927.361023 
54.200000 	126.251999 	924.000000 	923.174988 	927.361023 
54.300000 	126.251999 	924.000000 	923.174988 	927.361023 
54.400000 	126.251999 	924.000000 	923.174988 	927.361023 
54.500000 	126.261002 	924.000000 	923.132996 	927.331970 
54.600000 	126.261002 	924.000000 	923.132996 	927.331970 
54.700000 	126.261002 	924.000000 	923.132996 	927.331970 
54.800000 	126.261002 	924.000000 	923.132996 	927.331970 
54.900000 	126.261002 	924.000000 	923.132996 	927.331970 
55.000000 	126.261002 	924.000000 	923.132996 	927.331970 
55.100000 	126.261002 	924.000000 	923.132996 	927.331970 
55.200000 	126.261002 	924.000000 	923.132996 	927.331970 
55.300000 	126.261002 	924.000000 	923.132996 	927.331970 
55.400000 	126.261002 	924.000000 	923.132996 	927.331970 
55.500000 	126.268997 	924.000000 	923.090027 	927.301025 
55.600000 	126.268997 	924.000000 	923.090027 	927.301025 
55.700000 	126.268997 	924.000000 	923.090027 	927.301025 
55.800000 	126.268997 	924.000000 	923.090027 	927.301025 
55.900000 	126.268997 	924.000000 	923.090027 	927.301025 
56.000000 	126.268997 	924.000000 	923.090027 	927.301025 
56.100000 	126.268997 	924.000000 	923.090027 	927.301025 
56.200000 	126.268997 	924.000000 	923.090027 	927.301025 
56.300000 	126.268997 	924.000000 	923.090027 	927.301025 
56.400000 	126.268997 	924.000000 	923.090027 	927.301025 
56.500000 	126.278000 	924.000000 	923.044983 	927.268005 
56.600000 	126.278000 	924.000000 	923.044983 	927.268005 
56.700000 	126.278000 	924.000000 	923.044983 	927.268005 
56.800000 	126.278000 	924.000000 	923.044983 	927.268005 
56.900000 	126.278000 	924.000000 	923.044983 	927.268005 
57.000000 	126.278000 	924.000000 	923.044983 	927.268005 
57.100000 	126.278000 	924.000000 	923.044983 	927.268005 
57.200000 	126.278000 	924.000000 	923.044983 	927.268005 
57.300000 	126.278000 	924.000000 	923.044983 	927.268005 
57.400000 	126.278000 	924.000000 	923.044983 	927.268005 
57.500000 	126.286003 	924.000000 	922.997009 	927.232971 
57.600000 	126.286003 	924.000000 	922.997009 	927.232971 
57.700000 	126.286003 	924.000000 	922.997009 	927.232971 
57.800000 	126.286003 	924.000000 	922.997009 	927.232971 
57.900000 	126.286003 	924.000000 	922.997009 	927.232971 
58.000000 	126.286003 	924.000000 	922.997009 	927.232971 
58.100000 	126.286003 	924.000000 	922.997009 	927.232971 
58.200000 	126.286003 	924.000000 	922.997009 	927.232971 
58.300000 	126.286003 	924.000000 	922.997009 	927.232971 
58.400000 	126.286003 	924.000000 	922.997009 	927.232971 
58.500000 	126.294998 	924.000000 	922.947998 	927.195984 
58.600000 	126.294998 	924.000000 	922.947998 	927.195984 
58.700000 	126.294998 	924.000000 	922.947998 	927.195984 
58.800000 	126.294998 	924.000000 	922.947998 	927.195984 
58.900000 	126.294998 	924.000000 	922.947998 	927.195984 
59.000000 	126.294998 	924.000000 	922.947998 	927.195984 
59.100000 	126.294998 	924.000000 	922.947998 	927.195984 
59.200000 	126.294998 	924.000000 	922.947998 	927.195984 
59.300000 	126.294998 	924.000000 	922.947998 	927.195984 
59.400000 	126.294998 	924.000000 	922.947998 	927.195984 
59.500000 	126.304001 	924.000000 	922.895996 	927.156982 
59.600000 	126.304001 	924.000000 	922.895996 	927.156982 
59.700000 	126.304001 	924.000000 	922.895996 	927.156982 
59.800000 	126.304001 	924.000000 	922.895996 	927.156982 
59.900000 	126.304001 	924.000000 	922.895996 	927.156982 
60.000000 	126.304001 	924.000000 	922.895996 	927.156982 
