0.500000 	83.816002 	172.000000 	222.192993 	186.615005 
0.600000 	83.816002 	172.000000 	222.192993 	186.615005 
0.700000 	83.816002 	172.000000 	222.192993 	186.615005 
0.800000 	83.816002 	172.000000 	222.192993 	186.615005 
0.900000 	83.816002 	172.000000 	222.192993 	186.615005 
1.000000 	83.816002 	172.000000 	222.192993 	186.615005 
1.100000 	83.816002 	172.000000 	222.192993 	186.615005 
1.200000 	83.816002 	172.000000 	222.192993 	186.615005 
1.300000 	83.816002 	172.000000 	222.192993 	186.615005 
1.400000 	83.816002 	172.000000 	222.192993 	186.615005 
1.500000 	92.930199 	172.000000 	198.625000 	188.867996 
1.600000 	92.930199 	172.000000 	198.625000 	188.867996 
1.700000 	92.930199 	172.000000 	198.625000 	188.867996 
1.800000 	92.930199 	172.000000 	198.625000 	188.867996 
1.900000 	92.930199 	172.000000 	198.625000 	188.867996 
2.000000 	92.930199 	172.000000 	198.625000 	188.867996 
2.100000 	92.930199 	172.000000 	198.625000 	188.867996 
2.200000 	92.930199 	172.000000 	198.625000 	188.867996 
2.300000 	92.930199 	172.000000 	198.625000 	188.867996 
2.400000 	92.930199 	172.000000 	198.625000 	188.867996 
2.500000 	105.081001 	172.000000 	188.641006 	189.302002 
2.600000 	105.081001 	172.000000 	188.641006 	189.302002 
2.700000 	105.081001 	172.000000 	188.641006 	189.302002 
2.800000 	105.081001 	172.000000 	188.641006 	189.302002 
2.900000 	105.081001 	172.000000 	188.641006 	189.302002 
3.000000 	105.081001 	172.000000 	188.641006 	189.302002 
3.100000 	105.081001 	172.000000 	188.641006 	189.302002 
3.200000 	105.081001 	172.000000 	188.641006 	189.302002 
3.300000 	105.081001 	172.000000 	188.641006 	189.302002 
3.400000 	105.081001 	172.000000 	188.641006 	189.302002 
3.500000 	112.056000 	172.000000 	183.205002 	189.470993 
3.600000 	112.056000 	172.000000 	183.205002 	189.470993 
3.700000 	112.056000 	172.000000 	183.205002 	189.470993 
3.800000 	112.056000 	172.000000 	183.205002 	189.470993 
3.900000 	112.056000 	172.000000 	183.205002 	189.470993 
4.000000 	112.056000 	172.000000 	183.205002 	189.470993 
4.100000 	112.056000 	172.000000 	183.205002 	189.470993 
4.200000 	112.056000 	172.000000 	183.205002 	189.470993 
4.300000 	112.056000 	172.000000 	183.205002 	189.470993 
4.400000 	112.056000 	172.000000 	183.205002 	189.470993 
4.500000 	116.153000 	172.000000 	179.992996 	189.570007 
4.600000 	116.153000 	172.000000 	179.992996 	189.570007 
4.700000 	116.153000 	172.000000 	179.992996 	189.570007 
4.800000 	116.153000 	172.000000 	179.992996 	189.570007 
4.900000 	116.153000 	172.000000 	179.992996 	189.570007 
5.000000 	116.153000 	172.000000 	179.992996 	189.570007 
5.100000 	116.153000 	172.000000 	179.992996 	189.570007 
5.200000 	116.153000 	172.000000 	179.992996 	189.570007 
5.300000 	116.153000 	172.000000 	179.992996 	189.570007 
5.400000 	116.153000 	172.000000 	179.992996 	189.570007 
5.500000 	118.716003 	172.000000 	177.966995 	189.647003 
5.600000 	118.716003 	172.000000 	177.966995 	189.647003 
5.700000 	118.716003 	172.000000 	177.966995 	189.647003 
5.800000 	118.716003 	172.000000 	177.966995 	189.647003 
5.900000 	118.716003 	172.000000 	177.966995 	189.647003 
6.000000 	118.716003 	172.000000 	177.966995 	189.647003 
6.100000 	118.716003 	172.000000 	177.966995 	189.647003 
6.200000 	118.716003 	172.000000 	177.966995 	189.647003 
6.300000 	118.716003 	172.000000 	177.966995 	189.647003 
6.400000 	118.716003 	172.000000 	177.966995 	189.647003 
6.500000 	120.410004 	172.000000 	176.619995 	189.716995 
6.600000 	120.410004 	172.000000 	176.619995 	189.716995 
6.700000 	120.410004 	172.000000 	176.619995 	189.716995 
6.800000 	120.410004 	172.000000 	176.619995 	189.716995 
6.900000 	120.410004 	172.000000 	176.619995 	189.716995 
7.000000 	120.410004 	172.000000 	176.619995 	189.716995 
7.100000 	120.410004 	172.000000 	176.619995 	189.716995 
7.200000 	120.410004 	172.000000 	176.619995 	189.716995 
7.300000 	120.410004 	172.000000 	176.619995 	189.716995 
7.400000 	120.410004 	172.000000 	176.619995 	189.716995 
7.500000 	121.584000 	172.000000 	175.684006 	189.787003 
7.600000 	121.584000 	172.000000 	175.684006 	189.787003 
7.700000 	121.584000 	172.000000 	175.684006 	189.787003 
7.800000 	121.584000 	172.000000 	175.684006 	189.787003 
7.900000 	121.584000 	172.000000 	175.684006 	189.787003 
8.000000 	121.584000 	172.000000 	175.684006 	189.787003 
8.100000 	121.584000 	172.000000 	175.684006 	189.787003 
8.200000 	121.584000 	172.000000 	175.684006 	189.787003 
8.300000 	121.584000 	172.000000 	175.684006 	189.787003 
8.400000 	121.584000 	172.000000 	175.684006 	189.787003 
8.500000 	122.428001 	172.000000 	175.016006 	189.858994 
8.600000 	122.428001 	172.000000 	175.016006 	189.858994 
8.700000 	122.428001 	172.000000 	175.016006 	189.858994 
8.800000 	122.428001 	172.000000 	175.016006 	189.858994 
8.900000 	122.428001 	172.000000 	175.016006 	189.858994 
9.000000 	122.428001 	172.000000 	175.016006 	189.858994 
9.100000 	122.428001 	172.000000 	175.016006 	189.858994 
9.200000 	122.428001 	172.000000 	175.016006 	189.858994 
9.300000 	122.428001 	172.000000 	175.016006 	189.858994 
9.400000 	122.428001 	172.000000 	175.016006 	189.858994 
9.500000 	123.055000 	172.000000 	174.514008 	189.934006 
9.600000 	123.055000 	172.000000 	174.514008 	189.934006 
9.700000 	123.055000 	172.000000 	174.514008 	189.934006 
9.800000 	123.055000 	172.000000 	174.514008 	189.934006 
9.900000 	123.055000 	172.000000 	174.514008 	189.934006 
10.000000 	123.055000 	172.000000 	174.514008 	189.934006 
10.100000 	123.055000 	172.000000 	174.514008 	189.934006 
10.200000 	123.055000 	172.000000 	174.514008 	189.934006 
10.300000 	123.055000 	172.000000 	174.514008 	189.934006 
10.400000 	123.055000 	172.000000 	174.514008 	189.934006 
10.500000 	123.532997 	172.000000 	174.132004 	190.014008 
10.600000 	123.532997 	172.000000 	174.132004 	190.014008 
10.700000 	123.532997 	172.000000 	174.132004 	190.014008 
10.800000 	123.532997 	172.000000 	174.132004 	190.014008 
10.900000 	123.532997 	172.000000 	174.132004 	190.014008 
11.000000 	123.532997 	172.000000 	174.132004 	190.014008 
11.100000 	123.532997 	172.000000 	174.132004 	190.014008 
11.200000 	123.532997 	172.000000 	174.132004 	190.014008 
11.300000 	123.532997 	172.000000 	174.132004 	190.014008 
11.400000 	123.532997 	172.000000 	174.132004 	190.014008 
11.500000 	123.905998 	172.000000 	173.835007 	190.100006 
11.600000 	123.905998 	172.000000 	173.835007 	190.100006 
11.700000 	123.905998 	172.000000 	173.835007 	190.100006 
11.800000 	123.905998 	172.000000 	173.835007 	190.100006 
11.900000 	123.905998 	172.000000 	173.835007 	190.100006 
12.000000 	123.905998 	172.000000 	173.835007 	190.100006 
12.100000 	123.905998 	172.000000 	173.835007 	190.100006 
12.200000 	123.905998 	172.000000 	173.835007 	190.100006 
12.300000 	123.905998 	172.000000 	173.835007 	190.100006 
12.400000 	123.905998 	172.000000 	173.835007 	190.100006 
12.500000 	124.203003 	172.000000 	173.598999 	190.190994 
12.600000 	124.203003 	172.000000 	173.598999 	190.190994 
12.700000 	124.203003 	172.000000 	173.598999 	190.190994 
12.800000 	124.203003 	172.000000 	173.598999 	190.190994 
12.900000 	124.203003 	172.000000 	173.598999 	190.190994 
13.000000 	124.203003 	172.000000 	173.598999 	190.190994 
13.100000 	124.203003 	172.000000 	173.598999 	190.190994 
13.200000 	124.203003 	172.000000 	173.598999 	190.190994 
13.300000 	124.203003 	172.000000 	173.598999 	190.190994 
13.400000 	124.203003 	172.000000 	173.598999 	190.190994 
13.500000 	124.444000 	172.000000 	173.408005 	190.287994 
13.600000 	124.444000 	172.000000 	173.408005 	190.287994 
13.700000 	124.444000 	172.000000 	173.408005 	190.287994 
13.800000 	124.444000 	172.000000 	173.408005 	190.287994 
13.900000 	124.444000 	172.000000 	173.408005 	190.287994 
14.000000 	124.444000 	172.000000 	173.408005 	190.287994 
14.100000 	124.444000 	172.000000 	173.408005 	190.287994 
14.200000 	124.444000 	172.000000 	173.408005 	190.287994 
14.300000 	124.444000 	172.000000 	173.408005 	190.287994 
14.400000 	124.444000 	172.000000 	173.408005 	190.287994 
14.500000 	124.641998 	172.000000 	173.251999 	190.389999 
14.600000 	124.641998 	172.000000 	173.251999 	190.389999 
14.700000 	124.641998 	172.000000 	173.251999 	190.389999 
14.800000 	124.641998 	172.000000 	173.251999 	190.389999 
14.900000 	124.641998 	172.000000 	173.251999 	190.389999 
15.000000 	124.641998 	172.000000 	173.251999 	190.389999 
15.100000 	124.641998 	172.000000 	173.251999 	190.389999 
15.200000 	124.641998 	172.000000 	173.251999 	190.389999 
15.300000 	124.641998 	172.000000 	173.251999 	190.389999 
15.400000 	124.641998 	172.000000 	173.251999 	190.389999 
15.500000 	124.807999 	172.000000 	173.123001 	190.498001 
15.600000 	124.807999 	172.000000 	173.123001 	190.498001 
15.700000 	124.807999 	172.000000 	173.123001 	190.498001 
15.800000 	124.807999 	172.000000 	173.123001 	190.498001 
15.900000 	124.807999 	172.000000 	173.123001 	190.498001 
16.000000 	124.807999 	172.000000 	173.123001 	190.498001 
16.100000 	124.807999 	172.000000 	173.123001 	190.498001 
16.200000 	124.807999 	172.000000 	173.123001 	190.498001 
16.300000 	124.807999 	172.000000 	173.123001 	190.498001 
16.400000 	124.807999 	172.000000 	173.123001 	190.498001 
16.500000 	124.946999 	172.000000 	173.014999 	190.610992 
16.600000 	124.946999 	172.000000 	173.014999 	190.610992 
16.700000 	124.946999 	172.000000 	173.014999 	190.610992 
16.800000 	124.946999 	172.000000 	173.014999 	190.610992 
16.900000 	124.946999 	172.000000 	173.014999 	190.610992 
17.000000 	124.946999 	172.000000 	173.014999 	190.610992 
17.100000 	124.946999 	172.000000 	173.014999 	190.610992 
17.200000 	124.946999 	172.000000 	173.014999 	190.610992 
17.300000 	124.946999 	172.000000 	173.014999 	190.610992 
17.400000 	124.946999 	172.000000 	173.014999 	190.610992 
17.500000 	125.067001 	172.000000 	172.923004 	190.729996 
17.600000 	125.067001 	172.000000 	172.923004 	190.729996 
17.700000 	125.067001 	172.000000 	172.923004 	190.729996 
17.800000 	125.067001 	172.000000 	172.923004 	190.729996 
17.900000 	125.067001 	172.000000 	172.923004 	190.729996 
18.000000 	125.067001 	172.000000 	172.923004 	190.729996 
18.100000 	125.067001 	172.000000 	172.923004 	190.729996 
18.200000 	125.067001 	172.000000 	172.923004 	190.729996 
18.300000 	125.067001 	172.000000 	172.923004 	190.729996 
18.400000 	125.067001 	172.000000 	172.923004 	190.729996 
18.500000 	125.169998 	172.000000 	172.845001 	190.854004 
18.600000 	125.169998 	172.000000 	172.845001 	190.854004 
18.700000 	125.169998 	172.000000 	172.845001 	190.854004 
18.800000 	125.169998 	172.000000 	172.845001 	190.854004 
18.900000 	125.169998 	172.000000 	172.845001 	190.854004 
19.000000 	125.169998 	172.000000 	172.845001 	190.854004 
19.100000 	125.169998 	172.000000 	172.845001 	190.854004 
19.200000 	125.169998 	172.000000 	172.845001 	190.854004 
19.300000 	125.169998 	172.000000 	172.845001 	190.854004 
19.400000 	125.169998 	172.000000 	172.845001 	190.854004 
19.500000 	125.260002 	172.000000 	172.776993 	190.983002 
19.600000 	125.260002 	172.000000 	172.776993 	190.983002 
19.700000 	125.260002 	172.000000 	172.776993 	190.983002 
19.800000 	125.260002 	172.000000 	172.776993 	190.983002 
19.900000 	125.260002 	172.000000 	172.776993 	190.983002 
20.000000 	125.260002 	172.000000 	172.776993 	190.983002 
20.100000 	125.260002 	172.000000 	172.776993 	190.983002 
20.200000 	125.260002 	172.000000 	172.776993 	190.983002 
20.300000 	125.260002 	172.000000 	172.776993 	190.983002 
20.400000 	125.260002 	172.000000 	172.776993 	190.983002 
20.500000 	125.338997 	172.000000 	172.718994 	191.117004 
20.600000 	125.338997 	172.000000 	172.718994 	191.117004 
20.700000 	125.338997 	172.000000 	172.718994 	191.117004 
20.800000 	125.338997 	172.000000 	172.718994 	191.117004 
20.900000 	125.338997 	172.000000 	172.718994 	191.117004 
21.000000 	125.338997 	172.000000 	172.718994 	191.117004 
21.100000 	125.338997 	172.000000 	172.718994 	191.117004 
21.200000 	125.338997 	172.000000 	172.718994 	191.117004 
21.300000 	125.338997 	172.000000 	172.718994 	191.117004 
21.400000 	125.338997 	172.000000 	172.718994 	191.117004 
21.500000 	125.410004 	172.000000 	172.667007 	191.255005 
21.600000 	125.410004 	172.000000 	172.667007 	191.255005 
21.700000 	125.410004 	172.000000 	172.667007 	191.255005 
21.800000 	125.410004 	172.000000 	172.667007 	191.255005 
21.900000 	125.410004 	172.000000 	172.667007 	191.255005 
22.000000 	125.410004 	172.000000 	172.667007 	191.255005 
22.100000 	125.410004 	172.000000 	172.667007 	191.255005 
22.200000 	125.410004 	172.000000 	172.667007 	191.255005 
22.300000 	125.410004 	172.000000 	172.667007 	191.255005 
22.400000 	125.410004 	172.000000 	172.667007 	191.255005 
22.500000 	125.473000 	172.000000 	172.621994 	191.399002 
22.600000 	125.473000 	172.000000 	172.621994 	191.399002 
22.700000 	125.473000 	172.000000 	172.621994 	191.399002 
22.800000 	125.473000 	172.000000 	172.621994 	191.399002 
22.900000 	125.473000 	172.000000 	172.621994 	191.399002 
23.000000 	125.473000 	172.000000 	172.621994 	191.399002 
23.100000 	125.473000 	172.000000 	172.621994 	191.399002 
23.200000 	125.473000 	172.000000 	172.621994 	191.399002 
23.300000 	125.473000 	172.000000 	172.621994 	191.399002 
23.400000 	125.473000 	172.000000 	172.621994 	191.399002 
23.500000 	125.529999 	172.000000 	172.582993 	191.546997 
23.600000 	125.529999 	172.000000 	172.582993 	191.546997 
23.700000 	125.529999 	172.000000 	172.582993 	191.546997 
23.800000 	125.529999 	172.000000 	172.582993 	191.546997 
23.900000 	125.529999 	172.000000 	172.582993 	191.546997 
24.000000 	125.529999 	172.000000 	172.582993 	191.546997 
24.100000 	125.529999 	172.000000 	172.582993 	191.546997 
24.200000 	125.529999 	172.000000 	172.582993 	191.546997 
24.300000 	125.529999 	172.000000 	172.582993 	191.546997 
24.400000 	125.529999 	172.000000 	172.582993 	191.546997 
24.500000 	125.581001 	172.000000 	172.546997 	191.699997 
24.600000 	125.581001 	172.000000 	172.546997 	191.699997 
24.700000 	125.581001 	172.000000 	172.546997 	191.699997 
24.800000 	125.581001 	172.000000 	172.546997 	191.699997 
24.900000 	125.581001 	172.000000 	172.546997 	191.699997 
25.000000 	125.581001 	172.000000 	172.546997 	191.699997 
25.100000 	125.581001 	172.000000 	172.546997 	191.699997 
25.200000 	125.581001 	172.000000 	172.546997 	191.699997 
25.300000 	125.581001 	172.000000 	172.546997 	191.699997 
25.400000 	125.581001 	172.000000 	172.546997 	191.699997 
25.500000 	125.627998 	172.000000 	172.514999 	191.856995 
25.600000 	125.627998 	172.000000 	172.514999 	191.856995 
25.700000 	125.627998 	172.000000 	172.514999 	191.856995 
25.800000 	125.627998 	172.000000 	172.514999 	191.856995 
25.900000 	125.627998 	172.000000 	172.514999 	191.856995 
26.000000 	125.627998 	172.000000 	172.514999 	191.856995 
26.100000 	125.627998 	172.000000 	172.514999 	191.856995 
26.200000 	125.627998 	172.000000 	172.514999 	191.856995 
26.300000 	125.627998 	172.000000 	172.514999 	191.856995 
26.400000 	125.627998 	172.000000 	172.514999 	191.856995 
26.500000 	125.671997 	172.000000 	172.487000 	192.018997 
26.600000 	125.671997 	172.000000 	172.487000 	192.018997 
26.700000 	125.671997 	172.000000 	172.487000 	192.018997 
26.800000 	125.671997 	172.000000 	172.487000 	192.018997 
26.900000 	125.671997 	172.000000 	172.487000 	192.018997 
27.000000 	125.671997 	172.000000 	172.487000 	192.018997 
27.100000 	125.671997 	172.000000 	172.487000 	192.018997 
27.200000 	125.671997 	172.000000 	172.487000 	192.018997 
27.300000 	125.671997 	172.000000 	172.487000 	192.018997 
27.400000 	125.671997 	172.000000 	172.487000 	192.018997 
27.500000 	125.711998 	172.000000 	172.460999 	192.184998 
27.600000 	125.711998 	172.000000 	172.460999 	192.184998 
27.700000 	125.711998 	172.000000 	172.460999 	192.184998 
27.800000 	125.711998 	172.000000 	172.460999 	192.184998 
27.900000 	125.711998 	172.000000 	172.460999 	192.184998 
28.000000 	125.711998 	172.000000 	172.460999 	192.184998 
28.100000 	125.711998 	172.000000 	172.460999 	192.184998 
28.200000 	125.711998 	172.000000 	172.460999 	192.184998 
28.300000 	125.711998 	172.000000 	172.460999 	192.184998 
28.400000 	125.711998 	172.000000 	172.460999 	192.184998 
28.500000 	125.750000 	172.000000 	172.436996 	192.354996 
28.600000 	125.750000 	172.000000 	172.436996 	192.354996 
28.700000 	125.750000 	172.000000 	172.436996 	192.354996 
28.800000 	125.750000 	172.000000 	172.436996 	192.354996 
28.900000 	125.750000 	172.000000 	172.436996 	192.354996 
29.000000 	125.750000 	172.000000 	172.436996 	192.354996 
29.100000 	125.750000 	172.000000 	172.436996 	192.354996 
29.200000 	125.750000 	172.000000 	172.436996 	192.354996 
29.300000 	125.750000 	172.000000 	172.436996 	192.354996 
29.400000 	125.750000 	172.000000 	172.436996 	192.354996 
29.500000 	125.785004 	172.000000 	172.416000 	192.528000 
29.600000 	125.785004 	172.000000 	172.416000 	192.528000 
29.700000 	125.785004 	172.000000 	172.416000 	192.528000 
29.800000 	125.785004 	172.000000 	172.416000 	192.528000 
29.900000 	125.785004 	172.000000 	172.416000 	192.528000 
30.000000 	125.785004 	172.000000 	172.416000 	192.528000 
30.100000 	125.785004 	172.000000 	172.416000 	192.528000 
30.200000 	125.785004 	172.000000 	172.416000 	192.528000 
30.300000 	125.785004 	172.000000 	172.416000 	192.528000 
30.400000 	125.785004 	172.000000 	172.416000 	192.528000 
30.500000 	125.818001 	172.000000 	172.395996 	192.705994 
30.600000 	125.818001 	172.000000 	172.395996 	192.705994 
30.700000 	125.818001 	172.000000 	172.395996 	192.705994 
30.800000 	125.818001 	172.000000 	172.395996 	192.705994 
30.900000 	125.818001 	172.000000 	172.395996 	192.705994 
31.000000 	125.818001 	172.000000 	172.395996 	192.705994 
31.100000 	125.818001 	172.000000 	172.395996 	192.705994 
31.200000 	125.818001 	172.000000 	172.395996 	192.705994 
31.300000 	125.818001 	172.000000 	172.395996 	192.705994 
31.400000 	125.818001 	172.000000 	172.395996 	192.705994 
31.500000 	125.848999 	172.000000 	172.378006 	192.886993 
31.600000 	125.848999 	172.000000 	172.378006 	192.886993 
31.700000 	125.848999 	172.000000 	172.378006 	192.886993 
31.800000 	125.848999 	172.000000 	172.378006 	192.886993 
31.900000 	125.848999 	172.000000 	172.378006 	192.886993 
32.000000 	125.848999 	172.000000 	172.378006 	192.886993 
32.100000 	125.848999 	172.000000 	172.378006 	192.886993 
32.200000 	125.848999 	172.000000 	172.378006 	192.886993 
32.300000 	125.848999 	172.000000 	172.378006 	192.886993 
32.400000 	125.848999 	172.000000 	172.378006 	192.886993 
32.500000 	125.878998 	172.000000 	172.360992 	193.072006 
32.600000 	125.878998 	172.000000 	172.360992 	193.072006 
32.700000 	125.878998 	172.000000 	172.360992 	193.072006 
32.800000 	125.878998 	172.000000 	172.360992 	193.072006 
32.900000 	125.878998 	172.000000 	172.360992 	193.072006 
33.000000 	125.878998 	172.000000 	172.360992 	193.072006 
33.100000 	125.878998 	172.000000 	172.360992 	193.072006 
33.200000 	125.878998 	172.000000 	172.360992 	193.072006 
33.300000 	125.878998 	172.000000 	172.360992 	193.072006 
33.400000 	125.878998 	172.000000 	172.360992 	193.072006 
33.500000 	125.906998 	172.000000 	172.345001 	193.261002 
33.600000 	125.906998 	172.000000 	172.345001 	193.261002 
33.700000 	125.906998 	172.000000 	172.345001 	193.261002 
33.800000 	125.906998 	172.000000 	172.345001 	193.261002 
33.900000 	125.906998 	172.000000 	172.345001 	193.261002 
34.000000 	125.906998 	172.000000 	172.345001 	193.261002 
34.100000 	125.906998 	172.000000 	172.345001 	193.261002 
34.200000 	125.906998 	172.000000 	172.345001 	193.261002 
34.300000 	125.906998 	172.000000 	172.345001 	193.261002 
34.400000 	125.906998 	172.000000 	172.345001 	193.261002 
34.500000 	125.933998 	172.000000 	172.330994 	193.453003 
34.600000 	125.933998 	172.000000 	172.330994 	193.453003 
34.700000 	125.933998 	172.000000 	172.330994 	193.453003 
34.800000 	125.933998 	172.000000 	172.330994 	193.453003 
34.900000 	125.933998 	172.000000 	172.330994 	193.453003 
35.000000 	125.933998 	172.000000 	172.330994 	193.453003 
35.100000 	125.933998 	172.000000 	172.330994 	193.453003 
35.200000 	125.933998 	172.000000 	172.330994 	193.453003 
35.300000 	125.933998 	172.000000 	172.330994 	193.453003 
35.400000 	125.933998 	172.000000 	172.330994 	193.453003 
35.500000 	125.959999 	172.000000 	172.317001 	193.647995 
35.600000 	125.959999 	172.000000 	172.317001 	193.647995 
35.700000 	125.959999 	172.000000 	172.317001 	193.647995 
35.800000 	125.959999 	172.000000 	172.317001 	193.647995 
35.900000 	125.959999 	172.000000 	172.317001 	193.647995 
36.000000 	125.959999 	172.000000 	172.317001 	193.647995 
36.100000 	125.959999 	172.000000 	172.317001 	193.647995 
36.200000 	125.959999 	172.000000 	172.317001 	193.647995 
36.300000 	125.959999 	172.000000 	172.317001 	193.647995 
36.400000 	125.959999 	172.000000 	172.317001 	193.647995 
36.500000 	125.986000 	172.000000 	172.304001 	193.847000 
36.600000 	125.986000 	172.000000 	172.304001 	193.847000 
36.700000 	125.986000 	172.000000 	172.304001 	193.847000 
36.800000 	125.986000 	172.000000 	172.304001 	193.847000 
36.900000 	125.986000 	172.000000 	172.304001 	193.847000 
37.000000 	125.986000 	172.000000 	172.304001 	193.847000 
37.100000 	125.986000 	172.000000 	172.304001 	193.847000 
37.200000 	125.986000 	172.000000 	172.304001 	193.847000 
37.300000 	125.986000 	172.000000 	172.304001 	193.847000 
37.400000 	125.986000 	172.000000 	172.304001 	193.847000 
37.500000 	126.010002 	172.000000 	172.292007 	194.048004 
37.600000 	126.010002 	172.000000 	172.292007 	194.048004 
37.700000 	126.010002 	172.000000 	172.292007 	194.048004 
37.800000 	126.010002 	172.000000 	172.292007 	194.048004 
37.900000 	126.010002 	172.000000 	172.292007 	194.048004 
38.000000 	126.010002 	172.000000 	172.292007 	194.048004 
38.100000 	126.010002 	172.000000 	172.292007 	194.048004 
38.200000 	126.010002 	172.000000 	172.292007 	194.048004 
38.300000 	126.010002 	172.000000 	172.292007 	194.048004 
38.400000 	126.010002 	172.000000 	172.292007 	194.048004 
38.500000 	126.033997 	172.000000 	172.279999 	194.253006 
38.600000 	126.033997 	172.000000 	172.279999 	194.253006 
38.700000 	126.033997 	172.000000 	172.279999 	194.253006 
38.800000 	126.033997 	172.000000 	172.279999 	194.253006 
38.900000 	126.033997 	172.000000 	172.279999 	194.253006 
39.000000 	126.033997 	172.000000 	172.279999 	194.253006 
39.100000 	126.033997 	172.000000 	172.279999 	194.253006 
39.200000 	126.033997 	172.000000 	172.279999 	194.253006 
39.300000 	126.033997 	172.000000 	172.279999 	194.253006 
39.400000 	126.033997 	172.000000 	172.279999 	194.253006 
39.500000 	126.056999 	172.000000 	172.268997 	194.460999 
39.600000 	126.056999 	172.000000 	172.268997 	194.460999 
39.700000 	126.056999 	172.000000 	172.268997 	194.460999 
39.800000 	126.056999 	172.000000 	172.268997 	194.460999 
39.900000 	126.056999 	172.000000 	172.268997 	194.460999 
40.000000 	126.056999 	172.000000 	172.268997 	194.460999 
40.100000 	126.056999 	172.000000 	172.268997 	194.460999 
40.200000 	126.056999 	172.000000 	172.268997 	194.460999 
40.300000 	126.056999 	172.000000 	172.268997 	194.460999 
40.400000 	126.056999 	172.000000 	172.268997 	194.460999 
40.500000 	126.079002 	172.000000 	172.257996 	194.671005 
40.600000 	126.079002 	172.000000 	172.257996 	194.671005 
40.700000 	126.079002 	172.000000 	172.257996 	194.671005 
40.800000 	126.079002 	172.000000 	172.257996 	194.671005 
40.900000 	126.079002 	172.000000 	172.257996 	194.671005 
41.000000 	126.079002 	172.000000 	172.257996 	194.671005 
41.100000 	126.079002 	172.000000 	172.257996 	194.671005 
41.200000 	126.079002 	172.000000 	172.257996 	194.671005 
41.300000 	126.079002 	172.000000 	172.257996 	194.671005 
41.400000 	126.079002 	172.000000 	172.257996 	194.671005 
41.500000 	126.101997 	172.000000 	172.248001 	194.884003 
41.600000 	126.101997 	172.000000 	172.248001 	194.884003 
41.700000 	126.101997 	172.000000 	172.248001 	194.884003 
41.800000 	126.101997 	172.000000 	172.248001 	194.884003 
41.900000 	126.101997 	172.000000 	172.248001 	194.884003 
42.000000 	126.101997 	172.000000 	172.248001 	194.884003 
42.100000 	126.101997 	172.000000 	172.248001 	194.884003 
42.200000 	126.101997 	172.000000 	172.248001 	194.884003 
42.300000 	126.101997 	172.000000 	172.248001 	194.884003 
42.400000 	126.101997 	172.000000 	172.248001 	194.884003 
42.500000 	126.123001 	172.000000 	172.238007 	195.100006 
42.600000 	126.123001 	172.000000 	172.238007 	195.100006 
42.700000 	126.123001 	172.000000 	172.238007 	195.100006 
42.800000 	126.123001 	172.000000 	172.238007 	195.100006 
42.900000 	126.123001 	172.000000 	172.238007 	195.100006 
43.000000 	126.123001 	172.000000 	172.238007 	195.100006 
43.100000 	126.123001 	172.000000 	172.238007 	195.100006 
43.200000 	126.123001 	172.000000 	172.238007 	195.100006 
43.300000 	126.123001 	172.000000 	172.238007 	195.100006 
43.400000 	126.123001 	172.000000 	172.238007 	195.100006 
43.500000 	126.144997 	172.000000 	172.227997 	195.317993 
43.600000 	126.144997 	172.000000 	172.227997 	195.317993 
43.700000 	126.144997 	172.000000 	172.227997 	195.317993 
43.800000 	126.144997 	172.000000 	172.227997 	195.317993 
43.900000 	126.144997 	172.000000 	172.227997 	195.317993 
44.000000 	126.144997 	172.000000 	172.227997 	195.317993 
44.100000 	126.144997 	172.000000 	172.227997 	195.317993 
44.200000 	126.144997 	172.000000 	172.227997 	195.317993 
44.300000 	126.144997 	172.000000 	172.227997 	195.317993 
44.400000 	126.144997 	172.000000 	172.227997 	195.317993 
44.500000 	126.166000 	172.000000 	172.218994 	195.539001 
44.600000 	126.166000 	172.000000 	172.218994 	195.539001 
44.700000 	126.166000 	172.000000 	172.218994 	195.539001 
44.800000 	126.166000 	172.000000 	172.218994 	195.539001 
44.900000 	126.166000 	172.000000 	172.218994 	195.539001 
45.000000 	126.166000 	172.000000 	172.218994 	195.539001 
45.100000 	126.166000 	172.000000 	172.218994 	195.539001 
45.200000 	126.166000 	172.000000 	172.218994 	195.539001 
45.300000 	126.166000 	172.000000 	172.218994 	195.539001 
45.400000 	126.166000 	172.000000 	172.218994 	195.539001 
45.500000 	126.186996 	172.000000 	172.210007 	195.761993 
45.600000 	126.186996 	172.000000 	172.210007 	195.761993 
45.700000 	126.186996 	172.000000 	172.210007 	195.761993 
45.800000 	126.186996 	172.000000 	172.210007 	195.761993 
45.900000 	126.186996 	172.000000 	172.210007 	195.761993 
46.000000 	126.186996 	172.000000 	172.210007 	195.761993 
46.100000 	126.186996 	172.000000 	172.210007 	195.761993 
46.200000 	126.186996 	172.000000 	172.210007 	195.761993 
46.300000 	126.186996 	172.000000 	172.210007 	195.761993 
46.400000 	126.186996 	172.000000 	172.210007 	195.761993 
46.500000 	126.207001 	172.000000 	172.201004 	195.987000 
46.600000 	126.207001 	172.000000 	172.201004 	195.987000 
46.700000 	126.207001 	172.000000 	172.201004 	195.987000 
46.800000 	126.207001 	172.000000 	172.201004 	195.987000 
46.900000 	126.207001 	172.000000 	172.201004 	195.987000 
47.000000 	126.207001 	172.000000 	172.201004 	195.987000 
47.100000 	126.207001 	172.000000 	172.201004 	195.987000 
47.200000 	126.207001 	172.000000 	172.201004 	195.987000 
47.300000 	126.207001 	172.000000 	172.201004 	195.987000 
47.400000 	126.207001 	172.000000 	172.201004 	195.987000 
47.500000 	126.227997 	172.000000 	172.192001 	196.214996 
47.600000 	126.227997 	172.000000 	172.192001 	196.214996 
47.700000 	126.227997 	172.000000 	172.192001 	196.214996 
47.800000 	126.227997 	172.000000 	172.192001 	196.214996 
47.900000 	126.227997 	172.000000 	172.192001 	196.214996 
48.000000 	126.227997 	172.000000 	172.192001 	196.214996 
48.100000 	126.227997 	172.000000 	172.192001 	196.214996 
48.200000 	126.227997 	172.000000 	172.192001 	196.214996 
48.300000 	126.227997 	172.000000 	172.192001 	196.214996 
48.400000 	126.227997 	172.000000 	172.192001 	196.214996 
48.500000 	126.248001 	172.000000 	172.182999 	196.445007 
48.600000 	126.248001 	172.000000 	172.182999 	196.445007 
48.700000 	126.248001 	172.000000 	172.182999 	196.445007 
48.800000 	126.248001 	172.000000 	172.182999 	196.445007 
48.900000 	126.248001 	172.000000 	172.182999 	196.445007 
49.000000 	126.248001 	172.000000 	172.182999 	196.445007 
49.100000 	126.248001 	172.000000 	172.182999 	196.445007 
49.200000 	126.248001 	172.000000 	172.182999 	196.445007 
49.300000 	126.248001 	172.000000 	172.182999 	196.445007 
49.400000 	126.248001 	172.000000 	172.182999 	196.445007 
49.500000 	126.268997 	172.000000 	172.173996 	196.677002 
49.600000 	126.268997 	172.000000 	172.173996 	196.677002 
49.700000 	126.268997 	172.000000 	172.173996 	196.677002 
49.800000 	126.268997 	172.000000 	172.173996 	196.677002 
49.900000 	126.268997 	172.000000 	172.173996 	196.677002 
50.000000 	126.268997 	172.000000 	172.173996 	196.677002 
50.100000 	126.268997 	172.000000 	172.173996 	196.677002 
50.200000 	126.268997 	172.000000 	172.173996 	196.677002 
50.300000 	126.268997 	172.000000 	172.173996 	196.677002 
50.400000 	126.268997 	172.000000 	172.173996 	196.677002 
50.500000 	126.289001 	172.000000 	172.164993 	196.910004 
50.600000 	126.289001 	172.000000 	172.164993 	196.910004 
50.700000 	126.289001 	172.000000 	172.164993 	196.910004 
50.800000 	126.289001 	172.000000 	172.164993 	196.910004 
50.900000 	126.289001 	172.000000 	172.164993 	196.910004 
51.000000 	126.289001 	172.000000 	172.164993 	196.910004 
51.100000 	126.289001 	172.000000 	172.164993 	196.910004 
51.200000 	126.289001 	172.000000 	172.164993 	196.910004 
51.300000 	126.289001 	172.000000 	172.164993 	196.910004 
51.400000 	126.289001 	172.000000 	172.164993 	196.910004 
51.500000 	126.308998 	172.000000 	172.156998 	197.145996 
51.600000 	126.308998 	172.000000 	172.156998 	197.145996 
51.700000 	126.308998 	172.000000 	172.156998 	197.145996 
51.800000 	126.308998 	172.000000 	172.156998 	197.145996 
51.900000 	126.308998 	172.000000 	172.156998 	197.145996 
52.000000 	126.308998 	172.000000 	172.156998 	197.145996 
52.100000 	126.308998 	172.000000 	172.156998 	197.145996 
52.200000 	126.308998 	172.000000 	172.156998 	197.145996 
52.300000 	126.308998 	172.000000 	172.156998 	197.145996 
52.400000 	126.308998 	172.000000 	172.156998 	197.145996 
52.500000 	126.329002 	172.000000 	172.147995 	197.382996 
52.600000 	126.329002 	172.000000 	172.147995 	197.382996 
52.700000 	126.329002 	172.000000 	172.147995 	197.382996 
52.800000 	126.329002 	172.000000 	172.147995 	197.382996 
52.900000 	126.329002 	172.000000 	172.147995 	197.382996 
53.000000 	126.329002 	172.000000 	172.147995 	197.382996 
53.100000 	126.329002 	172.000000 	172.147995 	197.382996 
53.200000 	126.329002 	172.000000 	172.147995 	197.382996 
53.300000 	126.329002 	172.000000 	172.147995 	197.382996 
53.400000 	126.329002 	172.000000 	172.147995 	197.382996 
53.500000 	126.348999 	172.000000 	172.139008 	197.621994 
53.600000 	126.348999 	172.000000 	172.139008 	197.621994 
53.700000 	126.348999 	172.000000 	172.139008 	197.621994 
53.800000 	126.348999 	172.000000 	172.139008 	197.621994 
53.900000 	126.348999 	172.000000 	172.139008 	197.621994 
54.000000 	126.348999 	172.000000 	172.139008 	197.621994 
54.100000 	126.348999 	172.000000 	172.139008 	197.621994 
54.200000 	126.348999 	172.000000 	172.139008 	197.621994 
54.300000 	126.348999 	172.000000 	172.139008 	197.621994 
54.400000 	126.348999 	172.000000 	172.139008 	197.621994 
54.500000 	126.369003 	172.000000 	172.130005 	197.863007 
54.600000 	126.369003 	172.000000 	172.130005 	197.863007 
54.700000 	126.369003 	172.000000 	172.130005 	197.863007 
54.800000 	126.369003 	172.000000 	172.130005 	197.863007 
54.900000 	126.369003 	172.000000 	172.130005 	197.863007 
55.000000 	126.369003 	172.000000 	172.130005 	197.863007 
55.100000 	126.369003 	172.000000 	172.130005 	197.863007 
55.200000 	126.369003 	172.000000 	172.130005 	197.863007 
55.300000 	126.369003 	172.000000 	172.130005 	197.863007 
55.400000 	126.369003 	172.000000 	172.130005 	197.863007 
55.500000 	126.389999 	172.000000 	172.121002 	198.106003 
55.600000 	126.389999 	172.000000 	172.121002 	198.106003 
55.700000 	126.389999 	172.000000 	172.121002 	198.106003 
55.800000 	126.389999 	172.000000 	172.121002 	198.106003 
55.900000 	126.389999 	172.000000 	172.121002 	198.106003 
56.000000 	126.389999 	172.000000 	172.121002 	198.106003 
56.100000 	126.389999 	172.000000 	172.121002 	198.106003 
56.200000 	126.389999 	172.000000 	172.121002 	198.106003 
56.300000 	126.389999 	172.000000 	172.121002 	198.106003 
56.400000 	126.389999 	172.000000 	172.121002 	198.106003 
56.500000 	126.410004 	172.000000 	172.112000 	198.348999 
56.600000 	126.410004 	172.000000 	172.112000 	198.348999 
56.700000 	126.410004 	172.000000 	172.112000 	198.348999 
56.800000 	126.410004 	172.000000 	172.112000 	198.348999 
56.900000 	126.410004 	172.000000 	172.112000 	198.348999 
57.000000 	126.410004 	172.000000 	172.112000 	198.348999 
57.100000 	126.410004 	172.000000 	172.112000 	198.348999 
57.200000 	126.410004 	172.000000 	172.112000 	198.348999 
57.300000 	126.410004 	172.000000 	172.112000 	198.348999 
57.400000 	126.410004 	172.000000 	172.112000 	198.348999 
57.500000 	126.430000 	172.000000 	172.102997 	198.595001 
57.600000 	126.430000 	172.000000 	172.102997 	198.595001 
57.700000 	126.430000 	172.000000 	172.102997 	198.595001 
57.800000 	126.430000 	172.000000 	172.102997 	198.595001 
57.900000 	126.430000 	172.000000 	172.102997 	198.595001 
58.000000 	126.430000 	172.000000 	172.102997 	198.595001 
58.100000 	126.430000 	172.000000 	172.102997 	198.595001 
58.200000 	126.430000 	172.000000 	172.102997 	198.595001 
58.300000 	126.430000 	172.000000 	172.102997 	198.595001 
58.400000 	126.430000 	172.000000 	172.102997 	198.595001 
58.500000 	126.449997 	172.000000 	172.093002 	198.841003 
58.600000 	126.449997 	172.000000 	172.093002 	198.841003 
58.700000 	126.449997 	172.000000 	172.093002 	198.841003 
58.800000 	126.449997 	172.000000 	172.093002 	198.841003 
58.900000 	126.449997 	172.000000 	172.093002 	198.841003 
59.000000 	126.449997 	172.000000 	172.093002 	198.841003 
59.100000 	126.449997 	172.000000 	172.093002 	198.841003 
59.200000 	126.449997 	172.000000 	172.093002 	198.841003 
59.300000 	126.449997 	172.000000 	172.093002 	198.841003 
59.400000 	126.449997 	172.000000 	172.093002 	198.841003 
59.500000 	126.471001 	172.000000 	172.084000 	199.089005 
59.600000 	126.471001 	172.000000 	172.084000 	199.089005 
59.700000 	126.471001 	172.000000 	172.084000 	199.089005 
59.800000 	126.471001 	172.000000 	172.084000 	199.089005 
59.900000 	126.471001 	172.000000 	172.084000 	199.089005 
60.000000 	126.471001 	172.000000 	172.084000 	199.089005 
