0.500000 	93.046303 	931.000000 	936.174988 	932.924988 
0.600000 	93.046303 	931.000000 	936.174988 	932.924988 
0.700000 	93.046303 	931.000000 	936.174988 	932.924988 
0.800000 	93.046303 	931.000000 	936.174988 	932.924988 
0.900000 	93.046303 	931.000000 	936.174988 	932.924988 
1.000000 	93.046303 	931.000000 	936.174988 	932.924988 
1.100000 	93.046303 	931.000000 	936.174988 	932.924988 
1.200000 	93.046303 	931.000000 	936.174988 	932.924988 
1.300000 	93.046303 	931.000000 	936.174988 	932.924988 
1.400000 	93.046303 	931.000000 	936.174988 	932.924988 
1.500000 	104.203003 	931.000000 	934.216980 	934.450989 
1.600000 	104.203003 	931.000000 	934.216980 	934.450989 
1.700000 	104.203003 	931.000000 	934.216980 	934.450989 
1.800000 	104.203003 	931.000000 	934.216980 	934.450989 
1.900000 	104.203003 	931.000000 	934.216980 	934.450989 
2.000000 	104.203003 	931.000000 	934.216980 	934.450989 
2.100000 	104.203003 	931.000000 	934.216980 	934.450989 
2.200000 	104.203003 	931.000000 	934.216980 	934.450989 
2.300000 	104.203003 	931.000000 	934.216980 	934.450989 
2.400000 	104.203003 	931.000000 	934.216980 	934.450989 
2.500000 	114.074997 	931.000000 	932.747986 	934.601013 
2.600000 	114.074997 	931.000000 	932.747986 	934.601013 
2.700000 	114.074997 	931.000000 	932.747986 	934.601013 
2.800000 	114.074997 	931.000000 	932.747986 	934.601013 
2.900000 	114.074997 	931.000000 	932.747986 	934.601013 
3.000000 	114.074997 	931.000000 	932.747986 	934.601013 
3.100000 	114.074997 	931.000000 	932.747986 	934.601013 
3.200000 	114.074997 	931.000000 	932.747986 	934.601013 
3.300000 	114.074997 	931.000000 	932.747986 	934.601013 
3.400000 	114.074997 	931.000000 	932.747986 	934.601013 
3.500000 	118.774002 	931.000000 	932.034973 	934.603027 
3.600000 	118.774002 	931.000000 	932.034973 	934.603027 
3.700000 	118.774002 	931.000000 	932.034973 	934.603027 
3.800000 	118.774002 	931.000000 	932.034973 	934.603027 
3.900000 	118.774002 	931.000000 	932.034973 	934.603027 
4.000000 	118.774002 	931.000000 	932.034973 	934.603027 
4.100000 	118.774002 	931.000000 	932.034973 	934.603027 
4.200000 	118.774002 	931.000000 	932.034973 	934.603027 
4.300000 	118.774002 	931.000000 	932.034973 	934.603027 
4.400000 	118.774002 	931.000000 	932.034973 	934.603027 
4.500000 	121.219002 	931.000000 	931.658020 	934.601990 
4.600000 	121.219002 	931.000000 	931.658020 	934.601990 
4.700000 	121.219002 	931.000000 	931.658020 	934.601990 
4.800000 	121.219002 	931.000000 	931.658020 	934.601990 
4.900000 	121.219002 	931.000000 	931.658020 	934.601990 
5.000000 	121.219002 	931.000000 	931.658020 	934.601990 
5.100000 	121.219002 	931.000000 	931.658020 	934.601990 
5.200000 	121.219002 	931.000000 	931.658020 	934.601990 
5.300000 	121.219002 	931.000000 	931.658020 	934.601990 
5.400000 	121.219002 	931.000000 	931.658020 	934.601990 
5.500000 	122.628998 	931.000000 	931.439026 	934.603027 
5.600000 	122.628998 	931.000000 	931.439026 	934.603027 
5.700000 	122.628998 	931.000000 	931.439026 	934.603027 
5.800000 	122.628998 	931.000000 	931.439026 	934.603027 
5.900000 	122.628998 	931.000000 	931.439026 	934.603027 
6.000000 	122.628998 	931.000000 	931.439026 	934.603027 
6.100000 	122.628998 	931.000000 	931.439026 	934.603027 
6.200000 	122.628998 	931.000000 	931.439026 	934.603027 
6.300000 	122.628998 	931.000000 	931.439026 	934.603027 
6.400000 	122.628998 	931.000000 	931.439026 	934.603027 
6.500000 	123.509003 	931.000000 	931.301025 	934.604004 
6.600000 	123.509003 	931.000000 	931.301025 	934.604004 
6.700000 	123.509003 	931.000000 	931.301025 	934.604004 
6.800000 	123.509003 	931.000000 	931.301025 	934.604004 
6.900000 	123.509003 	931.000000 	931.301025 	934.604004 
7.000000 	123.509003 	931.000000 	931.301025 	934.604004 
7.100000 	123.509003 	931.000000 	931.301025 	934.604004 
7.200000 	123.509003 	931.000000 	931.301025 	934.604004 
7.300000 	123.509003 	931.000000 	931.301025 	934.604004 
7.400000 	123.509003 	931.000000 	931.301025 	934.604004 
7.500000 	124.094002 	931.000000 	931.208008 	934.606018 
7.600000 	124.094002 	931.000000 	931.208008 	934.606018 
7.700000 	124.094002 	931.000000 	931.208008 	934.606018 
7.800000 	124.094002 	931.000000 	931.208008 	934.606018 
7.900000 	124.094002 	931.000000 	931.208008 	934.606018 
8.000000 	124.094002 	931.000000 	931.208008 	934.606018 
8.100000 	124.094002 	931.000000 	931.208008 	934.606018 
8.200000 	124.094002 	931.000000 	931.208008 	934.606018 
8.300000 	124.094002 	931.000000 	931.208008 	934.606018 
8.400000 	124.094002 	931.000000 	931.208008 	934.606018 
8.500000 	124.501999 	931.000000 	931.143005 	934.609009 
8.600000 	124.501999 	931.000000 	931.143005 	934.609009 
8.700000 	124.501999 	931.000000 	931.143005 	934.609009 
8.800000 	124.501999 	931.000000 	931.143005 	934.609009 
8.900000 	124.501999 	931.000000 	931.143005 	934.609009 
9.000000 	124.501999 	931.000000 	931.143005 	934.609009 
9.100000 	124.501999 	931.000000 	931.143005 	934.609009 
9.200000 	124.501999 	931.000000 	931.143005 	934.609009 
9.300000 	124.501999 	931.000000 	931.143005 	934.609009 
9.400000 	124.501999 	931.000000 	931.143005 	934.609009 
9.500000 	124.797997 	931.000000 	931.093994 	934.612000 
9.600000 	124.797997 	931.000000 	931.093994 	934.612000 
9.700000 	124.797997 	931.000000 	931.093994 	934.612000 
9.800000 	124.797997 	931.000000 	931.093994 	934.612000 
9.900000 	124.797997 	931.000000 	931.093994 	934.612000 
10.000000 	124.797997 	931.000000 	931.093994 	934.612000 
10.100000 	124.797997 	931.000000 	931.093994 	934.612000 
10.200000 	124.797997 	931.000000 	931.093994 	934.612000 
10.300000 	124.797997 	931.000000 	931.093994 	934.612000 
10.400000 	124.797997 	931.000000 	931.093994 	934.612000 
10.500000 	125.019997 	931.000000 	931.057007 	934.616028 
10.600000 	125.019997 	931.000000 	931.057007 	934.616028 
10.700000 	125.019997 	931.000000 	931.057007 	934.616028 
10.800000 	125.019997 	931.000000 	931.057007 	934.616028 
10.900000 	125.019997 	931.000000 	931.057007 	934.616028 
11.000000 	125.019997 	931.000000 	931.057007 	934.616028 
11.100000 	125.019997 	931.000000 	931.057007 	934.616028 
11.200000 	125.019997 	931.000000 	931.057007 	934.616028 
11.300000 	125.019997 	931.000000 	931.057007 	934.616028 
11.400000 	125.019997 	931.000000 	931.057007 	934.616028 
11.500000 	125.191002 	931.000000 	931.028015 	934.619995 
11.600000 	125.191002 	931.000000 	931.028015 	934.619995 
11.700000 	125.191002 	931.000000 	931.028015 	934.619995 
11.800000 	125.191002 	931.000000 	931.028015 	934.619995 
11.900000 	125.191002 	931.000000 	931.028015 	934.619995 
12.000000 	125.191002 	931.000000 	931.028015 	934.619995 
12.100000 	125.191002 	931.000000 	931.028015 	934.619995 
12.200000 	125.191002 	931.000000 	931.028015 	934.619995 
12.300000 	125.191002 	931.000000 	931.028015 	934.619995 
12.400000 	125.191002 	931.000000 	931.028015 	934.619995 
12.500000 	125.324997 	931.000000 	931.002991 	934.625000 
12.600000 	125.324997 	931.000000 	931.002991 	934.625000 
12.700000 	125.324997 	931.000000 	931.002991 	934.625000 
12.800000 	125.324997 	931.000000 	931.002991 	934.625000 
12.900000 	125.324997 	931.000000 	931.002991 	934.625000 
13.000000 	125.324997 	931.000000 	931.002991 	934.625000 
13.100000 	125.324997 	931.000000 	931.002991 	934.625000 
13.200000 	125.324997 	931.000000 	931.002991 	934.625000 
13.300000 	125.324997 	931.000000 	931.002991 	934.625000 
13.400000 	125.324997 	931.000000 	931.002991 	934.625000 
13.500000 	125.432999 	931.000000 	930.982971 	934.630005 
13.600000 	125.432999 	931.000000 	930.982971 	934.630005 
13.700000 	125.432999 	931.000000 	930.982971 	934.630005 
13.800000 	125.432999 	931.000000 	930.982971 	934.630005 
13.900000 	125.432999 	931.000000 	930.982971 	934.630005 
14.000000 	125.432999 	931.000000 	930.982971 	934.630005 
14.100000 	125.432999 	931.000000 	930.982971 	934.630005 
14.200000 	125.432999 	931.000000 	930.982971 	934.630005 
14.300000 	125.432999 	931.000000 	930.982971 	934.630005 
14.400000 	125.432999 	931.000000 	930.982971 	934.630005 
14.500000 	125.521004 	931.000000 	930.965027 	934.635010 
14.600000 	125.521004 	931.000000 	930.965027 	934.635010 
14.700000 	125.521004 	931.000000 	930.965027 	934.635010 
14.800000 	125.521004 	931.000000 	930.965027 	934.635010 
14.900000 	125.521004 	931.000000 	930.965027 	934.635010 
15.000000 	125.521004 	931.000000 	930.965027 	934.635010 
15.100000 	125.521004 	931.000000 	930.965027 	934.635010 
15.200000 	125.521004 	931.000000 	930.965027 	934.635010 
15.300000 	125.521004 	931.000000 	930.965027 	934.635010 
15.400000 	125.521004 	931.000000 	930.965027 	934.635010 
15.500000 	125.594002 	931.000000 	930.950012 	934.640015 
15.600000 	125.594002 	931.000000 	930.950012 	934.640015 
15.700000 	125.594002 	931.000000 	930.950012 	934.640015 
15.800000 	125.594002 	931.000000 	930.950012 	934.640015 
15.900000 	125.594002 	931.000000 	930.950012 	934.640015 
16.000000 	125.594002 	931.000000 	930.950012 	934.640015 
16.100000 	125.594002 	931.000000 	930.950012 	934.640015 
16.200000 	125.594002 	931.000000 	930.950012 	934.640015 
16.300000 	125.594002 	931.000000 	930.950012 	934.640015 
16.400000 	125.594002 	931.000000 	930.950012 	934.640015 
16.500000 	125.654999 	931.000000 	930.934998 	934.645020 
16.600000 	125.654999 	931.000000 	930.934998 	934.645020 
16.700000 	125.654999 	931.000000 	930.934998 	934.645020 
16.800000 	125.654999 	931.000000 	930.934998 	934.645020 
16.900000 	125.654999 	931.000000 	930.934998 	934.645020 
17.000000 	125.654999 	931.000000 	930.934998 	934.645020 
17.100000 	125.654999 	931.000000 	930.934998 	934.645020 
17.200000 	125.654999 	931.000000 	930.934998 	934.645020 
17.300000 	125.654999 	931.000000 	930.934998 	934.645020 
17.400000 	125.654999 	931.000000 	930.934998 	934.645020 
17.500000 	125.707001 	931.000000 	930.921997 	934.650024 
17.600000 	125.707001 	931.000000 	930.921997 	934.650024 
17.700000 	125.707001 	931.000000 	930.921997 	934.650024 
17.800000 	125.707001 	931.000000 	930.921997 	934.650024 
17.900000 	125.707001 	931.000000 	930.921997 	934.650024 
18.000000 	125.707001 	931.000000 	930.921997 	934.650024 
18.100000 	125.707001 	931.000000 	930.921997 	934.650024 
18.200000 	125.707001 	931.000000 	930.921997 	934.650024 
18.300000 	125.707001 	931.000000 	930.921997 	934.650024 
18.400000 	125.707001 	931.000000 	930.921997 	934.650024 
18.500000 	125.751999 	931.000000 	930.909973 	934.656006 
18.600000 	125.751999 	931.000000 	930.909973 	934.656006 
18.700000 	125.751999 	931.000000 	930.909973 	934.656006 
18.800000 	125.751999 	931.000000 	930.909973 	934.656006 
18.900000 	125.751999 	931.000000 	930.909973 	934.656006 
19.000000 	125.751999 	931.000000 	930.909973 	934.656006 
19.100000 	125.751999 	931.000000 	930.909973 	934.656006 
19.200000 	125.751999 	931.000000 	930.909973 	934.656006 
19.300000 	125.751999 	931.000000 	930.909973 	934.656006 
19.400000 	125.751999 	931.000000 	930.909973 	934.656006 
19.500000 	125.791000 	931.000000 	930.896973 	934.661011 
19.600000 	125.791000 	931.000000 	930.896973 	934.661011 
19.700000 	125.791000 	931.000000 	930.896973 	934.661011 
19.800000 	125.791000 	931.000000 	930.896973 	934.661011 
19.900000 	125.791000 	931.000000 	930.896973 	934.661011 
20.000000 	125.791000 	931.000000 	930.896973 	934.661011 
20.100000 	125.791000 	931.000000 	930.896973 	934.661011 
20.200000 	125.791000 	931.000000 	930.896973 	934.661011 
20.300000 	125.791000 	931.000000 	930.896973 	934.661011 
20.400000 	125.791000 	931.000000 	930.896973 	934.661011 
20.500000 	125.824997 	931.000000 	930.885986 	934.666992 
20.600000 	125.824997 	931.000000 	930.885986 	934.666992 
20.700000 	125.824997 	931.000000 	930.885986 	934.666992 
20.800000 	125.824997 	931.000000 	930.885986 	934.666992 
20.900000 	125.824997 	931.000000 	930.885986 	934.666992 
21.000000 	125.824997 	931.000000 	930.885986 	934.666992 
21.100000 	125.824997 	931.000000 	930.885986 	934.666992 
21.200000 	125.824997 	931.000000 	930.885986 	934.666992 
21.300000 	125.824997 	931.000000 	930.885986 	934.666992 
21.400000 	125.824997 	931.000000 	930.885986 	934.666992 
21.500000 	125.856003 	931.000000 	930.874023 	934.671997 
21.600000 	125.856003 	931.000000 	930.874023 	934.671997 
21.700000 	125.856003 	931.000000 	930.874023 	934.671997 
21.800000 	125.856003 	931.000000 	930.874023 	934.671997 
21.900000 	125.856003 	931.000000 	930.874023 	934.671997 
22.000000 	125.856003 	931.000000 	930.874023 	934.671997 
22.100000 	125.856003 	931.000000 	930.874023 	934.671997 
22.200000 	125.856003 	931.000000 	930.874023 	934.671997 
22.300000 	125.856003 	931.000000 	930.874023 	934.671997 
22.400000 	125.856003 	931.000000 	930.874023 	934.671997 
22.500000 	125.883003 	931.000000 	930.862000 	934.677002 
22.600000 	125.883003 	931.000000 	930.862000 	934.677002 
22.700000 	125.883003 	931.000000 	930.862000 	934.677002 
22.800000 	125.883003 	931.000000 	930.862000 	934.677002 
22.900000 	125.883003 	931.000000 	930.862000 	934.677002 
23.000000 	125.883003 	931.000000 	930.862000 	934.677002 
23.100000 	125.883003 	931.000000 	930.862000 	934.677002 
23.200000 	125.883003 	931.000000 	930.862000 	934.677002 
23.300000 	125.883003 	931.000000 	930.862000 	934.677002 
23.400000 	125.883003 	931.000000 	930.862000 	934.677002 
23.500000 	125.906998 	931.000000 	930.851013 	934.682007 
23.600000 	125.906998 	931.000000 	930.851013 	934.682007 
23.700000 	125.906998 	931.000000 	930.851013 	934.682007 
23.800000 	125.906998 	931.000000 	930.851013 	934.682007 
23.900000 	125.906998 	931.000000 	930.851013 	934.682007 
24.000000 	125.906998 	931.000000 	930.851013 	934.682007 
24.100000 	125.906998 	931.000000 	930.851013 	934.682007 
24.200000 	125.906998 	931.000000 	930.851013 	934.682007 
24.300000 	125.906998 	931.000000 	930.851013 	934.682007 
24.400000 	125.906998 	931.000000 	930.851013 	934.682007 
24.500000 	125.929001 	931.000000 	930.838989 	934.685974 
24.600000 	125.929001 	931.000000 	930.838989 	934.685974 
24.700000 	125.929001 	931.000000 	930.838989 	934.685974 
24.800000 	125.929001 	931.000000 	930.838989 	934.685974 
24.900000 	125.929001 	931.000000 	930.838989 	934.685974 
25.000000 	125.929001 	931.000000 	930.838989 	934.685974 
25.100000 	125.929001 	931.000000 	930.838989 	934.685974 
25.200000 	125.929001 	931.000000 	930.838989 	934.685974 
25.300000 	125.929001 	931.000000 	930.838989 	934.685974 
25.400000 	125.929001 	931.000000 	930.838989 	934.685974 
25.500000 	125.948997 	931.000000 	930.825989 	934.690979 
25.600000 	125.948997 	931.000000 	930.825989 	934.690979 
25.700000 	125.948997 	931.000000 	930.825989 	934.690979 
25.800000 	125.948997 	931.000000 	930.825989 	934.690979 
25.900000 	125.948997 	931.000000 	930.825989 	934.690979 
26.000000 	125.948997 	931.000000 	930.825989 	934.690979 
26.100000 	125.948997 	931.000000 	930.825989 	934.690979 
26.200000 	125.948997 	931.000000 	930.825989 	934.690979 
26.300000 	125.948997 	931.000000 	930.825989 	934.690979 
26.400000 	125.948997 	931.000000 	930.825989 	934.690979 
26.500000 	125.967003 	931.000000 	930.814026 	934.695007 
26.600000 	125.967003 	931.000000 	930.814026 	934.695007 
26.700000 	125.967003 	931.000000 	930.814026 	934.695007 
26.800000 	125.967003 	931.000000 	930.814026 	934.695007 
26.900000 	125.967003 	931.000000 	930.814026 	934.695007 
27.000000 	125.967003 	931.000000 	930.814026 	934.695007 
27.100000 	125.967003 	931.000000 	930.814026 	934.695007 
27.200000 	125.967003 	931.000000 	930.814026 	934.695007 
27.300000 	125.967003 	931.000000 	930.814026 	934.695007 
27.400000 	125.967003 	931.000000 	930.814026 	934.695007 
27.500000 	125.984001 	931.000000 	930.801025 	934.697998 
27.600000 	125.984001 	931.000000 	930.801025 	934.697998 
27.700000 	125.984001 	931.000000 	930.801025 	934.697998 
27.800000 	125.984001 	931.000000 	930.801025 	934.697998 
27.900000 	125.984001 	931.000000 	930.801025 	934.697998 
28.000000 	125.984001 	931.000000 	930.801025 	934.697998 
28.100000 	125.984001 	931.000000 	930.801025 	934.697998 
28.200000 	125.984001 	931.000000 	930.801025 	934.697998 
28.300000 	125.984001 	931.000000 	930.801025 	934.697998 
28.400000 	125.984001 	931.000000 	930.801025 	934.697998 
28.500000 	126.000000 	931.000000 	930.786987 	934.700989 
28.600000 	126.000000 	931.000000 	930.786987 	934.700989 
28.700000 	126.000000 	931.000000 	930.786987 	934.700989 
28.800000 	126.000000 	931.000000 	930.786987 	934.700989 
28.900000 	126.000000 	931.000000 	930.786987 	934.700989 
29.000000 	126.000000 	931.000000 	930.786987 	934.700989 
29.100000 	126.000000 	931.000000 	930.786987 	934.700989 
29.200000 	126.000000 	931.000000 	930.786987 	934.700989 
29.300000 	126.000000 	931.000000 	930.786987 	934.700989 
29.400000 	126.000000 	931.000000 	930.786987 	934.700989 
29.500000 	126.014999 	931.000000 	930.773010 	934.703979 
29.600000 	126.014999 	931.000000 	930.773010 	934.703979 
29.700000 	126.014999 	931.000000 	930.773010 	934.703979 
29.800000 	126.014999 	931.000000 	930.773010 	934.703979 
29.900000 	126.014999 	931.000000 	930.773010 	934.703979 
30.000000 	126.014999 	931.000000 	930.773010 	934.703979 
30.100000 	126.014999 	931.000000 	930.773010 	934.703979 
30.200000 	126.014999 	931.000000 	930.773010 	934.703979 
30.300000 	126.014999 	931.000000 	930.773010 	934.703979 
30.400000 	126.014999 	931.000000 	930.773010 	934.703979 
30.500000 	126.028999 	931.000000 	930.758972 	934.705994 
30.600000 	126.028999 	931.000000 	930.758972 	934.705994 
30.700000 	126.028999 	931.000000 	930.758972 	934.705994 
30.800000 	126.028999 	931.000000 	930.758972 	934.705994 
30.900000 	126.028999 	931.000000 	930.758972 	934.705994 
31.000000 	126.028999 	931.000000 	930.758972 	934.705994 
31.100000 	126.028999 	931.000000 	930.758972 	934.705994 
31.200000 	126.028999 	931.000000 	930.758972 	934.705994 
31.300000 	126.028999 	931.000000 	930.758972 	934.705994 
31.400000 	126.028999 	931.000000 	930.758972 	934.705994 
31.500000 	126.042000 	931.000000 	930.744019 	934.708008 
31.600000 	126.042000 	931.000000 	930.744019 	934.708008 
31.700000 	126.042000 	931.000000 	930.744019 	934.708008 
31.800000 	126.042000 	931.000000 	930.744019 	934.708008 
31.900000 	126.042000 	931.000000 	930.744019 	934.708008 
32.000000 	126.042000 	931.000000 	930.744019 	934.708008 
32.100000 	126.042000 	931.000000 	930.744019 	934.708008 
32.200000 	126.042000 	931.000000 	930.744019 	934.708008 
32.300000 	126.042000 	931.000000 	930.744019 	934.708008 
32.400000 	126.042000 	931.000000 	930.744019 	934.708008 
32.500000 	126.055000 	931.000000 	930.728027 	934.708984 
32.600000 	126.055000 	931.000000 	930.728027 	934.708984 
32.700000 	126.055000 	931.000000 	930.728027 	934.708984 
32.800000 	126.055000 	931.000000 	930.728027 	934.708984 
32.900000 	126.055000 	931.000000 	930.728027 	934.708984 
33.000000 	126.055000 	931.000000 	930.728027 	934.708984 
33.100000 	126.055000 	931.000000 	930.728027 	934.708984 
33.200000 	126.055000 	931.000000 	930.728027 	934.708984 
33.300000 	126.055000 	931.000000 	930.728027 	934.708984 
33.400000 	126.055000 	931.000000 	930.728027 	934.708984 
33.500000 	126.066002 	931.000000 	930.711975 	934.708984 
33.600000 	126.066002 	931.000000 	930.711975 	934.708984 
33.700000 	126.066002 	931.000000 	930.711975 	934.708984 
33.800000 	126.066002 	931.000000 	930.711975 	934.708984 
33.900000 	126.066002 	931.000000 	930.711975 	934.708984 
34.000000 	126.066002 	931.000000 	930.711975 	934.708984 
34.100000 	126.066002 	931.000000 	930.711975 	934.708984 
34.200000 	126.066002 	931.000000 	930.711975 	934.708984 
34.300000 	126.066002 	931.000000 	930.711975 	934.708984 
34.400000 	126.066002 	931.000000 	930.711975 	934.708984 
34.500000 	126.078003 	931.000000 	930.695007 	934.708984 
34.600000 	126.078003 	931.000000 	930.695007 	934.708984 
34.700000 	126.078003 	931.000000 	930.695007 	934.708984 
34.800000 	126.078003 	931.000000 	930.695007 	934.708984 
34.900000 	126.078003 	931.000000 	930.695007 	934.708984 
35.000000 	126.078003 	931.000000 	930.695007 	934.708984 
35.100000 	126.078003 	931.000000 	930.695007 	934.708984 
35.200000 	126.078003 	931.000000 	930.695007 	934.708984 
35.300000 	126.078003 	931.000000 	930.695007 	934.708984 
35.400000 	126.078003 	931.000000 	930.695007 	934.708984 
35.500000 	126.088997 	931.000000 	930.677002 	934.708008 
35.600000 	126.088997 	931.000000 	930.677002 	934.708008 
35.700000 	126.088997 	931.000000 	930.677002 	934.708008 
35.800000 	126.088997 	931.000000 	930.677002 	934.708008 
35.900000 	126.088997 	931.000000 	930.677002 	934.708008 
36.000000 	126.088997 	931.000000 	930.677002 	934.708008 
36.100000 	126.088997 	931.000000 	930.677002 	934.708008 
36.200000 	126.088997 	931.000000 	930.677002 	934.708008 
36.300000 	126.088997 	931.000000 	930.677002 	934.708008 
36.400000 	126.088997 	931.000000 	930.677002 	934.708008 
36.500000 	126.098999 	931.000000 	930.658020 	934.705017 
36.600000 	126.098999 	931.000000 	930.658020 	934.705017 
36.700000 	126.098999 	931.000000 	930.658020 	934.705017 
36.800000 	126.098999 	931.000000 	930.658020 	934.705017 
36.900000 	126.098999 	931.000000 	930.658020 	934.705017 
37.000000 	126.098999 	931.000000 	930.658020 	934.705017 
37.100000 	126.098999 	931.000000 	930.658020 	934.705017 
37.200000 	126.098999 	931.000000 	930.658020 	934.705017 
37.300000 	126.098999 	931.000000 	930.658020 	934.705017 
37.400000 	126.098999 	931.000000 	930.658020 	934.705017 
37.500000 	126.110001 	931.000000 	930.638000 	934.703003 
37.600000 	126.110001 	931.000000 	930.638000 	934.703003 
37.700000 	126.110001 	931.000000 	930.638000 	934.703003 
37.800000 	126.110001 	931.000000 	930.638000 	934.703003 
37.900000 	126.110001 	931.000000 	930.638000 	934.703003 
38.000000 	126.110001 	931.000000 	930.638000 	934.703003 
38.100000 	126.110001 	931.000000 	930.638000 	934.703003 
38.200000 	126.110001 	931.000000 	930.638000 	934.703003 
38.300000 	126.110001 	931.000000 	930.638000 	934.703003 
38.400000 	126.110001 	931.000000 	930.638000 	934.703003 
38.500000 	126.119003 	931.000000 	930.617981 	934.698975 
38.600000 	126.119003 	931.000000 	930.617981 	934.698975 
38.700000 	126.119003 	931.000000 	930.617981 	934.698975 
38.800000 	126.119003 	931.000000 	930.617981 	934.698975 
38.900000 	126.119003 	931.000000 	930.617981 	934.698975 
39.000000 	126.119003 	931.000000 	930.617981 	934.698975 
39.100000 	126.119003 	931.000000 	930.617981 	934.698975 
39.200000 	126.119003 	931.000000 	930.617981 	934.698975 
39.300000 	126.119003 	931.000000 	930.617981 	934.698975 
39.400000 	126.119003 	931.000000 	930.617981 	934.698975 
39.500000 	126.128998 	931.000000 	930.596008 	934.693970 
39.600000 	126.128998 	931.000000 	930.596008 	934.693970 
39.700000 	126.128998 	931.000000 	930.596008 	934.693970 
39.800000 	126.128998 	931.000000 	930.596008 	934.693970 
39.900000 	126.128998 	931.000000 	930.596008 	934.693970 
40.000000 	126.128998 	931.000000 	930.596008 	934.693970 
40.100000 	126.128998 	931.000000 	930.596008 	934.693970 
40.200000 	126.128998 	931.000000 	930.596008 	934.693970 
40.300000 	126.128998 	931.000000 	930.596008 	934.693970 
40.400000 	126.128998 	931.000000 	930.596008 	934.693970 
40.500000 	126.139000 	931.000000 	930.573975 	934.687988 
40.600000 	126.139000 	931.000000 	930.573975 	934.687988 
40.700000 	126.139000 	931.000000 	930.573975 	934.687988 
40.800000 	126.139000 	931.000000 	930.573975 	934.687988 
40.900000 	126.139000 	931.000000 	930.573975 	934.687988 
41.000000 	126.139000 	931.000000 	930.573975 	934.687988 
41.100000 	126.139000 	931.000000 	930.573975 	934.687988 
41.200000 	126.139000 	931.000000 	930.573975 	934.687988 
41.300000 	126.139000 	931.000000 	930.573975 	934.687988 
41.400000 	126.139000 	931.000000 	930.573975 	934.687988 
41.500000 	126.148003 	931.000000 	930.549988 	934.681030 
41.600000 	126.148003 	931.000000 	930.549988 	934.681030 
41.700000 	126.148003 	931.000000 	930.549988 	934.681030 
41.800000 	126.148003 	931.000000 	930.549988 	934.681030 
41.900000 	126.148003 	931.000000 	930.549988 	934.681030 
42.000000 	126.148003 	931.000000 	930.549988 	934.681030 
42.100000 	126.148003 	931.000000 	930.549988 	934.681030 
42.200000 	126.148003 	931.000000 	930.549988 	934.681030 
42.300000 	126.148003 	931.000000 	930.549988 	934.681030 
42.400000 	126.148003 	931.000000 	930.549988 	934.681030 
42.500000 	126.156998 	931.000000 	930.526001 	934.672974 
42.600000 	126.156998 	931.000000 	930.526001 	934.672974 
42.700000 	126.156998 	931.000000 	930.526001 	934.672974 
42.800000 	126.156998 	931.000000 	930.526001 	934.672974 
42.900000 	126.156998 	931.000000 	930.526001 	934.672974 
43.000000 	126.156998 	931.000000 	930.526001 	934.672974 
43.100000 	126.156998 	931.000000 	930.526001 	934.672974 
43.200000 	126.156998 	931.000000 	930.526001 	934.672974 
43.300000 	126.156998 	931.000000 	930.526001 	934.672974 
43.400000 	126.156998 	931.000000 	930.526001 	934.672974 
43.500000 	126.166000 	931.000000 	930.500000 	934.663025 
43.600000 	126.166000 	931.000000 	930.500000 	934.663025 
43.700000 	126.166000 	931.000000 	930.500000 	934.663025 
43.800000 	126.166000 	931.000000 	930.500000 	934.663025 
43.900000 	126.166000 	931.000000 	930.500000 	934.663025 
44.000000 	126.166000 	931.000000 	930.500000 	934.663025 
44.100000 	126.166000 	931.000000 	930.500000 	934.663025 
44.200000 	126.166000 	931.000000 	930.500000 	934.663025 
44.300000 	126.166000 	931.000000 	930.500000 	934.663025 
44.400000 	126.166000 	931.000000 	930.500000 	934.663025 
44.500000 	126.175003 	931.000000 	930.473022 	934.653015 
44.600000 	126.175003 	931.000000 	930.473022 	934.653015 
44.700000 	126.175003 	931.000000 	930.473022 	934.653015 
44.800000 	126.175003 	931.000000 	930.473022 	934.653015 
44.900000 	126.175003 	931.000000 	930.473022 	934.653015 
45.000000 	126.175003 	931.000000 	930.473022 	934.653015 
45.100000 	126.175003 	931.000000 	930.473022 	934.653015 
45.200000 	126.175003 	931.000000 	930.473022 	934.653015 
45.300000 	126.175003 	931.000000 	930.473022 	934.653015 
45.400000 	126.175003 	931.000000 	930.473022 	934.653015 
45.500000 	126.182999 	931.000000 	930.445007 	934.640991 
45.600000 	126.182999 	931.000000 	930.445007 	934.640991 
45.700000 	126.182999 	931.000000 	930.445007 	934.640991 
45.800000 	126.182999 	931.000000 	930.445007 	934.640991 
45.900000 	126.182999 	931.000000 	930.445007 	934.640991 
46.000000 	126.182999 	931.000000 	930.445007 	934.640991 
46.100000 	126.182999 	931.000000 	930.445007 	934.640991 
46.200000 	126.182999 	931.000000 	930.445007 	934.640991 
46.300000 	126.182999 	931.000000 	930.445007 	934.640991 
46.400000 	126.182999 	931.000000 	930.445007 	934.640991 
46.500000 	126.192001 	931.000000 	930.414978 	934.627014 
46.600000 	126.192001 	931.000000 	930.414978 	934.627014 
46.700000 	126.192001 	931.000000 	930.414978 	934.627014 
46.800000 	126.192001 	931.000000 	930.414978 	934.627014 
46.900000 	126.192001 	931.000000 	930.414978 	934.627014 
47.000000 	126.192001 	931.000000 	930.414978 	934.627014 
47.100000 	126.192001 	931.000000 	930.414978 	934.627014 
47.200000 	126.192001 	931.000000 	930.414978 	934.627014 
47.300000 	126.192001 	931.000000 	930.414978 	934.627014 
47.400000 	126.192001 	931.000000 	930.414978 	934.627014 
47.500000 	126.200996 	931.000000 	930.383972 	934.612976 
47.600000 	126.200996 	931.000000 	930.383972 	934.612976 
47.700000 	126.200996 	931.000000 	930.383972 	934.612976 
47.800000 	126.200996 	931.000000 	930.383972 	934.612976 
47.900000 	126.200996 	931.000000 	930.383972 	934.612976 
48.000000 	126.200996 	931.000000 	930.383972 	934.612976 
48.100000 	126.200996 	931.000000 	930.383972 	934.612976 
48.200000 	126.200996 	931.000000 	930.383972 	934.612976 
48.300000 	126.200996 	931.000000 	930.383972 	934.612976 
48.400000 	126.200996 	931.000000 	930.383972 	934.612976 
48.500000 	126.209000 	931.000000 	930.351990 	934.596008 
48.600000 	126.209000 	931.000000 	930.351990 	934.596008 
48.700000 	126.209000 	931.000000 	930.351990 	934.596008 
48.800000 	126.209000 	931.000000 	930.351990 	934.596008 
48.900000 	126.209000 	931.000000 	930.351990 	934.596008 
49.000000 	126.209000 	931.000000 	930.351990 	934.596008 
49.100000 	126.209000 	931.000000 	930.351990 	934.596008 
49.200000 	126.209000 	931.000000 	930.351990 	934.596008 
49.300000 	126.209000 	931.000000 	930.351990 	934.596008 
49.400000 	126.209000 	931.000000 	930.351990 	934.596008 
49.500000 	126.218002 	931.000000 	930.317993 	934.416992 
49.600000 	126.218002 	931.000000 	930.317993 	934.416992 
49.700000 	126.218002 	931.000000 	930.317993 	934.416992 
49.800000 	126.218002 	931.000000 	930.317993 	934.416992 
49.900000 	126.218002 	931.000000 	930.317993 	934.416992 
50.000000 	126.218002 	931.000000 	930.317993 	934.416992 
50.100000 	126.218002 	931.000000 	930.317993 	934.416992 
50.200000 	126.218002 	931.000000 	930.317993 	934.416992 
50.300000 	126.218002 	931.000000 	930.317993 	934.416992 
50.400000 	126.218002 	931.000000 	930.317993 	934.416992 
50.500000 	126.225998 	931.000000 	930.283020 	934.393982 
50.600000 	126.225998 	931.000000 	930.283020 	934.393982 
50.700000 	126.225998 	931.000000 	930.283020 	934.393982 
50.800000 	126.225998 	931.000000 	930.283020 	934.393982 
50.900000 	126.225998 	931.000000 	930.283020 	934.393982 
51.000000 	126.225998 	931.000000 	930.283020 	934.393982 
51.100000 	126.225998 	931.000000 	930.283020 	934.393982 
51.200000 	126.225998 	931.000000 	930.283020 	934.393982 
51.300000 	126.225998 	931.000000 	930.283020 	934.393982 
51.400000 	126.225998 	931.000000 	930.283020 	934.393982 
51.500000 	126.235001 	931.000000 	930.245972 	934.369995 
51.600000 	126.235001 	931.000000 	930.245972 	934.369995 
51.700000 	126.235001 	931.000000 	930.245972 	934.369995 
51.800000 	126.235001 	931.000000 	930.245972 	934.369995 
51.900000 	126.235001 	931.000000 	930.245972 	934.369995 
52.000000 	126.235001 	931.000000 	930.245972 	934.369995 
52.100000 	126.235001 	931.000000 	930.245972 	934.369995 
52.200000 	126.235001 	931.000000 	930.245972 	934.369995 
52.300000 	126.235001 	931.000000 	930.245972 	934.369995 
52.400000 	126.235001 	931.000000 	930.245972 	934.369995 
52.500000 	126.242996 	931.000000 	930.208008 	934.343018 
52.600000 	126.242996 	931.000000 	930.208008 	934.343018 
52.700000 	126.242996 	931.000000 	930.208008 	934.343018 
52.800000 	126.242996 	931.000000 	930.208008 	934.343018 
52.900000 	126.242996 	931.000000 	930.208008 	934.343018 
53.000000 	126.242996 	931.000000 	930.208008 	934.343018 
53.100000 	126.242996 	931.000000 	930.208008 	934.343018 
53.200000 	126.242996 	931.000000 	930.208008 	934.343018 
53.300000 	126.242996 	931.000000 	930.208008 	934.343018 
53.400000 	126.242996 	931.000000 	930.208008 	934.343018 
53.500000 	126.251999 	931.000000 	930.168030 	934.315002 
53.600000 	126.251999 	931.000000 	930.168030 	934.315002 
53.700000 	126.251999 	931.000000 	930.168030 	934.315002 
53.800000 	126.251999 	931.000000 	930.168030 	934.315002 
53.900000 	126.251999 	931.000000 	930.168030 	934.315002 
54.000000 	126.251999 	931.000000 	930.168030 	934.315002 
54.100000 	126.251999 	931.000000 	930.168030 	934.315002 
54.200000 	126.251999 	931.000000 	930.168030 	934.315002 
54.300000 	126.251999 	931.000000 	930.168030 	934.315002 
54.400000 	126.251999 	931.000000 	930.168030 	934.315002 
54.500000 	126.260002 	931.000000 	930.125977 	934.284973 
54.600000 	126.260002 	931.000000 	930.125977 	934.284973 
54.700000 	126.260002 	931.000000 	930.125977 	934.284973 
54.800000 	126.260002 	931.000000 	930.125977 	934.284973 
54.900000 	126.260002 	931.000000 	930.125977 	934.284973 
55.000000 	126.260002 	931.000000 	930.125977 	934.284973 
55.100000 	126.260002 	931.000000 	930.125977 	934.284973 
55.200000 	126.260002 	931.000000 	930.125977 	934.284973 
55.300000 	126.260002 	931.000000 	930.125977 	934.284973 
55.400000 	126.260002 	931.000000 	930.125977 	934.284973 
55.500000 	126.268997 	931.000000 	930.081970 	934.252991 
55.600000 	126.268997 	931.000000 	930.081970 	934.252991 
55.700000 	126.268997 	931.000000 	930.081970 	934.252991 
55.800000 	126.268997 	931.000000 	930.081970 	934.252991 
55.900000 	126.268997 	931.000000 	930.081970 	934.252991 
56.000000 	126.268997 	931.000000 	930.081970 	934.252991 
56.100000 	126.268997 	931.000000 	930.081970 	934.252991 
56.200000 	126.268997 	931.000000 	930.081970 	934.252991 
56.300000 	126.268997 	931.000000 	930.081970 	934.252991 
56.400000 	126.268997 	931.000000 	930.081970 	934.252991 
56.500000 	126.277000 	931.000000 	930.036011 	934.219971 
56.600000 	126.277000 	931.000000 	930.036011 	934.219971 
56.700000 	126.277000 	931.000000 	930.036011 	934.219971 
56.800000 	126.277000 	931.000000 	930.036011 	934.219971 
56.900000 	126.277000 	931.000000 	930.036011 	934.219971 
57.000000 	126.277000 	931.000000 	930.036011 	934.219971 
57.100000 	126.277000 	931.000000 	930.036011 	934.219971 
57.200000 	126.277000 	931.000000 	930.036011 	934.219971 
57.300000 	126.277000 	931.000000 	930.036011 	934.219971 
57.400000 	126.277000 	931.000000 	930.036011 	934.219971 
57.500000 	126.286003 	931.000000 	929.989014 	934.184021 
57.600000 	126.286003 	931.000000 	929.989014 	934.184021 
57.700000 	126.286003 	931.000000 	929.989014 	934.184021 
57.800000 	126.286003 	931.000000 	929.989014 	934.184021 
57.900000 	126.286003 	931.000000 	929.989014 	934.184021 
58.000000 	126.286003 	931.000000 	929.989014 	934.184021 
58.100000 	126.286003 	931.000000 	929.989014 	934.184021 
58.200000 	126.286003 	931.000000 	929.989014 	934.184021 
58.300000 	126.286003 	931.000000 	929.989014 	934.184021 
58.400000 	126.286003 	931.000000 	929.989014 	934.184021 
58.500000 	126.294998 	931.000000 	929.939026 	934.145996 
58.600000 	126.294998 	931.000000 	929.939026 	934.145996 
58.700000 	126.294998 	931.000000 	929.939026 	934.145996 
58.800000 	126.294998 	931.000000 	929.939026 	934.145996 
58.900000 	126.294998 	931.000000 	929.939026 	934.145996 
59.000000 	126.294998 	931.000000 	929.939026 	934.145996 
59.100000 	126.294998 	931.000000 	929.939026 	934.145996 
59.200000 	126.294998 	931.000000 	929.939026 	934.145996 
59.300000 	126.294998 	931.000000 	929.939026 	934.145996 
59.400000 	126.294998 	931.000000 	929.939026 	934.145996 
59.500000 	126.303001 	931.000000 	929.887024 	934.106018 
59.600000 	126.303001 	931.000000 	929.887024 	934.106018 
59.700000 	126.303001 	931.000000 	929.887024 	934.106018 
59.800000 	126.303001 	931.000000 	929.887024 	934.106018 
59.900000 	126.303001 	931.000000 	929.887024 	934.106018 
60.000000 	126.303001 	931.000000 	929.887024 	934.106018 
