0.500000 	87.161499 	214.000000 	255.203003 	225.173004 
0.600000 	87.161499 	214.000000 	255.203003 	225.173004 
0.700000 	87.161499 	214.000000 	255.203003 	225.173004 
0.800000 	87.161499 	214.000000 	255.203003 	225.173004 
0.900000 	87.161499 	214.000000 	255.203003 	225.173004 
1.000000 	87.161499 	214.000000 	255.203003 	225.173004 
1.100000 	87.161499 	214.000000 	255.203003 	225.173004 
1.200000 	87.161499 	214.000000 	255.203003 	225.173004 
1.300000 	87.161499 	214.000000 	255.203003 	225.173004 
1.400000 	87.161499 	214.000000 	255.203003 	225.173004 
1.500000 	97.250801 	214.000000 	234.358994 	227.694000 
1.600000 	97.250801 	214.000000 	234.358994 	227.694000 
1.700000 	97.250801 	214.000000 	234.358994 	227.694000 
1.800000 	97.250801 	214.000000 	234.358994 	227.694000 
1.900000 	97.250801 	214.000000 	234.358994 	227.694000 
2.000000 	97.250801 	214.000000 	234.358994 	227.694000 
2.100000 	97.250801 	214.000000 	234.358994 	227.694000 
2.200000 	97.250801 	214.000000 	234.358994 	227.694000 
2.300000 	97.250801 	214.000000 	234.358994 	227.694000 
2.400000 	97.250801 	214.000000 	234.358994 	227.694000 
2.500000 	108.925003 	214.000000 	225.897995 	228.145004 
2.600000 	108.925003 	214.000000 	225.897995 	228.145004 
2.700000 	108.925003 	214.000000 	225.897995 	228.145004 
2.800000 	108.925003 	214.000000 	225.897995 	228.145004 
2.900000 	108.925003 	214.000000 	225.897995 	228.145004 
3.000000 	108.925003 	214.000000 	225.897995 	228.145004 
3.100000 	108.925003 	214.000000 	225.897995 	228.145004 
3.200000 	108.925003 	214.000000 	225.897995 	228.145004 
3.300000 	108.925003 	214.000000 	225.897995 	228.145004 
3.400000 	108.925003 	214.000000 	225.897995 	228.145004 
3.500000 	115.140999 	214.000000 	221.628998 	228.311996 
3.600000 	115.140999 	214.000000 	221.628998 	228.311996 
3.700000 	115.140999 	214.000000 	221.628998 	228.311996 
3.800000 	115.140999 	214.000000 	221.628998 	228.311996 
3.900000 	115.140999 	214.000000 	221.628998 	228.311996 
4.000000 	115.140999 	214.000000 	221.628998 	228.311996 
4.100000 	115.140999 	214.000000 	221.628998 	228.311996 
4.200000 	115.140999 	214.000000 	221.628998 	228.311996 
4.300000 	115.140999 	214.000000 	221.628998 	228.311996 
4.400000 	115.140999 	214.000000 	221.628998 	228.311996 
4.500000 	118.587997 	214.000000 	219.264008 	228.404007 
4.600000 	118.587997 	214.000000 	219.264008 	228.404007 
4.700000 	118.587997 	214.000000 	219.264008 	228.404007 
4.800000 	118.587997 	214.000000 	219.264008 	228.404007 
4.900000 	118.587997 	214.000000 	219.264008 	228.404007 
5.000000 	118.587997 	214.000000 	219.264008 	228.404007 
5.100000 	118.587997 	214.000000 	219.264008 	228.404007 
5.200000 	118.587997 	214.000000 	219.264008 	228.404007 
5.300000 	118.587997 	214.000000 	219.264008 	228.404007 
5.400000 	118.587997 	214.000000 	219.264008 	228.404007 
5.500000 	120.651001 	214.000000 	217.843002 	228.470993 
5.600000 	120.651001 	214.000000 	217.843002 	228.470993 
5.700000 	120.651001 	214.000000 	217.843002 	228.470993 
5.800000 	120.651001 	214.000000 	217.843002 	228.470993 
5.900000 	120.651001 	214.000000 	217.843002 	228.470993 
6.000000 	120.651001 	214.000000 	217.843002 	228.470993 
6.100000 	120.651001 	214.000000 	217.843002 	228.470993 
6.200000 	120.651001 	214.000000 	217.843002 	228.470993 
6.300000 	120.651001 	214.000000 	217.843002 	228.470993 
6.400000 	120.651001 	214.000000 	217.843002 	228.470993 
6.500000 	121.971001 	214.000000 	216.932007 	228.529007 
6.600000 	121.971001 	214.000000 	216.932007 	228.529007 
6.700000 	121.971001 	214.000000 	216.932007 	228.529007 
6.800000 	121.971001 	214.000000 	216.932007 	228.529007 
6.900000 	121.971001 	214.000000 	216.932007 	228.529007 
7.000000 	121.971001 	214.000000 	216.932007 	228.529007 
7.100000 	121.971001 	214.000000 	216.932007 	228.529007 
7.200000 	121.971001 	214.000000 	216.932007 	228.529007 
7.300000 	121.971001 	214.000000 	216.932007 	228.529007 
7.400000 	121.971001 	214.000000 	216.932007 	228.529007 
7.500000 	122.862999 	214.000000 	216.315994 	228.585999 
7.600000 	122.862999 	214.000000 	216.315994 	228.585999 
7.700000 	122.862999 	214.000000 	216.315994 	228.585999 
7.800000 	122.862999 	214.000000 	216.315994 	228.585999 
7.900000 	122.862999 	214.000000 	216.315994 	228.585999 
8.000000 	122.862999 	214.000000 	216.315994 	228.585999 
8.100000 	122.862999 	214.000000 	216.315994 	228.585999 
8.200000 	122.862999 	214.000000 	216.315994 	228.585999 
8.300000 	122.862999 	214.000000 	216.315994 	228.585999 
8.400000 	122.862999 	214.000000 	216.315994 	228.585999 
8.500000 	123.492996 	214.000000 	215.880997 	228.651001 
8.600000 	123.492996 	214.000000 	215.880997 	228.651001 
8.700000 	123.492996 	214.000000 	215.880997 	228.651001 
8.800000 	123.492996 	214.000000 	215.880997 	228.651001 
8.900000 	123.492996 	214.000000 	215.880997 	228.651001 
9.000000 	123.492996 	214.000000 	215.880997 	228.651001 
9.100000 	123.492996 	214.000000 	215.880997 	228.651001 
9.200000 	123.492996 	214.000000 	215.880997 	228.651001 
9.300000 	123.492996 	214.000000 	215.880997 	228.651001 
9.400000 	123.492996 	214.000000 	215.880997 	228.651001 
9.500000 	123.955002 	214.000000 	215.563004 	228.714996 
9.600000 	123.955002 	214.000000 	215.563004 	228.714996 
9.700000 	123.955002 	214.000000 	215.563004 	228.714996 
9.800000 	123.955002 	214.000000 	215.563004 	228.714996 
9.900000 	123.955002 	214.000000 	215.563004 	228.714996 
10.000000 	123.955002 	214.000000 	215.563004 	228.714996 
10.100000 	123.955002 	214.000000 	215.563004 	228.714996 
10.200000 	123.955002 	214.000000 	215.563004 	228.714996 
10.300000 	123.955002 	214.000000 	215.563004 	228.714996 
10.400000 	123.955002 	214.000000 	215.563004 	228.714996 
10.500000 	124.303001 	214.000000 	215.324997 	228.781006 
10.600000 	124.303001 	214.000000 	215.324997 	228.781006 
10.700000 	124.303001 	214.000000 	215.324997 	228.781006 
10.800000 	124.303001 	214.000000 	215.324997 	228.781006 
10.900000 	124.303001 	214.000000 	215.324997 	228.781006 
11.000000 	124.303001 	214.000000 	215.324997 	228.781006 
11.100000 	124.303001 	214.000000 	215.324997 	228.781006 
11.200000 	124.303001 	214.000000 	215.324997 	228.781006 
11.300000 	124.303001 	214.000000 	215.324997 	228.781006 
11.400000 	124.303001 	214.000000 	215.324997 	228.781006 
11.500000 	124.571999 	214.000000 	215.139999 	228.850006 
11.600000 	124.571999 	214.000000 	215.139999 	228.850006 
11.700000 	124.571999 	214.000000 	215.139999 	228.850006 
11.800000 	124.571999 	214.000000 	215.139999 	228.850006 
11.900000 	124.571999 	214.000000 	215.139999 	228.850006 
12.000000 	124.571999 	214.000000 	215.139999 	228.850006 
12.100000 	124.571999 	214.000000 	215.139999 	228.850006 
12.200000 	124.571999 	214.000000 	215.139999 	228.850006 
12.300000 	124.571999 	214.000000 	215.139999 	228.850006 
12.400000 	124.571999 	214.000000 	215.139999 	228.850006 
12.500000 	124.785004 	214.000000 	214.994995 	228.923004 
12.600000 	124.785004 	214.000000 	214.994995 	228.923004 
12.700000 	124.785004 	214.000000 	214.994995 	228.923004 
12.800000 	124.785004 	214.000000 	214.994995 	228.923004 
12.900000 	124.785004 	214.000000 	214.994995 	228.923004 
13.000000 	124.785004 	214.000000 	214.994995 	228.923004 
13.100000 	124.785004 	214.000000 	214.994995 	228.923004 
13.200000 	124.785004 	214.000000 	214.994995 	228.923004 
13.300000 	124.785004 	214.000000 	214.994995 	228.923004 
13.400000 	124.785004 	214.000000 	214.994995 	228.923004 
13.500000 	124.957001 	214.000000 	214.878998 	229.000000 
13.600000 	124.957001 	214.000000 	214.878998 	229.000000 
13.700000 	124.957001 	214.000000 	214.878998 	229.000000 
13.800000 	124.957001 	214.000000 	214.878998 	229.000000 
13.900000 	124.957001 	214.000000 	214.878998 	229.000000 
14.000000 	124.957001 	214.000000 	214.878998 	229.000000 
14.100000 	124.957001 	214.000000 	214.878998 	229.000000 
14.200000 	124.957001 	214.000000 	214.878998 	229.000000 
14.300000 	124.957001 	214.000000 	214.878998 	229.000000 
14.400000 	124.957001 	214.000000 	214.878998 	229.000000 
14.500000 	125.098000 	214.000000 	214.785004 	229.080994 
14.600000 	125.098000 	214.000000 	214.785004 	229.080994 
14.700000 	125.098000 	214.000000 	214.785004 	229.080994 
14.800000 	125.098000 	214.000000 	214.785004 	229.080994 
14.900000 	125.098000 	214.000000 	214.785004 	229.080994 
15.000000 	125.098000 	214.000000 	214.785004 	229.080994 
15.100000 	125.098000 	214.000000 	214.785004 	229.080994 
15.200000 	125.098000 	214.000000 	214.785004 	229.080994 
15.300000 	125.098000 	214.000000 	214.785004 	229.080994 
15.400000 	125.098000 	214.000000 	214.785004 	229.080994 
15.500000 	125.214996 	214.000000 	214.707001 	229.166000 
15.600000 	125.214996 	214.000000 	214.707001 	229.166000 
15.700000 	125.214996 	214.000000 	214.707001 	229.166000 
15.800000 	125.214996 	214.000000 	214.707001 	229.166000 
15.900000 	125.214996 	214.000000 	214.707001 	229.166000 
16.000000 	125.214996 	214.000000 	214.707001 	229.166000 
16.100000 	125.214996 	214.000000 	214.707001 	229.166000 
16.200000 	125.214996 	214.000000 	214.707001 	229.166000 
16.300000 	125.214996 	214.000000 	214.707001 	229.166000 
16.400000 	125.214996 	214.000000 	214.707001 	229.166000 
16.500000 	125.314003 	214.000000 	214.641998 	229.255005 
16.600000 	125.314003 	214.000000 	214.641998 	229.255005 
16.700000 	125.314003 	214.000000 	214.641998 	229.255005 
16.800000 	125.314003 	214.000000 	214.641998 	229.255005 
16.900000 	125.314003 	214.000000 	214.641998 	229.255005 
17.000000 	125.314003 	214.000000 	214.641998 	229.255005 
17.100000 	125.314003 	214.000000 	214.641998 	229.255005 
17.200000 	125.314003 	214.000000 	214.641998 	229.255005 
17.300000 	125.314003 	214.000000 	214.641998 	229.255005 
17.400000 	125.314003 	214.000000 	214.641998 	229.255005 
17.500000 	125.399002 	214.000000 	214.587006 	229.348007 
17.600000 	125.399002 	214.000000 	214.587006 	229.348007 
17.700000 	125.399002 	214.000000 	214.587006 	229.348007 
17.800000 	125.399002 	214.000000 	214.587006 	229.348007 
17.900000 	125.399002 	214.000000 	214.587006 	229.348007 
18.000000 	125.399002 	214.000000 	214.587006 	229.348007 
18.100000 	125.399002 	214.000000 	214.587006 	229.348007 
18.200000 	125.399002 	214.000000 	214.587006 	229.348007 
18.300000 	125.399002 	214.000000 	214.587006 	229.348007 
18.400000 	125.399002 	214.000000 	214.587006 	229.348007 
18.500000 	125.472000 	214.000000 	214.539993 	229.445999 
18.600000 	125.472000 	214.000000 	214.539993 	229.445999 
18.700000 	125.472000 	214.000000 	214.539993 	229.445999 
18.800000 	125.472000 	214.000000 	214.539993 	229.445999 
18.900000 	125.472000 	214.000000 	214.539993 	229.445999 
19.000000 	125.472000 	214.000000 	214.539993 	229.445999 
19.100000 	125.472000 	214.000000 	214.539993 	229.445999 
19.200000 	125.472000 	214.000000 	214.539993 	229.445999 
19.300000 	125.472000 	214.000000 	214.539993 	229.445999 
19.400000 	125.472000 	214.000000 	214.539993 	229.445999 
19.500000 	125.536003 	214.000000 	214.500000 	229.546997 
19.600000 	125.536003 	214.000000 	214.500000 	229.546997 
19.700000 	125.536003 	214.000000 	214.500000 	229.546997 
19.800000 	125.536003 	214.000000 	214.500000 	229.546997 
19.900000 	125.536003 	214.000000 	214.500000 	229.546997 
20.000000 	125.536003 	214.000000 	214.500000 	229.546997 
20.100000 	125.536003 	214.000000 	214.500000 	229.546997 
20.200000 	125.536003 	214.000000 	214.500000 	229.546997 
20.300000 	125.536003 	214.000000 	214.500000 	229.546997 
20.400000 	125.536003 	214.000000 	214.500000 	229.546997 
20.500000 	125.592003 	214.000000 	214.464996 	229.651993 
20.600000 	125.592003 	214.000000 	214.464996 	229.651993 
20.700000 	125.592003 	214.000000 	214.464996 	229.651993 
20.800000 	125.592003 	214.000000 	214.464996 	229.651993 
20.900000 	125.592003 	214.000000 	214.464996 	229.651993 
21.000000 	125.592003 	214.000000 	214.464996 	229.651993 
21.100000 	125.592003 	214.000000 	214.464996 	229.651993 
21.200000 	125.592003 	214.000000 	214.464996 	229.651993 
21.300000 	125.592003 	214.000000 	214.464996 	229.651993 
21.400000 	125.592003 	214.000000 	214.464996 	229.651993 
21.500000 	125.641998 	214.000000 	214.434998 	229.761002 
21.600000 	125.641998 	214.000000 	214.434998 	229.761002 
21.700000 	125.641998 	214.000000 	214.434998 	229.761002 
21.800000 	125.641998 	214.000000 	214.434998 	229.761002 
21.900000 	125.641998 	214.000000 	214.434998 	229.761002 
22.000000 	125.641998 	214.000000 	214.434998 	229.761002 
22.100000 	125.641998 	214.000000 	214.434998 	229.761002 
22.200000 	125.641998 	214.000000 	214.434998 	229.761002 
22.300000 	125.641998 	214.000000 	214.434998 	229.761002 
22.400000 	125.641998 	214.000000 	214.434998 	229.761002 
22.500000 	125.686996 	214.000000 	214.408005 	229.873993 
22.600000 	125.686996 	214.000000 	214.408005 	229.873993 
22.700000 	125.686996 	214.000000 	214.408005 	229.873993 
22.800000 	125.686996 	214.000000 	214.408005 	229.873993 
22.900000 	125.686996 	214.000000 	214.408005 	229.873993 
23.000000 	125.686996 	214.000000 	214.408005 	229.873993 
23.100000 	125.686996 	214.000000 	214.408005 	229.873993 
23.200000 	125.686996 	214.000000 	214.408005 	229.873993 
23.300000 	125.686996 	214.000000 	214.408005 	229.873993 
23.400000 	125.686996 	214.000000 	214.408005 	229.873993 
23.500000 	125.727997 	214.000000 	214.384003 	229.990997 
23.600000 	125.727997 	214.000000 	214.384003 	229.990997 
23.700000 	125.727997 	214.000000 	214.384003 	229.990997 
23.800000 	125.727997 	214.000000 	214.384003 	229.990997 
23.900000 	125.727997 	214.000000 	214.384003 	229.990997 
24.000000 	125.727997 	214.000000 	214.384003 	229.990997 
24.100000 	125.727997 	214.000000 	214.384003 	229.990997 
24.200000 	125.727997 	214.000000 	214.384003 	229.990997 
24.300000 	125.727997 	214.000000 	214.384003 	229.990997 
24.400000 	125.727997 	214.000000 	214.384003 	229.990997 
24.500000 	125.764999 	214.000000 	214.363007 	230.110992 
24.600000 	125.764999 	214.000000 	214.363007 	230.110992 
24.700000 	125.764999 	214.000000 	214.363007 	230.110992 
24.800000 	125.764999 	214.000000 	214.363007 	230.110992 
24.900000 	125.764999 	214.000000 	214.363007 	230.110992 
25.000000 	125.764999 	214.000000 	214.363007 	230.110992 
25.100000 	125.764999 	214.000000 	214.363007 	230.110992 
25.200000 	125.764999 	214.000000 	214.363007 	230.110992 
25.300000 	125.764999 	214.000000 	214.363007 	230.110992 
25.400000 	125.764999 	214.000000 	214.363007 	230.110992 
25.500000 	125.799004 	214.000000 	214.343994 	230.233994 
25.600000 	125.799004 	214.000000 	214.343994 	230.233994 
25.700000 	125.799004 	214.000000 	214.343994 	230.233994 
25.800000 	125.799004 	214.000000 	214.343994 	230.233994 
25.900000 	125.799004 	214.000000 	214.343994 	230.233994 
26.000000 	125.799004 	214.000000 	214.343994 	230.233994 
26.100000 	125.799004 	214.000000 	214.343994 	230.233994 
26.200000 	125.799004 	214.000000 	214.343994 	230.233994 
26.300000 	125.799004 	214.000000 	214.343994 	230.233994 
26.400000 	125.799004 	214.000000 	214.343994 	230.233994 
26.500000 	125.831001 	214.000000 	214.326996 	230.360992 
26.600000 	125.831001 	214.000000 	214.326996 	230.360992 
26.700000 	125.831001 	214.000000 	214.326996 	230.360992 
26.800000 	125.831001 	214.000000 	214.326996 	230.360992 
26.900000 	125.831001 	214.000000 	214.326996 	230.360992 
27.000000 	125.831001 	214.000000 	214.326996 	230.360992 
27.100000 	125.831001 	214.000000 	214.326996 	230.360992 
27.200000 	125.831001 	214.000000 	214.326996 	230.360992 
27.300000 	125.831001 	214.000000 	214.326996 	230.360992 
27.400000 	125.831001 	214.000000 	214.326996 	230.360992 
27.500000 	125.860001 	214.000000 	214.311005 	230.490997 
27.600000 	125.860001 	214.000000 	214.311005 	230.490997 
27.700000 	125.860001 	214.000000 	214.311005 	230.490997 
27.800000 	125.860001 	214.000000 	214.311005 	230.490997 
27.900000 	125.860001 	214.000000 	214.311005 	230.490997 
28.000000 	125.860001 	214.000000 	214.311005 	230.490997 
28.100000 	125.860001 	214.000000 	214.311005 	230.490997 
28.200000 	125.860001 	214.000000 	214.311005 	230.490997 
28.300000 	125.860001 	214.000000 	214.311005 	230.490997 
28.400000 	125.860001 	214.000000 	214.311005 	230.490997 
28.500000 	125.888000 	214.000000 	214.296997 	230.625000 
28.600000 	125.888000 	214.000000 	214.296997 	230.625000 
28.700000 	125.888000 	214.000000 	214.296997 	230.625000 
28.800000 	125.888000 	214.000000 	214.296997 	230.625000 
28.900000 	125.888000 	214.000000 	214.296997 	230.625000 
29.000000 	125.888000 	214.000000 	214.296997 	230.625000 
29.100000 	125.888000 	214.000000 	214.296997 	230.625000 
29.200000 	125.888000 	214.000000 	214.296997 	230.625000 
29.300000 	125.888000 	214.000000 	214.296997 	230.625000 
29.400000 	125.888000 	214.000000 	214.296997 	230.625000 
29.500000 	125.913002 	214.000000 	214.283005 	230.761993 
29.600000 	125.913002 	214.000000 	214.283005 	230.761993 
29.700000 	125.913002 	214.000000 	214.283005 	230.761993 
29.800000 	125.913002 	214.000000 	214.283005 	230.761993 
29.900000 	125.913002 	214.000000 	214.283005 	230.761993 
30.000000 	125.913002 	214.000000 	214.283005 	230.761993 
30.100000 	125.913002 	214.000000 	214.283005 	230.761993 
30.200000 	125.913002 	214.000000 	214.283005 	230.761993 
30.300000 	125.913002 	214.000000 	214.283005 	230.761993 
30.400000 	125.913002 	214.000000 	214.283005 	230.761993 
30.500000 	125.938004 	214.000000 	214.270996 	230.901993 
30.600000 	125.938004 	214.000000 	214.270996 	230.901993 
30.700000 	125.938004 	214.000000 	214.270996 	230.901993 
30.800000 	125.938004 	214.000000 	214.270996 	230.901993 
30.900000 	125.938004 	214.000000 	214.270996 	230.901993 
31.000000 	125.938004 	214.000000 	214.270996 	230.901993 
31.100000 	125.938004 	214.000000 	214.270996 	230.901993 
31.200000 	125.938004 	214.000000 	214.270996 	230.901993 
31.300000 	125.938004 	214.000000 	214.270996 	230.901993 
31.400000 	125.938004 	214.000000 	214.270996 	230.901993 
31.500000 	125.960999 	214.000000 	214.259995 	231.044006 
31.600000 	125.960999 	214.000000 	214.259995 	231.044006 
31.700000 	125.960999 	214.000000 	214.259995 	231.044006 
31.800000 	125.960999 	214.000000 	214.259995 	231.044006 
31.900000 	125.960999 	214.000000 	214.259995 	231.044006 
32.000000 	125.960999 	214.000000 	214.259995 	231.044006 
32.100000 	125.960999 	214.000000 	214.259995 	231.044006 
32.200000 	125.960999 	214.000000 	214.259995 	231.044006 
32.300000 	125.960999 	214.000000 	214.259995 	231.044006 
32.400000 	125.960999 	214.000000 	214.259995 	231.044006 
32.500000 	125.984001 	214.000000 	214.248993 	231.190002 
32.600000 	125.984001 	214.000000 	214.248993 	231.190002 
32.700000 	125.984001 	214.000000 	214.248993 	231.190002 
32.800000 	125.984001 	214.000000 	214.248993 	231.190002 
32.900000 	125.984001 	214.000000 	214.248993 	231.190002 
33.000000 	125.984001 	214.000000 	214.248993 	231.190002 
33.100000 	125.984001 	214.000000 	214.248993 	231.190002 
33.200000 	125.984001 	214.000000 	214.248993 	231.190002 
33.300000 	125.984001 	214.000000 	214.248993 	231.190002 
33.400000 	125.984001 	214.000000 	214.248993 	231.190002 
33.500000 	126.004997 	214.000000 	214.238998 	231.337997 
33.600000 	126.004997 	214.000000 	214.238998 	231.337997 
33.700000 	126.004997 	214.000000 	214.238998 	231.337997 
33.800000 	126.004997 	214.000000 	214.238998 	231.337997 
33.900000 	126.004997 	214.000000 	214.238998 	231.337997 
34.000000 	126.004997 	214.000000 	214.238998 	231.337997 
34.100000 	126.004997 	214.000000 	214.238998 	231.337997 
34.200000 	126.004997 	214.000000 	214.238998 	231.337997 
34.300000 	126.004997 	214.000000 	214.238998 	231.337997 
34.400000 	126.004997 	214.000000 	214.238998 	231.337997 
34.500000 	126.026001 	214.000000 	214.229996 	231.490005 
34.600000 	126.026001 	214.000000 	214.229996 	231.490005 
34.700000 	126.026001 	214.000000 	214.229996 	231.490005 
34.800000 	126.026001 	214.000000 	214.229996 	231.490005 
34.900000 	126.026001 	214.000000 	214.229996 	231.490005 
35.000000 	126.026001 	214.000000 	214.229996 	231.490005 
35.100000 	126.026001 	214.000000 	214.229996 	231.490005 
35.200000 	126.026001 	214.000000 	214.229996 	231.490005 
35.300000 	126.026001 	214.000000 	214.229996 	231.490005 
35.400000 	126.026001 	214.000000 	214.229996 	231.490005 
35.500000 	126.045998 	214.000000 	214.220993 	231.643997 
35.600000 	126.045998 	214.000000 	214.220993 	231.643997 
35.700000 	126.045998 	214.000000 	214.220993 	231.643997 
35.800000 	126.045998 	214.000000 	214.220993 	231.643997 
35.900000 	126.045998 	214.000000 	214.220993 	231.643997 
36.000000 	126.045998 	214.000000 	214.220993 	231.643997 
36.100000 	126.045998 	214.000000 	214.220993 	231.643997 
36.200000 	126.045998 	214.000000 	214.220993 	231.643997 
36.300000 	126.045998 	214.000000 	214.220993 	231.643997 
36.400000 	126.045998 	214.000000 	214.220993 	231.643997 
36.500000 	126.065002 	214.000000 	214.212006 	231.800003 
36.600000 	126.065002 	214.000000 	214.212006 	231.800003 
36.700000 	126.065002 	214.000000 	214.212006 	231.800003 
36.800000 	126.065002 	214.000000 	214.212006 	231.800003 
36.900000 	126.065002 	214.000000 	214.212006 	231.800003 
37.000000 	126.065002 	214.000000 	214.212006 	231.800003 
37.100000 	126.065002 	214.000000 	214.212006 	231.800003 
37.200000 	126.065002 	214.000000 	214.212006 	231.800003 
37.300000 	126.065002 	214.000000 	214.212006 	231.800003 
37.400000 	126.065002 	214.000000 	214.212006 	231.800003 
37.500000 	126.084000 	214.000000 	214.203995 	231.959000 
37.600000 	126.084000 	214.000000 	214.203995 	231.959000 
37.700000 	126.084000 	214.000000 	214.203995 	231.959000 
37.800000 	126.084000 	214.000000 	214.203995 	231.959000 
37.900000 	126.084000 	214.000000 	214.203995 	231.959000 
38.000000 	126.084000 	214.000000 	214.203995 	231.959000 
38.100000 	126.084000 	214.000000 	214.203995 	231.959000 
38.200000 	126.084000 	214.000000 	214.203995 	231.959000 
38.300000 	126.084000 	214.000000 	214.203995 	231.959000 
38.400000 	126.084000 	214.000000 	214.203995 	231.959000 
38.500000 	126.101997 	214.000000 	214.195999 	232.121002 
38.600000 	126.101997 	214.000000 	214.195999 	232.121002 
38.700000 	126.101997 	214.000000 	214.195999 	232.121002 
38.800000 	126.101997 	214.000000 	214.195999 	232.121002 
38.900000 	126.101997 	214.000000 	214.195999 	232.121002 
39.000000 	126.101997 	214.000000 	214.195999 	232.121002 
39.100000 	126.101997 	214.000000 	214.195999 	232.121002 
39.200000 	126.101997 	214.000000 	214.195999 	232.121002 
39.300000 	126.101997 	214.000000 	214.195999 	232.121002 
39.400000 	126.101997 	214.000000 	214.195999 	232.121002 
39.500000 	126.121002 	214.000000 	214.188004 	232.285004 
39.600000 	126.121002 	214.000000 	214.188004 	232.285004 
39.700000 	126.121002 	214.000000 	214.188004 	232.285004 
39.800000 	126.121002 	214.000000 	214.188004 	232.285004 
39.900000 	126.121002 	214.000000 	214.188004 	232.285004 
40.000000 	126.121002 	214.000000 	214.188004 	232.285004 
40.100000 	126.121002 	214.000000 	214.188004 	232.285004 
40.200000 	126.121002 	214.000000 	214.188004 	232.285004 
40.300000 	126.121002 	214.000000 	214.188004 	232.285004 
40.400000 	126.121002 	214.000000 	214.188004 	232.285004 
40.500000 	126.138000 	214.000000 	214.179993 	232.451004 
40.600000 	126.138000 	214.000000 	214.179993 	232.451004 
40.700000 	126.138000 	214.000000 	214.179993 	232.451004 
40.800000 	126.138000 	214.000000 	214.179993 	232.451004 
40.900000 	126.138000 	214.000000 	214.179993 	232.451004 
41.000000 	126.138000 	214.000000 	214.179993 	232.451004 
41.100000 	126.138000 	214.000000 	214.179993 	232.451004 
41.200000 	126.138000 	214.000000 	214.179993 	232.451004 
41.300000 	126.138000 	214.000000 	214.179993 	232.451004 
41.400000 	126.138000 	214.000000 	214.179993 	232.451004 
41.500000 	126.155998 	214.000000 	214.171997 	232.619003 
41.600000 	126.155998 	214.000000 	214.171997 	232.619003 
41.700000 	126.155998 	214.000000 	214.171997 	232.619003 
41.800000 	126.155998 	214.000000 	214.171997 	232.619003 
41.900000 	126.155998 	214.000000 	214.171997 	232.619003 
42.000000 	126.155998 	214.000000 	214.171997 	232.619003 
42.100000 	126.155998 	214.000000 	214.171997 	232.619003 
42.200000 	126.155998 	214.000000 	214.171997 	232.619003 
42.300000 	126.155998 	214.000000 	214.171997 	232.619003 
42.400000 	126.155998 	214.000000 	214.171997 	232.619003 
42.500000 	126.172997 	214.000000 	214.164993 	232.789993 
42.600000 	126.172997 	214.000000 	214.164993 	232.789993 
42.700000 	126.172997 	214.000000 	214.164993 	232.789993 
42.800000 	126.172997 	214.000000 	214.164993 	232.789993 
42.900000 	126.172997 	214.000000 	214.164993 	232.789993 
43.000000 	126.172997 	214.000000 	214.164993 	232.789993 
43.100000 	126.172997 	214.000000 	214.164993 	232.789993 
43.200000 	126.172997 	214.000000 	214.164993 	232.789993 
43.300000 	126.172997 	214.000000 	214.164993 	232.789993 
43.400000 	126.172997 	214.000000 	214.164993 	232.789993 
43.500000 	126.190002 	214.000000 	214.158005 	232.962006 
43.600000 	126.190002 	214.000000 	214.158005 	232.962006 
43.700000 	126.190002 	214.000000 	214.158005 	232.962006 
43.800000 	126.190002 	214.000000 	214.158005 	232.962006 
43.900000 	126.190002 	214.000000 	214.158005 	232.962006 
44.000000 	126.190002 	214.000000 	214.158005 	232.962006 
44.100000 	126.190002 	214.000000 	214.158005 	232.962006 
44.200000 	126.190002 	214.000000 	214.158005 	232.962006 
44.300000 	126.190002 	214.000000 	214.158005 	232.962006 
44.400000 	126.190002 	214.000000 	214.158005 	232.962006 
44.500000 	126.207001 	214.000000 	214.149994 	233.136993 
44.600000 	126.207001 	214.000000 	214.149994 	233.136993 
44.700000 	126.207001 	214.000000 	214.149994 	233.136993 
44.800000 	126.207001 	214.000000 	214.149994 	233.136993 
44.900000 	126.207001 	214.000000 	214.149994 	233.136993 
45.000000 	126.207001 	214.000000 	214.149994 	233.136993 
45.100000 	126.207001 	214.000000 	214.149994 	233.136993 
45.200000 	126.207001 	214.000000 	214.149994 	233.136993 
45.300000 	126.207001 	214.000000 	214.149994 	233.136993 
45.400000 	126.207001 	214.000000 	214.149994 	233.136993 
45.500000 	126.223999 	214.000000 	214.143005 	233.313995 
45.600000 	126.223999 	214.000000 	214.143005 	233.313995 
45.700000 	126.223999 	214.000000 	214.143005 	233.313995 
45.800000 	126.223999 	214.000000 	214.143005 	233.313995 
45.900000 	126.223999 	214.000000 	214.143005 	233.313995 
46.000000 	126.223999 	214.000000 	214.143005 	233.313995 
46.100000 	126.223999 	214.000000 	214.143005 	233.313995 
46.200000 	126.223999 	214.000000 	214.143005 	233.313995 
46.300000 	126.223999 	214.000000 	214.143005 	233.313995 
46.400000 	126.223999 	214.000000 	214.143005 	233.313995 
46.500000 	126.240997 	214.000000 	214.134995 	233.492004 
46.600000 	126.240997 	214.000000 	214.134995 	233.492004 
46.700000 	126.240997 	214.000000 	214.134995 	233.492004 
46.800000 	126.240997 	214.000000 	214.134995 	233.492004 
46.900000 	126.240997 	214.000000 	214.134995 	233.492004 
47.000000 	126.240997 	214.000000 	214.134995 	233.492004 
47.100000 	126.240997 	214.000000 	214.134995 	233.492004 
47.200000 	126.240997 	214.000000 	214.134995 	233.492004 
47.300000 	126.240997 	214.000000 	214.134995 	233.492004 
47.400000 	126.240997 	214.000000 	214.134995 	233.492004 
47.500000 	126.258003 	214.000000 	214.128006 	233.671997 
47.600000 	126.258003 	214.000000 	214.128006 	233.671997 
47.700000 	126.258003 	214.000000 	214.128006 	233.671997 
47.800000 	126.258003 	214.000000 	214.128006 	233.671997 
47.900000 	126.258003 	214.000000 	214.128006 	233.671997 
48.000000 	126.258003 	214.000000 	214.128006 	233.671997 
48.100000 	126.258003 	214.000000 	214.128006 	233.671997 
48.200000 	126.258003 	214.000000 	214.128006 	233.671997 
48.300000 	126.258003 	214.000000 	214.128006 	233.671997 
48.400000 	126.258003 	214.000000 	214.128006 	233.671997 
48.500000 	126.275002 	214.000000 	214.119995 	233.854004 
48.600000 	126.275002 	214.000000 	214.119995 	233.854004 
48.700000 	126.275002 	214.000000 	214.119995 	233.854004 
48.800000 	126.275002 	214.000000 	214.119995 	233.854004 
48.900000 	126.275002 	214.000000 	214.119995 	233.854004 
49.000000 	126.275002 	214.000000 	214.119995 	233.854004 
49.100000 	126.275002 	214.000000 	214.119995 	233.854004 
49.200000 	126.275002 	214.000000 	214.119995 	233.854004 
49.300000 	126.275002 	214.000000 	214.119995 	233.854004 
49.400000 	126.275002 	214.000000 	214.119995 	233.854004 
49.500000 	126.291000 	214.000000 	214.112000 	234.037994 
49.600000 	126.291000 	214.000000 	214.112000 	234.037994 
49.700000 	126.291000 	214.000000 	214.112000 	234.037994 
49.800000 	126.291000 	214.000000 	214.112000 	234.037994 
49.900000 	126.291000 	214.000000 	214.112000 	234.037994 
50.000000 	126.291000 	214.000000 	214.112000 	234.037994 
50.100000 	126.291000 	214.000000 	214.112000 	234.037994 
50.200000 	126.291000 	214.000000 	214.112000 	234.037994 
50.300000 	126.291000 	214.000000 	214.112000 	234.037994 
50.400000 	126.291000 	214.000000 	214.112000 	234.037994 
50.500000 	126.307999 	214.000000 	214.104996 	234.223007 
50.600000 	126.307999 	214.000000 	214.104996 	234.223007 
50.700000 	126.307999 	214.000000 	214.104996 	234.223007 
50.800000 	126.307999 	214.000000 	214.104996 	234.223007 
50.900000 	126.307999 	214.000000 	214.104996 	234.223007 
51.000000 	126.307999 	214.000000 	214.104996 	234.223007 
51.100000 	126.307999 	214.000000 	214.104996 	234.223007 
51.200000 	126.307999 	214.000000 	214.104996 	234.223007 
51.300000 	126.307999 	214.000000 	214.104996 	234.223007 
51.400000 	126.307999 	214.000000 	214.104996 	234.223007 
51.500000 	126.324997 	214.000000 	214.097000 	234.410004 
51.600000 	126.324997 	214.000000 	214.097000 	234.410004 
51.700000 	126.324997 	214.000000 	214.097000 	234.410004 
51.800000 	126.324997 	214.000000 	214.097000 	234.410004 
51.900000 	126.324997 	214.000000 	214.097000 	234.410004 
52.000000 	126.324997 	214.000000 	214.097000 	234.410004 
52.100000 	126.324997 	214.000000 	214.097000 	234.410004 
52.200000 	126.324997 	214.000000 	214.097000 	234.410004 
52.300000 	126.324997 	214.000000 	214.097000 	234.410004 
52.400000 	126.324997 	214.000000 	214.097000 	234.410004 
52.500000 	126.342003 	214.000000 	214.087997 	234.598999 
52.600000 	126.342003 	214.000000 	214.087997 	234.598999 
52.700000 	126.342003 	214.000000 	214.087997 	234.598999 
52.800000 	126.342003 	214.000000 	214.087997 	234.598999 
52.900000 	126.342003 	214.000000 	214.087997 	234.598999 
53.000000 	126.342003 	214.000000 	214.087997 	234.598999 
53.100000 	126.342003 	214.000000 	214.087997 	234.598999 
53.200000 	126.342003 	214.000000 	214.087997 	234.598999 
53.300000 	126.342003 	214.000000 	214.087997 	234.598999 
53.400000 	126.342003 	214.000000 	214.087997 	234.598999 
53.500000 	126.358002 	214.000000 	214.080002 	234.789001 
53.600000 	126.358002 	214.000000 	214.080002 	234.789001 
53.700000 	126.358002 	214.000000 	214.080002 	234.789001 
53.800000 	126.358002 	214.000000 	214.080002 	234.789001 
53.900000 	126.358002 	214.000000 	214.080002 	234.789001 
54.000000 	126.358002 	214.000000 	214.080002 	234.789001 
54.100000 	126.358002 	214.000000 	214.080002 	234.789001 
54.200000 	126.358002 	214.000000 	214.080002 	234.789001 
54.300000 	126.358002 	214.000000 	214.080002 	234.789001 
54.400000 	126.358002 	214.000000 	214.080002 	234.789001 
54.500000 	126.375000 	214.000000 	214.072006 	234.979996 
54.600000 	126.375000 	214.000000 	214.072006 	234.979996 
54.700000 	126.375000 	214.000000 	214.072006 	234.979996 
54.800000 	126.375000 	214.000000 	214.072006 	234.979996 
54.900000 	126.375000 	214.000000 	214.072006 	234.979996 
55.000000 	126.375000 	214.000000 	214.072006 	234.979996 
55.100000 	126.375000 	214.000000 	214.072006 	234.979996 
55.200000 	126.375000 	214.000000 	214.072006 	234.979996 
55.300000 	126.375000 	214.000000 	214.072006 	234.979996 
55.400000 	126.375000 	214.000000 	214.072006 	234.979996 
55.500000 	126.391998 	214.000000 	214.063004 	235.171997 
55.600000 	126.391998 	214.000000 	214.063004 	235.171997 
55.700000 	126.391998 	214.000000 	214.063004 	235.171997 
55.800000 	126.391998 	214.000000 	214.063004 	235.171997 
55.900000 	126.391998 	214.000000 	214.063004 	235.171997 
56.000000 	126.391998 	214.000000 	214.063004 	235.171997 
56.100000 	126.391998 	214.000000 	214.063004 	235.171997 
56.200000 	126.391998 	214.000000 	214.063004 	235.171997 
56.300000 	126.391998 	214.000000 	214.063004 	235.171997 
56.400000 	126.391998 	214.000000 	214.063004 	235.171997 
56.500000 	126.408997 	214.000000 	214.054001 	235.365997 
56.600000 	126.408997 	214.000000 	214.054001 	235.365997 
56.700000 	126.408997 	214.000000 	214.054001 	235.365997 
56.800000 	126.408997 	214.000000 	214.054001 	235.365997 
56.900000 	126.408997 	214.000000 	214.054001 	235.365997 
57.000000 	126.408997 	214.000000 	214.054001 	235.365997 
57.100000 	126.408997 	214.000000 	214.054001 	235.365997 
57.200000 	126.408997 	214.000000 	214.054001 	235.365997 
57.300000 	126.408997 	214.000000 	214.054001 	235.365997 
57.400000 	126.408997 	214.000000 	214.054001 	235.365997 
57.500000 	126.427002 	214.000000 	214.044006 	235.561005 
57.600000 	126.427002 	214.000000 	214.044006 	235.561005 
57.700000 	126.427002 	214.000000 	214.044006 	235.561005 
57.800000 	126.427002 	214.000000 	214.044006 	235.561005 
57.900000 	126.427002 	214.000000 	214.044006 	235.561005 
58.000000 	126.427002 	214.000000 	214.044006 	235.561005 
58.100000 	126.427002 	214.000000 	214.044006 	235.561005 
58.200000 	126.427002 	214.000000 	214.044006 	235.561005 
58.300000 	126.427002 	214.000000 	214.044006 	235.561005 
58.400000 	126.427002 	214.000000 	214.044006 	235.561005 
58.500000 	126.444000 	214.000000 	214.035004 	235.757996 
58.600000 	126.444000 	214.000000 	214.035004 	235.757996 
58.700000 	126.444000 	214.000000 	214.035004 	235.757996 
58.800000 	126.444000 	214.000000 	214.035004 	235.757996 
58.900000 	126.444000 	214.000000 	214.035004 	235.757996 
59.000000 	126.444000 	214.000000 	214.035004 	235.757996 
59.100000 	126.444000 	214.000000 	214.035004 	235.757996 
59.200000 	126.444000 	214.000000 	214.035004 	235.757996 
59.300000 	126.444000 	214.000000 	214.035004 	235.757996 
59.400000 	126.444000 	214.000000 	214.035004 	235.757996 
59.500000 	126.460999 	214.000000 	214.024994 	235.955002 
59.600000 	126.460999 	214.000000 	214.024994 	235.955002 
59.700000 	126.460999 	214.000000 	214.024994 	235.955002 
59.800000 	126.460999 	214.000000 	214.024994 	235.955002 
59.900000 	126.460999 	214.000000 	214.024994 	235.955002 
60.000000 	126.460999 	214.000000 	214.024994 	235.955002 
