0.500000 	0.000000 	294.000000 	0.000000 	304.795013 
0.600000 	0.000000 	294.000000 	0.000000 	282.362000 
0.700000 	101.008308 	294.000000 	129.181534 	288.485992 
0.800000 	116.336418 	294.000000 	220.116898 	292.350006 
0.900000 	109.509438 	294.000000 	255.704208 	294.907013 
1.000000 	104.736771 	294.000000 	272.005432 	296.674988 
1.100000 	104.736771 	294.000000 	272.005432 	296.674988 
1.200000 	104.736771 	294.000000 	272.005432 	296.674988 
1.300000 	104.736771 	294.000000 	272.005432 	296.674988 
1.400000 	104.736771 	294.000000 	272.005432 	296.674988 
1.500000 	104.736771 	294.000000 	272.005432 	296.674988 
1.600000 	104.736771 	294.000000 	272.005432 	296.674988 
1.700000 	104.736771 	294.000000 	272.005432 	296.674988 
1.800000 	104.736771 	294.000000 	272.005432 	296.674988 
1.900000 	104.736771 	294.000000 	272.005432 	296.674988 
2.000000 	101.617020 	294.000000 	280.562164 	301.794006 
2.100000 	101.617020 	294.000000 	280.562164 	301.794006 
2.200000 	101.617020 	294.000000 	280.562164 	301.794006 
2.300000 	101.617020 	294.000000 	280.562164 	301.794006 
2.400000 	101.617020 	294.000000 	280.562164 	301.794006 
2.500000 	101.617020 	294.000000 	280.562164 	301.794006 
2.600000 	101.617020 	294.000000 	280.562164 	301.794006 
2.700000 	101.617020 	294.000000 	280.562164 	301.794006 
2.800000 	101.617020 	294.000000 	280.562164 	301.794006 
2.900000 	101.617020 	294.000000 	280.562164 	301.794006 
3.000000 	105.432793 	294.000000 	291.003632 	302.674988 
3.100000 	105.432793 	294.000000 	291.003632 	302.674988 
3.200000 	105.432793 	294.000000 	291.003632 	302.674988 
3.300000 	105.432793 	294.000000 	291.003632 	302.674988 
3.400000 	105.432793 	294.000000 	291.003632 	302.674988 
3.500000 	105.432793 	294.000000 	291.003632 	302.674988 
3.600000 	105.432793 	294.000000 	291.003632 	302.674988 
3.700000 	105.432793 	294.000000 	291.003632 	302.674988 
3.800000 	105.432793 	294.000000 	291.003632 	302.674988 
3.900000 	105.432793 	294.000000 	291.003632 	302.674988 
4.000000 	114.148033 	294.000000 	288.620331 	303.001007 
4.100000 	114.148033 	294.000000 	288.620331 	303.001007 
4.200000 	114.148033 	294.000000 	288.620331 	303.001007 
4.300000 	114.148033 	294.000000 	288.620331 	303.001007 
4.400000 	114.148033 	294.000000 	288.620331 	303.001007 
4.500000 	114.148033 	294.000000 	288.620331 	303.001007 
4.600000 	114.148033 	294.000000 	288.620331 	303.001007 
4.700000 	114.148033 	294.000000 	288.620331 	303.001007 
4.800000 	114.148033 	294.000000 	288.620331 	303.001007 
4.900000 	114.148033 	294.000000 	288.620331 	303.001007 
5.000000 	118.616348 	294.000000 	287.207092 	303.171997 
5.100000 	118.616348 	294.000000 	287.207092 	303.171997 
5.200000 	118.616348 	294.000000 	287.207092 	303.171997 
5.300000 	118.616348 	294.000000 	287.207092 	303.171997 
5.400000 	118.616348 	294.000000 	287.207092 	303.171997 
5.500000 	118.616348 	294.000000 	287.207092 	303.171997 
5.600000 	118.616348 	294.000000 	287.207092 	303.171997 
5.700000 	118.616348 	294.000000 	287.207092 	303.171997 
5.800000 	118.616348 	294.000000 	287.207092 	303.171997 
5.900000 	118.616348 	294.000000 	287.207092 	303.171997 
6.000000 	120.972580 	294.000000 	286.479095 	303.282990 
6.100000 	120.972580 	294.000000 	286.479095 	303.282990 
6.200000 	120.972580 	294.000000 	286.479095 	303.282990 
6.300000 	120.972580 	294.000000 	286.479095 	303.282990 
6.400000 	120.972580 	294.000000 	286.479095 	303.282990 
6.500000 	120.972580 	294.000000 	286.479095 	303.282990 
6.600000 	120.972580 	294.000000 	286.479095 	303.282990 
6.700000 	120.972580 	294.000000 	286.479095 	303.282990 
6.800000 	120.972580 	294.000000 	286.479095 	303.282990 
6.900000 	120.972580 	294.000000 	286.479095 	303.282990 
7.000000 	122.319817 	294.000000 	286.093933 	303.364990 
7.100000 	122.319817 	294.000000 	286.093933 	303.364990 
7.200000 	122.319817 	294.000000 	286.093933 	303.364990 
7.300000 	122.319817 	294.000000 	286.093933 	303.364990 
7.400000 	122.319817 	294.000000 	286.093933 	303.364990 
7.500000 	122.319817 	294.000000 	286.093933 	303.364990 
7.600000 	122.319817 	294.000000 	286.093933 	303.364990 
7.700000 	122.319817 	294.000000 	286.093933 	303.364990 
7.800000 	122.319817 	294.000000 	286.093933 	303.364990 
7.900000 	122.319817 	294.000000 	286.093933 	303.364990 
8.000000 	123.146896 	294.000000 	285.883270 	303.433014 
8.100000 	123.146896 	294.000000 	285.883270 	303.433014 
8.200000 	123.146896 	294.000000 	285.883270 	303.433014 
8.300000 	123.146896 	294.000000 	285.883270 	303.433014 
8.400000 	123.146896 	294.000000 	285.883270 	303.433014 
8.500000 	123.146896 	294.000000 	285.883270 	303.433014 
8.600000 	123.146896 	294.000000 	285.883270 	303.433014 
8.700000 	123.146896 	294.000000 	285.883270 	303.433014 
8.800000 	123.146896 	294.000000 	285.883270 	303.433014 
8.900000 	123.146896 	294.000000 	285.883270 	303.433014 
9.000000 	123.684479 	294.000000 	285.766022 	303.493011 
9.100000 	123.684479 	294.000000 	285.766022 	303.493011 
9.200000 	123.684479 	294.000000 	285.766022 	303.493011 
9.300000 	123.684479 	294.000000 	285.766022 	303.493011 
9.400000 	123.684479 	294.000000 	285.766022 	303.493011 
9.500000 	123.684479 	294.000000 	285.766022 	303.493011 
9.600000 	123.684479 	294.000000 	285.766022 	303.493011 
9.700000 	123.684479 	294.000000 	285.766022 	303.493011 
9.800000 	123.684479 	294.000000 	285.766022 	303.493011 
9.900000 	123.684479 	294.000000 	285.766022 	303.493011 
10.000000 	124.050140 	294.000000 	285.701141 	303.549011 
10.100000 	124.050140 	294.000000 	285.701141 	303.549011 
10.200000 	124.050140 	294.000000 	285.701141 	303.549011 
10.300000 	124.050140 	294.000000 	285.701141 	303.549011 
10.400000 	124.050140 	294.000000 	285.701141 	303.549011 
10.500000 	124.050140 	294.000000 	285.701141 	303.549011 
10.600000 	124.050140 	294.000000 	285.701141 	303.549011 
10.700000 	124.050140 	294.000000 	285.701141 	303.549011 
10.800000 	124.050140 	294.000000 	285.701141 	303.549011 
10.900000 	124.050140 	294.000000 	285.701141 	303.549011 
11.000000 	124.308037 	294.000000 	285.666779 	303.601990 
11.100000 	124.308037 	294.000000 	285.666779 	303.601990 
11.200000 	124.308037 	294.000000 	285.666779 	303.601990 
11.300000 	124.308037 	294.000000 	285.666779 	303.601990 
11.400000 	124.308037 	294.000000 	285.666779 	303.601990 
11.500000 	124.308037 	294.000000 	285.666779 	303.601990 
11.600000 	124.308037 	294.000000 	285.666779 	303.601990 
11.700000 	124.308037 	294.000000 	285.666779 	303.601990 
11.800000 	124.308037 	294.000000 	285.666779 	303.601990 
11.900000 	124.308037 	294.000000 	285.666779 	303.601990 
12.000000 	124.495247 	294.000000 	285.650726 	303.653015 
12.100000 	124.495247 	294.000000 	285.650726 	303.653015 
12.200000 	124.495247 	294.000000 	285.650726 	303.653015 
12.300000 	124.495247 	294.000000 	285.650726 	303.653015 
12.400000 	124.495247 	294.000000 	285.650726 	303.653015 
12.500000 	124.495247 	294.000000 	285.650726 	303.653015 
12.600000 	124.495247 	294.000000 	285.650726 	303.653015 
12.700000 	124.495247 	294.000000 	285.650726 	303.653015 
12.800000 	124.495247 	294.000000 	285.650726 	303.653015 
12.900000 	124.495247 	294.000000 	285.650726 	303.653015 
13.000000 	124.634209 	294.000000 	285.645905 	303.704010 
13.100000 	124.634209 	294.000000 	285.645905 	303.704010 
13.200000 	124.634209 	294.000000 	285.645905 	303.704010 
13.300000 	124.634209 	294.000000 	285.645905 	303.704010 
13.400000 	124.634209 	294.000000 	285.645905 	303.704010 
13.500000 	124.634209 	294.000000 	285.645905 	303.704010 
13.600000 	124.634209 	294.000000 	285.645905 	303.704010 
13.700000 	124.634209 	294.000000 	285.645905 	303.704010 
13.800000 	124.634209 	294.000000 	285.645905 	303.704010 
13.900000 	124.634209 	294.000000 	285.645905 	303.704010 
14.000000 	124.739059 	294.000000 	285.648010 	303.753998 
14.100000 	124.739059 	294.000000 	285.648010 	303.753998 
14.200000 	124.739059 	294.000000 	285.648010 	303.753998 
14.300000 	124.739059 	294.000000 	285.648010 	303.753998 
14.400000 	124.739059 	294.000000 	285.648010 	303.753998 
14.500000 	124.739059 	294.000000 	285.648010 	303.753998 
14.600000 	124.739059 	294.000000 	285.648010 	303.753998 
14.700000 	124.739059 	294.000000 	285.648010 	303.753998 
14.800000 	124.739059 	294.000000 	285.648010 	303.753998 
14.900000 	124.739059 	294.000000 	285.648010 	303.753998 
15.000000 	124.818962 	294.000000 	285.654358 	303.803009 
15.100000 	124.818962 	294.000000 	285.654358 	303.803009 
15.200000 	124.818962 	294.000000 	285.654358 	303.803009 
15.300000 	124.818962 	294.000000 	285.654358 	303.803009 
15.400000 	124.818962 	294.000000 	285.654358 	303.803009 
15.500000 	124.818962 	294.000000 	285.654358 	303.803009 
15.600000 	124.818962 	294.000000 	285.654358 	303.803009 
15.700000 	124.818962 	294.000000 	285.654358 	303.803009 
15.800000 	124.818962 	294.000000 	285.654358 	303.803009 
15.900000 	124.818962 	294.000000 	285.654358 	303.803009 
16.000000 	124.879997 	294.000000 	285.663361 	303.852997 
16.100000 	124.879997 	294.000000 	285.663361 	303.852997 
16.200000 	124.879997 	294.000000 	285.663361 	303.852997 
16.300000 	124.879997 	294.000000 	285.663361 	303.852997 
16.400000 	124.879997 	294.000000 	285.663361 	303.852997 
16.500000 	124.879997 	294.000000 	285.663361 	303.852997 
16.600000 	124.879997 	294.000000 	285.663361 	303.852997 
16.700000 	124.879997 	294.000000 	285.663361 	303.852997 
16.800000 	124.879997 	294.000000 	285.663361 	303.852997 
16.900000 	124.879997 	294.000000 	285.663361 	303.852997 
17.000000 	124.926308 	294.000000 	285.673859 	303.902008 
17.100000 	124.926308 	294.000000 	285.673859 	303.902008 
17.200000 	124.926308 	294.000000 	285.673859 	303.902008 
17.300000 	124.926308 	294.000000 	285.673859 	303.902008 
17.400000 	124.926308 	294.000000 	285.673859 	303.902008 
17.500000 	124.926308 	294.000000 	285.673859 	303.902008 
17.600000 	124.926308 	294.000000 	285.673859 	303.902008 
17.700000 	124.926308 	294.000000 	285.673859 	303.902008 
17.800000 	124.926308 	294.000000 	285.673859 	303.902008 
17.900000 	124.926308 	294.000000 	285.673859 	303.902008 
18.000000 	124.960686 	294.000000 	285.685211 	303.950989 
18.100000 	124.960686 	294.000000 	285.685211 	303.950989 
18.200000 	124.960686 	294.000000 	285.685211 	303.950989 
18.300000 	124.960686 	294.000000 	285.685211 	303.950989 
18.400000 	124.960686 	294.000000 	285.685211 	303.950989 
18.500000 	124.960686 	294.000000 	285.685211 	303.950989 
18.600000 	124.960686 	294.000000 	285.685211 	303.950989 
18.700000 	124.960686 	294.000000 	285.685211 	303.950989 
18.800000 	124.960686 	294.000000 	285.685211 	303.950989 
18.900000 	124.960686 	294.000000 	285.685211 	303.950989 
19.000000 	124.985062 	294.000000 	285.696930 	304.001007 
19.100000 	124.985062 	294.000000 	285.696930 	304.001007 
19.200000 	124.985062 	294.000000 	285.696930 	304.001007 
19.300000 	124.985062 	294.000000 	285.696930 	304.001007 
19.400000 	124.985062 	294.000000 	285.696930 	304.001007 
19.500000 	124.985062 	294.000000 	285.696930 	304.001007 
19.600000 	124.985062 	294.000000 	285.696930 	304.001007 
19.700000 	124.985062 	294.000000 	285.696930 	304.001007 
19.800000 	124.985062 	294.000000 	285.696930 	304.001007 
19.900000 	124.985062 	294.000000 	285.696930 	304.001007 
20.000000 	125.000748 	294.000000 	285.708740 	304.049988 
20.100000 	125.000748 	294.000000 	285.708740 	304.049988 
20.200000 	125.000748 	294.000000 	285.708740 	304.049988 
20.300000 	125.000748 	294.000000 	285.708740 	304.049988 
20.400000 	125.000748 	294.000000 	285.708740 	304.049988 
20.500000 	125.000748 	294.000000 	285.708740 	304.049988 
20.600000 	125.000748 	294.000000 	285.708740 	304.049988 
20.700000 	125.000748 	294.000000 	285.708740 	304.049988 
20.800000 	125.000748 	294.000000 	285.708740 	304.049988 
20.900000 	125.000748 	294.000000 	285.708740 	304.049988 
21.000000 	125.008575 	294.000000 	285.720398 	304.097992 
21.100000 	125.008575 	294.000000 	285.720398 	304.097992 
21.200000 	125.008575 	294.000000 	285.720398 	304.097992 
21.300000 	125.008575 	294.000000 	285.720398 	304.097992 
21.400000 	125.008575 	294.000000 	285.720398 	304.097992 
21.500000 	125.008575 	294.000000 	285.720398 	304.097992 
21.600000 	125.008575 	294.000000 	285.720398 	304.097992 
21.700000 	125.008575 	294.000000 	285.720398 	304.097992 
21.800000 	125.008575 	294.000000 	285.720398 	304.097992 
21.900000 	125.008575 	294.000000 	285.720398 	304.097992 
22.000000 	125.009079 	294.000000 	285.731842 	304.147003 
22.100000 	125.009079 	294.000000 	285.731842 	304.147003 
22.200000 	125.009079 	294.000000 	285.731842 	304.147003 
22.300000 	125.009079 	294.000000 	285.731842 	304.147003 
22.400000 	125.009079 	294.000000 	285.731842 	304.147003 
22.500000 	125.009079 	294.000000 	285.731842 	304.147003 
22.600000 	125.009079 	294.000000 	285.731842 	304.147003 
22.700000 	125.009079 	294.000000 	285.731842 	304.147003 
22.800000 	125.009079 	294.000000 	285.731842 	304.147003 
22.900000 	125.009079 	294.000000 	285.731842 	304.147003 
23.000000 	125.002518 	294.000000 	285.742950 	304.196014 
23.100000 	125.002518 	294.000000 	285.742950 	304.196014 
23.200000 	125.002518 	294.000000 	285.742950 	304.196014 
23.300000 	125.002518 	294.000000 	285.742950 	304.196014 
23.400000 	125.002518 	294.000000 	285.742950 	304.196014 
23.500000 	125.002518 	294.000000 	285.742950 	304.196014 
23.600000 	125.002518 	294.000000 	285.742950 	304.196014 
23.700000 	125.002518 	294.000000 	285.742950 	304.196014 
23.800000 	125.002518 	294.000000 	285.742950 	304.196014 
23.900000 	125.002518 	294.000000 	285.742950 	304.196014 
24.000000 	124.988960 	294.000000 	285.753662 	304.243988 
24.100000 	124.988960 	294.000000 	285.753662 	304.243988 
24.200000 	124.988960 	294.000000 	285.753662 	304.243988 
24.300000 	124.988960 	294.000000 	285.753662 	304.243988 
24.400000 	124.988960 	294.000000 	285.753662 	304.243988 
24.500000 	124.988960 	294.000000 	285.753662 	304.243988 
24.600000 	124.988960 	294.000000 	285.753662 	304.243988 
24.700000 	124.988960 	294.000000 	285.753662 	304.243988 
24.800000 	124.988960 	294.000000 	285.753662 	304.243988 
24.900000 	124.988960 	294.000000 	285.753662 	304.243988 
25.000000 	124.968323 	294.000000 	285.764008 	304.291992 
25.100000 	124.968323 	294.000000 	285.764008 	304.291992 
25.200000 	124.968323 	294.000000 	285.764008 	304.291992 
25.300000 	124.968323 	294.000000 	285.764008 	304.291992 
25.400000 	124.968323 	294.000000 	285.764008 	304.291992 
25.500000 	124.968323 	294.000000 	285.764008 	304.291992 
25.600000 	124.968323 	294.000000 	285.764008 	304.291992 
25.700000 	124.968323 	294.000000 	285.764008 	304.291992 
25.800000 	124.968323 	294.000000 	285.764008 	304.291992 
25.900000 	124.968323 	294.000000 	285.764008 	304.291992 
26.000000 	124.940369 	294.000000 	285.773926 	304.338989 
26.100000 	124.940369 	294.000000 	285.773926 	304.338989 
26.200000 	124.940369 	294.000000 	285.773926 	304.338989 
26.300000 	124.940369 	294.000000 	285.773926 	304.338989 
26.400000 	124.940369 	294.000000 	285.773926 	304.338989 
26.500000 	124.940369 	294.000000 	285.773926 	304.338989 
26.600000 	124.940369 	294.000000 	285.773926 	304.338989 
26.700000 	124.940369 	294.000000 	285.773926 	304.338989 
26.800000 	124.940369 	294.000000 	285.773926 	304.338989 
26.900000 	124.940369 	294.000000 	285.773926 	304.338989 
27.000000 	124.904778 	294.000000 	285.783417 	304.386993 
27.100000 	124.904778 	294.000000 	285.783417 	304.386993 
27.200000 	124.904778 	294.000000 	285.783417 	304.386993 
27.300000 	124.904778 	294.000000 	285.783417 	304.386993 
27.400000 	124.904778 	294.000000 	285.783417 	304.386993 
27.500000 	124.904778 	294.000000 	285.783417 	304.386993 
27.600000 	124.904778 	294.000000 	285.783417 	304.386993 
27.700000 	124.904778 	294.000000 	285.783417 	304.386993 
27.800000 	124.904778 	294.000000 	285.783417 	304.386993 
27.900000 	124.904778 	294.000000 	285.783417 	304.386993 
28.000000 	124.861092 	294.000000 	285.792542 	304.433014 
28.100000 	124.861092 	294.000000 	285.792542 	304.433014 
28.200000 	124.861092 	294.000000 	285.792542 	304.433014 
28.300000 	124.861092 	294.000000 	285.792542 	304.433014 
28.400000 	124.861092 	294.000000 	285.792542 	304.433014 
28.500000 	124.861092 	294.000000 	285.792542 	304.433014 
28.600000 	124.861092 	294.000000 	285.792542 	304.433014 
28.700000 	124.861092 	294.000000 	285.792542 	304.433014 
28.800000 	124.861092 	294.000000 	285.792542 	304.433014 
28.900000 	124.861092 	294.000000 	285.792542 	304.433014 
29.000000 	124.808777 	294.000000 	285.801239 	304.480011 
29.100000 	124.808777 	294.000000 	285.801239 	304.480011 
29.200000 	124.808777 	294.000000 	285.801239 	304.480011 
29.300000 	124.808777 	294.000000 	285.801239 	304.480011 
29.400000 	124.808777 	294.000000 	285.801239 	304.480011 
29.500000 	124.808777 	294.000000 	285.801239 	304.480011 
29.600000 	124.808777 	294.000000 	285.801239 	304.480011 
29.700000 	124.808777 	294.000000 	285.801239 	304.480011 
29.800000 	124.808777 	294.000000 	285.801239 	304.480011 
29.900000 	124.808777 	294.000000 	285.801239 	304.480011 
30.000000 	124.747200 	294.000000 	285.809570 	304.524994 
30.100000 	124.747200 	294.000000 	285.809570 	304.524994 
30.200000 	124.747200 	294.000000 	285.809570 	304.524994 
30.300000 	124.747200 	294.000000 	285.809570 	304.524994 
30.400000 	124.747200 	294.000000 	285.809570 	304.524994 
30.500000 	124.747200 	294.000000 	285.809570 	304.524994 
30.600000 	124.747200 	294.000000 	285.809570 	304.524994 
30.700000 	124.747200 	294.000000 	285.809570 	304.524994 
30.800000 	124.747200 	294.000000 	285.809570 	304.524994 
30.900000 	124.747200 	294.000000 	285.809570 	304.524994 
31.000000 	124.675652 	294.000000 	285.817535 	304.571014 
31.100000 	124.675652 	294.000000 	285.817535 	304.571014 
31.200000 	124.675652 	294.000000 	285.817535 	304.571014 
31.300000 	124.675652 	294.000000 	285.817535 	304.571014 
31.400000 	124.675652 	294.000000 	285.817535 	304.571014 
31.500000 	124.675652 	294.000000 	285.817535 	304.571014 
31.600000 	124.675652 	294.000000 	285.817535 	304.571014 
31.700000 	124.675652 	294.000000 	285.817535 	304.571014 
31.800000 	124.675652 	294.000000 	285.817535 	304.571014 
31.900000 	124.675652 	294.000000 	285.817535 	304.571014 
32.000000 	124.593315 	294.000000 	285.825165 	304.614990 
32.100000 	124.593315 	294.000000 	285.825165 	304.614990 
32.200000 	124.593315 	294.000000 	285.825165 	304.614990 
32.300000 	124.593315 	294.000000 	285.825165 	304.614990 
32.400000 	124.593315 	294.000000 	285.825165 	304.614990 
32.500000 	124.593315 	294.000000 	285.825165 	304.614990 
32.600000 	124.593315 	294.000000 	285.825165 	304.614990 
32.700000 	124.593315 	294.000000 	285.825165 	304.614990 
32.800000 	124.593315 	294.000000 	285.825165 	304.614990 
32.900000 	124.593315 	294.000000 	285.825165 	304.614990 
33.000000 	124.499283 	294.000000 	285.832428 	304.658997 
33.100000 	124.499283 	294.000000 	285.832428 	304.658997 
33.200000 	124.499283 	294.000000 	285.832428 	304.658997 
33.300000 	124.499283 	294.000000 	285.832428 	304.658997 
33.400000 	124.499283 	294.000000 	285.832428 	304.658997 
33.500000 	124.499283 	294.000000 	285.832428 	304.658997 
33.600000 	124.499283 	294.000000 	285.832428 	304.658997 
33.700000 	124.499283 	294.000000 	285.832428 	304.658997 
33.800000 	124.499283 	294.000000 	285.832428 	304.658997 
33.900000 	124.499283 	294.000000 	285.832428 	304.658997 
34.000000 	124.392548 	294.000000 	285.839417 	304.701996 
34.100000 	124.392548 	294.000000 	285.839417 	304.701996 
34.200000 	124.392548 	294.000000 	285.839417 	304.701996 
34.300000 	124.392548 	294.000000 	285.839417 	304.701996 
34.400000 	124.392548 	294.000000 	285.839417 	304.701996 
34.500000 	124.392548 	294.000000 	285.839417 	304.701996 
34.600000 	124.392548 	294.000000 	285.839417 	304.701996 
34.700000 	124.392548 	294.000000 	285.839417 	304.701996 
34.800000 	124.392548 	294.000000 	285.839417 	304.701996 
34.900000 	124.392548 	294.000000 	285.839417 	304.701996 
35.000000 	124.272011 	294.000000 	285.846069 	304.744995 
35.100000 	124.272011 	294.000000 	285.846069 	304.744995 
35.200000 	124.272011 	294.000000 	285.846069 	304.744995 
35.300000 	124.272011 	294.000000 	285.846069 	304.744995 
35.400000 	124.272011 	294.000000 	285.846069 	304.744995 
35.500000 	124.272011 	294.000000 	285.846069 	304.744995 
35.600000 	124.272011 	294.000000 	285.846069 	304.744995 
35.700000 	124.272011 	294.000000 	285.846069 	304.744995 
35.800000 	124.272011 	294.000000 	285.846069 	304.744995 
35.900000 	124.272011 	294.000000 	285.846069 	304.744995 
36.000000 	124.136436 	294.000000 	285.852448 	304.786011 
36.100000 	124.136436 	294.000000 	285.852448 	304.786011 
36.200000 	124.136436 	294.000000 	285.852448 	304.786011 
36.300000 	124.136436 	294.000000 	285.852448 	304.786011 
36.400000 	124.136436 	294.000000 	285.852448 	304.786011 
36.500000 	124.136436 	294.000000 	285.852448 	304.786011 
36.600000 	124.136436 	294.000000 	285.852448 	304.786011 
36.700000 	124.136436 	294.000000 	285.852448 	304.786011 
36.800000 	124.136436 	294.000000 	285.852448 	304.786011 
36.900000 	124.136436 	294.000000 	285.852448 	304.786011 
37.000000 	123.984482 	294.000000 	285.858551 	304.834991 
37.100000 	123.984482 	294.000000 	285.858551 	304.834991 
37.200000 	123.984482 	294.000000 	285.858551 	304.834991 
37.300000 	123.984482 	294.000000 	285.858551 	304.834991 
37.400000 	123.984482 	294.000000 	285.858551 	304.834991 
37.500000 	123.984482 	294.000000 	285.858551 	304.834991 
37.600000 	123.984482 	294.000000 	285.858551 	304.834991 
37.700000 	123.984482 	294.000000 	285.858551 	304.834991 
37.800000 	123.984482 	294.000000 	285.858551 	304.834991 
37.900000 	123.984482 	294.000000 	285.858551 	304.834991 
38.000000 	123.814651 	294.000000 	285.864380 	304.875000 
38.100000 	123.814651 	294.000000 	285.864380 	304.875000 
38.200000 	123.814651 	294.000000 	285.864380 	304.875000 
38.300000 	123.814651 	294.000000 	285.864380 	304.875000 
38.400000 	123.814651 	294.000000 	285.864380 	304.875000 
38.500000 	123.814651 	294.000000 	285.864380 	304.875000 
38.600000 	123.814651 	294.000000 	285.864380 	304.875000 
38.700000 	123.814651 	294.000000 	285.864380 	304.875000 
38.800000 	123.814651 	294.000000 	285.864380 	304.875000 
38.900000 	123.814651 	294.000000 	285.864380 	304.875000 
39.000000 	123.625313 	294.000000 	285.869995 	304.915009 
39.100000 	123.625313 	294.000000 	285.869995 	304.915009 
39.200000 	123.625313 	294.000000 	285.869995 	304.915009 
39.300000 	123.625313 	294.000000 	285.869995 	304.915009 
39.400000 	123.625313 	294.000000 	285.869995 	304.915009 
39.500000 	123.625313 	294.000000 	285.869995 	304.915009 
39.600000 	123.625313 	294.000000 	285.869995 	304.915009 
39.700000 	123.625313 	294.000000 	285.869995 	304.915009 
39.800000 	123.625313 	294.000000 	285.869995 	304.915009 
39.900000 	123.625313 	294.000000 	285.869995 	304.915009 
40.000000 	123.414642 	294.000000 	285.875366 	304.953003 
40.100000 	123.414642 	294.000000 	285.875366 	304.953003 
40.200000 	123.414642 	294.000000 	285.875366 	304.953003 
40.300000 	123.414642 	294.000000 	285.875366 	304.953003 
40.400000 	123.414642 	294.000000 	285.875366 	304.953003 
40.500000 	123.414642 	294.000000 	285.875366 	304.953003 
40.600000 	123.414642 	294.000000 	285.875366 	304.953003 
40.700000 	123.414642 	294.000000 	285.875366 	304.953003 
40.800000 	123.414642 	294.000000 	285.875366 	304.953003 
40.900000 	123.414642 	294.000000 	285.875366 	304.953003 
41.000000 	123.180634 	294.000000 	285.880493 	304.989990 
41.100000 	123.180634 	294.000000 	285.880493 	304.989990 
41.200000 	123.180634 	294.000000 	285.880493 	304.989990 
41.300000 	123.180634 	294.000000 	285.880493 	304.989990 
41.400000 	123.180634 	294.000000 	285.880493 	304.989990 
41.500000 	123.180634 	294.000000 	285.880493 	304.989990 
41.600000 	123.180634 	294.000000 	285.880493 	304.989990 
41.700000 	123.180634 	294.000000 	285.880493 	304.989990 
41.800000 	123.180634 	294.000000 	285.880493 	304.989990 
41.900000 	123.180634 	294.000000 	285.880493 	304.989990 
42.000000 	122.921051 	294.000000 	285.885437 	305.027008 
42.100000 	122.921051 	294.000000 	285.885437 	305.027008 
42.200000 	122.921051 	294.000000 	285.885437 	305.027008 
42.300000 	122.921051 	294.000000 	285.885437 	305.027008 
42.400000 	122.921051 	294.000000 	285.885437 	305.027008 
42.500000 	122.921051 	294.000000 	285.885437 	305.027008 
42.600000 	122.921051 	294.000000 	285.885437 	305.027008 
42.700000 	122.921051 	294.000000 	285.885437 	305.027008 
42.800000 	122.921051 	294.000000 	285.885437 	305.027008 
42.900000 	122.921051 	294.000000 	285.885437 	305.027008 
43.000000 	122.633385 	294.000000 	285.890167 	305.062012 
43.100000 	122.633385 	294.000000 	285.890167 	305.062012 
43.200000 	122.633385 	294.000000 	285.890167 	305.062012 
43.300000 	122.633385 	294.000000 	285.890167 	305.062012 
43.400000 	122.633385 	294.000000 	285.890167 	305.062012 
43.500000 	122.633385 	294.000000 	285.890167 	305.062012 
43.600000 	122.633385 	294.000000 	285.890167 	305.062012 
43.700000 	122.633385 	294.000000 	285.890167 	305.062012 
43.800000 	122.633385 	294.000000 	285.890167 	305.062012 
43.900000 	122.633385 	294.000000 	285.890167 	305.062012 
44.000000 	122.314819 	294.000000 	285.894714 	305.096008 
44.100000 	122.314819 	294.000000 	285.894714 	305.096008 
44.200000 	122.314819 	294.000000 	285.894714 	305.096008 
44.300000 	122.314819 	294.000000 	285.894714 	305.096008 
44.400000 	122.314819 	294.000000 	285.894714 	305.096008 
44.500000 	122.314819 	294.000000 	285.894714 	305.096008 
44.600000 	122.314819 	294.000000 	285.894714 	305.096008 
44.700000 	122.314819 	294.000000 	285.894714 	305.096008 
44.800000 	122.314819 	294.000000 	285.894714 	305.096008 
44.900000 	122.314819 	294.000000 	285.894714 	305.096008 
45.000000 	121.962044 	294.000000 	285.899139 	305.128998 
45.100000 	121.962044 	294.000000 	285.899139 	305.128998 
45.200000 	121.962044 	294.000000 	285.899139 	305.128998 
45.300000 	121.962044 	294.000000 	285.899139 	305.128998 
45.400000 	121.962044 	294.000000 	285.899139 	305.128998 
45.500000 	121.962044 	294.000000 	285.899139 	305.128998 
45.600000 	121.962044 	294.000000 	285.899139 	305.128998 
45.700000 	121.962044 	294.000000 	285.899139 	305.128998 
45.800000 	121.962044 	294.000000 	285.899139 	305.128998 
45.900000 	121.962044 	294.000000 	285.899139 	305.128998 
46.000000 	121.570274 	294.000000 	285.903534 	305.160004 
46.100000 	121.570274 	294.000000 	285.903534 	305.160004 
46.200000 	121.570274 	294.000000 	285.903534 	305.160004 
46.300000 	121.570274 	294.000000 	285.903534 	305.160004 
46.400000 	121.570274 	294.000000 	285.903534 	305.160004 
46.500000 	121.570274 	294.000000 	285.903534 	305.160004 
46.600000 	121.570274 	294.000000 	285.903534 	305.160004 
46.700000 	121.570274 	294.000000 	285.903534 	305.160004 
46.800000 	121.570274 	294.000000 	285.903534 	305.160004 
46.900000 	121.570274 	294.000000 	285.903534 	305.160004 
47.000000 	121.140892 	294.000000 	285.907379 	305.191010 
47.100000 	121.140892 	294.000000 	285.907379 	305.191010 
47.200000 	121.140892 	294.000000 	285.907379 	305.191010 
47.300000 	121.140892 	294.000000 	285.907379 	305.191010 
47.400000 	121.140892 	294.000000 	285.907379 	305.191010 
47.500000 	121.140892 	294.000000 	285.907379 	305.191010 
47.600000 	121.140892 	294.000000 	285.907379 	305.191010 
47.700000 	121.140892 	294.000000 	285.907379 	305.191010 
47.800000 	121.140892 	294.000000 	285.907379 	305.191010 
47.900000 	121.140892 	294.000000 	285.907379 	305.191010 
48.000000 	120.666107 	294.000000 	285.911041 	305.220001 
48.100000 	120.666107 	294.000000 	285.911041 	305.220001 
48.200000 	120.666107 	294.000000 	285.911041 	305.220001 
48.300000 	120.666107 	294.000000 	285.911041 	305.220001 
48.400000 	120.666107 	294.000000 	285.911041 	305.220001 
48.500000 	120.666107 	294.000000 	285.911041 	305.220001 
48.600000 	120.666107 	294.000000 	285.911041 	305.220001 
48.700000 	120.666107 	294.000000 	285.911041 	305.220001 
48.800000 	120.666107 	294.000000 	285.911041 	305.220001 
48.900000 	120.666107 	294.000000 	285.911041 	305.220001 
49.000000 	120.140984 	294.000000 	285.914490 	305.247009 
49.100000 	120.140984 	294.000000 	285.914490 	305.247009 
49.200000 	120.140984 	294.000000 	285.914490 	305.247009 
49.300000 	120.140984 	294.000000 	285.914490 	305.247009 
49.400000 	120.140984 	294.000000 	285.914490 	305.247009 
49.500000 	120.140984 	294.000000 	285.914490 	305.247009 
49.600000 	120.140984 	294.000000 	285.914490 	305.247009 
49.700000 	120.140984 	294.000000 	285.914490 	305.247009 
49.800000 	120.140984 	294.000000 	285.914490 	305.247009 
49.900000 	120.140984 	294.000000 	285.914490 	305.247009 
50.000000 	119.559517 	294.000000 	285.917816 	305.273010 
50.100000 	119.559517 	294.000000 	285.917816 	305.273010 
50.200000 	119.559517 	294.000000 	285.917816 	305.273010 
50.300000 	119.559517 	294.000000 	285.917816 	305.273010 
50.400000 	119.559517 	294.000000 	285.917816 	305.273010 
50.500000 	119.559517 	294.000000 	285.917816 	305.273010 
50.600000 	119.559517 	294.000000 	285.917816 	305.273010 
50.700000 	119.559517 	294.000000 	285.917816 	305.273010 
50.800000 	119.559517 	294.000000 	285.917816 	305.273010 
50.900000 	119.559517 	294.000000 	285.917816 	305.273010 
51.000000 	118.915169 	294.000000 	285.921021 	1003.359985 
51.100000 	118.915169 	294.000000 	285.921021 	1003.359985 
51.200000 	118.915169 	294.000000 	285.921021 	1003.359985 
51.300000 	118.915169 	294.000000 	285.921021 	1003.359985 
51.400000 	118.915169 	294.000000 	285.921021 	1003.359985 
51.500000 	118.915169 	294.000000 	285.921021 	1003.359985 
51.600000 	118.915169 	294.000000 	285.921021 	1003.359985 
51.700000 	118.915169 	294.000000 	285.921021 	1003.359985 
51.800000 	118.915169 	294.000000 	285.921021 	1003.359985 
51.900000 	118.915169 	294.000000 	285.921021 	1003.359985 
52.000000 	118.200310 	294.000000 	285.924072 	1003.359985 
52.100000 	118.200310 	294.000000 	285.924072 	1003.359985 
52.200000 	118.200310 	294.000000 	285.924072 	1003.359985 
52.300000 	118.200310 	294.000000 	285.924072 	1003.359985 
52.400000 	118.200310 	294.000000 	285.924072 	1003.359985 
52.500000 	118.200310 	294.000000 	285.924072 	1003.359985 
52.600000 	118.200310 	294.000000 	285.924072 	1003.359985 
52.700000 	118.200310 	294.000000 	285.924072 	1003.359985 
52.800000 	118.200310 	294.000000 	285.924072 	1003.359985 
52.900000 	118.200310 	294.000000 	285.924072 	1003.359985 
53.000000 	117.405968 	294.000000 	285.926971 	1003.359985 
53.100000 	117.405968 	294.000000 	285.926971 	1003.359985 
53.200000 	117.405968 	294.000000 	285.926971 	1003.359985 
53.300000 	117.405968 	294.000000 	285.926971 	1003.359985 
53.400000 	117.405968 	294.000000 	285.926971 	1003.359985 
53.500000 	117.405968 	294.000000 	285.926971 	1003.359985 
53.600000 	117.405968 	294.000000 	285.926971 	1003.359985 
53.700000 	117.405968 	294.000000 	285.926971 	1003.359985 
53.800000 	117.405968 	294.000000 	285.926971 	1003.359985 
53.900000 	117.405968 	294.000000 	285.926971 	1003.359985 
54.000000 	116.521545 	294.000000 	285.929688 	1003.359985 
54.100000 	116.521545 	294.000000 	285.929688 	1003.359985 
54.200000 	116.521545 	294.000000 	285.929688 	1003.359985 
54.300000 	116.521545 	294.000000 	285.929688 	1003.359985 
54.400000 	116.521545 	294.000000 	285.929688 	1003.359985 
54.500000 	116.521545 	294.000000 	285.929688 	1003.359985 
54.600000 	116.521545 	294.000000 	285.929688 	1003.359985 
54.700000 	116.521545 	294.000000 	285.929688 	1003.359985 
54.800000 	116.521545 	294.000000 	285.929688 	1003.359985 
54.900000 	116.521545 	294.000000 	285.929688 	1003.359985 
55.000000 	115.534431 	294.000000 	285.932251 	1003.359985 
55.100000 	115.534431 	294.000000 	285.932251 	1003.359985 
55.200000 	115.534431 	294.000000 	285.932251 	1003.359985 
55.300000 	115.534431 	294.000000 	285.932251 	1003.359985 
55.400000 	115.534431 	294.000000 	285.932251 	1003.359985 
55.500000 	115.534431 	294.000000 	285.932251 	1003.359985 
55.600000 	115.534431 	294.000000 	285.932251 	1003.359985 
55.700000 	115.534431 	294.000000 	285.932251 	1003.359985 
55.800000 	115.534431 	294.000000 	285.932251 	1003.359985 
55.900000 	115.534431 	294.000000 	285.932251 	1003.359985 
56.000000 	114.429459 	294.000000 	285.934662 	1003.359985 
56.100000 	114.429459 	294.000000 	285.934662 	1003.359985 
56.200000 	114.429459 	294.000000 	285.934662 	1003.359985 
56.300000 	114.429459 	294.000000 	285.934662 	1003.359985 
56.400000 	114.429459 	294.000000 	285.934662 	1003.359985 
56.500000 	114.429459 	294.000000 	285.934662 	1003.359985 
56.600000 	114.429459 	294.000000 	285.934662 	1003.359985 
56.700000 	114.429459 	294.000000 	285.934662 	1003.359985 
56.800000 	114.429459 	294.000000 	285.934662 	1003.359985 
56.900000 	114.429459 	294.000000 	285.934662 	1003.359985 
57.000000 	113.188194 	294.000000 	285.936920 	1003.359985 
57.100000 	113.188194 	294.000000 	285.936920 	1003.359985 
57.200000 	113.188194 	294.000000 	285.936920 	1003.359985 
57.300000 	113.188194 	294.000000 	285.936920 	1003.359985 
57.400000 	113.188194 	294.000000 	285.936920 	1003.359985 
57.500000 	113.188194 	294.000000 	285.936920 	1003.359985 
57.600000 	113.188194 	294.000000 	285.936920 	1003.359985 
57.700000 	113.188194 	294.000000 	285.936920 	1003.359985 
57.800000 	113.188194 	294.000000 	285.936920 	1003.359985 
57.900000 	113.188194 	294.000000 	285.936920 	1003.359985 
58.000000 	111.787888 	294.000000 	285.938995 	1003.359985 
58.100000 	111.787888 	294.000000 	285.938995 	1003.359985 
58.200000 	111.787888 	294.000000 	285.938995 	1003.359985 
58.300000 	111.787888 	294.000000 	285.938995 	1003.359985 
58.400000 	111.787888 	294.000000 	285.938995 	1003.359985 
58.500000 	111.787888 	294.000000 	285.938995 	1003.359985 
58.600000 	111.787888 	294.000000 	285.938995 	1003.359985 
58.700000 	111.787888 	294.000000 	285.938995 	1003.359985 
58.800000 	111.787888 	294.000000 	285.938995 	1003.359985 
58.900000 	111.787888 	294.000000 	285.938995 	1003.359985 
59.000000 	110.200073 	294.000000 	285.940918 	1003.359985 
59.100000 	110.200073 	294.000000 	285.940918 	1003.359985 
59.200000 	110.200073 	294.000000 	285.940918 	1003.359985 
59.300000 	110.200073 	294.000000 	285.940918 	1003.359985 
59.400000 	110.200073 	294.000000 	285.940918 	1003.359985 
59.500000 	110.200073 	294.000000 	285.940918 	1003.359985 
59.600000 	110.200073 	294.000000 	285.940918 	1003.359985 
59.700000 	110.200073 	294.000000 	285.940918 	1003.359985 
59.800000 	110.200073 	294.000000 	285.940918 	1003.359985 
59.900000 	110.200073 	294.000000 	285.940918 	1003.359985 
60.000000 	108.388489 	294.000000 	285.942627 	1003.359985 
