0.500000 	0.000000 	854.000000 	0.000000 	836.705994 
0.600000 	130.015228 	854.000000 	778.962646 	844.924988 
0.700000 	120.034294 	854.000000 	813.109192 	849.593994 
0.800000 	112.491104 	854.000000 	828.847656 	852.276001 
0.900000 	106.922905 	854.000000 	837.060791 	853.877991 
1.000000 	103.058914 	854.000000 	841.734070 	854.879028 
1.100000 	103.058914 	854.000000 	841.734070 	854.879028 
1.200000 	103.058914 	854.000000 	841.734070 	854.879028 
1.300000 	103.058914 	854.000000 	841.734070 	854.879028 
1.400000 	103.058914 	854.000000 	841.734070 	854.879028 
1.500000 	103.058914 	854.000000 	841.734070 	854.879028 
1.600000 	103.058914 	854.000000 	841.734070 	854.879028 
1.700000 	103.058914 	854.000000 	841.734070 	854.879028 
1.800000 	103.058914 	854.000000 	841.734070 	854.879028 
1.900000 	103.058914 	854.000000 	841.734070 	854.879028 
2.000000 	100.633598 	854.000000 	844.557190 	857.072998 
2.100000 	100.633598 	854.000000 	844.557190 	857.072998 
2.200000 	100.633598 	854.000000 	844.557190 	857.072998 
2.300000 	100.633598 	854.000000 	844.557190 	857.072998 
2.400000 	100.633598 	854.000000 	844.557190 	857.072998 
2.500000 	100.633598 	854.000000 	844.557190 	857.072998 
2.600000 	100.633598 	854.000000 	844.557190 	857.072998 
2.700000 	100.633598 	854.000000 	844.557190 	857.072998 
2.800000 	100.633598 	854.000000 	844.557190 	857.072998 
2.900000 	100.633598 	854.000000 	844.557190 	857.072998 
3.000000 	106.603371 	854.000000 	849.376770 	857.304993 
3.100000 	106.603371 	854.000000 	849.376770 	857.304993 
3.200000 	106.603371 	854.000000 	849.376770 	857.304993 
3.300000 	106.603371 	854.000000 	849.376770 	857.304993 
3.400000 	106.603371 	854.000000 	849.376770 	857.304993 
3.500000 	106.603371 	854.000000 	849.376770 	857.304993 
3.600000 	106.603371 	854.000000 	849.376770 	857.304993 
3.700000 	106.603371 	854.000000 	849.376770 	857.304993 
3.800000 	106.603371 	854.000000 	849.376770 	857.304993 
3.900000 	106.603371 	854.000000 	849.376770 	857.304993 
4.000000 	114.947098 	854.000000 	848.997009 	857.382019 
4.100000 	114.947098 	854.000000 	848.997009 	857.382019 
4.200000 	114.947098 	854.000000 	848.997009 	857.382019 
4.300000 	114.947098 	854.000000 	848.997009 	857.382019 
4.400000 	114.947098 	854.000000 	848.997009 	857.382019 
4.500000 	114.947098 	854.000000 	848.997009 	857.382019 
4.600000 	114.947098 	854.000000 	848.997009 	857.382019 
4.700000 	114.947098 	854.000000 	848.997009 	857.382019 
4.800000 	114.947098 	854.000000 	848.997009 	857.382019 
4.900000 	114.947098 	854.000000 	848.997009 	857.382019 
5.000000 	119.049294 	854.000000 	848.706055 	857.421997 
5.100000 	119.049294 	854.000000 	848.706055 	857.421997 
5.200000 	119.049294 	854.000000 	848.706055 	857.421997 
5.300000 	119.049294 	854.000000 	848.706055 	857.421997 
5.400000 	119.049294 	854.000000 	848.706055 	857.421997 
5.500000 	119.049294 	854.000000 	848.706055 	857.421997 
5.600000 	119.049294 	854.000000 	848.706055 	857.421997 
5.700000 	119.049294 	854.000000 	848.706055 	857.421997 
5.800000 	119.049294 	854.000000 	848.706055 	857.421997 
5.900000 	119.049294 	854.000000 	848.706055 	857.421997 
6.000000 	121.199074 	854.000000 	848.554871 	857.447998 
6.100000 	121.199074 	854.000000 	848.554871 	857.447998 
6.200000 	121.199074 	854.000000 	848.554871 	857.447998 
6.300000 	121.199074 	854.000000 	848.554871 	857.447998 
6.400000 	121.199074 	854.000000 	848.554871 	857.447998 
6.500000 	121.199074 	854.000000 	848.554871 	857.447998 
6.600000 	121.199074 	854.000000 	848.554871 	857.447998 
6.700000 	121.199074 	854.000000 	848.554871 	857.447998 
6.800000 	121.199074 	854.000000 	848.554871 	857.447998 
6.900000 	121.199074 	854.000000 	848.554871 	857.447998 
7.000000 	122.438080 	854.000000 	848.477234 	857.468994 
7.100000 	122.438080 	854.000000 	848.477234 	857.468994 
7.200000 	122.438080 	854.000000 	848.477234 	857.468994 
7.300000 	122.438080 	854.000000 	848.477234 	857.468994 
7.400000 	122.438080 	854.000000 	848.477234 	857.468994 
7.500000 	122.438080 	854.000000 	848.477234 	857.468994 
7.600000 	122.438080 	854.000000 	848.477234 	857.468994 
7.700000 	122.438080 	854.000000 	848.477234 	857.468994 
7.800000 	122.438080 	854.000000 	848.477234 	857.468994 
7.900000 	122.438080 	854.000000 	848.477234 	857.468994 
8.000000 	123.210159 	854.000000 	848.437073 	857.486023 
8.100000 	123.210159 	854.000000 	848.437073 	857.486023 
8.200000 	123.210159 	854.000000 	848.437073 	857.486023 
8.300000 	123.210159 	854.000000 	848.437073 	857.486023 
8.400000 	123.210159 	854.000000 	848.437073 	857.486023 
8.500000 	123.210159 	854.000000 	848.437073 	857.486023 
8.600000 	123.210159 	854.000000 	848.437073 	857.486023 
8.700000 	123.210159 	854.000000 	848.437073 	857.486023 
8.800000 	123.210159 	854.000000 	848.437073 	857.486023 
8.900000 	123.210159 	854.000000 	848.437073 	857.486023 
9.000000 	123.721588 	854.000000 	848.416687 	857.500977 
9.100000 	123.721588 	854.000000 	848.416687 	857.500977 
9.200000 	123.721588 	854.000000 	848.416687 	857.500977 
9.300000 	123.721588 	854.000000 	848.416687 	857.500977 
9.400000 	123.721588 	854.000000 	848.416687 	857.500977 
9.500000 	123.721588 	854.000000 	848.416687 	857.500977 
9.600000 	123.721588 	854.000000 	848.416687 	857.500977 
9.700000 	123.721588 	854.000000 	848.416687 	857.500977 
9.800000 	123.721588 	854.000000 	848.416687 	857.500977 
9.900000 	123.721588 	854.000000 	848.416687 	857.500977 
10.000000 	124.077019 	854.000000 	848.407166 	857.515991 
10.100000 	124.077019 	854.000000 	848.407166 	857.515991 
10.200000 	124.077019 	854.000000 	848.407166 	857.515991 
10.300000 	124.077019 	854.000000 	848.407166 	857.515991 
10.400000 	124.077019 	854.000000 	848.407166 	857.515991 
10.500000 	124.077019 	854.000000 	848.407166 	857.515991 
10.600000 	124.077019 	854.000000 	848.407166 	857.515991 
10.700000 	124.077019 	854.000000 	848.407166 	857.515991 
10.800000 	124.077019 	854.000000 	848.407166 	857.515991 
10.900000 	124.077019 	854.000000 	848.407166 	857.515991 
11.000000 	124.333626 	854.000000 	848.403809 	857.528992 
11.100000 	124.333626 	854.000000 	848.403809 	857.528992 
11.200000 	124.333626 	854.000000 	848.403809 	857.528992 
11.300000 	124.333626 	854.000000 	848.403809 	857.528992 
11.400000 	124.333626 	854.000000 	848.403809 	857.528992 
11.500000 	124.333626 	854.000000 	848.403809 	857.528992 
11.600000 	124.333626 	854.000000 	848.403809 	857.528992 
11.700000 	124.333626 	854.000000 	848.403809 	857.528992 
11.800000 	124.333626 	854.000000 	848.403809 	857.528992 
11.900000 	124.333626 	854.000000 	848.403809 	857.528992 
12.000000 	124.524582 	854.000000 	848.403931 	857.543030 
12.100000 	124.524582 	854.000000 	848.403931 	857.543030 
12.200000 	124.524582 	854.000000 	848.403931 	857.543030 
12.300000 	124.524582 	854.000000 	848.403931 	857.543030 
12.400000 	124.524582 	854.000000 	848.403931 	857.543030 
12.500000 	124.524582 	854.000000 	848.403931 	857.543030 
12.600000 	124.524582 	854.000000 	848.403931 	857.543030 
12.700000 	124.524582 	854.000000 	848.403931 	857.543030 
12.800000 	124.524582 	854.000000 	848.403931 	857.543030 
12.900000 	124.524582 	854.000000 	848.403931 	857.543030 
13.000000 	124.670113 	854.000000 	848.406067 	857.556030 
13.100000 	124.670113 	854.000000 	848.406067 	857.556030 
13.200000 	124.670113 	854.000000 	848.406067 	857.556030 
13.300000 	124.670113 	854.000000 	848.406067 	857.556030 
13.400000 	124.670113 	854.000000 	848.406067 	857.556030 
13.500000 	124.670113 	854.000000 	848.406067 	857.556030 
13.600000 	124.670113 	854.000000 	848.406067 	857.556030 
13.700000 	124.670113 	854.000000 	848.406067 	857.556030 
13.800000 	124.670113 	854.000000 	848.406067 	857.556030 
13.900000 	124.670113 	854.000000 	848.406067 	857.556030 
14.000000 	124.783035 	854.000000 	848.409363 	857.567993 
14.100000 	124.783035 	854.000000 	848.409363 	857.567993 
14.200000 	124.783035 	854.000000 	848.409363 	857.567993 
14.300000 	124.783035 	854.000000 	848.409363 	857.567993 
14.400000 	124.783035 	854.000000 	848.409363 	857.567993 
14.500000 	124.783035 	854.000000 	848.409363 	857.567993 
14.600000 	124.783035 	854.000000 	848.409363 	857.567993 
14.700000 	124.783035 	854.000000 	848.409363 	857.567993 
14.800000 	124.783035 	854.000000 	848.409363 	857.567993 
14.900000 	124.783035 	854.000000 	848.409363 	857.567993 
15.000000 	124.871735 	854.000000 	848.413269 	857.580994 
15.100000 	124.871735 	854.000000 	848.413269 	857.580994 
15.200000 	124.871735 	854.000000 	848.413269 	857.580994 
15.300000 	124.871735 	854.000000 	848.413269 	857.580994 
15.400000 	124.871735 	854.000000 	848.413269 	857.580994 
15.500000 	124.871735 	854.000000 	848.413269 	857.580994 
15.600000 	124.871735 	854.000000 	848.413269 	857.580994 
15.700000 	124.871735 	854.000000 	848.413269 	857.580994 
15.800000 	124.871735 	854.000000 	848.413269 	857.580994 
15.900000 	124.871735 	854.000000 	848.413269 	857.580994 
16.000000 	124.941849 	854.000000 	848.417419 	857.593994 
16.100000 	124.941849 	854.000000 	848.417419 	857.593994 
16.200000 	124.941849 	854.000000 	848.417419 	857.593994 
16.300000 	124.941849 	854.000000 	848.417419 	857.593994 
16.400000 	124.941849 	854.000000 	848.417419 	857.593994 
16.500000 	124.941849 	854.000000 	848.417419 	857.593994 
16.600000 	124.941849 	854.000000 	848.417419 	857.593994 
16.700000 	124.941849 	854.000000 	848.417419 	857.593994 
16.800000 	124.941849 	854.000000 	848.417419 	857.593994 
16.900000 	124.941849 	854.000000 	848.417419 	857.593994 
17.000000 	124.997223 	854.000000 	848.421692 	857.606018 
17.100000 	124.997223 	854.000000 	848.421692 	857.606018 
17.200000 	124.997223 	854.000000 	848.421692 	857.606018 
17.300000 	124.997223 	854.000000 	848.421692 	857.606018 
17.400000 	124.997223 	854.000000 	848.421692 	857.606018 
17.500000 	124.997223 	854.000000 	848.421692 	857.606018 
17.600000 	124.997223 	854.000000 	848.421692 	857.606018 
17.700000 	124.997223 	854.000000 	848.421692 	857.606018 
17.800000 	124.997223 	854.000000 	848.421692 	857.606018 
17.900000 	124.997223 	854.000000 	848.421692 	857.606018 
18.000000 	125.040497 	854.000000 	848.425903 	857.617981 
18.100000 	125.040497 	854.000000 	848.425903 	857.617981 
18.200000 	125.040497 	854.000000 	848.425903 	857.617981 
18.300000 	125.040497 	854.000000 	848.425903 	857.617981 
18.400000 	125.040497 	854.000000 	848.425903 	857.617981 
18.500000 	125.040497 	854.000000 	848.425903 	857.617981 
18.600000 	125.040497 	854.000000 	848.425903 	857.617981 
18.700000 	125.040497 	854.000000 	848.425903 	857.617981 
18.800000 	125.040497 	854.000000 	848.425903 	857.617981 
18.900000 	125.040497 	854.000000 	848.425903 	857.617981 
19.000000 	125.073509 	854.000000 	848.429993 	857.630981 
19.100000 	125.073509 	854.000000 	848.429993 	857.630981 
19.200000 	125.073509 	854.000000 	848.429993 	857.630981 
19.300000 	125.073509 	854.000000 	848.429993 	857.630981 
19.400000 	125.073509 	854.000000 	848.429993 	857.630981 
19.500000 	125.073509 	854.000000 	848.429993 	857.630981 
19.600000 	125.073509 	854.000000 	848.429993 	857.630981 
19.700000 	125.073509 	854.000000 	848.429993 	857.630981 
19.800000 	125.073509 	854.000000 	848.429993 	857.630981 
19.900000 	125.073509 	854.000000 	848.429993 	857.630981 
20.000000 	125.097519 	854.000000 	848.433960 	857.643005 
20.100000 	125.097519 	854.000000 	848.433960 	857.643005 
20.200000 	125.097519 	854.000000 	848.433960 	857.643005 
20.300000 	125.097519 	854.000000 	848.433960 	857.643005 
20.400000 	125.097519 	854.000000 	848.433960 	857.643005 
20.500000 	125.097519 	854.000000 	848.433960 	857.643005 
20.600000 	125.097519 	854.000000 	848.433960 	857.643005 
20.700000 	125.097519 	854.000000 	848.433960 	857.643005 
20.800000 	125.097519 	854.000000 	848.433960 	857.643005 
20.900000 	125.097519 	854.000000 	848.433960 	857.643005 
21.000000 	125.113350 	854.000000 	848.437622 	857.655029 
21.100000 	125.113350 	854.000000 	848.437622 	857.655029 
21.200000 	125.113350 	854.000000 	848.437622 	857.655029 
21.300000 	125.113350 	854.000000 	848.437622 	857.655029 
21.400000 	125.113350 	854.000000 	848.437622 	857.655029 
21.500000 	125.113350 	854.000000 	848.437622 	857.655029 
21.600000 	125.113350 	854.000000 	848.437622 	857.655029 
21.700000 	125.113350 	854.000000 	848.437622 	857.655029 
21.800000 	125.113350 	854.000000 	848.437622 	857.655029 
21.900000 	125.113350 	854.000000 	848.437622 	857.655029 
22.000000 	125.121513 	854.000000 	848.441162 	857.666016 
22.100000 	125.121513 	854.000000 	848.441162 	857.666016 
22.200000 	125.121513 	854.000000 	848.441162 	857.666016 
22.300000 	125.121513 	854.000000 	848.441162 	857.666016 
22.400000 	125.121513 	854.000000 	848.441162 	857.666016 
22.500000 	125.121513 	854.000000 	848.441162 	857.666016 
22.600000 	125.121513 	854.000000 	848.441162 	857.666016 
22.700000 	125.121513 	854.000000 	848.441162 	857.666016 
22.800000 	125.121513 	854.000000 	848.441162 	857.666016 
22.900000 	125.121513 	854.000000 	848.441162 	857.666016 
23.000000 	125.122299 	854.000000 	848.444519 	857.677979 
23.100000 	125.122299 	854.000000 	848.444519 	857.677979 
23.200000 	125.122299 	854.000000 	848.444519 	857.677979 
23.300000 	125.122299 	854.000000 	848.444519 	857.677979 
23.400000 	125.122299 	854.000000 	848.444519 	857.677979 
23.500000 	125.122299 	854.000000 	848.444519 	857.677979 
23.600000 	125.122299 	854.000000 	848.444519 	857.677979 
23.700000 	125.122299 	854.000000 	848.444519 	857.677979 
23.800000 	125.122299 	854.000000 	848.444519 	857.677979 
23.900000 	125.122299 	854.000000 	848.444519 	857.677979 
24.000000 	125.115776 	854.000000 	848.447693 	857.689026 
24.100000 	125.115776 	854.000000 	848.447693 	857.689026 
24.200000 	125.115776 	854.000000 	848.447693 	857.689026 
24.300000 	125.115776 	854.000000 	848.447693 	857.689026 
24.400000 	125.115776 	854.000000 	848.447693 	857.689026 
24.500000 	125.115776 	854.000000 	848.447693 	857.689026 
24.600000 	125.115776 	854.000000 	848.447693 	857.689026 
24.700000 	125.115776 	854.000000 	848.447693 	857.689026 
24.800000 	125.115776 	854.000000 	848.447693 	857.689026 
24.900000 	125.115776 	854.000000 	848.447693 	857.689026 
25.000000 	125.101883 	854.000000 	848.450684 	857.700989 
25.100000 	125.101883 	854.000000 	848.450684 	857.700989 
25.200000 	125.101883 	854.000000 	848.450684 	857.700989 
25.300000 	125.101883 	854.000000 	848.450684 	857.700989 
25.400000 	125.101883 	854.000000 	848.450684 	857.700989 
25.500000 	125.101883 	854.000000 	848.450684 	857.700989 
25.600000 	125.101883 	854.000000 	848.450684 	857.700989 
25.700000 	125.101883 	854.000000 	848.450684 	857.700989 
25.800000 	125.101883 	854.000000 	848.450684 	857.700989 
25.900000 	125.101883 	854.000000 	848.450684 	857.700989 
26.000000 	125.080414 	854.000000 	848.453491 	857.711975 
26.100000 	125.080414 	854.000000 	848.453491 	857.711975 
26.200000 	125.080414 	854.000000 	848.453491 	857.711975 
26.300000 	125.080414 	854.000000 	848.453491 	857.711975 
26.400000 	125.080414 	854.000000 	848.453491 	857.711975 
26.500000 	125.080414 	854.000000 	848.453491 	857.711975 
26.600000 	125.080414 	854.000000 	848.453491 	857.711975 
26.700000 	125.080414 	854.000000 	848.453491 	857.711975 
26.800000 	125.080414 	854.000000 	848.453491 	857.711975 
26.900000 	125.080414 	854.000000 	848.453491 	857.711975 
27.000000 	125.051048 	854.000000 	848.456055 	857.723022 
27.100000 	125.051048 	854.000000 	848.456055 	857.723022 
27.200000 	125.051048 	854.000000 	848.456055 	857.723022 
27.300000 	125.051048 	854.000000 	848.456055 	857.723022 
27.400000 	125.051048 	854.000000 	848.456055 	857.723022 
27.500000 	125.051048 	854.000000 	848.456055 	857.723022 
27.600000 	125.051048 	854.000000 	848.456055 	857.723022 
27.700000 	125.051048 	854.000000 	848.456055 	857.723022 
27.800000 	125.051048 	854.000000 	848.456055 	857.723022 
27.900000 	125.051048 	854.000000 	848.456055 	857.723022 
28.000000 	125.013367 	854.000000 	848.458496 	857.732971 
28.100000 	125.013367 	854.000000 	848.458496 	857.732971 
28.200000 	125.013367 	854.000000 	848.458496 	857.732971 
28.300000 	125.013367 	854.000000 	848.458496 	857.732971 
28.400000 	125.013367 	854.000000 	848.458496 	857.732971 
28.500000 	125.013367 	854.000000 	848.458496 	857.732971 
28.600000 	125.013367 	854.000000 	848.458496 	857.732971 
28.700000 	125.013367 	854.000000 	848.458496 	857.732971 
28.800000 	125.013367 	854.000000 	848.458496 	857.732971 
28.900000 	125.013367 	854.000000 	848.458496 	857.732971 
29.000000 	124.966843 	854.000000 	848.460693 	857.742981 
29.100000 	124.966843 	854.000000 	848.460693 	857.742981 
29.200000 	124.966843 	854.000000 	848.460693 	857.742981 
29.300000 	124.966843 	854.000000 	848.460693 	857.742981 
29.400000 	124.966843 	854.000000 	848.460693 	857.742981 
29.500000 	124.966843 	854.000000 	848.460693 	857.742981 
29.600000 	124.966843 	854.000000 	848.460693 	857.742981 
29.700000 	124.966843 	854.000000 	848.460693 	857.742981 
29.800000 	124.966843 	854.000000 	848.460693 	857.742981 
29.900000 	124.966843 	854.000000 	848.460693 	857.742981 
30.000000 	124.910889 	854.000000 	848.462769 	857.754028 
30.100000 	124.910889 	854.000000 	848.462769 	857.754028 
30.200000 	124.910889 	854.000000 	848.462769 	857.754028 
30.300000 	124.910889 	854.000000 	848.462769 	857.754028 
30.400000 	124.910889 	854.000000 	848.462769 	857.754028 
30.500000 	124.910889 	854.000000 	848.462769 	857.754028 
30.600000 	124.910889 	854.000000 	848.462769 	857.754028 
30.700000 	124.910889 	854.000000 	848.462769 	857.754028 
30.800000 	124.910889 	854.000000 	848.462769 	857.754028 
30.900000 	124.910889 	854.000000 	848.462769 	857.754028 
31.000000 	124.844780 	854.000000 	848.464661 	857.763000 
31.100000 	124.844780 	854.000000 	848.464661 	857.763000 
31.200000 	124.844780 	854.000000 	848.464661 	857.763000 
31.300000 	124.844780 	854.000000 	848.464661 	857.763000 
31.400000 	124.844780 	854.000000 	848.464661 	857.763000 
31.500000 	124.844780 	854.000000 	848.464661 	857.763000 
31.600000 	124.844780 	854.000000 	848.464661 	857.763000 
31.700000 	124.844780 	854.000000 	848.464661 	857.763000 
31.800000 	124.844780 	854.000000 	848.464661 	857.763000 
31.900000 	124.844780 	854.000000 	848.464661 	857.763000 
32.000000 	124.767746 	854.000000 	848.466370 	857.773010 
32.100000 	124.767746 	854.000000 	848.466370 	857.773010 
32.200000 	124.767746 	854.000000 	848.466370 	857.773010 
32.300000 	124.767746 	854.000000 	848.466370 	857.773010 
32.400000 	124.767746 	854.000000 	848.466370 	857.773010 
32.500000 	124.767746 	854.000000 	848.466370 	857.773010 
32.600000 	124.767746 	854.000000 	848.466370 	857.773010 
32.700000 	124.767746 	854.000000 	848.466370 	857.773010 
32.800000 	124.767746 	854.000000 	848.466370 	857.773010 
32.900000 	124.767746 	854.000000 	848.466370 	857.773010 
33.000000 	124.678886 	854.000000 	848.467957 	857.809021 
33.100000 	124.678886 	854.000000 	848.467957 	857.809021 
33.200000 	124.678886 	854.000000 	848.467957 	857.809021 
33.300000 	124.678886 	854.000000 	848.467957 	857.809021 
33.400000 	124.678886 	854.000000 	848.467957 	857.809021 
33.500000 	124.678886 	854.000000 	848.467957 	857.809021 
33.600000 	124.678886 	854.000000 	848.467957 	857.809021 
33.700000 	124.678886 	854.000000 	848.467957 	857.809021 
33.800000 	124.678886 	854.000000 	848.467957 	857.809021 
33.900000 	124.678886 	854.000000 	848.467957 	857.809021 
34.000000 	124.577225 	854.000000 	848.469360 	857.818970 
34.100000 	124.577225 	854.000000 	848.469360 	857.818970 
34.200000 	124.577225 	854.000000 	848.469360 	857.818970 
34.300000 	124.577225 	854.000000 	848.469360 	857.818970 
34.400000 	124.577225 	854.000000 	848.469360 	857.818970 
34.500000 	124.577225 	854.000000 	848.469360 	857.818970 
34.600000 	124.577225 	854.000000 	848.469360 	857.818970 
34.700000 	124.577225 	854.000000 	848.469360 	857.818970 
34.800000 	124.577225 	854.000000 	848.469360 	857.818970 
34.900000 	124.577225 	854.000000 	848.469360 	857.818970 
35.000000 	124.461662 	854.000000 	848.470642 	857.828003 
35.100000 	124.461662 	854.000000 	848.470642 	857.828003 
35.200000 	124.461662 	854.000000 	848.470642 	857.828003 
35.300000 	124.461662 	854.000000 	848.470642 	857.828003 
35.400000 	124.461662 	854.000000 	848.470642 	857.828003 
35.500000 	124.461662 	854.000000 	848.470642 	857.828003 
35.600000 	124.461662 	854.000000 	848.470642 	857.828003 
35.700000 	124.461662 	854.000000 	848.470642 	857.828003 
35.800000 	124.461662 	854.000000 	848.470642 	857.828003 
35.900000 	124.461662 	854.000000 	848.470642 	857.828003 
36.000000 	124.330994 	854.000000 	848.471802 	857.838013 
36.100000 	124.330994 	854.000000 	848.471802 	857.838013 
36.200000 	124.330994 	854.000000 	848.471802 	857.838013 
36.300000 	124.330994 	854.000000 	848.471802 	857.838013 
36.400000 	124.330994 	854.000000 	848.471802 	857.838013 
36.500000 	124.330994 	854.000000 	848.471802 	857.838013 
36.600000 	124.330994 	854.000000 	848.471802 	857.838013 
36.700000 	124.330994 	854.000000 	848.471802 	857.838013 
36.800000 	124.330994 	854.000000 	848.471802 	857.838013 
36.900000 	124.330994 	854.000000 	848.471802 	857.838013 
37.000000 	124.183891 	854.000000 	848.472778 	857.846985 
37.100000 	124.183891 	854.000000 	848.472778 	857.846985 
37.200000 	124.183891 	854.000000 	848.472778 	857.846985 
37.300000 	124.183891 	854.000000 	848.472778 	857.846985 
37.400000 	124.183891 	854.000000 	848.472778 	857.846985 
37.500000 	124.183891 	854.000000 	848.472778 	857.846985 
37.600000 	124.183891 	854.000000 	848.472778 	857.846985 
37.700000 	124.183891 	854.000000 	848.472778 	857.846985 
37.800000 	124.183891 	854.000000 	848.472778 	857.846985 
37.900000 	124.183891 	854.000000 	848.472778 	857.846985 
38.000000 	124.018890 	854.000000 	848.473694 	857.854980 
38.100000 	124.018890 	854.000000 	848.473694 	857.854980 
38.200000 	124.018890 	854.000000 	848.473694 	857.854980 
38.300000 	124.018890 	854.000000 	848.473694 	857.854980 
38.400000 	124.018890 	854.000000 	848.473694 	857.854980 
38.500000 	124.018890 	854.000000 	848.473694 	857.854980 
38.600000 	124.018890 	854.000000 	848.473694 	857.854980 
38.700000 	124.018890 	854.000000 	848.473694 	857.854980 
38.800000 	124.018890 	854.000000 	848.473694 	857.854980 
38.900000 	124.018890 	854.000000 	848.473694 	857.854980 
39.000000 	123.834366 	854.000000 	848.474426 	857.862976 
39.100000 	123.834366 	854.000000 	848.474426 	857.862976 
39.200000 	123.834366 	854.000000 	848.474426 	857.862976 
39.300000 	123.834366 	854.000000 	848.474426 	857.862976 
39.400000 	123.834366 	854.000000 	848.474426 	857.862976 
39.500000 	123.834366 	854.000000 	848.474426 	857.862976 
39.600000 	123.834366 	854.000000 	848.474426 	857.862976 
39.700000 	123.834366 	854.000000 	848.474426 	857.862976 
39.800000 	123.834366 	854.000000 	848.474426 	857.862976 
39.900000 	123.834366 	854.000000 	848.474426 	857.862976 
40.000000 	123.628532 	854.000000 	848.475037 	857.870972 
40.100000 	123.628532 	854.000000 	848.475037 	857.870972 
40.200000 	123.628532 	854.000000 	848.475037 	857.870972 
40.300000 	123.628532 	854.000000 	848.475037 	857.870972 
40.400000 	123.628532 	854.000000 	848.475037 	857.870972 
40.500000 	123.628532 	854.000000 	848.475037 	857.870972 
40.600000 	123.628532 	854.000000 	848.475037 	857.870972 
40.700000 	123.628532 	854.000000 	848.475037 	857.870972 
40.800000 	123.628532 	854.000000 	848.475037 	857.870972 
40.900000 	123.628532 	854.000000 	848.475037 	857.870972 
41.000000 	123.399406 	854.000000 	848.475464 	857.879028 
41.100000 	123.399406 	854.000000 	848.475464 	857.879028 
41.200000 	123.399406 	854.000000 	848.475464 	857.879028 
41.300000 	123.399406 	854.000000 	848.475464 	857.879028 
41.400000 	123.399406 	854.000000 	848.475464 	857.879028 
41.500000 	123.399406 	854.000000 	848.475464 	857.879028 
41.600000 	123.399406 	854.000000 	848.475464 	857.879028 
41.700000 	123.399406 	854.000000 	848.475464 	857.879028 
41.800000 	123.399406 	854.000000 	848.475464 	857.879028 
41.900000 	123.399406 	854.000000 	848.475464 	857.879028 
42.000000 	123.144791 	854.000000 	848.475830 	857.885986 
42.100000 	123.144791 	854.000000 	848.475830 	857.885986 
42.200000 	123.144791 	854.000000 	848.475830 	857.885986 
42.300000 	123.144791 	854.000000 	848.475830 	857.885986 
42.400000 	123.144791 	854.000000 	848.475830 	857.885986 
42.500000 	123.144791 	854.000000 	848.475830 	857.885986 
42.600000 	123.144791 	854.000000 	848.475830 	857.885986 
42.700000 	123.144791 	854.000000 	848.475830 	857.885986 
42.800000 	123.144791 	854.000000 	848.475830 	857.885986 
42.900000 	123.144791 	854.000000 	848.475830 	857.885986 
43.000000 	122.862236 	854.000000 	848.476074 	857.892029 
43.100000 	122.862236 	854.000000 	848.476074 	857.892029 
43.200000 	122.862236 	854.000000 	848.476074 	857.892029 
43.300000 	122.862236 	854.000000 	848.476074 	857.892029 
43.400000 	122.862236 	854.000000 	848.476074 	857.892029 
43.500000 	122.862236 	854.000000 	848.476074 	857.892029 
43.600000 	122.862236 	854.000000 	848.476074 	857.892029 
43.700000 	122.862236 	854.000000 	848.476074 	857.892029 
43.800000 	122.862236 	854.000000 	848.476074 	857.892029 
43.900000 	122.862236 	854.000000 	848.476074 	857.892029 
44.000000 	122.549019 	854.000000 	848.476135 	857.898010 
44.100000 	122.549019 	854.000000 	848.476135 	857.898010 
44.200000 	122.549019 	854.000000 	848.476135 	857.898010 
44.300000 	122.549019 	854.000000 	848.476135 	857.898010 
44.400000 	122.549019 	854.000000 	848.476135 	857.898010 
44.500000 	122.549019 	854.000000 	848.476135 	857.898010 
44.600000 	122.549019 	854.000000 	848.476135 	857.898010 
44.700000 	122.549019 	854.000000 	848.476135 	857.898010 
44.800000 	122.549019 	854.000000 	848.476135 	857.898010 
44.900000 	122.549019 	854.000000 	848.476135 	857.898010 
45.000000 	122.202095 	854.000000 	848.476135 	857.903015 
45.100000 	122.202095 	854.000000 	848.476135 	857.903015 
45.200000 	122.202095 	854.000000 	848.476135 	857.903015 
45.300000 	122.202095 	854.000000 	848.476135 	857.903015 
45.400000 	122.202095 	854.000000 	848.476135 	857.903015 
45.500000 	122.202095 	854.000000 	848.476135 	857.903015 
45.600000 	122.202095 	854.000000 	848.476135 	857.903015 
45.700000 	122.202095 	854.000000 	848.476135 	857.903015 
45.800000 	122.202095 	854.000000 	848.476135 	857.903015 
45.900000 	122.202095 	854.000000 	848.476135 	857.903015 
46.000000 	121.818031 	854.000000 	848.476013 	857.908020 
46.100000 	121.818031 	854.000000 	848.476013 	857.908020 
46.200000 	121.818031 	854.000000 	848.476013 	857.908020 
46.300000 	121.818031 	854.000000 	848.476013 	857.908020 
46.400000 	121.818031 	854.000000 	848.476013 	857.908020 
46.500000 	121.818031 	854.000000 	848.476013 	857.908020 
46.600000 	121.818031 	854.000000 	848.476013 	857.908020 
46.700000 	121.818031 	854.000000 	848.476013 	857.908020 
46.800000 	121.818031 	854.000000 	848.476013 	857.908020 
46.900000 	121.818031 	854.000000 	848.476013 	857.908020 
47.000000 	121.392952 	854.000000 	848.475708 	857.913025 
47.100000 	121.392952 	854.000000 	848.475708 	857.913025 
47.200000 	121.392952 	854.000000 	848.475708 	857.913025 
47.300000 	121.392952 	854.000000 	848.475708 	857.913025 
47.400000 	121.392952 	854.000000 	848.475708 	857.913025 
47.500000 	121.392952 	854.000000 	848.475708 	857.913025 
47.600000 	121.392952 	854.000000 	848.475708 	857.913025 
47.700000 	121.392952 	854.000000 	848.475708 	857.913025 
47.800000 	121.392952 	854.000000 	848.475708 	857.913025 
47.900000 	121.392952 	854.000000 	848.475708 	857.913025 
48.000000 	120.922485 	854.000000 	848.475342 	857.916992 
48.100000 	120.922485 	854.000000 	848.475342 	857.916992 
48.200000 	120.922485 	854.000000 	848.475342 	857.916992 
48.300000 	120.922485 	854.000000 	848.475342 	857.916992 
48.400000 	120.922485 	854.000000 	848.475342 	857.916992 
48.500000 	120.922485 	854.000000 	848.475342 	857.916992 
48.600000 	120.922485 	854.000000 	848.475342 	857.916992 
48.700000 	120.922485 	854.000000 	848.475342 	857.916992 
48.800000 	120.922485 	854.000000 	848.475342 	857.916992 
48.900000 	120.922485 	854.000000 	848.475342 	857.916992 
49.000000 	120.401634 	854.000000 	848.474792 	857.919983 
49.100000 	120.401634 	854.000000 	848.474792 	857.919983 
49.200000 	120.401634 	854.000000 	848.474792 	857.919983 
49.300000 	120.401634 	854.000000 	848.474792 	857.919983 
49.400000 	120.401634 	854.000000 	848.474792 	857.919983 
49.500000 	120.401634 	854.000000 	848.474792 	857.919983 
49.600000 	120.401634 	854.000000 	848.474792 	857.919983 
49.700000 	120.401634 	854.000000 	848.474792 	857.919983 
49.800000 	120.401634 	854.000000 	848.474792 	857.919983 
49.900000 	120.401634 	854.000000 	848.474792 	857.919983 
50.000000 	119.824669 	854.000000 	848.474121 	857.921997 
50.100000 	119.824669 	854.000000 	848.474121 	857.921997 
50.200000 	119.824669 	854.000000 	848.474121 	857.921997 
50.300000 	119.824669 	854.000000 	848.474121 	857.921997 
50.400000 	119.824669 	854.000000 	848.474121 	857.921997 
50.500000 	119.824669 	854.000000 	848.474121 	857.921997 
50.600000 	119.824669 	854.000000 	848.474121 	857.921997 
50.700000 	119.824669 	854.000000 	848.474121 	857.921997 
50.800000 	119.824669 	854.000000 	848.474121 	857.921997 
50.900000 	119.824669 	854.000000 	848.474121 	857.921997 
51.000000 	119.184990 	854.000000 	848.473328 	1003.359985 
51.100000 	119.184990 	854.000000 	848.473328 	1003.359985 
51.200000 	119.184990 	854.000000 	848.473328 	1003.359985 
51.300000 	119.184990 	854.000000 	848.473328 	1003.359985 
51.400000 	119.184990 	854.000000 	848.473328 	1003.359985 
51.500000 	119.184990 	854.000000 	848.473328 	1003.359985 
51.600000 	119.184990 	854.000000 	848.473328 	1003.359985 
51.700000 	119.184990 	854.000000 	848.473328 	1003.359985 
51.800000 	119.184990 	854.000000 	848.473328 	1003.359985 
51.900000 	119.184990 	854.000000 	848.473328 	1003.359985 
52.000000 	118.474960 	854.000000 	848.472412 	1003.359985 
52.100000 	118.474960 	854.000000 	848.472412 	1003.359985 
52.200000 	118.474960 	854.000000 	848.472412 	1003.359985 
52.300000 	118.474960 	854.000000 	848.472412 	1003.359985 
52.400000 	118.474960 	854.000000 	848.472412 	1003.359985 
52.500000 	118.474960 	854.000000 	848.472412 	1003.359985 
52.600000 	118.474960 	854.000000 	848.472412 	1003.359985 
52.700000 	118.474960 	854.000000 	848.472412 	1003.359985 
52.800000 	118.474960 	854.000000 	848.472412 	1003.359985 
52.900000 	118.474960 	854.000000 	848.472412 	1003.359985 
53.000000 	117.685608 	854.000000 	848.471375 	1003.359985 
53.100000 	117.685608 	854.000000 	848.471375 	1003.359985 
53.200000 	117.685608 	854.000000 	848.471375 	1003.359985 
53.300000 	117.685608 	854.000000 	848.471375 	1003.359985 
53.400000 	117.685608 	854.000000 	848.471375 	1003.359985 
53.500000 	117.685608 	854.000000 	848.471375 	1003.359985 
53.600000 	117.685608 	854.000000 	848.471375 	1003.359985 
53.700000 	117.685608 	854.000000 	848.471375 	1003.359985 
53.800000 	117.685608 	854.000000 	848.471375 	1003.359985 
53.900000 	117.685608 	854.000000 	848.471375 	1003.359985 
54.000000 	116.806389 	854.000000 	848.470154 	1003.359985 
54.100000 	116.806389 	854.000000 	848.470154 	1003.359985 
54.200000 	116.806389 	854.000000 	848.470154 	1003.359985 
54.300000 	116.806389 	854.000000 	848.470154 	1003.359985 
54.400000 	116.806389 	854.000000 	848.470154 	1003.359985 
54.500000 	116.806389 	854.000000 	848.470154 	1003.359985 
54.600000 	116.806389 	854.000000 	848.470154 	1003.359985 
54.700000 	116.806389 	854.000000 	848.470154 	1003.359985 
54.800000 	116.806389 	854.000000 	848.470154 	1003.359985 
54.900000 	116.806389 	854.000000 	848.470154 	1003.359985 
55.000000 	115.824730 	854.000000 	848.468811 	1003.359985 
55.100000 	115.824730 	854.000000 	848.468811 	1003.359985 
55.200000 	115.824730 	854.000000 	848.468811 	1003.359985 
55.300000 	115.824730 	854.000000 	848.468811 	1003.359985 
55.400000 	115.824730 	854.000000 	848.468811 	1003.359985 
55.500000 	115.824730 	854.000000 	848.468811 	1003.359985 
55.600000 	115.824730 	854.000000 	848.468811 	1003.359985 
55.700000 	115.824730 	854.000000 	848.468811 	1003.359985 
55.800000 	115.824730 	854.000000 	848.468811 	1003.359985 
55.900000 	115.824730 	854.000000 	848.468811 	1003.359985 
56.000000 	114.725525 	854.000000 	848.467346 	1003.359985 
56.100000 	114.725525 	854.000000 	848.467346 	1003.359985 
56.200000 	114.725525 	854.000000 	848.467346 	1003.359985 
56.300000 	114.725525 	854.000000 	848.467346 	1003.359985 
56.400000 	114.725525 	854.000000 	848.467346 	1003.359985 
56.500000 	114.725525 	854.000000 	848.467346 	1003.359985 
56.600000 	114.725525 	854.000000 	848.467346 	1003.359985 
56.700000 	114.725525 	854.000000 	848.467346 	1003.359985 
56.800000 	114.725525 	854.000000 	848.467346 	1003.359985 
56.900000 	114.725525 	854.000000 	848.467346 	1003.359985 
57.000000 	113.490402 	854.000000 	848.465759 	1003.359985 
57.100000 	113.490402 	854.000000 	848.465759 	1003.359985 
57.200000 	113.490402 	854.000000 	848.465759 	1003.359985 
57.300000 	113.490402 	854.000000 	848.465759 	1003.359985 
57.400000 	113.490402 	854.000000 	848.465759 	1003.359985 
57.500000 	113.490402 	854.000000 	848.465759 	1003.359985 
57.600000 	113.490402 	854.000000 	848.465759 	1003.359985 
57.700000 	113.490402 	854.000000 	848.465759 	1003.359985 
57.800000 	113.490402 	854.000000 	848.465759 	1003.359985 
57.900000 	113.490402 	854.000000 	848.465759 	1003.359985 
58.000000 	112.096703 	854.000000 	848.463989 	1003.359985 
58.100000 	112.096703 	854.000000 	848.463989 	1003.359985 
58.200000 	112.096703 	854.000000 	848.463989 	1003.359985 
58.300000 	112.096703 	854.000000 	848.463989 	1003.359985 
58.400000 	112.096703 	854.000000 	848.463989 	1003.359985 
58.500000 	112.096703 	854.000000 	848.463989 	1003.359985 
58.600000 	112.096703 	854.000000 	848.463989 	1003.359985 
58.700000 	112.096703 	854.000000 	848.463989 	1003.359985 
58.800000 	112.096703 	854.000000 	848.463989 	1003.359985 
58.900000 	112.096703 	854.000000 	848.463989 	1003.359985 
59.000000 	110.516068 	854.000000 	848.462036 	1003.359985 
59.100000 	110.516068 	854.000000 	848.462036 	1003.359985 
59.200000 	110.516068 	854.000000 	848.462036 	1003.359985 
59.300000 	110.516068 	854.000000 	848.462036 	1003.359985 
59.400000 	110.516068 	854.000000 	848.462036 	1003.359985 
59.500000 	110.516068 	854.000000 	848.462036 	1003.359985 
59.600000 	110.516068 	854.000000 	848.462036 	1003.359985 
59.700000 	110.516068 	854.000000 	848.462036 	1003.359985 
59.800000 	110.516068 	854.000000 	848.462036 	1003.359985 
59.900000 	110.516068 	854.000000 	848.462036 	1003.359985 
60.000000 	108.712387 	854.000000 	848.459961 	1003.359985 
