0.500000 	0.000000 	198.000000 	0.000000 	213.699997 
0.600000 	0.000000 	198.000000 	0.000000 	213.699997 
0.700000 	0.000000 	198.000000 	0.000000 	213.699997 
0.800000 	0.000000 	198.000000 	0.000000 	196.085999 
0.900000 	107.067307 	198.000000 	134.257141 	199.576996 
1.000000 	103.465248 	198.000000 	165.523605 	202.007996 
1.100000 	103.465248 	198.000000 	165.523605 	202.007996 
1.200000 	103.465248 	198.000000 	165.523605 	202.007996 
1.300000 	103.465248 	198.000000 	165.523605 	202.007996 
1.400000 	103.465248 	198.000000 	165.523605 	202.007996 
1.500000 	103.465248 	198.000000 	165.523605 	202.007996 
1.600000 	103.465248 	198.000000 	165.523605 	202.007996 
1.700000 	103.465248 	198.000000 	165.523605 	202.007996 
1.800000 	103.465248 	198.000000 	165.523605 	202.007996 
1.900000 	103.465248 	198.000000 	165.523605 	202.007996 
2.000000 	100.225487 	198.000000 	180.875641 	209.223999 
2.100000 	100.225487 	198.000000 	180.875641 	209.223999 
2.200000 	100.225487 	198.000000 	180.875641 	209.223999 
2.300000 	100.225487 	198.000000 	180.875641 	209.223999 
2.400000 	100.225487 	198.000000 	180.875641 	209.223999 
2.500000 	100.225487 	198.000000 	180.875641 	209.223999 
2.600000 	100.225487 	198.000000 	180.875641 	209.223999 
2.700000 	100.225487 	198.000000 	180.875641 	209.223999 
2.800000 	100.225487 	198.000000 	180.875641 	209.223999 
2.900000 	100.225487 	198.000000 	180.875641 	209.223999 
3.000000 	103.013367 	198.000000 	200.099869 	210.507996 
3.100000 	103.013367 	198.000000 	200.099869 	210.507996 
3.200000 	103.013367 	198.000000 	200.099869 	210.507996 
3.300000 	103.013367 	198.000000 	200.099869 	210.507996 
3.400000 	103.013367 	198.000000 	200.099869 	210.507996 
3.500000 	103.013367 	198.000000 	200.099869 	210.507996 
3.600000 	103.013367 	198.000000 	200.099869 	210.507996 
3.700000 	103.013367 	198.000000 	200.099869 	210.507996 
3.800000 	103.013367 	198.000000 	200.099869 	210.507996 
3.900000 	103.013367 	198.000000 	200.099869 	210.507996 
4.000000 	112.512733 	198.000000 	196.623779 	210.990005 
4.100000 	112.512733 	198.000000 	196.623779 	210.990005 
4.200000 	112.512733 	198.000000 	196.623779 	210.990005 
4.300000 	112.512733 	198.000000 	196.623779 	210.990005 
4.400000 	112.512733 	198.000000 	196.623779 	210.990005 
4.500000 	112.512733 	198.000000 	196.623779 	210.990005 
4.600000 	112.512733 	198.000000 	196.623779 	210.990005 
4.700000 	112.512733 	198.000000 	196.623779 	210.990005 
4.800000 	112.512733 	198.000000 	196.623779 	210.990005 
4.900000 	112.512733 	198.000000 	196.623779 	210.990005 
5.000000 	117.705788 	198.000000 	194.265396 	211.244003 
5.100000 	117.705788 	198.000000 	194.265396 	211.244003 
5.200000 	117.705788 	198.000000 	194.265396 	211.244003 
5.300000 	117.705788 	198.000000 	194.265396 	211.244003 
5.400000 	117.705788 	198.000000 	194.265396 	211.244003 
5.500000 	117.705788 	198.000000 	194.265396 	211.244003 
5.600000 	117.705788 	198.000000 	194.265396 	211.244003 
5.700000 	117.705788 	198.000000 	194.265396 	211.244003 
5.800000 	117.705788 	198.000000 	194.265396 	211.244003 
5.900000 	117.705788 	198.000000 	194.265396 	211.244003 
6.000000 	120.500450 	198.000000 	192.986496 	211.410004 
6.100000 	120.500450 	198.000000 	192.986496 	211.410004 
6.200000 	120.500450 	198.000000 	192.986496 	211.410004 
6.300000 	120.500450 	198.000000 	192.986496 	211.410004 
6.400000 	120.500450 	198.000000 	192.986496 	211.410004 
6.500000 	120.500450 	198.000000 	192.986496 	211.410004 
6.600000 	120.500450 	198.000000 	192.986496 	211.410004 
6.700000 	120.500450 	198.000000 	192.986496 	211.410004 
6.800000 	120.500450 	198.000000 	192.986496 	211.410004 
6.900000 	120.500450 	198.000000 	192.986496 	211.410004 
7.000000 	122.089516 	198.000000 	192.300323 	211.533997 
7.100000 	122.089516 	198.000000 	192.300323 	211.533997 
7.200000 	122.089516 	198.000000 	192.300323 	211.533997 
7.300000 	122.089516 	198.000000 	192.300323 	211.533997 
7.400000 	122.089516 	198.000000 	192.300323 	211.533997 
7.500000 	122.089516 	198.000000 	192.300323 	211.533997 
7.600000 	122.089516 	198.000000 	192.300323 	211.533997 
7.700000 	122.089516 	198.000000 	192.300323 	211.533997 
7.800000 	122.089516 	198.000000 	192.300323 	211.533997 
7.900000 	122.089516 	198.000000 	192.300323 	211.533997 
8.000000 	123.043945 	198.000000 	191.929504 	211.636993 
8.100000 	123.043945 	198.000000 	191.929504 	211.636993 
8.200000 	123.043945 	198.000000 	191.929504 	211.636993 
8.300000 	123.043945 	198.000000 	191.929504 	211.636993 
8.400000 	123.043945 	198.000000 	191.929504 	211.636993 
8.500000 	123.043945 	198.000000 	191.929504 	211.636993 
8.600000 	123.043945 	198.000000 	191.929504 	211.636993 
8.700000 	123.043945 	198.000000 	191.929504 	211.636993 
8.800000 	123.043945 	198.000000 	191.929504 	211.636993 
8.900000 	123.043945 	198.000000 	191.929504 	211.636993 
9.000000 	123.644028 	198.000000 	191.730743 	211.729004 
9.100000 	123.644028 	198.000000 	191.730743 	211.729004 
9.200000 	123.644028 	198.000000 	191.730743 	211.729004 
9.300000 	123.644028 	198.000000 	191.730743 	211.729004 
9.400000 	123.644028 	198.000000 	191.730743 	211.729004 
9.500000 	123.644028 	198.000000 	191.730743 	211.729004 
9.600000 	123.644028 	198.000000 	191.730743 	211.729004 
9.700000 	123.644028 	198.000000 	191.730743 	211.729004 
9.800000 	123.644028 	198.000000 	191.730743 	211.729004 
9.900000 	123.644028 	198.000000 	191.730743 	211.729004 
10.000000 	124.035355 	198.000000 	191.628967 	211.815002 
10.100000 	124.035355 	198.000000 	191.628967 	211.815002 
10.200000 	124.035355 	198.000000 	191.628967 	211.815002 
10.300000 	124.035355 	198.000000 	191.628967 	211.815002 
10.400000 	124.035355 	198.000000 	191.628967 	211.815002 
10.500000 	124.035355 	198.000000 	191.628967 	211.815002 
10.600000 	124.035355 	198.000000 	191.628967 	211.815002 
10.700000 	124.035355 	198.000000 	191.628967 	211.815002 
10.800000 	124.035355 	198.000000 	191.628967 	211.815002 
10.900000 	124.035355 	198.000000 	191.628967 	211.815002 
11.000000 	124.297867 	198.000000 	191.583221 	211.897003 
11.100000 	124.297867 	198.000000 	191.583221 	211.897003 
11.200000 	124.297867 	198.000000 	191.583221 	211.897003 
11.300000 	124.297867 	198.000000 	191.583221 	211.897003 
11.400000 	124.297867 	198.000000 	191.583221 	211.897003 
11.500000 	124.297867 	198.000000 	191.583221 	211.897003 
11.600000 	124.297867 	198.000000 	191.583221 	211.897003 
11.700000 	124.297867 	198.000000 	191.583221 	211.897003 
11.800000 	124.297867 	198.000000 	191.583221 	211.897003 
11.900000 	124.297867 	198.000000 	191.583221 	211.897003 
12.000000 	124.478966 	198.000000 	191.573898 	211.975998 
12.100000 	124.478966 	198.000000 	191.573898 	211.975998 
12.200000 	124.478966 	198.000000 	191.573898 	211.975998 
12.300000 	124.478966 	198.000000 	191.573898 	211.975998 
12.400000 	124.478966 	198.000000 	191.573898 	211.975998 
12.500000 	124.478966 	198.000000 	191.573898 	211.975998 
12.600000 	124.478966 	198.000000 	191.573898 	211.975998 
12.700000 	124.478966 	198.000000 	191.573898 	211.975998 
12.800000 	124.478966 	198.000000 	191.573898 	211.975998 
12.900000 	124.478966 	198.000000 	191.573898 	211.975998 
13.000000 	124.604225 	198.000000 	191.581985 	212.054993 
13.100000 	124.604225 	198.000000 	191.581985 	212.054993 
13.200000 	124.604225 	198.000000 	191.581985 	212.054993 
13.300000 	124.604225 	198.000000 	191.581985 	212.054993 
13.400000 	124.604225 	198.000000 	191.581985 	212.054993 
13.500000 	124.604225 	198.000000 	191.581985 	212.054993 
13.600000 	124.604225 	198.000000 	191.581985 	212.054993 
13.700000 	124.604225 	198.000000 	191.581985 	212.054993 
13.800000 	124.604225 	198.000000 	191.581985 	212.054993 
13.900000 	124.604225 	198.000000 	191.581985 	212.054993 
14.000000 	124.691376 	198.000000 	191.601486 	212.132004 
14.100000 	124.691376 	198.000000 	191.601486 	212.132004 
14.200000 	124.691376 	198.000000 	191.601486 	212.132004 
14.300000 	124.691376 	198.000000 	191.601486 	212.132004 
14.400000 	124.691376 	198.000000 	191.601486 	212.132004 
14.500000 	124.691376 	198.000000 	191.601486 	212.132004 
14.600000 	124.691376 	198.000000 	191.601486 	212.132004 
14.700000 	124.691376 	198.000000 	191.601486 	212.132004 
14.800000 	124.691376 	198.000000 	191.601486 	212.132004 
14.900000 	124.691376 	198.000000 	191.601486 	212.132004 
15.000000 	124.751732 	198.000000 	191.627426 	212.210007 
15.100000 	124.751732 	198.000000 	191.627426 	212.210007 
15.200000 	124.751732 	198.000000 	191.627426 	212.210007 
15.300000 	124.751732 	198.000000 	191.627426 	212.210007 
15.400000 	124.751732 	198.000000 	191.627426 	212.210007 
15.500000 	124.751732 	198.000000 	191.627426 	212.210007 
15.600000 	124.751732 	198.000000 	191.627426 	212.210007 
15.700000 	124.751732 	198.000000 	191.627426 	212.210007 
15.800000 	124.751732 	198.000000 	191.627426 	212.210007 
15.900000 	124.751732 	198.000000 	191.627426 	212.210007 
16.000000 	124.792519 	198.000000 	191.656967 	212.287003 
16.100000 	124.792519 	198.000000 	191.656967 	212.287003 
16.200000 	124.792519 	198.000000 	191.656967 	212.287003 
16.300000 	124.792519 	198.000000 	191.656967 	212.287003 
16.400000 	124.792519 	198.000000 	191.656967 	212.287003 
16.500000 	124.792519 	198.000000 	191.656967 	212.287003 
16.600000 	124.792519 	198.000000 	191.656967 	212.287003 
16.700000 	124.792519 	198.000000 	191.656967 	212.287003 
16.800000 	124.792519 	198.000000 	191.656967 	212.287003 
16.900000 	124.792519 	198.000000 	191.656967 	212.287003 
17.000000 	124.818550 	198.000000 	191.688248 	212.363998 
17.100000 	124.818550 	198.000000 	191.688248 	212.363998 
17.200000 	124.818550 	198.000000 	191.688248 	212.363998 
17.300000 	124.818550 	198.000000 	191.688248 	212.363998 
17.400000 	124.818550 	198.000000 	191.688248 	212.363998 
17.500000 	124.818550 	198.000000 	191.688248 	212.363998 
17.600000 	124.818550 	198.000000 	191.688248 	212.363998 
17.700000 	124.818550 	198.000000 	191.688248 	212.363998 
17.800000 	124.818550 	198.000000 	191.688248 	212.363998 
17.900000 	124.818550 	198.000000 	191.688248 	212.363998 
18.000000 	124.833054 	198.000000 	191.720123 	212.442001 
18.100000 	124.833054 	198.000000 	191.720123 	212.442001 
18.200000 	124.833054 	198.000000 	191.720123 	212.442001 
18.300000 	124.833054 	198.000000 	191.720123 	212.442001 
18.400000 	124.833054 	198.000000 	191.720123 	212.442001 
18.500000 	124.833054 	198.000000 	191.720123 	212.442001 
18.600000 	124.833054 	198.000000 	191.720123 	212.442001 
18.700000 	124.833054 	198.000000 	191.720123 	212.442001 
18.800000 	124.833054 	198.000000 	191.720123 	212.442001 
18.900000 	124.833054 	198.000000 	191.720123 	212.442001 
19.000000 	124.838196 	198.000000 	191.751846 	212.518997 
19.100000 	124.838196 	198.000000 	191.751846 	212.518997 
19.200000 	124.838196 	198.000000 	191.751846 	212.518997 
19.300000 	124.838196 	198.000000 	191.751846 	212.518997 
19.400000 	124.838196 	198.000000 	191.751846 	212.518997 
19.500000 	124.838196 	198.000000 	191.751846 	212.518997 
19.600000 	124.838196 	198.000000 	191.751846 	212.518997 
19.700000 	124.838196 	198.000000 	191.751846 	212.518997 
19.800000 	124.838196 	198.000000 	191.751846 	212.518997 
19.900000 	124.838196 	198.000000 	191.751846 	212.518997 
20.000000 	124.835411 	198.000000 	191.782928 	212.595993 
20.100000 	124.835411 	198.000000 	191.782928 	212.595993 
20.200000 	124.835411 	198.000000 	191.782928 	212.595993 
20.300000 	124.835411 	198.000000 	191.782928 	212.595993 
20.400000 	124.835411 	198.000000 	191.782928 	212.595993 
20.500000 	124.835411 	198.000000 	191.782928 	212.595993 
20.600000 	124.835411 	198.000000 	191.782928 	212.595993 
20.700000 	124.835411 	198.000000 	191.782928 	212.595993 
20.800000 	124.835411 	198.000000 	191.782928 	212.595993 
20.900000 	124.835411 	198.000000 	191.782928 	212.595993 
21.000000 	124.825615 	198.000000 	191.813095 	212.671997 
21.100000 	124.825615 	198.000000 	191.813095 	212.671997 
21.200000 	124.825615 	198.000000 	191.813095 	212.671997 
21.300000 	124.825615 	198.000000 	191.813095 	212.671997 
21.400000 	124.825615 	198.000000 	191.813095 	212.671997 
21.500000 	124.825615 	198.000000 	191.813095 	212.671997 
21.600000 	124.825615 	198.000000 	191.813095 	212.671997 
21.700000 	124.825615 	198.000000 	191.813095 	212.671997 
21.800000 	124.825615 	198.000000 	191.813095 	212.671997 
21.900000 	124.825615 	198.000000 	191.813095 	212.671997 
22.000000 	124.809341 	198.000000 	191.842194 	212.748993 
22.100000 	124.809341 	198.000000 	191.842194 	212.748993 
22.200000 	124.809341 	198.000000 	191.842194 	212.748993 
22.300000 	124.809341 	198.000000 	191.842194 	212.748993 
22.400000 	124.809341 	198.000000 	191.842194 	212.748993 
22.500000 	124.809341 	198.000000 	191.842194 	212.748993 
22.600000 	124.809341 	198.000000 	191.842194 	212.748993 
22.700000 	124.809341 	198.000000 	191.842194 	212.748993 
22.800000 	124.809341 	198.000000 	191.842194 	212.748993 
22.900000 	124.809341 	198.000000 	191.842194 	212.748993 
23.000000 	124.786858 	198.000000 	191.870132 	212.824997 
23.100000 	124.786858 	198.000000 	191.870132 	212.824997 
23.200000 	124.786858 	198.000000 	191.870132 	212.824997 
23.300000 	124.786858 	198.000000 	191.870132 	212.824997 
23.400000 	124.786858 	198.000000 	191.870132 	212.824997 
23.500000 	124.786858 	198.000000 	191.870132 	212.824997 
23.600000 	124.786858 	198.000000 	191.870132 	212.824997 
23.700000 	124.786858 	198.000000 	191.870132 	212.824997 
23.800000 	124.786858 	198.000000 	191.870132 	212.824997 
23.900000 	124.786858 	198.000000 	191.870132 	212.824997 
24.000000 	124.758209 	198.000000 	191.896866 	212.901001 
24.100000 	124.758209 	198.000000 	191.896866 	212.901001 
24.200000 	124.758209 	198.000000 	191.896866 	212.901001 
24.300000 	124.758209 	198.000000 	191.896866 	212.901001 
24.400000 	124.758209 	198.000000 	191.896866 	212.901001 
24.500000 	124.758209 	198.000000 	191.896866 	212.901001 
24.600000 	124.758209 	198.000000 	191.896866 	212.901001 
24.700000 	124.758209 	198.000000 	191.896866 	212.901001 
24.800000 	124.758209 	198.000000 	191.896866 	212.901001 
24.900000 	124.758209 	198.000000 	191.896866 	212.901001 
25.000000 	124.723274 	198.000000 	191.922394 	212.975998 
25.100000 	124.723274 	198.000000 	191.922394 	212.975998 
25.200000 	124.723274 	198.000000 	191.922394 	212.975998 
25.300000 	124.723274 	198.000000 	191.922394 	212.975998 
25.400000 	124.723274 	198.000000 	191.922394 	212.975998 
25.500000 	124.723274 	198.000000 	191.922394 	212.975998 
25.600000 	124.723274 	198.000000 	191.922394 	212.975998 
25.700000 	124.723274 	198.000000 	191.922394 	212.975998 
25.800000 	124.723274 	198.000000 	191.922394 	212.975998 
25.900000 	124.723274 	198.000000 	191.922394 	212.975998 
26.000000 	124.681419 	198.000000 	191.946182 	213.050995 
26.100000 	124.681419 	198.000000 	191.946182 	213.050995 
26.200000 	124.681419 	198.000000 	191.946182 	213.050995 
26.300000 	124.681419 	198.000000 	191.946182 	213.050995 
26.400000 	124.681419 	198.000000 	191.946182 	213.050995 
26.500000 	124.681419 	198.000000 	191.946182 	213.050995 
26.600000 	124.681419 	198.000000 	191.946182 	213.050995 
26.700000 	124.681419 	198.000000 	191.946182 	213.050995 
26.800000 	124.681419 	198.000000 	191.946182 	213.050995 
26.900000 	124.681419 	198.000000 	191.946182 	213.050995 
27.000000 	124.632126 	198.000000 	191.968063 	213.125000 
27.100000 	124.632126 	198.000000 	191.968063 	213.125000 
27.200000 	124.632126 	198.000000 	191.968063 	213.125000 
27.300000 	124.632126 	198.000000 	191.968063 	213.125000 
27.400000 	124.632126 	198.000000 	191.968063 	213.125000 
27.500000 	124.632126 	198.000000 	191.968063 	213.125000 
27.600000 	124.632126 	198.000000 	191.968063 	213.125000 
27.700000 	124.632126 	198.000000 	191.968063 	213.125000 
27.800000 	124.632126 	198.000000 	191.968063 	213.125000 
27.900000 	124.632126 	198.000000 	191.968063 	213.125000 
28.000000 	124.575859 	198.000000 	191.989532 	213.199005 
28.100000 	124.575859 	198.000000 	191.989532 	213.199005 
28.200000 	124.575859 	198.000000 	191.989532 	213.199005 
28.300000 	124.575859 	198.000000 	191.989532 	213.199005 
28.400000 	124.575859 	198.000000 	191.989532 	213.199005 
28.500000 	124.575859 	198.000000 	191.989532 	213.199005 
28.600000 	124.575859 	198.000000 	191.989532 	213.199005 
28.700000 	124.575859 	198.000000 	191.989532 	213.199005 
28.800000 	124.575859 	198.000000 	191.989532 	213.199005 
28.900000 	124.575859 	198.000000 	191.989532 	213.199005 
29.000000 	124.511734 	198.000000 	192.010132 	213.272003 
29.100000 	124.511734 	198.000000 	192.010132 	213.272003 
29.200000 	124.511734 	198.000000 	192.010132 	213.272003 
29.300000 	124.511734 	198.000000 	192.010132 	213.272003 
29.400000 	124.511734 	198.000000 	192.010132 	213.272003 
29.500000 	124.511734 	198.000000 	192.010132 	213.272003 
29.600000 	124.511734 	198.000000 	192.010132 	213.272003 
29.700000 	124.511734 	198.000000 	192.010132 	213.272003 
29.800000 	124.511734 	198.000000 	192.010132 	213.272003 
29.900000 	124.511734 	198.000000 	192.010132 	213.272003 
30.000000 	124.439034 	198.000000 	192.029831 	213.343994 
30.100000 	124.439034 	198.000000 	192.029831 	213.343994 
30.200000 	124.439034 	198.000000 	192.029831 	213.343994 
30.300000 	124.439034 	198.000000 	192.029831 	213.343994 
30.400000 	124.439034 	198.000000 	192.029831 	213.343994 
30.500000 	124.439034 	198.000000 	192.029831 	213.343994 
30.600000 	124.439034 	198.000000 	192.029831 	213.343994 
30.700000 	124.439034 	198.000000 	192.029831 	213.343994 
30.800000 	124.439034 	198.000000 	192.029831 	213.343994 
30.900000 	124.439034 	198.000000 	192.029831 	213.343994 
31.000000 	124.356972 	198.000000 	192.048645 	213.414993 
31.100000 	124.356972 	198.000000 	192.048645 	213.414993 
31.200000 	124.356972 	198.000000 	192.048645 	213.414993 
31.300000 	124.356972 	198.000000 	192.048645 	213.414993 
31.400000 	124.356972 	198.000000 	192.048645 	213.414993 
31.500000 	124.356972 	198.000000 	192.048645 	213.414993 
31.600000 	124.356972 	198.000000 	192.048645 	213.414993 
31.700000 	124.356972 	198.000000 	192.048645 	213.414993 
31.800000 	124.356972 	198.000000 	192.048645 	213.414993 
31.900000 	124.356972 	198.000000 	192.048645 	213.414993 
32.000000 	124.264709 	198.000000 	192.066589 	213.485992 
32.100000 	124.264709 	198.000000 	192.066589 	213.485992 
32.200000 	124.264709 	198.000000 	192.066589 	213.485992 
32.300000 	124.264709 	198.000000 	192.066589 	213.485992 
32.400000 	124.264709 	198.000000 	192.066589 	213.485992 
32.500000 	124.264709 	198.000000 	192.066589 	213.485992 
32.600000 	124.264709 	198.000000 	192.066589 	213.485992 
32.700000 	124.264709 	198.000000 	192.066589 	213.485992 
32.800000 	124.264709 	198.000000 	192.066589 	213.485992 
32.900000 	124.264709 	198.000000 	192.066589 	213.485992 
33.000000 	124.161293 	198.000000 	192.083694 	213.554993 
33.100000 	124.161293 	198.000000 	192.083694 	213.554993 
33.200000 	124.161293 	198.000000 	192.083694 	213.554993 
33.300000 	124.161293 	198.000000 	192.083694 	213.554993 
33.400000 	124.161293 	198.000000 	192.083694 	213.554993 
33.500000 	124.161293 	198.000000 	192.083694 	213.554993 
33.600000 	124.161293 	198.000000 	192.083694 	213.554993 
33.700000 	124.161293 	198.000000 	192.083694 	213.554993 
33.800000 	124.161293 	198.000000 	192.083694 	213.554993 
33.900000 	124.161293 	198.000000 	192.083694 	213.554993 
34.000000 	124.045700 	198.000000 	192.100006 	213.623993 
34.100000 	124.045700 	198.000000 	192.100006 	213.623993 
34.200000 	124.045700 	198.000000 	192.100006 	213.623993 
34.300000 	124.045700 	198.000000 	192.100006 	213.623993 
34.400000 	124.045700 	198.000000 	192.100006 	213.623993 
34.500000 	124.045700 	198.000000 	192.100006 	213.623993 
34.600000 	124.045700 	198.000000 	192.100006 	213.623993 
34.700000 	124.045700 	198.000000 	192.100006 	213.623993 
34.800000 	124.045700 	198.000000 	192.100006 	213.623993 
34.900000 	124.045700 	198.000000 	192.100006 	213.623993 
35.000000 	123.916786 	198.000000 	192.115570 	213.690994 
35.100000 	123.916786 	198.000000 	192.115570 	213.690994 
35.200000 	123.916786 	198.000000 	192.115570 	213.690994 
35.300000 	123.916786 	198.000000 	192.115570 	213.690994 
35.400000 	123.916786 	198.000000 	192.115570 	213.690994 
35.500000 	123.916786 	198.000000 	192.115570 	213.690994 
35.600000 	123.916786 	198.000000 	192.115570 	213.690994 
35.700000 	123.916786 	198.000000 	192.115570 	213.690994 
35.800000 	123.916786 	198.000000 	192.115570 	213.690994 
35.900000 	123.916786 	198.000000 	192.115570 	213.690994 
36.000000 	123.773315 	198.000000 	192.130386 	213.761002 
36.100000 	123.773315 	198.000000 	192.130386 	213.761002 
36.200000 	123.773315 	198.000000 	192.130386 	213.761002 
36.300000 	123.773315 	198.000000 	192.130386 	213.761002 
36.400000 	123.773315 	198.000000 	192.130386 	213.761002 
36.500000 	123.773315 	198.000000 	192.130386 	213.761002 
36.600000 	123.773315 	198.000000 	192.130386 	213.761002 
36.700000 	123.773315 	198.000000 	192.130386 	213.761002 
36.800000 	123.773315 	198.000000 	192.130386 	213.761002 
36.900000 	123.773315 	198.000000 	192.130386 	213.761002 
37.000000 	123.613914 	198.000000 	192.144485 	213.826004 
37.100000 	123.613914 	198.000000 	192.144485 	213.826004 
37.200000 	123.613914 	198.000000 	192.144485 	213.826004 
37.300000 	123.613914 	198.000000 	192.144485 	213.826004 
37.400000 	123.613914 	198.000000 	192.144485 	213.826004 
37.500000 	123.613914 	198.000000 	192.144485 	213.826004 
37.600000 	123.613914 	198.000000 	192.144485 	213.826004 
37.700000 	123.613914 	198.000000 	192.144485 	213.826004 
37.800000 	123.613914 	198.000000 	192.144485 	213.826004 
37.900000 	123.613914 	198.000000 	192.144485 	213.826004 
38.000000 	123.437073 	198.000000 	192.157928 	213.889008 
38.100000 	123.437073 	198.000000 	192.157928 	213.889008 
38.200000 	123.437073 	198.000000 	192.157928 	213.889008 
38.300000 	123.437073 	198.000000 	192.157928 	213.889008 
38.400000 	123.437073 	198.000000 	192.157928 	213.889008 
38.500000 	123.437073 	198.000000 	192.157928 	213.889008 
38.600000 	123.437073 	198.000000 	192.157928 	213.889008 
38.700000 	123.437073 	198.000000 	192.157928 	213.889008 
38.800000 	123.437073 	198.000000 	192.157928 	213.889008 
38.900000 	123.437073 	198.000000 	192.157928 	213.889008 
39.000000 	123.241150 	198.000000 	192.170715 	213.951996 
39.100000 	123.241150 	198.000000 	192.170715 	213.951996 
39.200000 	123.241150 	198.000000 	192.170715 	213.951996 
39.300000 	123.241150 	198.000000 	192.170715 	213.951996 
39.400000 	123.241150 	198.000000 	192.170715 	213.951996 
39.500000 	123.241150 	198.000000 	192.170715 	213.951996 
39.600000 	123.241150 	198.000000 	192.170715 	213.951996 
39.700000 	123.241150 	198.000000 	192.170715 	213.951996 
39.800000 	123.241150 	198.000000 	192.170715 	213.951996 
39.900000 	123.241150 	198.000000 	192.170715 	213.951996 
40.000000 	123.024315 	198.000000 	192.182877 	214.011993 
40.100000 	123.024315 	198.000000 	192.182877 	214.011993 
40.200000 	123.024315 	198.000000 	192.182877 	214.011993 
40.300000 	123.024315 	198.000000 	192.182877 	214.011993 
40.400000 	123.024315 	198.000000 	192.182877 	214.011993 
40.500000 	123.024315 	198.000000 	192.182877 	214.011993 
40.600000 	123.024315 	198.000000 	192.182877 	214.011993 
40.700000 	123.024315 	198.000000 	192.182877 	214.011993 
40.800000 	123.024315 	198.000000 	192.182877 	214.011993 
40.900000 	123.024315 	198.000000 	192.182877 	214.011993 
41.000000 	122.784569 	198.000000 	192.194412 	214.072006 
41.100000 	122.784569 	198.000000 	192.194412 	214.072006 
41.200000 	122.784569 	198.000000 	192.194412 	214.072006 
41.300000 	122.784569 	198.000000 	192.194412 	214.072006 
41.400000 	122.784569 	198.000000 	192.194412 	214.072006 
41.500000 	122.784569 	198.000000 	192.194412 	214.072006 
41.600000 	122.784569 	198.000000 	192.194412 	214.072006 
41.700000 	122.784569 	198.000000 	192.194412 	214.072006 
41.800000 	122.784569 	198.000000 	192.194412 	214.072006 
41.900000 	122.784569 	198.000000 	192.194412 	214.072006 
42.000000 	122.519676 	198.000000 	192.205383 	214.128998 
42.100000 	122.519676 	198.000000 	192.205383 	214.128998 
42.200000 	122.519676 	198.000000 	192.205383 	214.128998 
42.300000 	122.519676 	198.000000 	192.205383 	214.128998 
42.400000 	122.519676 	198.000000 	192.205383 	214.128998 
42.500000 	122.519676 	198.000000 	192.205383 	214.128998 
42.600000 	122.519676 	198.000000 	192.205383 	214.128998 
42.700000 	122.519676 	198.000000 	192.205383 	214.128998 
42.800000 	122.519676 	198.000000 	192.205383 	214.128998 
42.900000 	122.519676 	198.000000 	192.205383 	214.128998 
43.000000 	122.227173 	198.000000 	192.215759 	214.186005 
43.100000 	122.227173 	198.000000 	192.215759 	214.186005 
43.200000 	122.227173 	198.000000 	192.215759 	214.186005 
43.300000 	122.227173 	198.000000 	192.215759 	214.186005 
43.400000 	122.227173 	198.000000 	192.215759 	214.186005 
43.500000 	122.227173 	198.000000 	192.215759 	214.186005 
43.600000 	122.227173 	198.000000 	192.215759 	214.186005 
43.700000 	122.227173 	198.000000 	192.215759 	214.186005 
43.800000 	122.227173 	198.000000 	192.215759 	214.186005 
43.900000 	122.227173 	198.000000 	192.215759 	214.186005 
44.000000 	121.904305 	198.000000 	192.225571 	214.240005 
44.100000 	121.904305 	198.000000 	192.225571 	214.240005 
44.200000 	121.904305 	198.000000 	192.225571 	214.240005 
44.300000 	121.904305 	198.000000 	192.225571 	214.240005 
44.400000 	121.904305 	198.000000 	192.225571 	214.240005 
44.500000 	121.904305 	198.000000 	192.225571 	214.240005 
44.600000 	121.904305 	198.000000 	192.225571 	214.240005 
44.700000 	121.904305 	198.000000 	192.225571 	214.240005 
44.800000 	121.904305 	198.000000 	192.225571 	214.240005 
44.900000 	121.904305 	198.000000 	192.225571 	214.240005 
45.000000 	121.547997 	198.000000 	192.234833 	214.292999 
45.100000 	121.547997 	198.000000 	192.234833 	214.292999 
45.200000 	121.547997 	198.000000 	192.234833 	214.292999 
45.300000 	121.547997 	198.000000 	192.234833 	214.292999 
45.400000 	121.547997 	198.000000 	192.234833 	214.292999 
45.500000 	121.547997 	198.000000 	192.234833 	214.292999 
45.600000 	121.547997 	198.000000 	192.234833 	214.292999 
45.700000 	121.547997 	198.000000 	192.234833 	214.292999 
45.800000 	121.547997 	198.000000 	192.234833 	214.292999 
45.900000 	121.547997 	198.000000 	192.234833 	214.292999 
46.000000 	121.154785 	198.000000 	192.243561 	214.343994 
46.100000 	121.154785 	198.000000 	192.243561 	214.343994 
46.200000 	121.154785 	198.000000 	192.243561 	214.343994 
46.300000 	121.154785 	198.000000 	192.243561 	214.343994 
46.400000 	121.154785 	198.000000 	192.243561 	214.343994 
46.500000 	121.154785 	198.000000 	192.243561 	214.343994 
46.600000 	121.154785 	198.000000 	192.243561 	214.343994 
46.700000 	121.154785 	198.000000 	192.243561 	214.343994 
46.800000 	121.154785 	198.000000 	192.243561 	214.343994 
46.900000 	121.154785 	198.000000 	192.243561 	214.343994 
47.000000 	120.720779 	198.000000 	192.251724 	214.393005 
47.100000 	120.720779 	198.000000 	192.251724 	214.393005 
47.200000 	120.720779 	198.000000 	192.251724 	214.393005 
47.300000 	120.720779 	198.000000 	192.251724 	214.393005 
47.400000 	120.720779 	198.000000 	192.251724 	214.393005 
47.500000 	120.720779 	198.000000 	192.251724 	214.393005 
47.600000 	120.720779 	198.000000 	192.251724 	214.393005 
47.700000 	120.720779 	198.000000 	192.251724 	214.393005 
47.800000 	120.720779 	198.000000 	192.251724 	214.393005 
47.900000 	120.720779 	198.000000 	192.251724 	214.393005 
48.000000 	120.241562 	198.000000 	192.259369 	214.440002 
48.100000 	120.241562 	198.000000 	192.259369 	214.440002 
48.200000 	120.241562 	198.000000 	192.259369 	214.440002 
48.300000 	120.241562 	198.000000 	192.259369 	214.440002 
48.400000 	120.241562 	198.000000 	192.259369 	214.440002 
48.500000 	120.241562 	198.000000 	192.259369 	214.440002 
48.600000 	120.241562 	198.000000 	192.259369 	214.440002 
48.700000 	120.241562 	198.000000 	192.259369 	214.440002 
48.800000 	120.241562 	198.000000 	192.259369 	214.440002 
48.900000 	120.241562 	198.000000 	192.259369 	214.440002 
49.000000 	119.712105 	198.000000 	192.266464 	214.485001 
49.100000 	119.712105 	198.000000 	192.266464 	214.485001 
49.200000 	119.712105 	198.000000 	192.266464 	214.485001 
49.300000 	119.712105 	198.000000 	192.266464 	214.485001 
49.400000 	119.712105 	198.000000 	192.266464 	214.485001 
49.500000 	119.712105 	198.000000 	192.266464 	214.485001 
49.600000 	119.712105 	198.000000 	192.266464 	214.485001 
49.700000 	119.712105 	198.000000 	192.266464 	214.485001 
49.800000 	119.712105 	198.000000 	192.266464 	214.485001 
49.900000 	119.712105 	198.000000 	192.266464 	214.485001 
50.000000 	119.126648 	198.000000 	192.273010 	214.528000 
50.100000 	119.126648 	198.000000 	192.273010 	214.528000 
50.200000 	119.126648 	198.000000 	192.273010 	214.528000 
50.300000 	119.126648 	198.000000 	192.273010 	214.528000 
50.400000 	119.126648 	198.000000 	192.273010 	214.528000 
50.500000 	119.126648 	198.000000 	192.273010 	214.528000 
50.600000 	119.126648 	198.000000 	192.273010 	214.528000 
50.700000 	119.126648 	198.000000 	192.273010 	214.528000 
50.800000 	119.126648 	198.000000 	192.273010 	214.528000 
50.900000 	119.126648 	198.000000 	192.273010 	214.528000 
51.000000 	118.478546 	198.000000 	192.279022 	1003.359985 
51.100000 	118.478546 	198.000000 	192.279022 	1003.359985 
51.200000 	118.478546 	198.000000 	192.279022 	1003.359985 
51.300000 	118.478546 	198.000000 	192.279022 	1003.359985 
51.400000 	118.478546 	198.000000 	192.279022 	1003.359985 
51.500000 	118.478546 	198.000000 	192.279022 	1003.359985 
51.600000 	118.478546 	198.000000 	192.279022 	1003.359985 
51.700000 	118.478546 	198.000000 	192.279022 	1003.359985 
51.800000 	118.478546 	198.000000 	192.279022 	1003.359985 
51.900000 	118.478546 	198.000000 	192.279022 	1003.359985 
52.000000 	117.760086 	198.000000 	192.284485 	1003.359985 
52.100000 	117.760086 	198.000000 	192.284485 	1003.359985 
52.200000 	117.760086 	198.000000 	192.284485 	1003.359985 
52.300000 	117.760086 	198.000000 	192.284485 	1003.359985 
52.400000 	117.760086 	198.000000 	192.284485 	1003.359985 
52.500000 	117.760086 	198.000000 	192.284485 	1003.359985 
52.600000 	117.760086 	198.000000 	192.284485 	1003.359985 
52.700000 	117.760086 	198.000000 	192.284485 	1003.359985 
52.800000 	117.760086 	198.000000 	192.284485 	1003.359985 
52.900000 	117.760086 	198.000000 	192.284485 	1003.359985 
53.000000 	116.962234 	198.000000 	192.289368 	1003.359985 
53.100000 	116.962234 	198.000000 	192.289368 	1003.359985 
53.200000 	116.962234 	198.000000 	192.289368 	1003.359985 
53.300000 	116.962234 	198.000000 	192.289368 	1003.359985 
53.400000 	116.962234 	198.000000 	192.289368 	1003.359985 
53.500000 	116.962234 	198.000000 	192.289368 	1003.359985 
53.600000 	116.962234 	198.000000 	192.289368 	1003.359985 
53.700000 	116.962234 	198.000000 	192.289368 	1003.359985 
53.800000 	116.962234 	198.000000 	192.289368 	1003.359985 
53.900000 	116.962234 	198.000000 	192.289368 	1003.359985 
54.000000 	116.074318 	198.000000 	192.293701 	1003.359985 
54.100000 	116.074318 	198.000000 	192.293701 	1003.359985 
54.200000 	116.074318 	198.000000 	192.293701 	1003.359985 
54.300000 	116.074318 	198.000000 	192.293701 	1003.359985 
54.400000 	116.074318 	198.000000 	192.293701 	1003.359985 
54.500000 	116.074318 	198.000000 	192.293701 	1003.359985 
54.600000 	116.074318 	198.000000 	192.293701 	1003.359985 
54.700000 	116.074318 	198.000000 	192.293701 	1003.359985 
54.800000 	116.074318 	198.000000 	192.293701 	1003.359985 
54.900000 	116.074318 	198.000000 	192.293701 	1003.359985 
55.000000 	115.083580 	198.000000 	192.297440 	1003.359985 
55.100000 	115.083580 	198.000000 	192.297440 	1003.359985 
55.200000 	115.083580 	198.000000 	192.297440 	1003.359985 
55.300000 	115.083580 	198.000000 	192.297440 	1003.359985 
55.400000 	115.083580 	198.000000 	192.297440 	1003.359985 
55.500000 	115.083580 	198.000000 	192.297440 	1003.359985 
55.600000 	115.083580 	198.000000 	192.297440 	1003.359985 
55.700000 	115.083580 	198.000000 	192.297440 	1003.359985 
55.800000 	115.083580 	198.000000 	192.297440 	1003.359985 
55.900000 	115.083580 	198.000000 	192.297440 	1003.359985 
56.000000 	113.974457 	198.000000 	192.300629 	1003.359985 
56.100000 	113.974457 	198.000000 	192.300629 	1003.359985 
56.200000 	113.974457 	198.000000 	192.300629 	1003.359985 
56.300000 	113.974457 	198.000000 	192.300629 	1003.359985 
56.400000 	113.974457 	198.000000 	192.300629 	1003.359985 
56.500000 	113.974457 	198.000000 	192.300629 	1003.359985 
56.600000 	113.974457 	198.000000 	192.300629 	1003.359985 
56.700000 	113.974457 	198.000000 	192.300629 	1003.359985 
56.800000 	113.974457 	198.000000 	192.300629 	1003.359985 
56.900000 	113.974457 	198.000000 	192.300629 	1003.359985 
57.000000 	112.727226 	198.000000 	192.303436 	1003.359985 
57.100000 	112.727226 	198.000000 	192.303436 	1003.359985 
57.200000 	112.727226 	198.000000 	192.303436 	1003.359985 
57.300000 	112.727226 	198.000000 	192.303436 	1003.359985 
57.400000 	112.727226 	198.000000 	192.303436 	1003.359985 
57.500000 	112.727226 	198.000000 	192.303436 	1003.359985 
57.600000 	112.727226 	198.000000 	192.303436 	1003.359985 
57.700000 	112.727226 	198.000000 	192.303436 	1003.359985 
57.800000 	112.727226 	198.000000 	192.303436 	1003.359985 
57.900000 	112.727226 	198.000000 	192.303436 	1003.359985 
58.000000 	111.325317 	198.000000 	192.304932 	1003.359985 
58.100000 	111.325317 	198.000000 	192.304932 	1003.359985 
58.200000 	111.325317 	198.000000 	192.304932 	1003.359985 
58.300000 	111.325317 	198.000000 	192.304932 	1003.359985 
58.400000 	111.325317 	198.000000 	192.304932 	1003.359985 
58.500000 	111.325317 	198.000000 	192.304932 	1003.359985 
58.600000 	111.325317 	198.000000 	192.304932 	1003.359985 
58.700000 	111.325317 	198.000000 	192.304932 	1003.359985 
58.800000 	111.325317 	198.000000 	192.304932 	1003.359985 
58.900000 	111.325317 	198.000000 	192.304932 	1003.359985 
59.000000 	109.736076 	198.000000 	192.305649 	1003.359985 
59.100000 	109.736076 	198.000000 	192.305649 	1003.359985 
59.200000 	109.736076 	198.000000 	192.305649 	1003.359985 
59.300000 	109.736076 	198.000000 	192.305649 	1003.359985 
59.400000 	109.736076 	198.000000 	192.305649 	1003.359985 
59.500000 	109.736076 	198.000000 	192.305649 	1003.359985 
59.600000 	109.736076 	198.000000 	192.305649 	1003.359985 
59.700000 	109.736076 	198.000000 	192.305649 	1003.359985 
59.800000 	109.736076 	198.000000 	192.305649 	1003.359985 
59.900000 	109.736076 	198.000000 	192.305649 	1003.359985 
60.000000 	107.923187 	198.000000 	192.305511 	1003.359985 
