0.500000 	0.000000 	175.000000 	0.000000 	192.585007 
0.600000 	0.000000 	175.000000 	0.000000 	192.585007 
0.700000 	0.000000 	175.000000 	0.000000 	192.585007 
0.800000 	0.000000 	175.000000 	0.000000 	173.869003 
0.900000 	88.341042 	175.000000 	117.814613 	177.593994 
1.000000 	100.190392 	175.000000 	141.047806 	180.169998 
1.100000 	100.190392 	175.000000 	141.047806 	180.169998 
1.200000 	100.190392 	175.000000 	141.047806 	180.169998 
1.300000 	100.190392 	175.000000 	141.047806 	180.169998 
1.400000 	100.190392 	175.000000 	141.047806 	180.169998 
1.500000 	100.190392 	175.000000 	141.047806 	180.169998 
1.600000 	100.190392 	175.000000 	141.047806 	180.169998 
1.700000 	100.190392 	175.000000 	141.047806 	180.169998 
1.800000 	100.190392 	175.000000 	141.047806 	180.169998 
1.900000 	100.190392 	175.000000 	141.047806 	180.169998 
2.000000 	98.198326 	175.000000 	157.369049 	187.735001 
2.100000 	98.198326 	175.000000 	157.369049 	187.735001 
2.200000 	98.198326 	175.000000 	157.369049 	187.735001 
2.300000 	98.198326 	175.000000 	157.369049 	187.735001 
2.400000 	98.198326 	175.000000 	157.369049 	187.735001 
2.500000 	98.198326 	175.000000 	157.369049 	187.735001 
2.600000 	98.198326 	175.000000 	157.369049 	187.735001 
2.700000 	98.198326 	175.000000 	157.369049 	187.735001 
2.800000 	98.198326 	175.000000 	157.369049 	187.735001 
2.900000 	98.198326 	175.000000 	157.369049 	187.735001 
3.000000 	101.289574 	175.000000 	178.349838 	189.074005 
3.100000 	101.289574 	175.000000 	178.349838 	189.074005 
3.200000 	101.289574 	175.000000 	178.349838 	189.074005 
3.300000 	101.289574 	175.000000 	178.349838 	189.074005 
3.400000 	101.289574 	175.000000 	178.349838 	189.074005 
3.500000 	101.289574 	175.000000 	178.349838 	189.074005 
3.600000 	101.289574 	175.000000 	178.349838 	189.074005 
3.700000 	101.289574 	175.000000 	178.349838 	189.074005 
3.800000 	101.289574 	175.000000 	178.349838 	189.074005 
3.900000 	101.289574 	175.000000 	178.349838 	189.074005 
4.000000 	111.224716 	175.000000 	174.246628 	189.580002 
4.100000 	111.224716 	175.000000 	174.246628 	189.580002 
4.200000 	111.224716 	175.000000 	174.246628 	189.580002 
4.300000 	111.224716 	175.000000 	174.246628 	189.580002 
4.400000 	111.224716 	175.000000 	174.246628 	189.580002 
4.500000 	111.224716 	175.000000 	174.246628 	189.580002 
4.600000 	111.224716 	175.000000 	174.246628 	189.580002 
4.700000 	111.224716 	175.000000 	174.246628 	189.580002 
4.800000 	111.224716 	175.000000 	174.246628 	189.580002 
4.900000 	111.224716 	175.000000 	174.246628 	189.580002 
5.000000 	116.919411 	175.000000 	171.279633 	189.848999 
5.100000 	116.919411 	175.000000 	171.279633 	189.848999 
5.200000 	116.919411 	175.000000 	171.279633 	189.848999 
5.300000 	116.919411 	175.000000 	171.279633 	189.848999 
5.400000 	116.919411 	175.000000 	171.279633 	189.848999 
5.500000 	116.919411 	175.000000 	171.279633 	189.848999 
5.600000 	116.919411 	175.000000 	171.279633 	189.848999 
5.700000 	116.919411 	175.000000 	171.279633 	189.848999 
5.800000 	116.919411 	175.000000 	171.279633 	189.848999 
5.900000 	116.919411 	175.000000 	171.279633 	189.848999 
6.000000 	120.068306 	175.000000 	169.594162 	190.026001 
6.100000 	120.068306 	175.000000 	169.594162 	190.026001 
6.200000 	120.068306 	175.000000 	169.594162 	190.026001 
6.300000 	120.068306 	175.000000 	169.594162 	190.026001 
6.400000 	120.068306 	175.000000 	169.594162 	190.026001 
6.500000 	120.068306 	175.000000 	169.594162 	190.026001 
6.600000 	120.068306 	175.000000 	169.594162 	190.026001 
6.700000 	120.068306 	175.000000 	169.594162 	190.026001 
6.800000 	120.068306 	175.000000 	169.594162 	190.026001 
6.900000 	120.068306 	175.000000 	169.594162 	190.026001 
7.000000 	121.872757 	175.000000 	168.671265 	190.160995 
7.100000 	121.872757 	175.000000 	168.671265 	190.160995 
7.200000 	121.872757 	175.000000 	168.671265 	190.160995 
7.300000 	121.872757 	175.000000 	168.671265 	190.160995 
7.400000 	121.872757 	175.000000 	168.671265 	190.160995 
7.500000 	121.872757 	175.000000 	168.671265 	190.160995 
7.600000 	121.872757 	175.000000 	168.671265 	190.160995 
7.700000 	121.872757 	175.000000 	168.671265 	190.160995 
7.800000 	121.872757 	175.000000 	168.671265 	190.160995 
7.900000 	121.872757 	175.000000 	168.671265 	190.160995 
8.000000 	122.947746 	175.000000 	168.170197 	190.274002 
8.100000 	122.947746 	175.000000 	168.170197 	190.274002 
8.200000 	122.947746 	175.000000 	168.170197 	190.274002 
8.300000 	122.947746 	175.000000 	168.170197 	190.274002 
8.400000 	122.947746 	175.000000 	168.170197 	190.274002 
8.500000 	122.947746 	175.000000 	168.170197 	190.274002 
8.600000 	122.947746 	175.000000 	168.170197 	190.274002 
8.700000 	122.947746 	175.000000 	168.170197 	190.274002 
8.800000 	122.947746 	175.000000 	168.170197 	190.274002 
8.900000 	122.947746 	175.000000 	168.170197 	190.274002 
9.000000 	123.609505 	175.000000 	167.901077 	190.376007 
9.100000 	123.609505 	175.000000 	167.901077 	190.376007 
9.200000 	123.609505 	175.000000 	167.901077 	190.376007 
9.300000 	123.609505 	175.000000 	167.901077 	190.376007 
9.400000 	123.609505 	175.000000 	167.901077 	190.376007 
9.500000 	123.609505 	175.000000 	167.901077 	190.376007 
9.600000 	123.609505 	175.000000 	167.901077 	190.376007 
9.700000 	123.609505 	175.000000 	167.901077 	190.376007 
9.800000 	123.609505 	175.000000 	167.901077 	190.376007 
9.900000 	123.609505 	175.000000 	167.901077 	190.376007 
10.000000 	124.027168 	175.000000 	167.766632 	190.470993 
10.100000 	124.027168 	175.000000 	167.766632 	190.470993 
10.200000 	124.027168 	175.000000 	167.766632 	190.470993 
10.300000 	124.027168 	175.000000 	167.766632 	190.470993 
10.400000 	124.027168 	175.000000 	167.766632 	190.470993 
10.500000 	124.027168 	175.000000 	167.766632 	190.470993 
10.600000 	124.027168 	175.000000 	167.766632 	190.470993 
10.700000 	124.027168 	175.000000 	167.766632 	190.470993 
10.800000 	124.027168 	175.000000 	167.766632 	190.470993 
10.900000 	124.027168 	175.000000 	167.766632 	190.470993 
11.000000 	124.295105 	175.000000 	167.710968 	190.563004 
11.100000 	124.295105 	175.000000 	167.710968 	190.563004 
11.200000 	124.295105 	175.000000 	167.710968 	190.563004 
11.300000 	124.295105 	175.000000 	167.710968 	190.563004 
11.400000 	124.295105 	175.000000 	167.710968 	190.563004 
11.500000 	124.295105 	175.000000 	167.710968 	190.563004 
11.600000 	124.295105 	175.000000 	167.710968 	190.563004 
11.700000 	124.295105 	175.000000 	167.710968 	190.563004 
11.800000 	124.295105 	175.000000 	167.710968 	190.563004 
11.900000 	124.295105 	175.000000 	167.710968 	190.563004 
12.000000 	124.468102 	175.000000 	167.701874 	190.651993 
12.100000 	124.468102 	175.000000 	167.701874 	190.651993 
12.200000 	124.468102 	175.000000 	167.701874 	190.651993 
12.300000 	124.468102 	175.000000 	167.701874 	190.651993 
12.400000 	124.468102 	175.000000 	167.701874 	190.651993 
12.500000 	124.468102 	175.000000 	167.701874 	190.651993 
12.600000 	124.468102 	175.000000 	167.701874 	190.651993 
12.700000 	124.468102 	175.000000 	167.701874 	190.651993 
12.800000 	124.468102 	175.000000 	167.701874 	190.651993 
12.900000 	124.468102 	175.000000 	167.701874 	190.651993 
13.000000 	124.579102 	175.000000 	167.720367 	190.740005 
13.100000 	124.579102 	175.000000 	167.720367 	190.740005 
13.200000 	124.579102 	175.000000 	167.720367 	190.740005 
13.300000 	124.579102 	175.000000 	167.720367 	190.740005 
13.400000 	124.579102 	175.000000 	167.720367 	190.740005 
13.500000 	124.579102 	175.000000 	167.720367 	190.740005 
13.600000 	124.579102 	175.000000 	167.720367 	190.740005 
13.700000 	124.579102 	175.000000 	167.720367 	190.740005 
13.800000 	124.579102 	175.000000 	167.720367 	190.740005 
13.900000 	124.579102 	175.000000 	167.720367 	190.740005 
14.000000 	124.648506 	175.000000 	167.755005 	190.828003 
14.100000 	124.648506 	175.000000 	167.755005 	190.828003 
14.200000 	124.648506 	175.000000 	167.755005 	190.828003 
14.300000 	124.648506 	175.000000 	167.755005 	190.828003 
14.400000 	124.648506 	175.000000 	167.755005 	190.828003 
14.500000 	124.648506 	175.000000 	167.755005 	190.828003 
14.600000 	124.648506 	175.000000 	167.755005 	190.828003 
14.700000 	124.648506 	175.000000 	167.755005 	190.828003 
14.800000 	124.648506 	175.000000 	167.755005 	190.828003 
14.900000 	124.648506 	175.000000 	167.755005 	190.828003 
15.000000 	124.689278 	175.000000 	167.798798 	190.914993 
15.100000 	124.689278 	175.000000 	167.798798 	190.914993 
15.200000 	124.689278 	175.000000 	167.798798 	190.914993 
15.300000 	124.689278 	175.000000 	167.798798 	190.914993 
15.400000 	124.689278 	175.000000 	167.798798 	190.914993 
15.500000 	124.689278 	175.000000 	167.798798 	190.914993 
15.600000 	124.689278 	175.000000 	167.798798 	190.914993 
15.700000 	124.689278 	175.000000 	167.798798 	190.914993 
15.800000 	124.689278 	175.000000 	167.798798 	190.914993 
15.900000 	124.689278 	175.000000 	167.798798 	190.914993 
16.000000 	124.709816 	175.000000 	167.847412 	191.003006 
16.100000 	124.709816 	175.000000 	167.847412 	191.003006 
16.200000 	124.709816 	175.000000 	167.847412 	191.003006 
16.300000 	124.709816 	175.000000 	167.847412 	191.003006 
16.400000 	124.709816 	175.000000 	167.847412 	191.003006 
16.500000 	124.709816 	175.000000 	167.847412 	191.003006 
16.600000 	124.709816 	175.000000 	167.847412 	191.003006 
16.700000 	124.709816 	175.000000 	167.847412 	191.003006 
16.800000 	124.709816 	175.000000 	167.847412 	191.003006 
16.900000 	124.709816 	175.000000 	167.847412 	191.003006 
17.000000 	124.715630 	175.000000 	167.898117 	191.089996 
17.100000 	124.715630 	175.000000 	167.898117 	191.089996 
17.200000 	124.715630 	175.000000 	167.898117 	191.089996 
17.300000 	124.715630 	175.000000 	167.898117 	191.089996 
17.400000 	124.715630 	175.000000 	167.898117 	191.089996 
17.500000 	124.715630 	175.000000 	167.898117 	191.089996 
17.600000 	124.715630 	175.000000 	167.898117 	191.089996 
17.700000 	124.715630 	175.000000 	167.898117 	191.089996 
17.800000 	124.715630 	175.000000 	167.898117 	191.089996 
17.900000 	124.715630 	175.000000 	167.898117 	191.089996 
18.000000 	124.710365 	175.000000 	167.949203 	191.177994 
18.100000 	124.710365 	175.000000 	167.949203 	191.177994 
18.200000 	124.710365 	175.000000 	167.949203 	191.177994 
18.300000 	124.710365 	175.000000 	167.949203 	191.177994 
18.400000 	124.710365 	175.000000 	167.949203 	191.177994 
18.500000 	124.710365 	175.000000 	167.949203 	191.177994 
18.600000 	124.710365 	175.000000 	167.949203 	191.177994 
18.700000 	124.710365 	175.000000 	167.949203 	191.177994 
18.800000 	124.710365 	175.000000 	167.949203 	191.177994 
18.900000 	124.710365 	175.000000 	167.949203 	191.177994 
19.000000 	124.696426 	175.000000 	167.999619 	191.264999 
19.100000 	124.696426 	175.000000 	167.999619 	191.264999 
19.200000 	124.696426 	175.000000 	167.999619 	191.264999 
19.300000 	124.696426 	175.000000 	167.999619 	191.264999 
19.400000 	124.696426 	175.000000 	167.999619 	191.264999 
19.500000 	124.696426 	175.000000 	167.999619 	191.264999 
19.600000 	124.696426 	175.000000 	167.999619 	191.264999 
19.700000 	124.696426 	175.000000 	167.999619 	191.264999 
19.800000 	124.696426 	175.000000 	167.999619 	191.264999 
19.900000 	124.696426 	175.000000 	167.999619 	191.264999 
20.000000 	124.675377 	175.000000 	168.048721 	191.352005 
20.100000 	124.675377 	175.000000 	168.048721 	191.352005 
20.200000 	124.675377 	175.000000 	168.048721 	191.352005 
20.300000 	124.675377 	175.000000 	168.048721 	191.352005 
20.400000 	124.675377 	175.000000 	168.048721 	191.352005 
20.500000 	124.675377 	175.000000 	168.048721 	191.352005 
20.600000 	124.675377 	175.000000 	168.048721 	191.352005 
20.700000 	124.675377 	175.000000 	168.048721 	191.352005 
20.800000 	124.675377 	175.000000 	168.048721 	191.352005 
20.900000 	124.675377 	175.000000 	168.048721 	191.352005 
21.000000 	124.648193 	175.000000 	168.096146 	191.438995 
21.100000 	124.648193 	175.000000 	168.096146 	191.438995 
21.200000 	124.648193 	175.000000 	168.096146 	191.438995 
21.300000 	124.648193 	175.000000 	168.096146 	191.438995 
21.400000 	124.648193 	175.000000 	168.096146 	191.438995 
21.500000 	124.648193 	175.000000 	168.096146 	191.438995 
21.600000 	124.648193 	175.000000 	168.096146 	191.438995 
21.700000 	124.648193 	175.000000 	168.096146 	191.438995 
21.800000 	124.648193 	175.000000 	168.096146 	191.438995 
21.900000 	124.648193 	175.000000 	168.096146 	191.438995 
22.000000 	124.615433 	175.000000 	168.141663 	191.526001 
22.100000 	124.615433 	175.000000 	168.141663 	191.526001 
22.200000 	124.615433 	175.000000 	168.141663 	191.526001 
22.300000 	124.615433 	175.000000 	168.141663 	191.526001 
22.400000 	124.615433 	175.000000 	168.141663 	191.526001 
22.500000 	124.615433 	175.000000 	168.141663 	191.526001 
22.600000 	124.615433 	175.000000 	168.141663 	191.526001 
22.700000 	124.615433 	175.000000 	168.141663 	191.526001 
22.800000 	124.615433 	175.000000 	168.141663 	191.526001 
22.900000 	124.615433 	175.000000 	168.141663 	191.526001 
23.000000 	124.577347 	175.000000 	168.185181 	191.612000 
23.100000 	124.577347 	175.000000 	168.185181 	191.612000 
23.200000 	124.577347 	175.000000 	168.185181 	191.612000 
23.300000 	124.577347 	175.000000 	168.185181 	191.612000 
23.400000 	124.577347 	175.000000 	168.185181 	191.612000 
23.500000 	124.577347 	175.000000 	168.185181 	191.612000 
23.600000 	124.577347 	175.000000 	168.185181 	191.612000 
23.700000 	124.577347 	175.000000 	168.185181 	191.612000 
23.800000 	124.577347 	175.000000 	168.185181 	191.612000 
23.900000 	124.577347 	175.000000 	168.185181 	191.612000 
24.000000 	124.533897 	175.000000 	168.226654 	191.697998 
24.100000 	124.533897 	175.000000 	168.226654 	191.697998 
24.200000 	124.533897 	175.000000 	168.226654 	191.697998 
24.300000 	124.533897 	175.000000 	168.226654 	191.697998 
24.400000 	124.533897 	175.000000 	168.226654 	191.697998 
24.500000 	124.533897 	175.000000 	168.226654 	191.697998 
24.600000 	124.533897 	175.000000 	168.226654 	191.697998 
24.700000 	124.533897 	175.000000 	168.226654 	191.697998 
24.800000 	124.533897 	175.000000 	168.226654 	191.697998 
24.900000 	124.533897 	175.000000 	168.226654 	191.697998 
25.000000 	124.485031 	175.000000 	168.266144 	191.783997 
25.100000 	124.485031 	175.000000 	168.266144 	191.783997 
25.200000 	124.485031 	175.000000 	168.266144 	191.783997 
25.300000 	124.485031 	175.000000 	168.266144 	191.783997 
25.400000 	124.485031 	175.000000 	168.266144 	191.783997 
25.500000 	124.485031 	175.000000 	168.266144 	191.783997 
25.600000 	124.485031 	175.000000 	168.266144 	191.783997 
25.700000 	124.485031 	175.000000 	168.266144 	191.783997 
25.800000 	124.485031 	175.000000 	168.266144 	191.783997 
25.900000 	124.485031 	175.000000 	168.266144 	191.783997 
26.000000 	124.430428 	175.000000 	168.303680 	191.869003 
26.100000 	124.430428 	175.000000 	168.303680 	191.869003 
26.200000 	124.430428 	175.000000 	168.303680 	191.869003 
26.300000 	124.430428 	175.000000 	168.303680 	191.869003 
26.400000 	124.430428 	175.000000 	168.303680 	191.869003 
26.500000 	124.430428 	175.000000 	168.303680 	191.869003 
26.600000 	124.430428 	175.000000 	168.303680 	191.869003 
26.700000 	124.430428 	175.000000 	168.303680 	191.869003 
26.800000 	124.430428 	175.000000 	168.303680 	191.869003 
26.900000 	124.430428 	175.000000 	168.303680 	191.869003 
27.000000 	124.369667 	175.000000 	168.339355 	191.953003 
27.100000 	124.369667 	175.000000 	168.339355 	191.953003 
27.200000 	124.369667 	175.000000 	168.339355 	191.953003 
27.300000 	124.369667 	175.000000 	168.339355 	191.953003 
27.400000 	124.369667 	175.000000 	168.339355 	191.953003 
27.500000 	124.369667 	175.000000 	168.339355 	191.953003 
27.600000 	124.369667 	175.000000 	168.339355 	191.953003 
27.700000 	124.369667 	175.000000 	168.339355 	191.953003 
27.800000 	124.369667 	175.000000 	168.339355 	191.953003 
27.900000 	124.369667 	175.000000 	168.339355 	191.953003 
28.000000 	124.302223 	175.000000 	168.373199 	192.037003 
28.100000 	124.302223 	175.000000 	168.373199 	192.037003 
28.200000 	124.302223 	175.000000 	168.373199 	192.037003 
28.300000 	124.302223 	175.000000 	168.373199 	192.037003 
28.400000 	124.302223 	175.000000 	168.373199 	192.037003 
28.500000 	124.302223 	175.000000 	168.373199 	192.037003 
28.600000 	124.302223 	175.000000 	168.373199 	192.037003 
28.700000 	124.302223 	175.000000 	168.373199 	192.037003 
28.800000 	124.302223 	175.000000 	168.373199 	192.037003 
28.900000 	124.302223 	175.000000 	168.373199 	192.037003 
29.000000 	124.227493 	175.000000 	168.405319 	192.119995 
29.100000 	124.227493 	175.000000 	168.405319 	192.119995 
29.200000 	124.227493 	175.000000 	168.405319 	192.119995 
29.300000 	124.227493 	175.000000 	168.405319 	192.119995 
29.400000 	124.227493 	175.000000 	168.405319 	192.119995 
29.500000 	124.227493 	175.000000 	168.405319 	192.119995 
29.600000 	124.227493 	175.000000 	168.405319 	192.119995 
29.700000 	124.227493 	175.000000 	168.405319 	192.119995 
29.800000 	124.227493 	175.000000 	168.405319 	192.119995 
29.900000 	124.227493 	175.000000 	168.405319 	192.119995 
30.000000 	124.144775 	175.000000 	168.435791 	192.201004 
30.100000 	124.144775 	175.000000 	168.435791 	192.201004 
30.200000 	124.144775 	175.000000 	168.435791 	192.201004 
30.300000 	124.144775 	175.000000 	168.435791 	192.201004 
30.400000 	124.144775 	175.000000 	168.435791 	192.201004 
30.500000 	124.144775 	175.000000 	168.435791 	192.201004 
30.600000 	124.144775 	175.000000 	168.435791 	192.201004 
30.700000 	124.144775 	175.000000 	168.435791 	192.201004 
30.800000 	124.144775 	175.000000 	168.435791 	192.201004 
30.900000 	124.144775 	175.000000 	168.435791 	192.201004 
31.000000 	124.053276 	175.000000 	168.464676 	192.281998 
31.100000 	124.053276 	175.000000 	168.464676 	192.281998 
31.200000 	124.053276 	175.000000 	168.464676 	192.281998 
31.300000 	124.053276 	175.000000 	168.464676 	192.281998 
31.400000 	124.053276 	175.000000 	168.464676 	192.281998 
31.500000 	124.053276 	175.000000 	168.464676 	192.281998 
31.600000 	124.053276 	175.000000 	168.464676 	192.281998 
31.700000 	124.053276 	175.000000 	168.464676 	192.281998 
31.800000 	124.053276 	175.000000 	168.464676 	192.281998 
31.900000 	124.053276 	175.000000 	168.464676 	192.281998 
32.000000 	123.952133 	175.000000 	168.492050 	192.362000 
32.100000 	123.952133 	175.000000 	168.492050 	192.362000 
32.200000 	123.952133 	175.000000 	168.492050 	192.362000 
32.300000 	123.952133 	175.000000 	168.492050 	192.362000 
32.400000 	123.952133 	175.000000 	168.492050 	192.362000 
32.500000 	123.952133 	175.000000 	168.492050 	192.362000 
32.600000 	123.952133 	175.000000 	168.492050 	192.362000 
32.700000 	123.952133 	175.000000 	168.492050 	192.362000 
32.800000 	123.952133 	175.000000 	168.492050 	192.362000 
32.900000 	123.952133 	175.000000 	168.492050 	192.362000 
33.000000 	123.840385 	175.000000 	168.517990 	192.440994 
33.100000 	123.840385 	175.000000 	168.517990 	192.440994 
33.200000 	123.840385 	175.000000 	168.517990 	192.440994 
33.300000 	123.840385 	175.000000 	168.517990 	192.440994 
33.400000 	123.840385 	175.000000 	168.517990 	192.440994 
33.500000 	123.840385 	175.000000 	168.517990 	192.440994 
33.600000 	123.840385 	175.000000 	168.517990 	192.440994 
33.700000 	123.840385 	175.000000 	168.517990 	192.440994 
33.800000 	123.840385 	175.000000 	168.517990 	192.440994 
33.900000 	123.840385 	175.000000 	168.517990 	192.440994 
34.000000 	123.716980 	175.000000 	168.542542 	192.518997 
34.100000 	123.716980 	175.000000 	168.542542 	192.518997 
34.200000 	123.716980 	175.000000 	168.542542 	192.518997 
34.300000 	123.716980 	175.000000 	168.542542 	192.518997 
34.400000 	123.716980 	175.000000 	168.542542 	192.518997 
34.500000 	123.716980 	175.000000 	168.542542 	192.518997 
34.600000 	123.716980 	175.000000 	168.542542 	192.518997 
34.700000 	123.716980 	175.000000 	168.542542 	192.518997 
34.800000 	123.716980 	175.000000 	168.542542 	192.518997 
34.900000 	123.716980 	175.000000 	168.542542 	192.518997 
35.000000 	123.580765 	175.000000 	168.565765 	192.598007 
35.100000 	123.580765 	175.000000 	168.565765 	192.598007 
35.200000 	123.580765 	175.000000 	168.565765 	192.598007 
35.300000 	123.580765 	175.000000 	168.565765 	192.598007 
35.400000 	123.580765 	175.000000 	168.565765 	192.598007 
35.500000 	123.580765 	175.000000 	168.565765 	192.598007 
35.600000 	123.580765 	175.000000 	168.565765 	192.598007 
35.700000 	123.580765 	175.000000 	168.565765 	192.598007 
35.800000 	123.580765 	175.000000 	168.565765 	192.598007 
35.900000 	123.580765 	175.000000 	168.565765 	192.598007 
36.000000 	123.430489 	175.000000 	168.587708 	192.673004 
36.100000 	123.430489 	175.000000 	168.587708 	192.673004 
36.200000 	123.430489 	175.000000 	168.587708 	192.673004 
36.300000 	123.430489 	175.000000 	168.587708 	192.673004 
36.400000 	123.430489 	175.000000 	168.587708 	192.673004 
36.500000 	123.430489 	175.000000 	168.587708 	192.673004 
36.600000 	123.430489 	175.000000 	168.587708 	192.673004 
36.700000 	123.430489 	175.000000 	168.587708 	192.673004 
36.800000 	123.430489 	175.000000 	168.587708 	192.673004 
36.900000 	123.430489 	175.000000 	168.587708 	192.673004 
37.000000 	123.264755 	175.000000 	168.608414 	192.746994 
37.100000 	123.264755 	175.000000 	168.608414 	192.746994 
37.200000 	123.264755 	175.000000 	168.608414 	192.746994 
37.300000 	123.264755 	175.000000 	168.608414 	192.746994 
37.400000 	123.264755 	175.000000 	168.608414 	192.746994 
37.500000 	123.264755 	175.000000 	168.608414 	192.746994 
37.600000 	123.264755 	175.000000 	168.608414 	192.746994 
37.700000 	123.264755 	175.000000 	168.608414 	192.746994 
37.800000 	123.264755 	175.000000 	168.608414 	192.746994 
37.900000 	123.264755 	175.000000 	168.608414 	192.746994 
38.000000 	123.082069 	175.000000 	168.627945 	192.820007 
38.100000 	123.082069 	175.000000 	168.627945 	192.820007 
38.200000 	123.082069 	175.000000 	168.627945 	192.820007 
38.300000 	123.082069 	175.000000 	168.627945 	192.820007 
38.400000 	123.082069 	175.000000 	168.627945 	192.820007 
38.500000 	123.082069 	175.000000 	168.627945 	192.820007 
38.600000 	123.082069 	175.000000 	168.627945 	192.820007 
38.700000 	123.082069 	175.000000 	168.627945 	192.820007 
38.800000 	123.082069 	175.000000 	168.627945 	192.820007 
38.900000 	123.082069 	175.000000 	168.627945 	192.820007 
39.000000 	122.880753 	175.000000 	168.646301 	192.889999 
39.100000 	122.880753 	175.000000 	168.646301 	192.889999 
39.200000 	122.880753 	175.000000 	168.646301 	192.889999 
39.300000 	122.880753 	175.000000 	168.646301 	192.889999 
39.400000 	122.880753 	175.000000 	168.646301 	192.889999 
39.500000 	122.880753 	175.000000 	168.646301 	192.889999 
39.600000 	122.880753 	175.000000 	168.646301 	192.889999 
39.700000 	122.880753 	175.000000 	168.646301 	192.889999 
39.800000 	122.880753 	175.000000 	168.646301 	192.889999 
39.900000 	122.880753 	175.000000 	168.646301 	192.889999 
40.000000 	122.658981 	175.000000 	168.663528 	192.959000 
40.100000 	122.658981 	175.000000 	168.663528 	192.959000 
40.200000 	122.658981 	175.000000 	168.663528 	192.959000 
40.300000 	122.658981 	175.000000 	168.663528 	192.959000 
40.400000 	122.658981 	175.000000 	168.663528 	192.959000 
40.500000 	122.658981 	175.000000 	168.663528 	192.959000 
40.600000 	122.658981 	175.000000 	168.663528 	192.959000 
40.700000 	122.658981 	175.000000 	168.663528 	192.959000 
40.800000 	122.658981 	175.000000 	168.663528 	192.959000 
40.900000 	122.658981 	175.000000 	168.663528 	192.959000 
41.000000 	122.414742 	175.000000 	168.679642 	193.026993 
41.100000 	122.414742 	175.000000 	168.679642 	193.026993 
41.200000 	122.414742 	175.000000 	168.679642 	193.026993 
41.300000 	122.414742 	175.000000 	168.679642 	193.026993 
41.400000 	122.414742 	175.000000 	168.679642 	193.026993 
41.500000 	122.414742 	175.000000 	168.679642 	193.026993 
41.600000 	122.414742 	175.000000 	168.679642 	193.026993 
41.700000 	122.414742 	175.000000 	168.679642 	193.026993 
41.800000 	122.414742 	175.000000 	168.679642 	193.026993 
41.900000 	122.414742 	175.000000 	168.679642 	193.026993 
42.000000 	122.145805 	175.000000 	168.694672 	193.091995 
42.100000 	122.145805 	175.000000 	168.694672 	193.091995 
42.200000 	122.145805 	175.000000 	168.694672 	193.091995 
42.300000 	122.145805 	175.000000 	168.694672 	193.091995 
42.400000 	122.145805 	175.000000 	168.694672 	193.091995 
42.500000 	122.145805 	175.000000 	168.694672 	193.091995 
42.600000 	122.145805 	175.000000 	168.694672 	193.091995 
42.700000 	122.145805 	175.000000 	168.694672 	193.091995 
42.800000 	122.145805 	175.000000 	168.694672 	193.091995 
42.900000 	122.145805 	175.000000 	168.694672 	193.091995 
43.000000 	121.849693 	175.000000 	168.708618 	193.156006 
43.100000 	121.849693 	175.000000 	168.708618 	193.156006 
43.200000 	121.849693 	175.000000 	168.708618 	193.156006 
43.300000 	121.849693 	175.000000 	168.708618 	193.156006 
43.400000 	121.849693 	175.000000 	168.708618 	193.156006 
43.500000 	121.849693 	175.000000 	168.708618 	193.156006 
43.600000 	121.849693 	175.000000 	168.708618 	193.156006 
43.700000 	121.849693 	175.000000 	168.708618 	193.156006 
43.800000 	121.849693 	175.000000 	168.708618 	193.156006 
43.900000 	121.849693 	175.000000 	168.708618 	193.156006 
44.000000 	121.523651 	175.000000 	168.721497 	193.218002 
44.100000 	121.523651 	175.000000 	168.721497 	193.218002 
44.200000 	121.523651 	175.000000 	168.721497 	193.218002 
44.300000 	121.523651 	175.000000 	168.721497 	193.218002 
44.400000 	121.523651 	175.000000 	168.721497 	193.218002 
44.500000 	121.523651 	175.000000 	168.721497 	193.218002 
44.600000 	121.523651 	175.000000 	168.721497 	193.218002 
44.700000 	121.523651 	175.000000 	168.721497 	193.218002 
44.800000 	121.523651 	175.000000 	168.721497 	193.218002 
44.900000 	121.523651 	175.000000 	168.721497 	193.218002 
45.000000 	121.164581 	175.000000 	168.733307 	193.278000 
45.100000 	121.164581 	175.000000 	168.733307 	193.278000 
45.200000 	121.164581 	175.000000 	168.733307 	193.278000 
45.300000 	121.164581 	175.000000 	168.733307 	193.278000 
45.400000 	121.164581 	175.000000 	168.733307 	193.278000 
45.500000 	121.164581 	175.000000 	168.733307 	193.278000 
45.600000 	121.164581 	175.000000 	168.733307 	193.278000 
45.700000 	121.164581 	175.000000 	168.733307 	193.278000 
45.800000 	121.164581 	175.000000 	168.733307 	193.278000 
45.900000 	121.164581 	175.000000 	168.733307 	193.278000 
46.000000 	120.769020 	175.000000 	168.744064 	193.335999 
46.100000 	120.769020 	175.000000 	168.744064 	193.335999 
46.200000 	120.769020 	175.000000 	168.744064 	193.335999 
46.300000 	120.769020 	175.000000 	168.744064 	193.335999 
46.400000 	120.769020 	175.000000 	168.744064 	193.335999 
46.500000 	120.769020 	175.000000 	168.744064 	193.335999 
46.600000 	120.769020 	175.000000 	168.744064 	193.335999 
46.700000 	120.769020 	175.000000 	168.744064 	193.335999 
46.800000 	120.769020 	175.000000 	168.744064 	193.335999 
46.900000 	120.769020 	175.000000 	168.744064 	193.335999 
47.000000 	120.333046 	175.000000 	168.753738 	193.391998 
47.100000 	120.333046 	175.000000 	168.753738 	193.391998 
47.200000 	120.333046 	175.000000 	168.753738 	193.391998 
47.300000 	120.333046 	175.000000 	168.753738 	193.391998 
47.400000 	120.333046 	175.000000 	168.753738 	193.391998 
47.500000 	120.333046 	175.000000 	168.753738 	193.391998 
47.600000 	120.333046 	175.000000 	168.753738 	193.391998 
47.700000 	120.333046 	175.000000 	168.753738 	193.391998 
47.800000 	120.333046 	175.000000 	168.753738 	193.391998 
47.900000 	120.333046 	175.000000 	168.753738 	193.391998 
48.000000 	119.852188 	175.000000 	168.762360 	193.445999 
48.100000 	119.852188 	175.000000 	168.762360 	193.445999 
48.200000 	119.852188 	175.000000 	168.762360 	193.445999 
48.300000 	119.852188 	175.000000 	168.762360 	193.445999 
48.400000 	119.852188 	175.000000 	168.762360 	193.445999 
48.500000 	119.852188 	175.000000 	168.762360 	193.445999 
48.600000 	119.852188 	175.000000 	168.762360 	193.445999 
48.700000 	119.852188 	175.000000 	168.762360 	193.445999 
48.800000 	119.852188 	175.000000 	168.762360 	193.445999 
48.900000 	119.852188 	175.000000 	168.762360 	193.445999 
49.000000 	119.321289 	175.000000 	168.769882 	193.496994 
49.100000 	119.321289 	175.000000 	168.769882 	193.496994 
49.200000 	119.321289 	175.000000 	168.769882 	193.496994 
49.300000 	119.321289 	175.000000 	168.769882 	193.496994 
49.400000 	119.321289 	175.000000 	168.769882 	193.496994 
49.500000 	119.321289 	175.000000 	168.769882 	193.496994 
49.600000 	119.321289 	175.000000 	168.769882 	193.496994 
49.700000 	119.321289 	175.000000 	168.769882 	193.496994 
49.800000 	119.321289 	175.000000 	168.769882 	193.496994 
49.900000 	119.321289 	175.000000 	168.769882 	193.496994 
50.000000 	118.733940 	175.000000 	168.776352 	193.546005 
50.100000 	118.733940 	175.000000 	168.776352 	193.546005 
50.200000 	118.733940 	175.000000 	168.776352 	193.546005 
50.300000 	118.733940 	175.000000 	168.776352 	193.546005 
50.400000 	118.733940 	175.000000 	168.776352 	193.546005 
50.500000 	118.733940 	175.000000 	168.776352 	193.546005 
50.600000 	118.733940 	175.000000 	168.776352 	193.546005 
50.700000 	118.733940 	175.000000 	168.776352 	193.546005 
50.800000 	118.733940 	175.000000 	168.776352 	193.546005 
50.900000 	118.733940 	175.000000 	168.776352 	193.546005 
51.000000 	118.084915 	175.000000 	168.781647 	1003.359985 
51.100000 	118.084915 	175.000000 	168.781647 	1003.359985 
51.200000 	118.084915 	175.000000 	168.781647 	1003.359985 
51.300000 	118.084915 	175.000000 	168.781647 	1003.359985 
51.400000 	118.084915 	175.000000 	168.781647 	1003.359985 
51.500000 	118.084915 	175.000000 	168.781647 	1003.359985 
51.600000 	118.084915 	175.000000 	168.781647 	1003.359985 
51.700000 	118.084915 	175.000000 	168.781647 	1003.359985 
51.800000 	118.084915 	175.000000 	168.781647 	1003.359985 
51.900000 	118.084915 	175.000000 	168.781647 	1003.359985 
52.000000 	117.368103 	175.000000 	168.785675 	1003.359985 
52.100000 	117.368103 	175.000000 	168.785675 	1003.359985 
52.200000 	117.368103 	175.000000 	168.785675 	1003.359985 
52.300000 	117.368103 	175.000000 	168.785675 	1003.359985 
52.400000 	117.368103 	175.000000 	168.785675 	1003.359985 
52.500000 	117.368103 	175.000000 	168.785675 	1003.359985 
52.600000 	117.368103 	175.000000 	168.785675 	1003.359985 
52.700000 	117.368103 	175.000000 	168.785675 	1003.359985 
52.800000 	117.368103 	175.000000 	168.785675 	1003.359985 
52.900000 	117.368103 	175.000000 	168.785675 	1003.359985 
53.000000 	116.572632 	175.000000 	168.788483 	1003.359985 
53.100000 	116.572632 	175.000000 	168.788483 	1003.359985 
53.200000 	116.572632 	175.000000 	168.788483 	1003.359985 
53.300000 	116.572632 	175.000000 	168.788483 	1003.359985 
53.400000 	116.572632 	175.000000 	168.788483 	1003.359985 
53.500000 	116.572632 	175.000000 	168.788483 	1003.359985 
53.600000 	116.572632 	175.000000 	168.788483 	1003.359985 
53.700000 	116.572632 	175.000000 	168.788483 	1003.359985 
53.800000 	116.572632 	175.000000 	168.788483 	1003.359985 
53.900000 	116.572632 	175.000000 	168.788483 	1003.359985 
54.000000 	115.687912 	175.000000 	168.790039 	1003.359985 
54.100000 	115.687912 	175.000000 	168.790039 	1003.359985 
54.200000 	115.687912 	175.000000 	168.790039 	1003.359985 
54.300000 	115.687912 	175.000000 	168.790039 	1003.359985 
54.400000 	115.687912 	175.000000 	168.790039 	1003.359985 
54.500000 	115.687912 	175.000000 	168.790039 	1003.359985 
54.600000 	115.687912 	175.000000 	168.790039 	1003.359985 
54.700000 	115.687912 	175.000000 	168.790039 	1003.359985 
54.800000 	115.687912 	175.000000 	168.790039 	1003.359985 
54.900000 	115.687912 	175.000000 	168.790039 	1003.359985 
55.000000 	114.701340 	175.000000 	168.790298 	1003.359985 
55.100000 	114.701340 	175.000000 	168.790298 	1003.359985 
55.200000 	114.701340 	175.000000 	168.790298 	1003.359985 
55.300000 	114.701340 	175.000000 	168.790298 	1003.359985 
55.400000 	114.701340 	175.000000 	168.790298 	1003.359985 
55.500000 	114.701340 	175.000000 	168.790298 	1003.359985 
55.600000 	114.701340 	175.000000 	168.790298 	1003.359985 
55.700000 	114.701340 	175.000000 	168.790298 	1003.359985 
55.800000 	114.701340 	175.000000 	168.790298 	1003.359985 
55.900000 	114.701340 	175.000000 	168.790298 	1003.359985 
56.000000 	113.597755 	175.000000 	168.789200 	1003.359985 
56.100000 	113.597755 	175.000000 	168.789200 	1003.359985 
56.200000 	113.597755 	175.000000 	168.789200 	1003.359985 
56.300000 	113.597755 	175.000000 	168.789200 	1003.359985 
56.400000 	113.597755 	175.000000 	168.789200 	1003.359985 
56.500000 	113.597755 	175.000000 	168.789200 	1003.359985 
56.600000 	113.597755 	175.000000 	168.789200 	1003.359985 
56.700000 	113.597755 	175.000000 	168.789200 	1003.359985 
56.800000 	113.597755 	175.000000 	168.789200 	1003.359985 
56.900000 	113.597755 	175.000000 	168.789200 	1003.359985 
57.000000 	112.358696 	175.000000 	168.786682 	1003.359985 
57.100000 	112.358696 	175.000000 	168.786682 	1003.359985 
57.200000 	112.358696 	175.000000 	168.786682 	1003.359985 
57.300000 	112.358696 	175.000000 	168.786682 	1003.359985 
57.400000 	112.358696 	175.000000 	168.786682 	1003.359985 
57.500000 	112.358696 	175.000000 	168.786682 	1003.359985 
57.600000 	112.358696 	175.000000 	168.786682 	1003.359985 
57.700000 	112.358696 	175.000000 	168.786682 	1003.359985 
57.800000 	112.358696 	175.000000 	168.786682 	1003.359985 
57.900000 	112.358696 	175.000000 	168.786682 	1003.359985 
58.000000 	110.961395 	175.000000 	168.782669 	1003.359985 
58.100000 	110.961395 	175.000000 	168.782669 	1003.359985 
58.200000 	110.961395 	175.000000 	168.782669 	1003.359985 
58.300000 	110.961395 	175.000000 	168.782669 	1003.359985 
58.400000 	110.961395 	175.000000 	168.782669 	1003.359985 
58.500000 	110.961395 	175.000000 	168.782669 	1003.359985 
58.600000 	110.961395 	175.000000 	168.782669 	1003.359985 
58.700000 	110.961395 	175.000000 	168.782669 	1003.359985 
58.800000 	110.961395 	175.000000 	168.782669 	1003.359985 
58.900000 	110.961395 	175.000000 	168.782669 	1003.359985 
59.000000 	109.377342 	175.000000 	168.777054 	1003.359985 
59.100000 	109.377342 	175.000000 	168.777054 	1003.359985 
59.200000 	109.377342 	175.000000 	168.777054 	1003.359985 
59.300000 	109.377342 	175.000000 	168.777054 	1003.359985 
59.400000 	109.377342 	175.000000 	168.777054 	1003.359985 
59.500000 	109.377342 	175.000000 	168.777054 	1003.359985 
59.600000 	109.377342 	175.000000 	168.777054 	1003.359985 
59.700000 	109.377342 	175.000000 	168.777054 	1003.359985 
59.800000 	109.377342 	175.000000 	168.777054 	1003.359985 
59.900000 	109.377342 	175.000000 	168.777054 	1003.359985 
60.000000 	107.570213 	175.000000 	168.769760 	1003.359985 
