0.500000 	0.000000 	219.000000 	0.000000 	233.291000 
0.600000 	0.000000 	219.000000 	0.000000 	233.291000 
0.700000 	0.000000 	219.000000 	0.000000 	211.639999 
0.800000 	90.754234 	219.000000 	118.683723 	216.604996 
0.900000 	108.587624 	219.000000 	162.719559 	219.921005 
1.000000 	103.884567 	219.000000 	188.088028 	222.237000 
1.100000 	103.884567 	219.000000 	188.088028 	222.237000 
1.200000 	103.884567 	219.000000 	188.088028 	222.237000 
1.300000 	103.884567 	219.000000 	188.088028 	222.237000 
1.400000 	103.884567 	219.000000 	188.088028 	222.237000 
1.500000 	103.884567 	219.000000 	188.088028 	222.237000 
1.600000 	103.884567 	219.000000 	188.088028 	222.237000 
1.700000 	103.884567 	219.000000 	188.088028 	222.237000 
1.800000 	103.884567 	219.000000 	188.088028 	222.237000 
1.900000 	103.884567 	219.000000 	188.088028 	222.237000 
2.000000 	100.626686 	219.000000 	200.819733 	229.130005 
2.100000 	100.626686 	219.000000 	200.819733 	229.130005 
2.200000 	100.626686 	219.000000 	200.819733 	229.130005 
2.300000 	100.626686 	219.000000 	200.819733 	229.130005 
2.400000 	100.626686 	219.000000 	200.819733 	229.130005 
2.500000 	100.626686 	219.000000 	200.819733 	229.130005 
2.600000 	100.626686 	219.000000 	200.819733 	229.130005 
2.700000 	100.626686 	219.000000 	200.819733 	229.130005 
2.800000 	100.626686 	219.000000 	200.819733 	229.130005 
2.900000 	100.626686 	219.000000 	200.819733 	229.130005 
3.000000 	103.759476 	219.000000 	216.751663 	230.356003 
3.100000 	103.759476 	219.000000 	216.751663 	230.356003 
3.200000 	103.759476 	219.000000 	216.751663 	230.356003 
3.300000 	103.759476 	219.000000 	216.751663 	230.356003 
3.400000 	103.759476 	219.000000 	216.751663 	230.356003 
3.500000 	103.759476 	219.000000 	216.751663 	230.356003 
3.600000 	103.759476 	219.000000 	216.751663 	230.356003 
3.700000 	103.759476 	219.000000 	216.751663 	230.356003 
3.800000 	103.759476 	219.000000 	216.751663 	230.356003 
3.900000 	103.759476 	219.000000 	216.751663 	230.356003 
4.000000 	113.047791 	219.000000 	213.527130 	230.813995 
4.100000 	113.047791 	219.000000 	213.527130 	230.813995 
4.200000 	113.047791 	219.000000 	213.527130 	230.813995 
4.300000 	113.047791 	219.000000 	213.527130 	230.813995 
4.400000 	113.047791 	219.000000 	213.527130 	230.813995 
4.500000 	113.047791 	219.000000 	213.527130 	230.813995 
4.600000 	113.047791 	219.000000 	213.527130 	230.813995 
4.700000 	113.047791 	219.000000 	213.527130 	230.813995 
4.800000 	113.047791 	219.000000 	213.527130 	230.813995 
4.900000 	113.047791 	219.000000 	213.527130 	230.813995 
5.000000 	118.012764 	219.000000 	211.443054 	231.052994 
5.100000 	118.012764 	219.000000 	211.443054 	231.052994 
5.200000 	118.012764 	219.000000 	211.443054 	231.052994 
5.300000 	118.012764 	219.000000 	211.443054 	231.052994 
5.400000 	118.012764 	219.000000 	211.443054 	231.052994 
5.500000 	118.012764 	219.000000 	211.443054 	231.052994 
5.600000 	118.012764 	219.000000 	211.443054 	231.052994 
5.700000 	118.012764 	219.000000 	211.443054 	231.052994 
5.800000 	118.012764 	219.000000 	211.443054 	231.052994 
5.900000 	118.012764 	219.000000 	211.443054 	231.052994 
6.000000 	120.664345 	219.000000 	210.346542 	231.207993 
6.100000 	120.664345 	219.000000 	210.346542 	231.207993 
6.200000 	120.664345 	219.000000 	210.346542 	231.207993 
6.300000 	120.664345 	219.000000 	210.346542 	231.207993 
6.400000 	120.664345 	219.000000 	210.346542 	231.207993 
6.500000 	120.664345 	219.000000 	210.346542 	231.207993 
6.600000 	120.664345 	219.000000 	210.346542 	231.207993 
6.700000 	120.664345 	219.000000 	210.346542 	231.207993 
6.800000 	120.664345 	219.000000 	210.346542 	231.207993 
6.900000 	120.664345 	219.000000 	210.346542 	231.207993 
7.000000 	122.165817 	219.000000 	209.742661 	231.324005 
7.100000 	122.165817 	219.000000 	209.742661 	231.324005 
7.200000 	122.165817 	219.000000 	209.742661 	231.324005 
7.300000 	122.165817 	219.000000 	209.742661 	231.324005 
7.400000 	122.165817 	219.000000 	209.742661 	231.324005 
7.500000 	122.165817 	219.000000 	209.742661 	231.324005 
7.600000 	122.165817 	219.000000 	209.742661 	231.324005 
7.700000 	122.165817 	219.000000 	209.742661 	231.324005 
7.800000 	122.165817 	219.000000 	209.742661 	231.324005 
7.900000 	122.165817 	219.000000 	209.742661 	231.324005 
8.000000 	123.074677 	219.000000 	209.420044 	231.419006 
8.100000 	123.074677 	219.000000 	209.420044 	231.419006 
8.200000 	123.074677 	219.000000 	209.420044 	231.419006 
8.300000 	123.074677 	219.000000 	209.420044 	231.419006 
8.400000 	123.074677 	219.000000 	209.420044 	231.419006 
8.500000 	123.074677 	219.000000 	209.420044 	231.419006 
8.600000 	123.074677 	219.000000 	209.420044 	231.419006 
8.700000 	123.074677 	219.000000 	209.420044 	231.419006 
8.800000 	123.074677 	219.000000 	209.420044 	231.419006 
8.900000 	123.074677 	219.000000 	209.420044 	231.419006 
9.000000 	123.652046 	219.000000 	209.245468 	231.503006 
9.100000 	123.652046 	219.000000 	209.245468 	231.503006 
9.200000 	123.652046 	219.000000 	209.245468 	231.503006 
9.300000 	123.652046 	219.000000 	209.245468 	231.503006 
9.400000 	123.652046 	219.000000 	209.245468 	231.503006 
9.500000 	123.652046 	219.000000 	209.245468 	231.503006 
9.600000 	123.652046 	219.000000 	209.245468 	231.503006 
9.700000 	123.652046 	219.000000 	209.245468 	231.503006 
9.800000 	123.652046 	219.000000 	209.245468 	231.503006 
9.900000 	123.652046 	219.000000 	209.245468 	231.503006 
10.000000 	124.034050 	219.000000 	209.153702 	231.580994 
10.100000 	124.034050 	219.000000 	209.153702 	231.580994 
10.200000 	124.034050 	219.000000 	209.153702 	231.580994 
10.300000 	124.034050 	219.000000 	209.153702 	231.580994 
10.400000 	124.034050 	219.000000 	209.153702 	231.580994 
10.500000 	124.034050 	219.000000 	209.153702 	231.580994 
10.600000 	124.034050 	219.000000 	209.153702 	231.580994 
10.700000 	124.034050 	219.000000 	209.153702 	231.580994 
10.800000 	124.034050 	219.000000 	209.153702 	231.580994 
10.900000 	124.034050 	219.000000 	209.153702 	231.580994 
11.000000 	124.294868 	219.000000 	209.109848 	231.654999 
11.100000 	124.294868 	219.000000 	209.109848 	231.654999 
11.200000 	124.294868 	219.000000 	209.109848 	231.654999 
11.300000 	124.294868 	219.000000 	209.109848 	231.654999 
11.400000 	124.294868 	219.000000 	209.109848 	231.654999 
11.500000 	124.294868 	219.000000 	209.109848 	231.654999 
11.600000 	124.294868 	219.000000 	209.109848 	231.654999 
11.700000 	124.294868 	219.000000 	209.109848 	231.654999 
11.800000 	124.294868 	219.000000 	209.109848 	231.654999 
11.900000 	124.294868 	219.000000 	209.109848 	231.654999 
12.000000 	124.477333 	219.000000 	209.094421 	231.727005 
12.100000 	124.477333 	219.000000 	209.094421 	231.727005 
12.200000 	124.477333 	219.000000 	209.094421 	231.727005 
12.300000 	124.477333 	219.000000 	209.094421 	231.727005 
12.400000 	124.477333 	219.000000 	209.094421 	231.727005 
12.500000 	124.477333 	219.000000 	209.094421 	231.727005 
12.600000 	124.477333 	219.000000 	209.094421 	231.727005 
12.700000 	124.477333 	219.000000 	209.094421 	231.727005 
12.800000 	124.477333 	219.000000 	209.094421 	231.727005 
12.900000 	124.477333 	219.000000 	209.094421 	231.727005 
13.000000 	124.607231 	219.000000 	209.096054 	231.798004 
13.100000 	124.607231 	219.000000 	209.096054 	231.798004 
13.200000 	124.607231 	219.000000 	209.096054 	231.798004 
13.300000 	124.607231 	219.000000 	209.096054 	231.798004 
13.400000 	124.607231 	219.000000 	209.096054 	231.798004 
13.500000 	124.607231 	219.000000 	209.096054 	231.798004 
13.600000 	124.607231 	219.000000 	209.096054 	231.798004 
13.700000 	124.607231 	219.000000 	209.096054 	231.798004 
13.800000 	124.607231 	219.000000 	209.096054 	231.798004 
13.900000 	124.607231 	219.000000 	209.096054 	231.798004 
14.000000 	124.700676 	219.000000 	209.107971 	231.867996 
14.100000 	124.700676 	219.000000 	209.107971 	231.867996 
14.200000 	124.700676 	219.000000 	209.107971 	231.867996 
14.300000 	124.700676 	219.000000 	209.107971 	231.867996 
14.400000 	124.700676 	219.000000 	209.107971 	231.867996 
14.500000 	124.700676 	219.000000 	209.107971 	231.867996 
14.600000 	124.700676 	219.000000 	209.107971 	231.867996 
14.700000 	124.700676 	219.000000 	209.107971 	231.867996 
14.800000 	124.700676 	219.000000 	209.107971 	231.867996 
14.900000 	124.700676 	219.000000 	209.107971 	231.867996 
15.000000 	124.768013 	219.000000 	209.125992 	231.938004 
15.100000 	124.768013 	219.000000 	209.125992 	231.938004 
15.200000 	124.768013 	219.000000 	209.125992 	231.938004 
15.300000 	124.768013 	219.000000 	209.125992 	231.938004 
15.400000 	124.768013 	219.000000 	209.125992 	231.938004 
15.500000 	124.768013 	219.000000 	209.125992 	231.938004 
15.600000 	124.768013 	219.000000 	209.125992 	231.938004 
15.700000 	124.768013 	219.000000 	209.125992 	231.938004 
15.800000 	124.768013 	219.000000 	209.125992 	231.938004 
15.900000 	124.768013 	219.000000 	209.125992 	231.938004 
16.000000 	124.816055 	219.000000 	209.147522 	232.007996 
16.100000 	124.816055 	219.000000 	209.147522 	232.007996 
16.200000 	124.816055 	219.000000 	209.147522 	232.007996 
16.300000 	124.816055 	219.000000 	209.147522 	232.007996 
16.400000 	124.816055 	219.000000 	209.147522 	232.007996 
16.500000 	124.816055 	219.000000 	209.147522 	232.007996 
16.600000 	124.816055 	219.000000 	209.147522 	232.007996 
16.700000 	124.816055 	219.000000 	209.147522 	232.007996 
16.800000 	124.816055 	219.000000 	209.147522 	232.007996 
16.900000 	124.816055 	219.000000 	209.147522 	232.007996 
17.000000 	124.849365 	219.000000 	209.170898 	232.076996 
17.100000 	124.849365 	219.000000 	209.170898 	232.076996 
17.200000 	124.849365 	219.000000 	209.170898 	232.076996 
17.300000 	124.849365 	219.000000 	209.170898 	232.076996 
17.400000 	124.849365 	219.000000 	209.170898 	232.076996 
17.500000 	124.849365 	219.000000 	209.170898 	232.076996 
17.600000 	124.849365 	219.000000 	209.170898 	232.076996 
17.700000 	124.849365 	219.000000 	209.170898 	232.076996 
17.800000 	124.849365 	219.000000 	209.170898 	232.076996 
17.900000 	124.849365 	219.000000 	209.170898 	232.076996 
18.000000 	124.871010 	219.000000 	209.195084 	232.145996 
18.100000 	124.871010 	219.000000 	209.195084 	232.145996 
18.200000 	124.871010 	219.000000 	209.195084 	232.145996 
18.300000 	124.871010 	219.000000 	209.195084 	232.145996 
18.400000 	124.871010 	219.000000 	209.195084 	232.145996 
18.500000 	124.871010 	219.000000 	209.195084 	232.145996 
18.600000 	124.871010 	219.000000 	209.195084 	232.145996 
18.700000 	124.871010 	219.000000 	209.195084 	232.145996 
18.800000 	124.871010 	219.000000 	209.195084 	232.145996 
18.900000 	124.871010 	219.000000 	209.195084 	232.145996 
19.000000 	124.883064 	219.000000 	209.219376 	232.216003 
19.100000 	124.883064 	219.000000 	209.219376 	232.216003 
19.200000 	124.883064 	219.000000 	209.219376 	232.216003 
19.300000 	124.883064 	219.000000 	209.219376 	232.216003 
19.400000 	124.883064 	219.000000 	209.219376 	232.216003 
19.500000 	124.883064 	219.000000 	209.219376 	232.216003 
19.600000 	124.883064 	219.000000 	209.219376 	232.216003 
19.700000 	124.883064 	219.000000 	209.219376 	232.216003 
19.800000 	124.883064 	219.000000 	209.219376 	232.216003 
19.900000 	124.883064 	219.000000 	209.219376 	232.216003 
20.000000 	124.886917 	219.000000 	209.243362 	232.285004 
20.100000 	124.886917 	219.000000 	209.243362 	232.285004 
20.200000 	124.886917 	219.000000 	209.243362 	232.285004 
20.300000 	124.886917 	219.000000 	209.243362 	232.285004 
20.400000 	124.886917 	219.000000 	209.243362 	232.285004 
20.500000 	124.886917 	219.000000 	209.243362 	232.285004 
20.600000 	124.886917 	219.000000 	209.243362 	232.285004 
20.700000 	124.886917 	219.000000 	209.243362 	232.285004 
20.800000 	124.886917 	219.000000 	209.243362 	232.285004 
20.900000 	124.886917 	219.000000 	209.243362 	232.285004 
21.000000 	124.883453 	219.000000 	209.266785 	232.352997 
21.100000 	124.883453 	219.000000 	209.266785 	232.352997 
21.200000 	124.883453 	219.000000 	209.266785 	232.352997 
21.300000 	124.883453 	219.000000 	209.266785 	232.352997 
21.400000 	124.883453 	219.000000 	209.266785 	232.352997 
21.500000 	124.883453 	219.000000 	209.266785 	232.352997 
21.600000 	124.883453 	219.000000 	209.266785 	232.352997 
21.700000 	124.883453 	219.000000 	209.266785 	232.352997 
21.800000 	124.883453 	219.000000 	209.266785 	232.352997 
21.900000 	124.883453 	219.000000 	209.266785 	232.352997 
22.000000 	124.873207 	219.000000 	209.289459 	232.421997 
22.100000 	124.873207 	219.000000 	209.289459 	232.421997 
22.200000 	124.873207 	219.000000 	209.289459 	232.421997 
22.300000 	124.873207 	219.000000 	209.289459 	232.421997 
22.400000 	124.873207 	219.000000 	209.289459 	232.421997 
22.500000 	124.873207 	219.000000 	209.289459 	232.421997 
22.600000 	124.873207 	219.000000 	209.289459 	232.421997 
22.700000 	124.873207 	219.000000 	209.289459 	232.421997 
22.800000 	124.873207 	219.000000 	209.289459 	232.421997 
22.900000 	124.873207 	219.000000 	209.289459 	232.421997 
23.000000 	124.856445 	219.000000 	209.311310 	232.490997 
23.100000 	124.856445 	219.000000 	209.311310 	232.490997 
23.200000 	124.856445 	219.000000 	209.311310 	232.490997 
23.300000 	124.856445 	219.000000 	209.311310 	232.490997 
23.400000 	124.856445 	219.000000 	209.311310 	232.490997 
23.500000 	124.856445 	219.000000 	209.311310 	232.490997 
23.600000 	124.856445 	219.000000 	209.311310 	232.490997 
23.700000 	124.856445 	219.000000 	209.311310 	232.490997 
23.800000 	124.856445 	219.000000 	209.311310 	232.490997 
23.900000 	124.856445 	219.000000 	209.311310 	232.490997 
24.000000 	124.833214 	219.000000 	209.332275 	232.559006 
24.100000 	124.833214 	219.000000 	209.332275 	232.559006 
24.200000 	124.833214 	219.000000 	209.332275 	232.559006 
24.300000 	124.833214 	219.000000 	209.332275 	232.559006 
24.400000 	124.833214 	219.000000 	209.332275 	232.559006 
24.500000 	124.833214 	219.000000 	209.332275 	232.559006 
24.600000 	124.833214 	219.000000 	209.332275 	232.559006 
24.700000 	124.833214 	219.000000 	209.332275 	232.559006 
24.800000 	124.833214 	219.000000 	209.332275 	232.559006 
24.900000 	124.833214 	219.000000 	209.332275 	232.559006 
25.000000 	124.803406 	219.000000 	209.352356 	232.626007 
25.100000 	124.803406 	219.000000 	209.352356 	232.626007 
25.200000 	124.803406 	219.000000 	209.352356 	232.626007 
25.300000 	124.803406 	219.000000 	209.352356 	232.626007 
25.400000 	124.803406 	219.000000 	209.352356 	232.626007 
25.500000 	124.803406 	219.000000 	209.352356 	232.626007 
25.600000 	124.803406 	219.000000 	209.352356 	232.626007 
25.700000 	124.803406 	219.000000 	209.352356 	232.626007 
25.800000 	124.803406 	219.000000 	209.352356 	232.626007 
25.900000 	124.803406 	219.000000 	209.352356 	232.626007 
26.000000 	124.766785 	219.000000 	209.371567 	232.692993 
26.100000 	124.766785 	219.000000 	209.371567 	232.692993 
26.200000 	124.766785 	219.000000 	209.371567 	232.692993 
26.300000 	124.766785 	219.000000 	209.371567 	232.692993 
26.400000 	124.766785 	219.000000 	209.371567 	232.692993 
26.500000 	124.766785 	219.000000 	209.371567 	232.692993 
26.600000 	124.766785 	219.000000 	209.371567 	232.692993 
26.700000 	124.766785 	219.000000 	209.371567 	232.692993 
26.800000 	124.766785 	219.000000 	209.371567 	232.692993 
26.900000 	124.766785 	219.000000 	209.371567 	232.692993 
27.000000 	124.722977 	219.000000 	209.389908 	232.759995 
27.100000 	124.722977 	219.000000 	209.389908 	232.759995 
27.200000 	124.722977 	219.000000 	209.389908 	232.759995 
27.300000 	124.722977 	219.000000 	209.389908 	232.759995 
27.400000 	124.722977 	219.000000 	209.389908 	232.759995 
27.500000 	124.722977 	219.000000 	209.389908 	232.759995 
27.600000 	124.722977 	219.000000 	209.389908 	232.759995 
27.700000 	124.722977 	219.000000 	209.389908 	232.759995 
27.800000 	124.722977 	219.000000 	209.389908 	232.759995 
27.900000 	124.722977 	219.000000 	209.389908 	232.759995 
28.000000 	124.671516 	219.000000 	209.407410 	232.826004 
28.100000 	124.671516 	219.000000 	209.407410 	232.826004 
28.200000 	124.671516 	219.000000 	209.407410 	232.826004 
28.300000 	124.671516 	219.000000 	209.407410 	232.826004 
28.400000 	124.671516 	219.000000 	209.407410 	232.826004 
28.500000 	124.671516 	219.000000 	209.407410 	232.826004 
28.600000 	124.671516 	219.000000 	209.407410 	232.826004 
28.700000 	124.671516 	219.000000 	209.407410 	232.826004 
28.800000 	124.671516 	219.000000 	209.407410 	232.826004 
28.900000 	124.671516 	219.000000 	209.407410 	232.826004 
29.000000 	124.611839 	219.000000 	209.424103 	232.891006 
29.100000 	124.611839 	219.000000 	209.424103 	232.891006 
29.200000 	124.611839 	219.000000 	209.424103 	232.891006 
29.300000 	124.611839 	219.000000 	209.424103 	232.891006 
29.400000 	124.611839 	219.000000 	209.424103 	232.891006 
29.500000 	124.611839 	219.000000 	209.424103 	232.891006 
29.600000 	124.611839 	219.000000 	209.424103 	232.891006 
29.700000 	124.611839 	219.000000 	209.424103 	232.891006 
29.800000 	124.611839 	219.000000 	209.424103 	232.891006 
29.900000 	124.611839 	219.000000 	209.424103 	232.891006 
30.000000 	124.543304 	219.000000 	209.440033 	232.955994 
30.100000 	124.543304 	219.000000 	209.440033 	232.955994 
30.200000 	124.543304 	219.000000 	209.440033 	232.955994 
30.300000 	124.543304 	219.000000 	209.440033 	232.955994 
30.400000 	124.543304 	219.000000 	209.440033 	232.955994 
30.500000 	124.543304 	219.000000 	209.440033 	232.955994 
30.600000 	124.543304 	219.000000 	209.440033 	232.955994 
30.700000 	124.543304 	219.000000 	209.440033 	232.955994 
30.800000 	124.543304 	219.000000 	209.440033 	232.955994 
30.900000 	124.543304 	219.000000 	209.440033 	232.955994 
31.000000 	124.465157 	219.000000 	209.455231 	233.020004 
31.100000 	124.465157 	219.000000 	209.455231 	233.020004 
31.200000 	124.465157 	219.000000 	209.455231 	233.020004 
31.300000 	124.465157 	219.000000 	209.455231 	233.020004 
31.400000 	124.465157 	219.000000 	209.455231 	233.020004 
31.500000 	124.465157 	219.000000 	209.455231 	233.020004 
31.600000 	124.465157 	219.000000 	209.455231 	233.020004 
31.700000 	124.465157 	219.000000 	209.455231 	233.020004 
31.800000 	124.465157 	219.000000 	209.455231 	233.020004 
31.900000 	124.465157 	219.000000 	209.455231 	233.020004 
32.000000 	124.376579 	219.000000 	209.469727 	233.082993 
32.100000 	124.376579 	219.000000 	209.469727 	233.082993 
32.200000 	124.376579 	219.000000 	209.469727 	233.082993 
32.300000 	124.376579 	219.000000 	209.469727 	233.082993 
32.400000 	124.376579 	219.000000 	209.469727 	233.082993 
32.500000 	124.376579 	219.000000 	209.469727 	233.082993 
32.600000 	124.376579 	219.000000 	209.469727 	233.082993 
32.700000 	124.376579 	219.000000 	209.469727 	233.082993 
32.800000 	124.376579 	219.000000 	209.469727 	233.082993 
32.900000 	124.376579 	219.000000 	209.469727 	233.082993 
33.000000 	124.276642 	219.000000 	209.483566 	233.145004 
33.100000 	124.276642 	219.000000 	209.483566 	233.145004 
33.200000 	124.276642 	219.000000 	209.483566 	233.145004 
33.300000 	124.276642 	219.000000 	209.483566 	233.145004 
33.400000 	124.276642 	219.000000 	209.483566 	233.145004 
33.500000 	124.276642 	219.000000 	209.483566 	233.145004 
33.600000 	124.276642 	219.000000 	209.483566 	233.145004 
33.700000 	124.276642 	219.000000 	209.483566 	233.145004 
33.800000 	124.276642 	219.000000 	209.483566 	233.145004 
33.900000 	124.276642 	219.000000 	209.483566 	233.145004 
34.000000 	124.164322 	219.000000 	209.496765 	233.205994 
34.100000 	124.164322 	219.000000 	209.496765 	233.205994 
34.200000 	124.164322 	219.000000 	209.496765 	233.205994 
34.300000 	124.164322 	219.000000 	209.496765 	233.205994 
34.400000 	124.164322 	219.000000 	209.496765 	233.205994 
34.500000 	124.164322 	219.000000 	209.496765 	233.205994 
34.600000 	124.164322 	219.000000 	209.496765 	233.205994 
34.700000 	124.164322 	219.000000 	209.496765 	233.205994 
34.800000 	124.164322 	219.000000 	209.496765 	233.205994 
34.900000 	124.164322 	219.000000 	209.496765 	233.205994 
35.000000 	124.038506 	219.000000 	209.509354 	233.266006 
35.100000 	124.038506 	219.000000 	209.509354 	233.266006 
35.200000 	124.038506 	219.000000 	209.509354 	233.266006 
35.300000 	124.038506 	219.000000 	209.509354 	233.266006 
35.400000 	124.038506 	219.000000 	209.509354 	233.266006 
35.500000 	124.038506 	219.000000 	209.509354 	233.266006 
35.600000 	124.038506 	219.000000 	209.509354 	233.266006 
35.700000 	124.038506 	219.000000 	209.509354 	233.266006 
35.800000 	124.038506 	219.000000 	209.509354 	233.266006 
35.900000 	124.038506 	219.000000 	209.509354 	233.266006 
36.000000 	123.897949 	219.000000 	209.521393 	233.330002 
36.100000 	123.897949 	219.000000 	209.521393 	233.330002 
36.200000 	123.897949 	219.000000 	209.521393 	233.330002 
36.300000 	123.897949 	219.000000 	209.521393 	233.330002 
36.400000 	123.897949 	219.000000 	209.521393 	233.330002 
36.500000 	123.897949 	219.000000 	209.521393 	233.330002 
36.600000 	123.897949 	219.000000 	209.521393 	233.330002 
36.700000 	123.897949 	219.000000 	209.521393 	233.330002 
36.800000 	123.897949 	219.000000 	209.521393 	233.330002 
36.900000 	123.897949 	219.000000 	209.521393 	233.330002 
37.000000 	123.741295 	219.000000 	209.532867 	233.388000 
37.100000 	123.741295 	219.000000 	209.532867 	233.388000 
37.200000 	123.741295 	219.000000 	209.532867 	233.388000 
37.300000 	123.741295 	219.000000 	209.532867 	233.388000 
37.400000 	123.741295 	219.000000 	209.532867 	233.388000 
37.500000 	123.741295 	219.000000 	209.532867 	233.388000 
37.600000 	123.741295 	219.000000 	209.532867 	233.388000 
37.700000 	123.741295 	219.000000 	209.532867 	233.388000 
37.800000 	123.741295 	219.000000 	209.532867 	233.388000 
37.900000 	123.741295 	219.000000 	209.532867 	233.388000 
38.000000 	123.567047 	219.000000 	209.543823 	233.445007 
38.100000 	123.567047 	219.000000 	209.543823 	233.445007 
38.200000 	123.567047 	219.000000 	209.543823 	233.445007 
38.300000 	123.567047 	219.000000 	209.543823 	233.445007 
38.400000 	123.567047 	219.000000 	209.543823 	233.445007 
38.500000 	123.567047 	219.000000 	209.543823 	233.445007 
38.600000 	123.567047 	219.000000 	209.543823 	233.445007 
38.700000 	123.567047 	219.000000 	209.543823 	233.445007 
38.800000 	123.567047 	219.000000 	209.543823 	233.445007 
38.900000 	123.567047 	219.000000 	209.543823 	233.445007 
39.000000 	123.373558 	219.000000 	209.554276 	233.501007 
39.100000 	123.373558 	219.000000 	209.554276 	233.501007 
39.200000 	123.373558 	219.000000 	209.554276 	233.501007 
39.300000 	123.373558 	219.000000 	209.554276 	233.501007 
39.400000 	123.373558 	219.000000 	209.554276 	233.501007 
39.500000 	123.373558 	219.000000 	209.554276 	233.501007 
39.600000 	123.373558 	219.000000 	209.554276 	233.501007 
39.700000 	123.373558 	219.000000 	209.554276 	233.501007 
39.800000 	123.373558 	219.000000 	209.554276 	233.501007 
39.900000 	123.373558 	219.000000 	209.554276 	233.501007 
40.000000 	123.159019 	219.000000 	209.564255 	233.556000 
40.100000 	123.159019 	219.000000 	209.564255 	233.556000 
40.200000 	123.159019 	219.000000 	209.564255 	233.556000 
40.300000 	123.159019 	219.000000 	209.564255 	233.556000 
40.400000 	123.159019 	219.000000 	209.564255 	233.556000 
40.500000 	123.159019 	219.000000 	209.564255 	233.556000 
40.600000 	123.159019 	219.000000 	209.564255 	233.556000 
40.700000 	123.159019 	219.000000 	209.564255 	233.556000 
40.800000 	123.159019 	219.000000 	209.564255 	233.556000 
40.900000 	123.159019 	219.000000 	209.564255 	233.556000 
41.000000 	122.921417 	219.000000 	209.573776 	233.608994 
41.100000 	122.921417 	219.000000 	209.573776 	233.608994 
41.200000 	122.921417 	219.000000 	209.573776 	233.608994 
41.300000 	122.921417 	219.000000 	209.573776 	233.608994 
41.400000 	122.921417 	219.000000 	209.573776 	233.608994 
41.500000 	122.921417 	219.000000 	209.573776 	233.608994 
41.600000 	122.921417 	219.000000 	209.573776 	233.608994 
41.700000 	122.921417 	219.000000 	209.573776 	233.608994 
41.800000 	122.921417 	219.000000 	209.573776 	233.608994 
41.900000 	122.921417 	219.000000 	209.573776 	233.608994 
42.000000 	122.658546 	219.000000 	209.582840 	233.660004 
42.100000 	122.658546 	219.000000 	209.582840 	233.660004 
42.200000 	122.658546 	219.000000 	209.582840 	233.660004 
42.300000 	122.658546 	219.000000 	209.582840 	233.660004 
42.400000 	122.658546 	219.000000 	209.582840 	233.660004 
42.500000 	122.658546 	219.000000 	209.582840 	233.660004 
42.600000 	122.658546 	219.000000 	209.582840 	233.660004 
42.700000 	122.658546 	219.000000 	209.582840 	233.660004 
42.800000 	122.658546 	219.000000 	209.582840 	233.660004 
42.900000 	122.658546 	219.000000 	209.582840 	233.660004 
43.000000 	122.367920 	219.000000 	209.591492 	233.710007 
43.100000 	122.367920 	219.000000 	209.591492 	233.710007 
43.200000 	122.367920 	219.000000 	209.591492 	233.710007 
43.300000 	122.367920 	219.000000 	209.591492 	233.710007 
43.400000 	122.367920 	219.000000 	209.591492 	233.710007 
43.500000 	122.367920 	219.000000 	209.591492 	233.710007 
43.600000 	122.367920 	219.000000 	209.591492 	233.710007 
43.700000 	122.367920 	219.000000 	209.591492 	233.710007 
43.800000 	122.367920 	219.000000 	209.591492 	233.710007 
43.900000 	122.367920 	219.000000 	209.591492 	233.710007 
44.000000 	122.046799 	219.000000 	209.599716 	233.759003 
44.100000 	122.046799 	219.000000 	209.599716 	233.759003 
44.200000 	122.046799 	219.000000 	209.599716 	233.759003 
44.300000 	122.046799 	219.000000 	209.599716 	233.759003 
44.400000 	122.046799 	219.000000 	209.599716 	233.759003 
44.500000 	122.046799 	219.000000 	209.599716 	233.759003 
44.600000 	122.046799 	219.000000 	209.599716 	233.759003 
44.700000 	122.046799 	219.000000 	209.599716 	233.759003 
44.800000 	122.046799 	219.000000 	209.599716 	233.759003 
44.900000 	122.046799 	219.000000 	209.599716 	233.759003 
45.000000 	121.692116 	219.000000 	209.607529 	233.806000 
45.100000 	121.692116 	219.000000 	209.607529 	233.806000 
45.200000 	121.692116 	219.000000 	209.607529 	233.806000 
45.300000 	121.692116 	219.000000 	209.607529 	233.806000 
45.400000 	121.692116 	219.000000 	209.607529 	233.806000 
45.500000 	121.692116 	219.000000 	209.607529 	233.806000 
45.600000 	121.692116 	219.000000 	209.607529 	233.806000 
45.700000 	121.692116 	219.000000 	209.607529 	233.806000 
45.800000 	121.692116 	219.000000 	209.607529 	233.806000 
45.900000 	121.692116 	219.000000 	209.607529 	233.806000 
46.000000 	121.300407 	219.000000 	209.614944 	233.852005 
46.100000 	121.300407 	219.000000 	209.614944 	233.852005 
46.200000 	121.300407 	219.000000 	209.614944 	233.852005 
46.300000 	121.300407 	219.000000 	209.614944 	233.852005 
46.400000 	121.300407 	219.000000 	209.614944 	233.852005 
46.500000 	121.300407 	219.000000 	209.614944 	233.852005 
46.600000 	121.300407 	219.000000 	209.614944 	233.852005 
46.700000 	121.300407 	219.000000 	209.614944 	233.852005 
46.800000 	121.300407 	219.000000 	209.614944 	233.852005 
46.900000 	121.300407 	219.000000 	209.614944 	233.852005 
47.000000 	120.867783 	219.000000 	209.621979 	233.895004 
47.100000 	120.867783 	219.000000 	209.621979 	233.895004 
47.200000 	120.867783 	219.000000 	209.621979 	233.895004 
47.300000 	120.867783 	219.000000 	209.621979 	233.895004 
47.400000 	120.867783 	219.000000 	209.621979 	233.895004 
47.500000 	120.867783 	219.000000 	209.621979 	233.895004 
47.600000 	120.867783 	219.000000 	209.621979 	233.895004 
47.700000 	120.867783 	219.000000 	209.621979 	233.895004 
47.800000 	120.867783 	219.000000 	209.621979 	233.895004 
47.900000 	120.867783 	219.000000 	209.621979 	233.895004 
48.000000 	120.389832 	219.000000 	209.628632 	233.936996 
48.100000 	120.389832 	219.000000 	209.628632 	233.936996 
48.200000 	120.389832 	219.000000 	209.628632 	233.936996 
48.300000 	120.389832 	219.000000 	209.628632 	233.936996 
48.400000 	120.389832 	219.000000 	209.628632 	233.936996 
48.500000 	120.389832 	219.000000 	209.628632 	233.936996 
48.600000 	120.389832 	219.000000 	209.628632 	233.936996 
48.700000 	120.389832 	219.000000 	209.628632 	233.936996 
48.800000 	120.389832 	219.000000 	209.628632 	233.936996 
48.900000 	120.389832 	219.000000 	209.628632 	233.936996 
49.000000 	119.861534 	219.000000 	209.634888 	233.977005 
49.100000 	119.861534 	219.000000 	209.634888 	233.977005 
49.200000 	119.861534 	219.000000 	209.634888 	233.977005 
49.300000 	119.861534 	219.000000 	209.634888 	233.977005 
49.400000 	119.861534 	219.000000 	209.634888 	233.977005 
49.500000 	119.861534 	219.000000 	209.634888 	233.977005 
49.600000 	119.861534 	219.000000 	209.634888 	233.977005 
49.700000 	119.861534 	219.000000 	209.634888 	233.977005 
49.800000 	119.861534 	219.000000 	209.634888 	233.977005 
49.900000 	119.861534 	219.000000 	209.634888 	233.977005 
50.000000 	119.277138 	219.000000 	209.640762 	234.016006 
50.100000 	119.277138 	219.000000 	209.640762 	234.016006 
50.200000 	119.277138 	219.000000 	209.640762 	234.016006 
50.300000 	119.277138 	219.000000 	209.640762 	234.016006 
50.400000 	119.277138 	219.000000 	209.640762 	234.016006 
50.500000 	119.277138 	219.000000 	209.640762 	234.016006 
50.600000 	119.277138 	219.000000 	209.640762 	234.016006 
50.700000 	119.277138 	219.000000 	209.640762 	234.016006 
50.800000 	119.277138 	219.000000 	209.640762 	234.016006 
50.900000 	119.277138 	219.000000 	209.640762 	234.016006 
51.000000 	118.629997 	219.000000 	209.646271 	1003.359985 
51.100000 	118.629997 	219.000000 	209.646271 	1003.359985 
51.200000 	118.629997 	219.000000 	209.646271 	1003.359985 
51.300000 	118.629997 	219.000000 	209.646271 	1003.359985 
51.400000 	118.629997 	219.000000 	209.646271 	1003.359985 
51.500000 	118.629997 	219.000000 	209.646271 	1003.359985 
51.600000 	118.629997 	219.000000 	209.646271 	1003.359985 
51.700000 	118.629997 	219.000000 	209.646271 	1003.359985 
51.800000 	118.629997 	219.000000 	209.646271 	1003.359985 
51.900000 	118.629997 	219.000000 	209.646271 	1003.359985 
52.000000 	117.912430 	219.000000 	209.651382 	1003.359985 
52.100000 	117.912430 	219.000000 	209.651382 	1003.359985 
52.200000 	117.912430 	219.000000 	209.651382 	1003.359985 
52.300000 	117.912430 	219.000000 	209.651382 	1003.359985 
52.400000 	117.912430 	219.000000 	209.651382 	1003.359985 
52.500000 	117.912430 	219.000000 	209.651382 	1003.359985 
52.600000 	117.912430 	219.000000 	209.651382 	1003.359985 
52.700000 	117.912430 	219.000000 	209.651382 	1003.359985 
52.800000 	117.912430 	219.000000 	209.651382 	1003.359985 
52.900000 	117.912430 	219.000000 	209.651382 	1003.359985 
53.000000 	117.115425 	219.000000 	209.656097 	1003.359985 
53.100000 	117.115425 	219.000000 	209.656097 	1003.359985 
53.200000 	117.115425 	219.000000 	209.656097 	1003.359985 
53.300000 	117.115425 	219.000000 	209.656097 	1003.359985 
53.400000 	117.115425 	219.000000 	209.656097 	1003.359985 
53.500000 	117.115425 	219.000000 	209.656097 	1003.359985 
53.600000 	117.115425 	219.000000 	209.656097 	1003.359985 
53.700000 	117.115425 	219.000000 	209.656097 	1003.359985 
53.800000 	117.115425 	219.000000 	209.656097 	1003.359985 
53.900000 	117.115425 	219.000000 	209.656097 	1003.359985 
54.000000 	116.228363 	219.000000 	209.660431 	1003.359985 
54.100000 	116.228363 	219.000000 	209.660431 	1003.359985 
54.200000 	116.228363 	219.000000 	209.660431 	1003.359985 
54.300000 	116.228363 	219.000000 	209.660431 	1003.359985 
54.400000 	116.228363 	219.000000 	209.660431 	1003.359985 
54.500000 	116.228363 	219.000000 	209.660431 	1003.359985 
54.600000 	116.228363 	219.000000 	209.660431 	1003.359985 
54.700000 	116.228363 	219.000000 	209.660431 	1003.359985 
54.800000 	116.228363 	219.000000 	209.660431 	1003.359985 
54.900000 	116.228363 	219.000000 	209.660431 	1003.359985 
55.000000 	115.238609 	219.000000 	209.664352 	1003.359985 
55.100000 	115.238609 	219.000000 	209.664352 	1003.359985 
55.200000 	115.238609 	219.000000 	209.664352 	1003.359985 
55.300000 	115.238609 	219.000000 	209.664352 	1003.359985 
55.400000 	115.238609 	219.000000 	209.664352 	1003.359985 
55.500000 	115.238609 	219.000000 	209.664352 	1003.359985 
55.600000 	115.238609 	219.000000 	209.664352 	1003.359985 
55.700000 	115.238609 	219.000000 	209.664352 	1003.359985 
55.800000 	115.238609 	219.000000 	209.664352 	1003.359985 
55.900000 	115.238609 	219.000000 	209.664352 	1003.359985 
56.000000 	114.130959 	219.000000 	209.667847 	1003.359985 
56.100000 	114.130959 	219.000000 	209.667847 	1003.359985 
56.200000 	114.130959 	219.000000 	209.667847 	1003.359985 
56.300000 	114.130959 	219.000000 	209.667847 	1003.359985 
56.400000 	114.130959 	219.000000 	209.667847 	1003.359985 
56.500000 	114.130959 	219.000000 	209.667847 	1003.359985 
56.600000 	114.130959 	219.000000 	209.667847 	1003.359985 
56.700000 	114.130959 	219.000000 	209.667847 	1003.359985 
56.800000 	114.130959 	219.000000 	209.667847 	1003.359985 
56.900000 	114.130959 	219.000000 	209.667847 	1003.359985 
57.000000 	112.886909 	219.000000 	209.670898 	1003.359985 
57.100000 	112.886909 	219.000000 	209.670898 	1003.359985 
57.200000 	112.886909 	219.000000 	209.670898 	1003.359985 
57.300000 	112.886909 	219.000000 	209.670898 	1003.359985 
57.400000 	112.886909 	219.000000 	209.670898 	1003.359985 
57.500000 	112.886909 	219.000000 	209.670898 	1003.359985 
57.600000 	112.886909 	219.000000 	209.670898 	1003.359985 
57.700000 	112.886909 	219.000000 	209.670898 	1003.359985 
57.800000 	112.886909 	219.000000 	209.670898 	1003.359985 
57.900000 	112.886909 	219.000000 	209.670898 	1003.359985 
58.000000 	111.483635 	219.000000 	209.673492 	1003.359985 
58.100000 	111.483635 	219.000000 	209.673492 	1003.359985 
58.200000 	111.483635 	219.000000 	209.673492 	1003.359985 
58.300000 	111.483635 	219.000000 	209.673492 	1003.359985 
58.400000 	111.483635 	219.000000 	209.673492 	1003.359985 
58.500000 	111.483635 	219.000000 	209.673492 	1003.359985 
58.600000 	111.483635 	219.000000 	209.673492 	1003.359985 
58.700000 	111.483635 	219.000000 	209.673492 	1003.359985 
58.800000 	111.483635 	219.000000 	209.673492 	1003.359985 
58.900000 	111.483635 	219.000000 	209.673492 	1003.359985 
59.000000 	109.892723 	219.000000 	209.675964 	1003.359985 
59.100000 	109.892723 	219.000000 	209.675964 	1003.359985 
59.200000 	109.892723 	219.000000 	209.675964 	1003.359985 
59.300000 	109.892723 	219.000000 	209.675964 	1003.359985 
59.400000 	109.892723 	219.000000 	209.675964 	1003.359985 
59.500000 	109.892723 	219.000000 	209.675964 	1003.359985 
59.600000 	109.892723 	219.000000 	209.675964 	1003.359985 
59.700000 	109.892723 	219.000000 	209.675964 	1003.359985 
59.800000 	109.892723 	219.000000 	209.675964 	1003.359985 
59.900000 	109.892723 	219.000000 	209.675964 	1003.359985 
60.000000 	108.077675 	219.000000 	209.678360 	1003.359985 
