0.500000 	0.000000 	297.000000 	0.000000 	307.690002 
0.600000 	0.000000 	297.000000 	0.000000 	285.644989 
0.700000 	111.437668 	297.000000 	132.129333 	291.682007 
0.800000 	116.300529 	297.000000 	226.872955 	295.485992 
0.900000 	109.506020 	297.000000 	261.519531 	298.000000 
1.000000 	104.749825 	297.000000 	277.455048 	299.734985 
1.100000 	104.749825 	297.000000 	277.455048 	299.734985 
1.200000 	104.749825 	297.000000 	277.455048 	299.734985 
1.300000 	104.749825 	297.000000 	277.455048 	299.734985 
1.400000 	104.749825 	297.000000 	277.455048 	299.734985 
1.500000 	104.749825 	297.000000 	277.455048 	299.734985 
1.600000 	104.749825 	297.000000 	277.455048 	299.734985 
1.700000 	104.749825 	297.000000 	277.455048 	299.734985 
1.800000 	104.749825 	297.000000 	277.455048 	299.734985 
1.900000 	104.749825 	297.000000 	277.455048 	299.734985 
2.000000 	101.640099 	297.000000 	285.822418 	304.744995 
2.100000 	101.640099 	297.000000 	285.822418 	304.744995 
2.200000 	101.640099 	297.000000 	285.822418 	304.744995 
2.300000 	101.640099 	297.000000 	285.822418 	304.744995 
2.400000 	101.640099 	297.000000 	285.822418 	304.744995 
2.500000 	101.640099 	297.000000 	285.822418 	304.744995 
2.600000 	101.640099 	297.000000 	285.822418 	304.744995 
2.700000 	101.640099 	297.000000 	285.822418 	304.744995 
2.800000 	101.640099 	297.000000 	285.822418 	304.744995 
2.900000 	101.640099 	297.000000 	285.822418 	304.744995 
3.000000 	105.493134 	297.000000 	295.997284 	305.602997 
3.100000 	105.493134 	297.000000 	295.997284 	305.602997 
3.200000 	105.493134 	297.000000 	295.997284 	305.602997 
3.300000 	105.493134 	297.000000 	295.997284 	305.602997 
3.400000 	105.493134 	297.000000 	295.997284 	305.602997 
3.500000 	105.493134 	297.000000 	295.997284 	305.602997 
3.600000 	105.493134 	297.000000 	295.997284 	305.602997 
3.700000 	105.493134 	297.000000 	295.997284 	305.602997 
3.800000 	105.493134 	297.000000 	295.997284 	305.602997 
3.900000 	105.493134 	297.000000 	295.997284 	305.602997 
4.000000 	114.186226 	297.000000 	293.643890 	305.921997 
4.100000 	114.186226 	297.000000 	293.643890 	305.921997 
4.200000 	114.186226 	297.000000 	293.643890 	305.921997 
4.300000 	114.186226 	297.000000 	293.643890 	305.921997 
4.400000 	114.186226 	297.000000 	293.643890 	305.921997 
4.500000 	114.186226 	297.000000 	293.643890 	305.921997 
4.600000 	114.186226 	297.000000 	293.643890 	305.921997 
4.700000 	114.186226 	297.000000 	293.643890 	305.921997 
4.800000 	114.186226 	297.000000 	293.643890 	305.921997 
4.900000 	114.186226 	297.000000 	293.643890 	305.921997 
5.000000 	118.636864 	297.000000 	292.254883 	306.088989 
5.100000 	118.636864 	297.000000 	292.254883 	306.088989 
5.200000 	118.636864 	297.000000 	292.254883 	306.088989 
5.300000 	118.636864 	297.000000 	292.254883 	306.088989 
5.400000 	118.636864 	297.000000 	292.254883 	306.088989 
5.500000 	118.636864 	297.000000 	292.254883 	306.088989 
5.600000 	118.636864 	297.000000 	292.254883 	306.088989 
5.700000 	118.636864 	297.000000 	292.254883 	306.088989 
5.800000 	118.636864 	297.000000 	292.254883 	306.088989 
5.900000 	118.636864 	297.000000 	292.254883 	306.088989 
6.000000 	120.983192 	297.000000 	291.540222 	306.197998 
6.100000 	120.983192 	297.000000 	291.540222 	306.197998 
6.200000 	120.983192 	297.000000 	291.540222 	306.197998 
6.300000 	120.983192 	297.000000 	291.540222 	306.197998 
6.400000 	120.983192 	297.000000 	291.540222 	306.197998 
6.500000 	120.983192 	297.000000 	291.540222 	306.197998 
6.600000 	120.983192 	297.000000 	291.540222 	306.197998 
6.700000 	120.983192 	297.000000 	291.540222 	306.197998 
6.800000 	120.983192 	297.000000 	291.540222 	306.197998 
6.900000 	120.983192 	297.000000 	291.540222 	306.197998 
7.000000 	122.325188 	297.000000 	291.162079 	306.278015 
7.100000 	122.325188 	297.000000 	291.162079 	306.278015 
7.200000 	122.325188 	297.000000 	291.162079 	306.278015 
7.300000 	122.325188 	297.000000 	291.162079 	306.278015 
7.400000 	122.325188 	297.000000 	291.162079 	306.278015 
7.500000 	122.325188 	297.000000 	291.162079 	306.278015 
7.600000 	122.325188 	297.000000 	291.162079 	306.278015 
7.700000 	122.325188 	297.000000 	291.162079 	306.278015 
7.800000 	122.325188 	297.000000 	291.162079 	306.278015 
7.900000 	122.325188 	297.000000 	291.162079 	306.278015 
8.000000 	123.149567 	297.000000 	290.955078 	306.345001 
8.100000 	123.149567 	297.000000 	290.955078 	306.345001 
8.200000 	123.149567 	297.000000 	290.955078 	306.345001 
8.300000 	123.149567 	297.000000 	290.955078 	306.345001 
8.400000 	123.149567 	297.000000 	290.955078 	306.345001 
8.500000 	123.149567 	297.000000 	290.955078 	306.345001 
8.600000 	123.149567 	297.000000 	290.955078 	306.345001 
8.700000 	123.149567 	297.000000 	290.955078 	306.345001 
8.800000 	123.149567 	297.000000 	290.955078 	306.345001 
8.900000 	123.149567 	297.000000 	290.955078 	306.345001 
9.000000 	123.685837 	297.000000 	290.839691 	306.403992 
9.100000 	123.685837 	297.000000 	290.839691 	306.403992 
9.200000 	123.685837 	297.000000 	290.839691 	306.403992 
9.300000 	123.685837 	297.000000 	290.839691 	306.403992 
9.400000 	123.685837 	297.000000 	290.839691 	306.403992 
9.500000 	123.685837 	297.000000 	290.839691 	306.403992 
9.600000 	123.685837 	297.000000 	290.839691 	306.403992 
9.700000 	123.685837 	297.000000 	290.839691 	306.403992 
9.800000 	123.685837 	297.000000 	290.839691 	306.403992 
9.900000 	123.685837 	297.000000 	290.839691 	306.403992 
10.000000 	124.050949 	297.000000 	290.775665 	306.459015 
10.100000 	124.050949 	297.000000 	290.775665 	306.459015 
10.200000 	124.050949 	297.000000 	290.775665 	306.459015 
10.300000 	124.050949 	297.000000 	290.775665 	306.459015 
10.400000 	124.050949 	297.000000 	290.775665 	306.459015 
10.500000 	124.050949 	297.000000 	290.775665 	306.459015 
10.600000 	124.050949 	297.000000 	290.775665 	306.459015 
10.700000 	124.050949 	297.000000 	290.775665 	306.459015 
10.800000 	124.050949 	297.000000 	290.775665 	306.459015 
10.900000 	124.050949 	297.000000 	290.775665 	306.459015 
11.000000 	124.308731 	297.000000 	290.741577 	306.510986 
11.100000 	124.308731 	297.000000 	290.741577 	306.510986 
11.200000 	124.308731 	297.000000 	290.741577 	306.510986 
11.300000 	124.308731 	297.000000 	290.741577 	306.510986 
11.400000 	124.308731 	297.000000 	290.741577 	306.510986 
11.500000 	124.308731 	297.000000 	290.741577 	306.510986 
11.600000 	124.308731 	297.000000 	290.741577 	306.510986 
11.700000 	124.308731 	297.000000 	290.741577 	306.510986 
11.800000 	124.308731 	297.000000 	290.741577 	306.510986 
11.900000 	124.308731 	297.000000 	290.741577 	306.510986 
12.000000 	124.496078 	297.000000 	290.725494 	306.562012 
12.100000 	124.496078 	297.000000 	290.725494 	306.562012 
12.200000 	124.496078 	297.000000 	290.725494 	306.562012 
12.300000 	124.496078 	297.000000 	290.725494 	306.562012 
12.400000 	124.496078 	297.000000 	290.725494 	306.562012 
12.500000 	124.496078 	297.000000 	290.725494 	306.562012 
12.600000 	124.496078 	297.000000 	290.725494 	306.562012 
12.700000 	124.496078 	297.000000 	290.725494 	306.562012 
12.800000 	124.496078 	297.000000 	290.725494 	306.562012 
12.900000 	124.496078 	297.000000 	290.725494 	306.562012 
13.000000 	124.635323 	297.000000 	290.720428 	306.612000 
13.100000 	124.635323 	297.000000 	290.720428 	306.612000 
13.200000 	124.635323 	297.000000 	290.720428 	306.612000 
13.300000 	124.635323 	297.000000 	290.720428 	306.612000 
13.400000 	124.635323 	297.000000 	290.720428 	306.612000 
13.500000 	124.635323 	297.000000 	290.720428 	306.612000 
13.600000 	124.635323 	297.000000 	290.720428 	306.612000 
13.700000 	124.635323 	297.000000 	290.720428 	306.612000 
13.800000 	124.635323 	297.000000 	290.720428 	306.612000 
13.900000 	124.635323 	297.000000 	290.720428 	306.612000 
14.000000 	124.740524 	297.000000 	290.722168 	306.661011 
14.100000 	124.740524 	297.000000 	290.722168 	306.661011 
14.200000 	124.740524 	297.000000 	290.722168 	306.661011 
14.300000 	124.740524 	297.000000 	290.722168 	306.661011 
14.400000 	124.740524 	297.000000 	290.722168 	306.661011 
14.500000 	124.740524 	297.000000 	290.722168 	306.661011 
14.600000 	124.740524 	297.000000 	290.722168 	306.661011 
14.700000 	124.740524 	297.000000 	290.722168 	306.661011 
14.800000 	124.740524 	297.000000 	290.722168 	306.661011 
14.900000 	124.740524 	297.000000 	290.722168 	306.661011 
15.000000 	124.820816 	297.000000 	290.728119 	306.709991 
15.100000 	124.820816 	297.000000 	290.728119 	306.709991 
15.200000 	124.820816 	297.000000 	290.728119 	306.709991 
15.300000 	124.820816 	297.000000 	290.728119 	306.709991 
15.400000 	124.820816 	297.000000 	290.728119 	306.709991 
15.500000 	124.820816 	297.000000 	290.728119 	306.709991 
15.600000 	124.820816 	297.000000 	290.728119 	306.709991 
15.700000 	124.820816 	297.000000 	290.728119 	306.709991 
15.800000 	124.820816 	297.000000 	290.728119 	306.709991 
15.900000 	124.820816 	297.000000 	290.728119 	306.709991 
16.000000 	124.882263 	297.000000 	290.736664 	306.759003 
16.100000 	124.882263 	297.000000 	290.736664 	306.759003 
16.200000 	124.882263 	297.000000 	290.736664 	306.759003 
16.300000 	124.882263 	297.000000 	290.736664 	306.759003 
16.400000 	124.882263 	297.000000 	290.736664 	306.759003 
16.500000 	124.882263 	297.000000 	290.736664 	306.759003 
16.600000 	124.882263 	297.000000 	290.736664 	306.759003 
16.700000 	124.882263 	297.000000 	290.736664 	306.759003 
16.800000 	124.882263 	297.000000 	290.736664 	306.759003 
16.900000 	124.882263 	297.000000 	290.736664 	306.759003 
17.000000 	124.928986 	297.000000 	290.746735 	306.807007 
17.100000 	124.928986 	297.000000 	290.746735 	306.807007 
17.200000 	124.928986 	297.000000 	290.746735 	306.807007 
17.300000 	124.928986 	297.000000 	290.746735 	306.807007 
17.400000 	124.928986 	297.000000 	290.746735 	306.807007 
17.500000 	124.928986 	297.000000 	290.746735 	306.807007 
17.600000 	124.928986 	297.000000 	290.746735 	306.807007 
17.700000 	124.928986 	297.000000 	290.746735 	306.807007 
17.800000 	124.928986 	297.000000 	290.746735 	306.807007 
17.900000 	124.928986 	297.000000 	290.746735 	306.807007 
18.000000 	124.963768 	297.000000 	290.757629 	306.855988 
18.100000 	124.963768 	297.000000 	290.757629 	306.855988 
18.200000 	124.963768 	297.000000 	290.757629 	306.855988 
18.300000 	124.963768 	297.000000 	290.757629 	306.855988 
18.400000 	124.963768 	297.000000 	290.757629 	306.855988 
18.500000 	124.963768 	297.000000 	290.757629 	306.855988 
18.600000 	124.963768 	297.000000 	290.757629 	306.855988 
18.700000 	124.963768 	297.000000 	290.757629 	306.855988 
18.800000 	124.963768 	297.000000 	290.757629 	306.855988 
18.900000 	124.963768 	297.000000 	290.757629 	306.855988 
19.000000 	124.988541 	297.000000 	290.768921 	306.903992 
19.100000 	124.988541 	297.000000 	290.768921 	306.903992 
19.200000 	124.988541 	297.000000 	290.768921 	306.903992 
19.300000 	124.988541 	297.000000 	290.768921 	306.903992 
19.400000 	124.988541 	297.000000 	290.768921 	306.903992 
19.500000 	124.988541 	297.000000 	290.768921 	306.903992 
19.600000 	124.988541 	297.000000 	290.768921 	306.903992 
19.700000 	124.988541 	297.000000 	290.768921 	306.903992 
19.800000 	124.988541 	297.000000 	290.768921 	306.903992 
19.900000 	124.988541 	297.000000 	290.768921 	306.903992 
20.000000 	125.004608 	297.000000 	290.780304 	306.953003 
20.100000 	125.004608 	297.000000 	290.780304 	306.953003 
20.200000 	125.004608 	297.000000 	290.780304 	306.953003 
20.300000 	125.004608 	297.000000 	290.780304 	306.953003 
20.400000 	125.004608 	297.000000 	290.780304 	306.953003 
20.500000 	125.004608 	297.000000 	290.780304 	306.953003 
20.600000 	125.004608 	297.000000 	290.780304 	306.953003 
20.700000 	125.004608 	297.000000 	290.780304 	306.953003 
20.800000 	125.004608 	297.000000 	290.780304 	306.953003 
20.900000 	125.004608 	297.000000 	290.780304 	306.953003 
21.000000 	125.012810 	297.000000 	290.791595 	307.001007 
21.100000 	125.012810 	297.000000 	290.791595 	307.001007 
21.200000 	125.012810 	297.000000 	290.791595 	307.001007 
21.300000 	125.012810 	297.000000 	290.791595 	307.001007 
21.400000 	125.012810 	297.000000 	290.791595 	307.001007 
21.500000 	125.012810 	297.000000 	290.791595 	307.001007 
21.600000 	125.012810 	297.000000 	290.791595 	307.001007 
21.700000 	125.012810 	297.000000 	290.791595 	307.001007 
21.800000 	125.012810 	297.000000 	290.791595 	307.001007 
21.900000 	125.012810 	297.000000 	290.791595 	307.001007 
22.000000 	125.013672 	297.000000 	290.802612 	307.049011 
22.100000 	125.013672 	297.000000 	290.802612 	307.049011 
22.200000 	125.013672 	297.000000 	290.802612 	307.049011 
22.300000 	125.013672 	297.000000 	290.802612 	307.049011 
22.400000 	125.013672 	297.000000 	290.802612 	307.049011 
22.500000 	125.013672 	297.000000 	290.802612 	307.049011 
22.600000 	125.013672 	297.000000 	290.802612 	307.049011 
22.700000 	125.013672 	297.000000 	290.802612 	307.049011 
22.800000 	125.013672 	297.000000 	290.802612 	307.049011 
22.900000 	125.013672 	297.000000 	290.802612 	307.049011 
23.000000 	125.007454 	297.000000 	290.813354 	307.096985 
23.100000 	125.007454 	297.000000 	290.813354 	307.096985 
23.200000 	125.007454 	297.000000 	290.813354 	307.096985 
23.300000 	125.007454 	297.000000 	290.813354 	307.096985 
23.400000 	125.007454 	297.000000 	290.813354 	307.096985 
23.500000 	125.007454 	297.000000 	290.813354 	307.096985 
23.600000 	125.007454 	297.000000 	290.813354 	307.096985 
23.700000 	125.007454 	297.000000 	290.813354 	307.096985 
23.800000 	125.007454 	297.000000 	290.813354 	307.096985 
23.900000 	125.007454 	297.000000 	290.813354 	307.096985 
24.000000 	124.994225 	297.000000 	290.823730 	307.144989 
24.100000 	124.994225 	297.000000 	290.823730 	307.144989 
24.200000 	124.994225 	297.000000 	290.823730 	307.144989 
24.300000 	124.994225 	297.000000 	290.823730 	307.144989 
24.400000 	124.994225 	297.000000 	290.823730 	307.144989 
24.500000 	124.994225 	297.000000 	290.823730 	307.144989 
24.600000 	124.994225 	297.000000 	290.823730 	307.144989 
24.700000 	124.994225 	297.000000 	290.823730 	307.144989 
24.800000 	124.994225 	297.000000 	290.823730 	307.144989 
24.900000 	124.994225 	297.000000 	290.823730 	307.144989 
25.000000 	124.973900 	297.000000 	290.833710 	307.191986 
25.100000 	124.973900 	297.000000 	290.833710 	307.191986 
25.200000 	124.973900 	297.000000 	290.833710 	307.191986 
25.300000 	124.973900 	297.000000 	290.833710 	307.191986 
25.400000 	124.973900 	297.000000 	290.833710 	307.191986 
25.500000 	124.973900 	297.000000 	290.833710 	307.191986 
25.600000 	124.973900 	297.000000 	290.833710 	307.191986 
25.700000 	124.973900 	297.000000 	290.833710 	307.191986 
25.800000 	124.973900 	297.000000 	290.833710 	307.191986 
25.900000 	124.973900 	297.000000 	290.833710 	307.191986 
26.000000 	124.946259 	297.000000 	290.843323 	307.239014 
26.100000 	124.946259 	297.000000 	290.843323 	307.239014 
26.200000 	124.946259 	297.000000 	290.843323 	307.239014 
26.300000 	124.946259 	297.000000 	290.843323 	307.239014 
26.400000 	124.946259 	297.000000 	290.843323 	307.239014 
26.500000 	124.946259 	297.000000 	290.843323 	307.239014 
26.600000 	124.946259 	297.000000 	290.843323 	307.239014 
26.700000 	124.946259 	297.000000 	290.843323 	307.239014 
26.800000 	124.946259 	297.000000 	290.843323 	307.239014 
26.900000 	124.946259 	297.000000 	290.843323 	307.239014 
27.000000 	124.910957 	297.000000 	290.852539 	307.286011 
27.100000 	124.910957 	297.000000 	290.852539 	307.286011 
27.200000 	124.910957 	297.000000 	290.852539 	307.286011 
27.300000 	124.910957 	297.000000 	290.852539 	307.286011 
27.400000 	124.910957 	297.000000 	290.852539 	307.286011 
27.500000 	124.910957 	297.000000 	290.852539 	307.286011 
27.600000 	124.910957 	297.000000 	290.852539 	307.286011 
27.700000 	124.910957 	297.000000 	290.852539 	307.286011 
27.800000 	124.910957 	297.000000 	290.852539 	307.286011 
27.900000 	124.910957 	297.000000 	290.852539 	307.286011 
28.000000 	124.867554 	297.000000 	290.861328 	307.332001 
28.100000 	124.867554 	297.000000 	290.861328 	307.332001 
28.200000 	124.867554 	297.000000 	290.861328 	307.332001 
28.300000 	124.867554 	297.000000 	290.861328 	307.332001 
28.400000 	124.867554 	297.000000 	290.861328 	307.332001 
28.500000 	124.867554 	297.000000 	290.861328 	307.332001 
28.600000 	124.867554 	297.000000 	290.861328 	307.332001 
28.700000 	124.867554 	297.000000 	290.861328 	307.332001 
28.800000 	124.867554 	297.000000 	290.861328 	307.332001 
28.900000 	124.867554 	297.000000 	290.861328 	307.332001 
29.000000 	124.815514 	297.000000 	290.869781 	307.377991 
29.100000 	124.815514 	297.000000 	290.869781 	307.377991 
29.200000 	124.815514 	297.000000 	290.869781 	307.377991 
29.300000 	124.815514 	297.000000 	290.869781 	307.377991 
29.400000 	124.815514 	297.000000 	290.869781 	307.377991 
29.500000 	124.815514 	297.000000 	290.869781 	307.377991 
29.600000 	124.815514 	297.000000 	290.869781 	307.377991 
29.700000 	124.815514 	297.000000 	290.869781 	307.377991 
29.800000 	124.815514 	297.000000 	290.869781 	307.377991 
29.900000 	124.815514 	297.000000 	290.869781 	307.377991 
30.000000 	124.754211 	297.000000 	290.877838 	307.423004 
30.100000 	124.754211 	297.000000 	290.877838 	307.423004 
30.200000 	124.754211 	297.000000 	290.877838 	307.423004 
30.300000 	124.754211 	297.000000 	290.877838 	307.423004 
30.400000 	124.754211 	297.000000 	290.877838 	307.423004 
30.500000 	124.754211 	297.000000 	290.877838 	307.423004 
30.600000 	124.754211 	297.000000 	290.877838 	307.423004 
30.700000 	124.754211 	297.000000 	290.877838 	307.423004 
30.800000 	124.754211 	297.000000 	290.877838 	307.423004 
30.900000 	124.754211 	297.000000 	290.877838 	307.423004 
31.000000 	124.682930 	297.000000 	290.885529 	307.467010 
31.100000 	124.682930 	297.000000 	290.885529 	307.467010 
31.200000 	124.682930 	297.000000 	290.885529 	307.467010 
31.300000 	124.682930 	297.000000 	290.885529 	307.467010 
31.400000 	124.682930 	297.000000 	290.885529 	307.467010 
31.500000 	124.682930 	297.000000 	290.885529 	307.467010 
31.600000 	124.682930 	297.000000 	290.885529 	307.467010 
31.700000 	124.682930 	297.000000 	290.885529 	307.467010 
31.800000 	124.682930 	297.000000 	290.885529 	307.467010 
31.900000 	124.682930 	297.000000 	290.885529 	307.467010 
32.000000 	124.600853 	297.000000 	290.892914 	307.510986 
32.100000 	124.600853 	297.000000 	290.892914 	307.510986 
32.200000 	124.600853 	297.000000 	290.892914 	307.510986 
32.300000 	124.600853 	297.000000 	290.892914 	307.510986 
32.400000 	124.600853 	297.000000 	290.892914 	307.510986 
32.500000 	124.600853 	297.000000 	290.892914 	307.510986 
32.600000 	124.600853 	297.000000 	290.892914 	307.510986 
32.700000 	124.600853 	297.000000 	290.892914 	307.510986 
32.800000 	124.600853 	297.000000 	290.892914 	307.510986 
32.900000 	124.600853 	297.000000 	290.892914 	307.510986 
33.000000 	124.507072 	297.000000 	290.899963 	307.554993 
33.100000 	124.507072 	297.000000 	290.899963 	307.554993 
33.200000 	124.507072 	297.000000 	290.899963 	307.554993 
33.300000 	124.507072 	297.000000 	290.899963 	307.554993 
33.400000 	124.507072 	297.000000 	290.899963 	307.554993 
33.500000 	124.507072 	297.000000 	290.899963 	307.554993 
33.600000 	124.507072 	297.000000 	290.899963 	307.554993 
33.700000 	124.507072 	297.000000 	290.899963 	307.554993 
33.800000 	124.507072 	297.000000 	290.899963 	307.554993 
33.900000 	124.507072 	297.000000 	290.899963 	307.554993 
34.000000 	124.400597 	297.000000 	290.906708 	307.596985 
34.100000 	124.400597 	297.000000 	290.906708 	307.596985 
34.200000 	124.400597 	297.000000 	290.906708 	307.596985 
34.300000 	124.400597 	297.000000 	290.906708 	307.596985 
34.400000 	124.400597 	297.000000 	290.906708 	307.596985 
34.500000 	124.400597 	297.000000 	290.906708 	307.596985 
34.600000 	124.400597 	297.000000 	290.906708 	307.596985 
34.700000 	124.400597 	297.000000 	290.906708 	307.596985 
34.800000 	124.400597 	297.000000 	290.906708 	307.596985 
34.900000 	124.400597 	297.000000 	290.906708 	307.596985 
35.000000 	124.280312 	297.000000 	290.913147 	307.639008 
35.100000 	124.280312 	297.000000 	290.913147 	307.639008 
35.200000 	124.280312 	297.000000 	290.913147 	307.639008 
35.300000 	124.280312 	297.000000 	290.913147 	307.639008 
35.400000 	124.280312 	297.000000 	290.913147 	307.639008 
35.500000 	124.280312 	297.000000 	290.913147 	307.639008 
35.600000 	124.280312 	297.000000 	290.913147 	307.639008 
35.700000 	124.280312 	297.000000 	290.913147 	307.639008 
35.800000 	124.280312 	297.000000 	290.913147 	307.639008 
35.900000 	124.280312 	297.000000 	290.913147 	307.639008 
36.000000 	124.145004 	297.000000 	290.919312 	307.681000 
36.100000 	124.145004 	297.000000 	290.919312 	307.681000 
36.200000 	124.145004 	297.000000 	290.919312 	307.681000 
36.300000 	124.145004 	297.000000 	290.919312 	307.681000 
36.400000 	124.145004 	297.000000 	290.919312 	307.681000 
36.500000 	124.145004 	297.000000 	290.919312 	307.681000 
36.600000 	124.145004 	297.000000 	290.919312 	307.681000 
36.700000 	124.145004 	297.000000 	290.919312 	307.681000 
36.800000 	124.145004 	297.000000 	290.919312 	307.681000 
36.900000 	124.145004 	297.000000 	290.919312 	307.681000 
37.000000 	123.993309 	297.000000 	290.925201 	307.729004 
37.100000 	123.993309 	297.000000 	290.925201 	307.729004 
37.200000 	123.993309 	297.000000 	290.925201 	307.729004 
37.300000 	123.993309 	297.000000 	290.925201 	307.729004 
37.400000 	123.993309 	297.000000 	290.925201 	307.729004 
37.500000 	123.993309 	297.000000 	290.925201 	307.729004 
37.600000 	123.993309 	297.000000 	290.925201 	307.729004 
37.700000 	123.993309 	297.000000 	290.925201 	307.729004 
37.800000 	123.993309 	297.000000 	290.925201 	307.729004 
37.900000 	123.993309 	297.000000 	290.925201 	307.729004 
38.000000 	123.823753 	297.000000 	290.930847 	307.769012 
38.100000 	123.823753 	297.000000 	290.930847 	307.769012 
38.200000 	123.823753 	297.000000 	290.930847 	307.769012 
38.300000 	123.823753 	297.000000 	290.930847 	307.769012 
38.400000 	123.823753 	297.000000 	290.930847 	307.769012 
38.500000 	123.823753 	297.000000 	290.930847 	307.769012 
38.600000 	123.823753 	297.000000 	290.930847 	307.769012 
38.700000 	123.823753 	297.000000 	290.930847 	307.769012 
38.800000 	123.823753 	297.000000 	290.930847 	307.769012 
38.900000 	123.823753 	297.000000 	290.930847 	307.769012 
39.000000 	123.634705 	297.000000 	290.936249 	307.807007 
39.100000 	123.634705 	297.000000 	290.936249 	307.807007 
39.200000 	123.634705 	297.000000 	290.936249 	307.807007 
39.300000 	123.634705 	297.000000 	290.936249 	307.807007 
39.400000 	123.634705 	297.000000 	290.936249 	307.807007 
39.500000 	123.634705 	297.000000 	290.936249 	307.807007 
39.600000 	123.634705 	297.000000 	290.936249 	307.807007 
39.700000 	123.634705 	297.000000 	290.936249 	307.807007 
39.800000 	123.634705 	297.000000 	290.936249 	307.807007 
39.900000 	123.634705 	297.000000 	290.936249 	307.807007 
40.000000 	123.424339 	297.000000 	290.941437 	307.845001 
40.100000 	123.424339 	297.000000 	290.941437 	307.845001 
40.200000 	123.424339 	297.000000 	290.941437 	307.845001 
40.300000 	123.424339 	297.000000 	290.941437 	307.845001 
40.400000 	123.424339 	297.000000 	290.941437 	307.845001 
40.500000 	123.424339 	297.000000 	290.941437 	307.845001 
40.600000 	123.424339 	297.000000 	290.941437 	307.845001 
40.700000 	123.424339 	297.000000 	290.941437 	307.845001 
40.800000 	123.424339 	297.000000 	290.941437 	307.845001 
40.900000 	123.424339 	297.000000 	290.941437 	307.845001 
41.000000 	123.190681 	297.000000 	290.946411 	307.881989 
41.100000 	123.190681 	297.000000 	290.946411 	307.881989 
41.200000 	123.190681 	297.000000 	290.946411 	307.881989 
41.300000 	123.190681 	297.000000 	290.946411 	307.881989 
41.400000 	123.190681 	297.000000 	290.946411 	307.881989 
41.500000 	123.190681 	297.000000 	290.946411 	307.881989 
41.600000 	123.190681 	297.000000 	290.946411 	307.881989 
41.700000 	123.190681 	297.000000 	290.946411 	307.881989 
41.800000 	123.190681 	297.000000 	290.946411 	307.881989 
41.900000 	123.190681 	297.000000 	290.946411 	307.881989 
42.000000 	122.931480 	297.000000 	290.951141 	307.917999 
42.100000 	122.931480 	297.000000 	290.951141 	307.917999 
42.200000 	122.931480 	297.000000 	290.951141 	307.917999 
42.300000 	122.931480 	297.000000 	290.951141 	307.917999 
42.400000 	122.931480 	297.000000 	290.951141 	307.917999 
42.500000 	122.931480 	297.000000 	290.951141 	307.917999 
42.600000 	122.931480 	297.000000 	290.951141 	307.917999 
42.700000 	122.931480 	297.000000 	290.951141 	307.917999 
42.800000 	122.931480 	297.000000 	290.951141 	307.917999 
42.900000 	122.931480 	297.000000 	290.951141 	307.917999 
43.000000 	122.644295 	297.000000 	290.955688 	307.953003 
43.100000 	122.644295 	297.000000 	290.955688 	307.953003 
43.200000 	122.644295 	297.000000 	290.955688 	307.953003 
43.300000 	122.644295 	297.000000 	290.955688 	307.953003 
43.400000 	122.644295 	297.000000 	290.955688 	307.953003 
43.500000 	122.644295 	297.000000 	290.955688 	307.953003 
43.600000 	122.644295 	297.000000 	290.955688 	307.953003 
43.700000 	122.644295 	297.000000 	290.955688 	307.953003 
43.800000 	122.644295 	297.000000 	290.955688 	307.953003 
43.900000 	122.644295 	297.000000 	290.955688 	307.953003 
44.000000 	122.326347 	297.000000 	290.960083 	307.985992 
44.100000 	122.326347 	297.000000 	290.960083 	307.985992 
44.200000 	122.326347 	297.000000 	290.960083 	307.985992 
44.300000 	122.326347 	297.000000 	290.960083 	307.985992 
44.400000 	122.326347 	297.000000 	290.960083 	307.985992 
44.500000 	122.326347 	297.000000 	290.960083 	307.985992 
44.600000 	122.326347 	297.000000 	290.960083 	307.985992 
44.700000 	122.326347 	297.000000 	290.960083 	307.985992 
44.800000 	122.326347 	297.000000 	290.960083 	307.985992 
44.900000 	122.326347 	297.000000 	290.960083 	307.985992 
45.000000 	121.974556 	297.000000 	290.964264 	308.019012 
45.100000 	121.974556 	297.000000 	290.964264 	308.019012 
45.200000 	121.974556 	297.000000 	290.964264 	308.019012 
45.300000 	121.974556 	297.000000 	290.964264 	308.019012 
45.400000 	121.974556 	297.000000 	290.964264 	308.019012 
45.500000 	121.974556 	297.000000 	290.964264 	308.019012 
45.600000 	121.974556 	297.000000 	290.964264 	308.019012 
45.700000 	121.974556 	297.000000 	290.964264 	308.019012 
45.800000 	121.974556 	297.000000 	290.964264 	308.019012 
45.900000 	121.974556 	297.000000 	290.964264 	308.019012 
46.000000 	121.585426 	297.000000 	290.968292 	308.049988 
46.100000 	121.585426 	297.000000 	290.968292 	308.049988 
46.200000 	121.585426 	297.000000 	290.968292 	308.049988 
46.300000 	121.585426 	297.000000 	290.968292 	308.049988 
46.400000 	121.585426 	297.000000 	290.968292 	308.049988 
46.500000 	121.585426 	297.000000 	290.968292 	308.049988 
46.600000 	121.585426 	297.000000 	290.968292 	308.049988 
46.700000 	121.585426 	297.000000 	290.968292 	308.049988 
46.800000 	121.585426 	297.000000 	290.968292 	308.049988 
46.900000 	121.585426 	297.000000 	290.968292 	308.049988 
47.000000 	121.154984 	297.000000 	290.972137 	308.079987 
47.100000 	121.154984 	297.000000 	290.972137 	308.079987 
47.200000 	121.154984 	297.000000 	290.972137 	308.079987 
47.300000 	121.154984 	297.000000 	290.972137 	308.079987 
47.400000 	121.154984 	297.000000 	290.972137 	308.079987 
47.500000 	121.154984 	297.000000 	290.972137 	308.079987 
47.600000 	121.154984 	297.000000 	290.972137 	308.079987 
47.700000 	121.154984 	297.000000 	290.972137 	308.079987 
47.800000 	121.154984 	297.000000 	290.972137 	308.079987 
47.900000 	121.154984 	297.000000 	290.972137 	308.079987 
48.000000 	120.678604 	297.000000 	290.975891 	308.108002 
48.100000 	120.678604 	297.000000 	290.975891 	308.108002 
48.200000 	120.678604 	297.000000 	290.975891 	308.108002 
48.300000 	120.678604 	297.000000 	290.975891 	308.108002 
48.400000 	120.678604 	297.000000 	290.975891 	308.108002 
48.500000 	120.678604 	297.000000 	290.975891 	308.108002 
48.600000 	120.678604 	297.000000 	290.975891 	308.108002 
48.700000 	120.678604 	297.000000 	290.975891 	308.108002 
48.800000 	120.678604 	297.000000 	290.975891 	308.108002 
48.900000 	120.678604 	297.000000 	290.975891 	308.108002 
49.000000 	120.149521 	297.000000 	290.979706 	308.135986 
49.100000 	120.149521 	297.000000 	290.979706 	308.135986 
49.200000 	120.149521 	297.000000 	290.979706 	308.135986 
49.300000 	120.149521 	297.000000 	290.979706 	308.135986 
49.400000 	120.149521 	297.000000 	290.979706 	308.135986 
49.500000 	120.149521 	297.000000 	290.979706 	308.135986 
49.600000 	120.149521 	297.000000 	290.979706 	308.135986 
49.700000 	120.149521 	297.000000 	290.979706 	308.135986 
49.800000 	120.149521 	297.000000 	290.979706 	308.135986 
49.900000 	120.149521 	297.000000 	290.979706 	308.135986 
50.000000 	119.568176 	297.000000 	290.982910 	308.161011 
50.100000 	119.568176 	297.000000 	290.982910 	308.161011 
50.200000 	119.568176 	297.000000 	290.982910 	308.161011 
50.300000 	119.568176 	297.000000 	290.982910 	308.161011 
50.400000 	119.568176 	297.000000 	290.982910 	308.161011 
50.500000 	119.568176 	297.000000 	290.982910 	308.161011 
50.600000 	119.568176 	297.000000 	290.982910 	308.161011 
50.700000 	119.568176 	297.000000 	290.982910 	308.161011 
50.800000 	119.568176 	297.000000 	290.982910 	308.161011 
50.900000 	119.568176 	297.000000 	290.982910 	308.161011 
51.000000 	118.924049 	297.000000 	290.985962 	1003.359985 
51.100000 	118.924049 	297.000000 	290.985962 	1003.359985 
51.200000 	118.924049 	297.000000 	290.985962 	1003.359985 
51.300000 	118.924049 	297.000000 	290.985962 	1003.359985 
51.400000 	118.924049 	297.000000 	290.985962 	1003.359985 
51.500000 	118.924049 	297.000000 	290.985962 	1003.359985 
51.600000 	118.924049 	297.000000 	290.985962 	1003.359985 
51.700000 	118.924049 	297.000000 	290.985962 	1003.359985 
51.800000 	118.924049 	297.000000 	290.985962 	1003.359985 
51.900000 	118.924049 	297.000000 	290.985962 	1003.359985 
52.000000 	118.209587 	297.000000 	290.988739 	1003.359985 
52.100000 	118.209587 	297.000000 	290.988739 	1003.359985 
52.200000 	118.209587 	297.000000 	290.988739 	1003.359985 
52.300000 	118.209587 	297.000000 	290.988739 	1003.359985 
52.400000 	118.209587 	297.000000 	290.988739 	1003.359985 
52.500000 	118.209587 	297.000000 	290.988739 	1003.359985 
52.600000 	118.209587 	297.000000 	290.988739 	1003.359985 
52.700000 	118.209587 	297.000000 	290.988739 	1003.359985 
52.800000 	118.209587 	297.000000 	290.988739 	1003.359985 
52.900000 	118.209587 	297.000000 	290.988739 	1003.359985 
53.000000 	117.415359 	297.000000 	290.991547 	1003.359985 
53.100000 	117.415359 	297.000000 	290.991547 	1003.359985 
53.200000 	117.415359 	297.000000 	290.991547 	1003.359985 
53.300000 	117.415359 	297.000000 	290.991547 	1003.359985 
53.400000 	117.415359 	297.000000 	290.991547 	1003.359985 
53.500000 	117.415359 	297.000000 	290.991547 	1003.359985 
53.600000 	117.415359 	297.000000 	290.991547 	1003.359985 
53.700000 	117.415359 	297.000000 	290.991547 	1003.359985 
53.800000 	117.415359 	297.000000 	290.991547 	1003.359985 
53.900000 	117.415359 	297.000000 	290.991547 	1003.359985 
54.000000 	116.531052 	297.000000 	290.994171 	1003.359985 
54.100000 	116.531052 	297.000000 	290.994171 	1003.359985 
54.200000 	116.531052 	297.000000 	290.994171 	1003.359985 
54.300000 	116.531052 	297.000000 	290.994171 	1003.359985 
54.400000 	116.531052 	297.000000 	290.994171 	1003.359985 
54.500000 	116.531052 	297.000000 	290.994171 	1003.359985 
54.600000 	116.531052 	297.000000 	290.994171 	1003.359985 
54.700000 	116.531052 	297.000000 	290.994171 	1003.359985 
54.800000 	116.531052 	297.000000 	290.994171 	1003.359985 
54.900000 	116.531052 	297.000000 	290.994171 	1003.359985 
55.000000 	115.544052 	297.000000 	290.996674 	1003.359985 
55.100000 	115.544052 	297.000000 	290.996674 	1003.359985 
55.200000 	115.544052 	297.000000 	290.996674 	1003.359985 
55.300000 	115.544052 	297.000000 	290.996674 	1003.359985 
55.400000 	115.544052 	297.000000 	290.996674 	1003.359985 
55.500000 	115.544052 	297.000000 	290.996674 	1003.359985 
55.600000 	115.544052 	297.000000 	290.996674 	1003.359985 
55.700000 	115.544052 	297.000000 	290.996674 	1003.359985 
55.800000 	115.544052 	297.000000 	290.996674 	1003.359985 
55.900000 	115.544052 	297.000000 	290.996674 	1003.359985 
56.000000 	114.439209 	297.000000 	290.998993 	1003.359985 
56.100000 	114.439209 	297.000000 	290.998993 	1003.359985 
56.200000 	114.439209 	297.000000 	290.998993 	1003.359985 
56.300000 	114.439209 	297.000000 	290.998993 	1003.359985 
56.400000 	114.439209 	297.000000 	290.998993 	1003.359985 
56.500000 	114.439209 	297.000000 	290.998993 	1003.359985 
56.600000 	114.439209 	297.000000 	290.998993 	1003.359985 
56.700000 	114.439209 	297.000000 	290.998993 	1003.359985 
56.800000 	114.439209 	297.000000 	290.998993 	1003.359985 
56.900000 	114.439209 	297.000000 	290.998993 	1003.359985 
57.000000 	113.198074 	297.000000 	291.001160 	1003.359985 
57.100000 	113.198074 	297.000000 	291.001160 	1003.359985 
57.200000 	113.198074 	297.000000 	291.001160 	1003.359985 
57.300000 	113.198074 	297.000000 	291.001160 	1003.359985 
57.400000 	113.198074 	297.000000 	291.001160 	1003.359985 
57.500000 	113.198074 	297.000000 	291.001160 	1003.359985 
57.600000 	113.198074 	297.000000 	291.001160 	1003.359985 
57.700000 	113.198074 	297.000000 	291.001160 	1003.359985 
57.800000 	113.198074 	297.000000 	291.001160 	1003.359985 
57.900000 	113.198074 	297.000000 	291.001160 	1003.359985 
58.000000 	111.797905 	297.000000 	291.003174 	1003.359985 
58.100000 	111.797905 	297.000000 	291.003174 	1003.359985 
58.200000 	111.797905 	297.000000 	291.003174 	1003.359985 
58.300000 	111.797905 	297.000000 	291.003174 	1003.359985 
58.400000 	111.797905 	297.000000 	291.003174 	1003.359985 
58.500000 	111.797905 	297.000000 	291.003174 	1003.359985 
58.600000 	111.797905 	297.000000 	291.003174 	1003.359985 
58.700000 	111.797905 	297.000000 	291.003174 	1003.359985 
58.800000 	111.797905 	297.000000 	291.003174 	1003.359985 
58.900000 	111.797905 	297.000000 	291.003174 	1003.359985 
59.000000 	110.210236 	297.000000 	291.005005 	1003.359985 
59.100000 	110.210236 	297.000000 	291.005005 	1003.359985 
59.200000 	110.210236 	297.000000 	291.005005 	1003.359985 
59.300000 	110.210236 	297.000000 	291.005005 	1003.359985 
59.400000 	110.210236 	297.000000 	291.005005 	1003.359985 
59.500000 	110.210236 	297.000000 	291.005005 	1003.359985 
59.600000 	110.210236 	297.000000 	291.005005 	1003.359985 
59.700000 	110.210236 	297.000000 	291.005005 	1003.359985 
59.800000 	110.210236 	297.000000 	291.005005 	1003.359985 
59.900000 	110.210236 	297.000000 	291.005005 	1003.359985 
60.000000 	108.398804 	297.000000 	291.006683 	1003.359985 
