0.500000 	0.000000 	389.000000 	0.000000 	397.221008 
0.600000 	0.000000 	389.000000 	0.000000 	385.362000 
0.700000 	123.005135 	389.000000 	274.480133 	389.191986 
0.800000 	115.577217 	389.000000 	336.060913 	391.419006 
0.900000 	109.220779 	389.000000 	360.216644 	392.781006 
1.000000 	104.714355 	389.000000 	372.022400 	393.656006 
1.100000 	104.714355 	389.000000 	372.022400 	393.656006 
1.200000 	104.714355 	389.000000 	372.022400 	393.656006 
1.300000 	104.714355 	389.000000 	372.022400 	393.656006 
1.400000 	104.714355 	389.000000 	372.022400 	393.656006 
1.500000 	104.714355 	389.000000 	372.022400 	393.656006 
1.600000 	104.714355 	389.000000 	372.022400 	393.656006 
1.700000 	104.714355 	389.000000 	372.022400 	393.656006 
1.800000 	104.714355 	389.000000 	372.022400 	393.656006 
1.900000 	104.714355 	389.000000 	372.022400 	393.656006 
2.000000 	101.789238 	389.000000 	378.336365 	395.726990 
2.100000 	101.789238 	389.000000 	378.336365 	395.726990 
2.200000 	101.789238 	389.000000 	378.336365 	395.726990 
2.300000 	101.789238 	389.000000 	378.336365 	395.726990 
2.400000 	101.789238 	389.000000 	378.336365 	395.726990 
2.500000 	101.789238 	389.000000 	378.336365 	395.726990 
2.600000 	101.789238 	389.000000 	378.336365 	395.726990 
2.700000 	101.789238 	389.000000 	378.336365 	395.726990 
2.800000 	101.789238 	389.000000 	378.336365 	395.726990 
2.900000 	101.789238 	389.000000 	378.336365 	395.726990 
3.000000 	106.155800 	389.000000 	385.772827 	396.002014 
3.100000 	106.155800 	389.000000 	385.772827 	396.002014 
3.200000 	106.155800 	389.000000 	385.772827 	396.002014 
3.300000 	106.155800 	389.000000 	385.772827 	396.002014 
3.400000 	106.155800 	389.000000 	385.772827 	396.002014 
3.500000 	106.155800 	389.000000 	385.772827 	396.002014 
3.600000 	106.155800 	389.000000 	385.772827 	396.002014 
3.700000 	106.155800 	389.000000 	385.772827 	396.002014 
3.800000 	106.155800 	389.000000 	385.772827 	396.002014 
3.900000 	106.155800 	389.000000 	385.772827 	396.002014 
4.000000 	114.605476 	389.000000 	383.923248 	396.106995 
4.100000 	114.605476 	389.000000 	383.923248 	396.106995 
4.200000 	114.605476 	389.000000 	383.923248 	396.106995 
4.300000 	114.605476 	389.000000 	383.923248 	396.106995 
4.400000 	114.605476 	389.000000 	383.923248 	396.106995 
4.500000 	114.605476 	389.000000 	383.923248 	396.106995 
4.600000 	114.605476 	389.000000 	383.923248 	396.106995 
4.700000 	114.605476 	389.000000 	383.923248 	396.106995 
4.800000 	114.605476 	389.000000 	383.923248 	396.106995 
4.900000 	114.605476 	389.000000 	383.923248 	396.106995 
5.000000 	118.862335 	389.000000 	382.875336 	396.170013 
5.100000 	118.862335 	389.000000 	382.875336 	396.170013 
5.200000 	118.862335 	389.000000 	382.875336 	396.170013 
5.300000 	118.862335 	389.000000 	382.875336 	396.170013 
5.400000 	118.862335 	389.000000 	382.875336 	396.170013 
5.500000 	118.862335 	389.000000 	382.875336 	396.170013 
5.600000 	118.862335 	389.000000 	382.875336 	396.170013 
5.700000 	118.862335 	389.000000 	382.875336 	396.170013 
5.800000 	118.862335 	389.000000 	382.875336 	396.170013 
5.900000 	118.862335 	389.000000 	382.875336 	396.170013 
6.000000 	121.101433 	389.000000 	382.341797 	396.217010 
6.100000 	121.101433 	389.000000 	382.341797 	396.217010 
6.200000 	121.101433 	389.000000 	382.341797 	396.217010 
6.300000 	121.101433 	389.000000 	382.341797 	396.217010 
6.400000 	121.101433 	389.000000 	382.341797 	396.217010 
6.500000 	121.101433 	389.000000 	382.341797 	396.217010 
6.600000 	121.101433 	389.000000 	382.341797 	396.217010 
6.700000 	121.101433 	389.000000 	382.341797 	396.217010 
6.800000 	121.101433 	389.000000 	382.341797 	396.217010 
6.900000 	121.101433 	389.000000 	382.341797 	396.217010 
7.000000 	122.387085 	389.000000 	382.059235 	396.256012 
7.100000 	122.387085 	389.000000 	382.059235 	396.256012 
7.200000 	122.387085 	389.000000 	382.059235 	396.256012 
7.300000 	122.387085 	389.000000 	382.059235 	396.256012 
7.400000 	122.387085 	389.000000 	382.059235 	396.256012 
7.500000 	122.387085 	389.000000 	382.059235 	396.256012 
7.600000 	122.387085 	389.000000 	382.059235 	396.256012 
7.700000 	122.387085 	389.000000 	382.059235 	396.256012 
7.800000 	122.387085 	389.000000 	382.059235 	396.256012 
7.900000 	122.387085 	389.000000 	382.059235 	396.256012 
8.000000 	123.182487 	389.000000 	381.903229 	396.291992 
8.100000 	123.182487 	389.000000 	381.903229 	396.291992 
8.200000 	123.182487 	389.000000 	381.903229 	396.291992 
8.300000 	123.182487 	389.000000 	381.903229 	396.291992 
8.400000 	123.182487 	389.000000 	381.903229 	396.291992 
8.500000 	123.182487 	389.000000 	381.903229 	396.291992 
8.600000 	123.182487 	389.000000 	381.903229 	396.291992 
8.700000 	123.182487 	389.000000 	381.903229 	396.291992 
8.800000 	123.182487 	389.000000 	381.903229 	396.291992 
8.900000 	123.182487 	389.000000 	381.903229 	396.291992 
9.000000 	123.704613 	389.000000 	381.814789 	396.325989 
9.100000 	123.704613 	389.000000 	381.814789 	396.325989 
9.200000 	123.704613 	389.000000 	381.814789 	396.325989 
9.300000 	123.704613 	389.000000 	381.814789 	396.325989 
9.400000 	123.704613 	389.000000 	381.814789 	396.325989 
9.500000 	123.704613 	389.000000 	381.814789 	396.325989 
9.600000 	123.704613 	389.000000 	381.814789 	396.325989 
9.700000 	123.704613 	389.000000 	381.814789 	396.325989 
9.800000 	123.704613 	389.000000 	381.814789 	396.325989 
9.900000 	123.704613 	389.000000 	381.814789 	396.325989 
10.000000 	124.063805 	389.000000 	381.764374 	396.359009 
10.100000 	124.063805 	389.000000 	381.764374 	396.359009 
10.200000 	124.063805 	389.000000 	381.764374 	396.359009 
10.300000 	124.063805 	389.000000 	381.764374 	396.359009 
10.400000 	124.063805 	389.000000 	381.764374 	396.359009 
10.500000 	124.063805 	389.000000 	381.764374 	396.359009 
10.600000 	124.063805 	389.000000 	381.764374 	396.359009 
10.700000 	124.063805 	389.000000 	381.764374 	396.359009 
10.800000 	124.063805 	389.000000 	381.764374 	396.359009 
10.900000 	124.063805 	389.000000 	381.764374 	396.359009 
11.000000 	124.320312 	389.000000 	381.736237 	396.393005 
11.100000 	124.320312 	389.000000 	381.736237 	396.393005 
11.200000 	124.320312 	389.000000 	381.736237 	396.393005 
11.300000 	124.320312 	389.000000 	381.736237 	396.393005 
11.400000 	124.320312 	389.000000 	381.736237 	396.393005 
11.500000 	124.320312 	389.000000 	381.736237 	396.393005 
11.600000 	124.320312 	389.000000 	381.736237 	396.393005 
11.700000 	124.320312 	389.000000 	381.736237 	396.393005 
11.800000 	124.320312 	389.000000 	381.736237 	396.393005 
11.900000 	124.320312 	389.000000 	381.736237 	396.393005 
12.000000 	124.509018 	389.000000 	381.721558 	396.425995 
12.100000 	124.509018 	389.000000 	381.721558 	396.425995 
12.200000 	124.509018 	389.000000 	381.721558 	396.425995 
12.300000 	124.509018 	389.000000 	381.721558 	396.425995 
12.400000 	124.509018 	389.000000 	381.721558 	396.425995 
12.500000 	124.509018 	389.000000 	381.721558 	396.425995 
12.600000 	124.509018 	389.000000 	381.721558 	396.425995 
12.700000 	124.509018 	389.000000 	381.721558 	396.425995 
12.800000 	124.509018 	389.000000 	381.721558 	396.425995 
12.900000 	124.509018 	389.000000 	381.721558 	396.425995 
13.000000 	124.651131 	389.000000 	381.715210 	396.459015 
13.100000 	124.651131 	389.000000 	381.715210 	396.459015 
13.200000 	124.651131 	389.000000 	381.715210 	396.459015 
13.300000 	124.651131 	389.000000 	381.715210 	396.459015 
13.400000 	124.651131 	389.000000 	381.715210 	396.459015 
13.500000 	124.651131 	389.000000 	381.715210 	396.459015 
13.600000 	124.651131 	389.000000 	381.715210 	396.459015 
13.700000 	124.651131 	389.000000 	381.715210 	396.459015 
13.800000 	124.651131 	389.000000 	381.715210 	396.459015 
13.900000 	124.651131 	389.000000 	381.715210 	396.459015 
14.000000 	124.760025 	389.000000 	381.714111 	396.492004 
14.100000 	124.760025 	389.000000 	381.714111 	396.492004 
14.200000 	124.760025 	389.000000 	381.714111 	396.492004 
14.300000 	124.760025 	389.000000 	381.714111 	396.492004 
14.400000 	124.760025 	389.000000 	381.714111 	396.492004 
14.500000 	124.760025 	389.000000 	381.714111 	396.492004 
14.600000 	124.760025 	389.000000 	381.714111 	396.492004 
14.700000 	124.760025 	389.000000 	381.714111 	396.492004 
14.800000 	124.760025 	389.000000 	381.714111 	396.492004 
14.900000 	124.760025 	389.000000 	381.714111 	396.492004 
15.000000 	124.844429 	389.000000 	381.716309 	396.526001 
15.100000 	124.844429 	389.000000 	381.716309 	396.526001 
15.200000 	124.844429 	389.000000 	381.716309 	396.526001 
15.300000 	124.844429 	389.000000 	381.716309 	396.526001 
15.400000 	124.844429 	389.000000 	381.716309 	396.526001 
15.500000 	124.844429 	389.000000 	381.716309 	396.526001 
15.600000 	124.844429 	389.000000 	381.716309 	396.526001 
15.700000 	124.844429 	389.000000 	381.716309 	396.526001 
15.800000 	124.844429 	389.000000 	381.716309 	396.526001 
15.900000 	124.844429 	389.000000 	381.716309 	396.526001 
16.000000 	124.910164 	389.000000 	381.720581 	396.558990 
16.100000 	124.910164 	389.000000 	381.720581 	396.558990 
16.200000 	124.910164 	389.000000 	381.720581 	396.558990 
16.300000 	124.910164 	389.000000 	381.720581 	396.558990 
16.400000 	124.910164 	389.000000 	381.720581 	396.558990 
16.500000 	124.910164 	389.000000 	381.720581 	396.558990 
16.600000 	124.910164 	389.000000 	381.720581 	396.558990 
16.700000 	124.910164 	389.000000 	381.720581 	396.558990 
16.800000 	124.910164 	389.000000 	381.720581 	396.558990 
16.900000 	124.910164 	389.000000 	381.720581 	396.558990 
17.000000 	124.961205 	389.000000 	381.726135 	396.592987 
17.100000 	124.961205 	389.000000 	381.726135 	396.592987 
17.200000 	124.961205 	389.000000 	381.726135 	396.592987 
17.300000 	124.961205 	389.000000 	381.726135 	396.592987 
17.400000 	124.961205 	389.000000 	381.726135 	396.592987 
17.500000 	124.961205 	389.000000 	381.726135 	396.592987 
17.600000 	124.961205 	389.000000 	381.726135 	396.592987 
17.700000 	124.961205 	389.000000 	381.726135 	396.592987 
17.800000 	124.961205 	389.000000 	381.726135 	396.592987 
17.900000 	124.961205 	389.000000 	381.726135 	396.592987 
18.000000 	125.000252 	389.000000 	381.732452 	396.627014 
18.100000 	125.000252 	389.000000 	381.732452 	396.627014 
18.200000 	125.000252 	389.000000 	381.732452 	396.627014 
18.300000 	125.000252 	389.000000 	381.732452 	396.627014 
18.400000 	125.000252 	389.000000 	381.732452 	396.627014 
18.500000 	125.000252 	389.000000 	381.732452 	396.627014 
18.600000 	125.000252 	389.000000 	381.732452 	396.627014 
18.700000 	125.000252 	389.000000 	381.732452 	396.627014 
18.800000 	125.000252 	389.000000 	381.732452 	396.627014 
18.900000 	125.000252 	389.000000 	381.732452 	396.627014 
19.000000 	125.029182 	389.000000 	381.739166 	396.661011 
19.100000 	125.029182 	389.000000 	381.739166 	396.661011 
19.200000 	125.029182 	389.000000 	381.739166 	396.661011 
19.300000 	125.029182 	389.000000 	381.739166 	396.661011 
19.400000 	125.029182 	389.000000 	381.739166 	396.661011 
19.500000 	125.029182 	389.000000 	381.739166 	396.661011 
19.600000 	125.029182 	389.000000 	381.739166 	396.661011 
19.700000 	125.029182 	389.000000 	381.739166 	396.661011 
19.800000 	125.029182 	389.000000 	381.739166 	396.661011 
19.900000 	125.029182 	389.000000 	381.739166 	396.661011 
20.000000 	125.049263 	389.000000 	381.746094 	396.695007 
20.100000 	125.049263 	389.000000 	381.746094 	396.695007 
20.200000 	125.049263 	389.000000 	381.746094 	396.695007 
20.300000 	125.049263 	389.000000 	381.746094 	396.695007 
20.400000 	125.049263 	389.000000 	381.746094 	396.695007 
20.500000 	125.049263 	389.000000 	381.746094 	396.695007 
20.600000 	125.049263 	389.000000 	381.746094 	396.695007 
20.700000 	125.049263 	389.000000 	381.746094 	396.695007 
20.800000 	125.049263 	389.000000 	381.746094 	396.695007 
20.900000 	125.049263 	389.000000 	381.746094 	396.695007 
21.000000 	125.061333 	389.000000 	381.753021 	396.729004 
21.100000 	125.061333 	389.000000 	381.753021 	396.729004 
21.200000 	125.061333 	389.000000 	381.753021 	396.729004 
21.300000 	125.061333 	389.000000 	381.753021 	396.729004 
21.400000 	125.061333 	389.000000 	381.753021 	396.729004 
21.500000 	125.061333 	389.000000 	381.753021 	396.729004 
21.600000 	125.061333 	389.000000 	381.753021 	396.729004 
21.700000 	125.061333 	389.000000 	381.753021 	396.729004 
21.800000 	125.061333 	389.000000 	381.753021 	396.729004 
21.900000 	125.061333 	389.000000 	381.753021 	396.729004 
22.000000 	125.065903 	389.000000 	381.759857 	396.763000 
22.100000 	125.065903 	389.000000 	381.759857 	396.763000 
22.200000 	125.065903 	389.000000 	381.759857 	396.763000 
22.300000 	125.065903 	389.000000 	381.759857 	396.763000 
22.400000 	125.065903 	389.000000 	381.759857 	396.763000 
22.500000 	125.065903 	389.000000 	381.759857 	396.763000 
22.600000 	125.065903 	389.000000 	381.759857 	396.763000 
22.700000 	125.065903 	389.000000 	381.759857 	396.763000 
22.800000 	125.065903 	389.000000 	381.759857 	396.763000 
22.900000 	125.065903 	389.000000 	381.759857 	396.763000 
23.000000 	125.063248 	389.000000 	381.766541 	396.796997 
23.100000 	125.063248 	389.000000 	381.766541 	396.796997 
23.200000 	125.063248 	389.000000 	381.766541 	396.796997 
23.300000 	125.063248 	389.000000 	381.766541 	396.796997 
23.400000 	125.063248 	389.000000 	381.766541 	396.796997 
23.500000 	125.063248 	389.000000 	381.766541 	396.796997 
23.600000 	125.063248 	389.000000 	381.766541 	396.796997 
23.700000 	125.063248 	389.000000 	381.766541 	396.796997 
23.800000 	125.063248 	389.000000 	381.766541 	396.796997 
23.900000 	125.063248 	389.000000 	381.766541 	396.796997 
24.000000 	125.053436 	389.000000 	381.773041 	396.829987 
24.100000 	125.053436 	389.000000 	381.773041 	396.829987 
24.200000 	125.053436 	389.000000 	381.773041 	396.829987 
24.300000 	125.053436 	389.000000 	381.773041 	396.829987 
24.400000 	125.053436 	389.000000 	381.773041 	396.829987 
24.500000 	125.053436 	389.000000 	381.773041 	396.829987 
24.600000 	125.053436 	389.000000 	381.773041 	396.829987 
24.700000 	125.053436 	389.000000 	381.773041 	396.829987 
24.800000 	125.053436 	389.000000 	381.773041 	396.829987 
24.900000 	125.053436 	389.000000 	381.773041 	396.829987 
25.000000 	125.036392 	389.000000 	381.779327 	396.864014 
25.100000 	125.036392 	389.000000 	381.779327 	396.864014 
25.200000 	125.036392 	389.000000 	381.779327 	396.864014 
25.300000 	125.036392 	389.000000 	381.779327 	396.864014 
25.400000 	125.036392 	389.000000 	381.779327 	396.864014 
25.500000 	125.036392 	389.000000 	381.779327 	396.864014 
25.600000 	125.036392 	389.000000 	381.779327 	396.864014 
25.700000 	125.036392 	389.000000 	381.779327 	396.864014 
25.800000 	125.036392 	389.000000 	381.779327 	396.864014 
25.900000 	125.036392 	389.000000 	381.779327 	396.864014 
26.000000 	125.011894 	389.000000 	381.785370 	396.897003 
26.100000 	125.011894 	389.000000 	381.785370 	396.897003 
26.200000 	125.011894 	389.000000 	381.785370 	396.897003 
26.300000 	125.011894 	389.000000 	381.785370 	396.897003 
26.400000 	125.011894 	389.000000 	381.785370 	396.897003 
26.500000 	125.011894 	389.000000 	381.785370 	396.897003 
26.600000 	125.011894 	389.000000 	381.785370 	396.897003 
26.700000 	125.011894 	389.000000 	381.785370 	396.897003 
26.800000 	125.011894 	389.000000 	381.785370 	396.897003 
26.900000 	125.011894 	389.000000 	381.785370 	396.897003 
27.000000 	124.979622 	389.000000 	381.791168 	396.929993 
27.100000 	124.979622 	389.000000 	381.791168 	396.929993 
27.200000 	124.979622 	389.000000 	381.791168 	396.929993 
27.300000 	124.979622 	389.000000 	381.791168 	396.929993 
27.400000 	124.979622 	389.000000 	381.791168 	396.929993 
27.500000 	124.979622 	389.000000 	381.791168 	396.929993 
27.600000 	124.979622 	389.000000 	381.791168 	396.929993 
27.700000 	124.979622 	389.000000 	381.791168 	396.929993 
27.800000 	124.979622 	389.000000 	381.791168 	396.929993 
27.900000 	124.979622 	389.000000 	381.791168 	396.929993 
28.000000 	124.939140 	389.000000 	381.796722 	396.963013 
28.100000 	124.939140 	389.000000 	381.796722 	396.963013 
28.200000 	124.939140 	389.000000 	381.796722 	396.963013 
28.300000 	124.939140 	389.000000 	381.796722 	396.963013 
28.400000 	124.939140 	389.000000 	381.796722 	396.963013 
28.500000 	124.939140 	389.000000 	381.796722 	396.963013 
28.600000 	124.939140 	389.000000 	381.796722 	396.963013 
28.700000 	124.939140 	389.000000 	381.796722 	396.963013 
28.800000 	124.939140 	389.000000 	381.796722 	396.963013 
28.900000 	124.939140 	389.000000 	381.796722 	396.963013 
29.000000 	124.889915 	389.000000 	381.802032 	396.994995 
29.100000 	124.889915 	389.000000 	381.802032 	396.994995 
29.200000 	124.889915 	389.000000 	381.802032 	396.994995 
29.300000 	124.889915 	389.000000 	381.802032 	396.994995 
29.400000 	124.889915 	389.000000 	381.802032 	396.994995 
29.500000 	124.889915 	389.000000 	381.802032 	396.994995 
29.600000 	124.889915 	389.000000 	381.802032 	396.994995 
29.700000 	124.889915 	389.000000 	381.802032 	396.994995 
29.800000 	124.889915 	389.000000 	381.802032 	396.994995 
29.900000 	124.889915 	389.000000 	381.802032 	396.994995 
30.000000 	124.831345 	389.000000 	381.807098 	397.027008 
30.100000 	124.831345 	389.000000 	381.807098 	397.027008 
30.200000 	124.831345 	389.000000 	381.807098 	397.027008 
30.300000 	124.831345 	389.000000 	381.807098 	397.027008 
30.400000 	124.831345 	389.000000 	381.807098 	397.027008 
30.500000 	124.831345 	389.000000 	381.807098 	397.027008 
30.600000 	124.831345 	389.000000 	381.807098 	397.027008 
30.700000 	124.831345 	389.000000 	381.807098 	397.027008 
30.800000 	124.831345 	389.000000 	381.807098 	397.027008 
30.900000 	124.831345 	389.000000 	381.807098 	397.027008 
31.000000 	124.762695 	389.000000 	381.811951 	397.058014 
31.100000 	124.762695 	389.000000 	381.811951 	397.058014 
31.200000 	124.762695 	389.000000 	381.811951 	397.058014 
31.300000 	124.762695 	389.000000 	381.811951 	397.058014 
31.400000 	124.762695 	389.000000 	381.811951 	397.058014 
31.500000 	124.762695 	389.000000 	381.811951 	397.058014 
31.600000 	124.762695 	389.000000 	381.811951 	397.058014 
31.700000 	124.762695 	389.000000 	381.811951 	397.058014 
31.800000 	124.762695 	389.000000 	381.811951 	397.058014 
31.900000 	124.762695 	389.000000 	381.811951 	397.058014 
32.000000 	124.683189 	389.000000 	381.816559 	397.088989 
32.100000 	124.683189 	389.000000 	381.816559 	397.088989 
32.200000 	124.683189 	389.000000 	381.816559 	397.088989 
32.300000 	124.683189 	389.000000 	381.816559 	397.088989 
32.400000 	124.683189 	389.000000 	381.816559 	397.088989 
32.500000 	124.683189 	389.000000 	381.816559 	397.088989 
32.600000 	124.683189 	389.000000 	381.816559 	397.088989 
32.700000 	124.683189 	389.000000 	381.816559 	397.088989 
32.800000 	124.683189 	389.000000 	381.816559 	397.088989 
32.900000 	124.683189 	389.000000 	381.816559 	397.088989 
33.000000 	124.591927 	389.000000 	381.820953 	397.119995 
33.100000 	124.591927 	389.000000 	381.820953 	397.119995 
33.200000 	124.591927 	389.000000 	381.820953 	397.119995 
33.300000 	124.591927 	389.000000 	381.820953 	397.119995 
33.400000 	124.591927 	389.000000 	381.820953 	397.119995 
33.500000 	124.591927 	389.000000 	381.820953 	397.119995 
33.600000 	124.591927 	389.000000 	381.820953 	397.119995 
33.700000 	124.591927 	389.000000 	381.820953 	397.119995 
33.800000 	124.591927 	389.000000 	381.820953 	397.119995 
33.900000 	124.591927 	389.000000 	381.820953 	397.119995 
34.000000 	124.487900 	389.000000 	381.825165 	397.149994 
34.100000 	124.487900 	389.000000 	381.825165 	397.149994 
34.200000 	124.487900 	389.000000 	381.825165 	397.149994 
34.300000 	124.487900 	389.000000 	381.825165 	397.149994 
34.400000 	124.487900 	389.000000 	381.825165 	397.149994 
34.500000 	124.487900 	389.000000 	381.825165 	397.149994 
34.600000 	124.487900 	389.000000 	381.825165 	397.149994 
34.700000 	124.487900 	389.000000 	381.825165 	397.149994 
34.800000 	124.487900 	389.000000 	381.825165 	397.149994 
34.900000 	124.487900 	389.000000 	381.825165 	397.149994 
35.000000 	124.370026 	389.000000 	381.829163 	397.178986 
35.100000 	124.370026 	389.000000 	381.829163 	397.178986 
35.200000 	124.370026 	389.000000 	381.829163 	397.178986 
35.300000 	124.370026 	389.000000 	381.829163 	397.178986 
35.400000 	124.370026 	389.000000 	381.829163 	397.178986 
35.500000 	124.370026 	389.000000 	381.829163 	397.178986 
35.600000 	124.370026 	389.000000 	381.829163 	397.178986 
35.700000 	124.370026 	389.000000 	381.829163 	397.178986 
35.800000 	124.370026 	389.000000 	381.829163 	397.178986 
35.900000 	124.370026 	389.000000 	381.829163 	397.178986 
36.000000 	124.237083 	389.000000 	381.832977 	397.208008 
36.100000 	124.237083 	389.000000 	381.832977 	397.208008 
36.200000 	124.237083 	389.000000 	381.832977 	397.208008 
36.300000 	124.237083 	389.000000 	381.832977 	397.208008 
36.400000 	124.237083 	389.000000 	381.832977 	397.208008 
36.500000 	124.237083 	389.000000 	381.832977 	397.208008 
36.600000 	124.237083 	389.000000 	381.832977 	397.208008 
36.700000 	124.237083 	389.000000 	381.832977 	397.208008 
36.800000 	124.237083 	389.000000 	381.832977 	397.208008 
36.900000 	124.237083 	389.000000 	381.832977 	397.208008 
37.000000 	124.087746 	389.000000 	381.836609 	397.248993 
37.100000 	124.087746 	389.000000 	381.836609 	397.248993 
37.200000 	124.087746 	389.000000 	381.836609 	397.248993 
37.300000 	124.087746 	389.000000 	381.836609 	397.248993 
37.400000 	124.087746 	389.000000 	381.836609 	397.248993 
37.500000 	124.087746 	389.000000 	381.836609 	397.248993 
37.600000 	124.087746 	389.000000 	381.836609 	397.248993 
37.700000 	124.087746 	389.000000 	381.836609 	397.248993 
37.800000 	124.087746 	389.000000 	381.836609 	397.248993 
37.900000 	124.087746 	389.000000 	381.836609 	397.248993 
38.000000 	123.920517 	389.000000 	381.840057 	397.277008 
38.100000 	123.920517 	389.000000 	381.840057 	397.277008 
38.200000 	123.920517 	389.000000 	381.840057 	397.277008 
38.300000 	123.920517 	389.000000 	381.840057 	397.277008 
38.400000 	123.920517 	389.000000 	381.840057 	397.277008 
38.500000 	123.920517 	389.000000 	381.840057 	397.277008 
38.600000 	123.920517 	389.000000 	381.840057 	397.277008 
38.700000 	123.920517 	389.000000 	381.840057 	397.277008 
38.800000 	123.920517 	389.000000 	381.840057 	397.277008 
38.900000 	123.920517 	389.000000 	381.840057 	397.277008 
39.000000 	123.733788 	389.000000 	381.843323 	397.303986 
39.100000 	123.733788 	389.000000 	381.843323 	397.303986 
39.200000 	123.733788 	389.000000 	381.843323 	397.303986 
39.300000 	123.733788 	389.000000 	381.843323 	397.303986 
39.400000 	123.733788 	389.000000 	381.843323 	397.303986 
39.500000 	123.733788 	389.000000 	381.843323 	397.303986 
39.600000 	123.733788 	389.000000 	381.843323 	397.303986 
39.700000 	123.733788 	389.000000 	381.843323 	397.303986 
39.800000 	123.733788 	389.000000 	381.843323 	397.303986 
39.900000 	123.733788 	389.000000 	381.843323 	397.303986 
40.000000 	123.525757 	389.000000 	381.846466 	397.330994 
40.100000 	123.525757 	389.000000 	381.846466 	397.330994 
40.200000 	123.525757 	389.000000 	381.846466 	397.330994 
40.300000 	123.525757 	389.000000 	381.846466 	397.330994 
40.400000 	123.525757 	389.000000 	381.846466 	397.330994 
40.500000 	123.525757 	389.000000 	381.846466 	397.330994 
40.600000 	123.525757 	389.000000 	381.846466 	397.330994 
40.700000 	123.525757 	389.000000 	381.846466 	397.330994 
40.800000 	123.525757 	389.000000 	381.846466 	397.330994 
40.900000 	123.525757 	389.000000 	381.846466 	397.330994 
41.000000 	123.294434 	389.000000 	381.849426 	397.355988 
41.100000 	123.294434 	389.000000 	381.849426 	397.355988 
41.200000 	123.294434 	389.000000 	381.849426 	397.355988 
41.300000 	123.294434 	389.000000 	381.849426 	397.355988 
41.400000 	123.294434 	389.000000 	381.849426 	397.355988 
41.500000 	123.294434 	389.000000 	381.849426 	397.355988 
41.600000 	123.294434 	389.000000 	381.849426 	397.355988 
41.700000 	123.294434 	389.000000 	381.849426 	397.355988 
41.800000 	123.294434 	389.000000 	381.849426 	397.355988 
41.900000 	123.294434 	389.000000 	381.849426 	397.355988 
42.000000 	123.037613 	389.000000 	381.852234 	397.381989 
42.100000 	123.037613 	389.000000 	381.852234 	397.381989 
42.200000 	123.037613 	389.000000 	381.852234 	397.381989 
42.300000 	123.037613 	389.000000 	381.852234 	397.381989 
42.400000 	123.037613 	389.000000 	381.852234 	397.381989 
42.500000 	123.037613 	389.000000 	381.852234 	397.381989 
42.600000 	123.037613 	389.000000 	381.852234 	397.381989 
42.700000 	123.037613 	389.000000 	381.852234 	397.381989 
42.800000 	123.037613 	389.000000 	381.852234 	397.381989 
42.900000 	123.037613 	389.000000 	381.852234 	397.381989 
43.000000 	122.752846 	389.000000 	381.854919 	397.406006 
43.100000 	122.752846 	389.000000 	381.854919 	397.406006 
43.200000 	122.752846 	389.000000 	381.854919 	397.406006 
43.300000 	122.752846 	389.000000 	381.854919 	397.406006 
43.400000 	122.752846 	389.000000 	381.854919 	397.406006 
43.500000 	122.752846 	389.000000 	381.854919 	397.406006 
43.600000 	122.752846 	389.000000 	381.854919 	397.406006 
43.700000 	122.752846 	389.000000 	381.854919 	397.406006 
43.800000 	122.752846 	389.000000 	381.854919 	397.406006 
43.900000 	122.752846 	389.000000 	381.854919 	397.406006 
44.000000 	122.437408 	389.000000 	381.857452 	397.428986 
44.100000 	122.437408 	389.000000 	381.857452 	397.428986 
44.200000 	122.437408 	389.000000 	381.857452 	397.428986 
44.300000 	122.437408 	389.000000 	381.857452 	397.428986 
44.400000 	122.437408 	389.000000 	381.857452 	397.428986 
44.500000 	122.437408 	389.000000 	381.857452 	397.428986 
44.600000 	122.437408 	389.000000 	381.857452 	397.428986 
44.700000 	122.437408 	389.000000 	381.857452 	397.428986 
44.800000 	122.437408 	389.000000 	381.857452 	397.428986 
44.900000 	122.437408 	389.000000 	381.857452 	397.428986 
45.000000 	122.088219 	389.000000 	381.859833 	397.450989 
45.100000 	122.088219 	389.000000 	381.859833 	397.450989 
45.200000 	122.088219 	389.000000 	381.859833 	397.450989 
45.300000 	122.088219 	389.000000 	381.859833 	397.450989 
45.400000 	122.088219 	389.000000 	381.859833 	397.450989 
45.500000 	122.088219 	389.000000 	381.859833 	397.450989 
45.600000 	122.088219 	389.000000 	381.859833 	397.450989 
45.700000 	122.088219 	389.000000 	381.859833 	397.450989 
45.800000 	122.088219 	389.000000 	381.859833 	397.450989 
45.900000 	122.088219 	389.000000 	381.859833 	397.450989 
46.000000 	121.701859 	389.000000 	381.862122 	397.472992 
46.100000 	121.701859 	389.000000 	381.862122 	397.472992 
46.200000 	121.701859 	389.000000 	381.862122 	397.472992 
46.300000 	121.701859 	389.000000 	381.862122 	397.472992 
46.400000 	121.701859 	389.000000 	381.862122 	397.472992 
46.500000 	121.701859 	389.000000 	381.862122 	397.472992 
46.600000 	121.701859 	389.000000 	381.862122 	397.472992 
46.700000 	121.701859 	389.000000 	381.862122 	397.472992 
46.800000 	121.701859 	389.000000 	381.862122 	397.472992 
46.900000 	121.701859 	389.000000 	381.862122 	397.472992 
47.000000 	121.274452 	389.000000 	381.864258 	397.493011 
47.100000 	121.274452 	389.000000 	381.864258 	397.493011 
47.200000 	121.274452 	389.000000 	381.864258 	397.493011 
47.300000 	121.274452 	389.000000 	381.864258 	397.493011 
47.400000 	121.274452 	389.000000 	381.864258 	397.493011 
47.500000 	121.274452 	389.000000 	381.864258 	397.493011 
47.600000 	121.274452 	389.000000 	381.864258 	397.493011 
47.700000 	121.274452 	389.000000 	381.864258 	397.493011 
47.800000 	121.274452 	389.000000 	381.864258 	397.493011 
47.900000 	121.274452 	389.000000 	381.864258 	397.493011 
48.000000 	120.801590 	389.000000 	381.866272 	397.513000 
48.100000 	120.801590 	389.000000 	381.866272 	397.513000 
48.200000 	120.801590 	389.000000 	381.866272 	397.513000 
48.300000 	120.801590 	389.000000 	381.866272 	397.513000 
48.400000 	120.801590 	389.000000 	381.866272 	397.513000 
48.500000 	120.801590 	389.000000 	381.866272 	397.513000 
48.600000 	120.801590 	389.000000 	381.866272 	397.513000 
48.700000 	120.801590 	389.000000 	381.866272 	397.513000 
48.800000 	120.801590 	389.000000 	381.866272 	397.513000 
48.900000 	120.801590 	389.000000 	381.866272 	397.513000 
49.000000 	120.278275 	389.000000 	381.868164 	397.531006 
49.100000 	120.278275 	389.000000 	381.868164 	397.531006 
49.200000 	120.278275 	389.000000 	381.868164 	397.531006 
49.300000 	120.278275 	389.000000 	381.868164 	397.531006 
49.400000 	120.278275 	389.000000 	381.868164 	397.531006 
49.500000 	120.278275 	389.000000 	381.868164 	397.531006 
49.600000 	120.278275 	389.000000 	381.868164 	397.531006 
49.700000 	120.278275 	389.000000 	381.868164 	397.531006 
49.800000 	120.278275 	389.000000 	381.868164 	397.531006 
49.900000 	120.278275 	389.000000 	381.868164 	397.531006 
50.000000 	119.698776 	389.000000 	381.869965 	397.549011 
50.100000 	119.698776 	389.000000 	381.869965 	397.549011 
50.200000 	119.698776 	389.000000 	381.869965 	397.549011 
50.300000 	119.698776 	389.000000 	381.869965 	397.549011 
50.400000 	119.698776 	389.000000 	381.869965 	397.549011 
50.500000 	119.698776 	389.000000 	381.869965 	397.549011 
50.600000 	119.698776 	389.000000 	381.869965 	397.549011 
50.700000 	119.698776 	389.000000 	381.869965 	397.549011 
50.800000 	119.698776 	389.000000 	381.869965 	397.549011 
50.900000 	119.698776 	389.000000 	381.869965 	397.549011 
51.000000 	119.056473 	389.000000 	381.871643 	1003.359985 
51.100000 	119.056473 	389.000000 	381.871643 	1003.359985 
51.200000 	119.056473 	389.000000 	381.871643 	1003.359985 
51.300000 	119.056473 	389.000000 	381.871643 	1003.359985 
51.400000 	119.056473 	389.000000 	381.871643 	1003.359985 
51.500000 	119.056473 	389.000000 	381.871643 	1003.359985 
51.600000 	119.056473 	389.000000 	381.871643 	1003.359985 
51.700000 	119.056473 	389.000000 	381.871643 	1003.359985 
51.800000 	119.056473 	389.000000 	381.871643 	1003.359985 
51.900000 	119.056473 	389.000000 	381.871643 	1003.359985 
52.000000 	118.343704 	389.000000 	381.873199 	1003.359985 
52.100000 	118.343704 	389.000000 	381.873199 	1003.359985 
52.200000 	118.343704 	389.000000 	381.873199 	1003.359985 
52.300000 	118.343704 	389.000000 	381.873199 	1003.359985 
52.400000 	118.343704 	389.000000 	381.873199 	1003.359985 
52.500000 	118.343704 	389.000000 	381.873199 	1003.359985 
52.600000 	118.343704 	389.000000 	381.873199 	1003.359985 
52.700000 	118.343704 	389.000000 	381.873199 	1003.359985 
52.800000 	118.343704 	389.000000 	381.873199 	1003.359985 
52.900000 	118.343704 	389.000000 	381.873199 	1003.359985 
53.000000 	117.551491 	389.000000 	381.874634 	1003.359985 
53.100000 	117.551491 	389.000000 	381.874634 	1003.359985 
53.200000 	117.551491 	389.000000 	381.874634 	1003.359985 
53.300000 	117.551491 	389.000000 	381.874634 	1003.359985 
53.400000 	117.551491 	389.000000 	381.874634 	1003.359985 
53.500000 	117.551491 	389.000000 	381.874634 	1003.359985 
53.600000 	117.551491 	389.000000 	381.874634 	1003.359985 
53.700000 	117.551491 	389.000000 	381.874634 	1003.359985 
53.800000 	117.551491 	389.000000 	381.874634 	1003.359985 
53.900000 	117.551491 	389.000000 	381.874634 	1003.359985 
54.000000 	116.669258 	389.000000 	381.875977 	1003.359985 
54.100000 	116.669258 	389.000000 	381.875977 	1003.359985 
54.200000 	116.669258 	389.000000 	381.875977 	1003.359985 
54.300000 	116.669258 	389.000000 	381.875977 	1003.359985 
54.400000 	116.669258 	389.000000 	381.875977 	1003.359985 
54.500000 	116.669258 	389.000000 	381.875977 	1003.359985 
54.600000 	116.669258 	389.000000 	381.875977 	1003.359985 
54.700000 	116.669258 	389.000000 	381.875977 	1003.359985 
54.800000 	116.669258 	389.000000 	381.875977 	1003.359985 
54.900000 	116.669258 	389.000000 	381.875977 	1003.359985 
55.000000 	115.684418 	389.000000 	381.877197 	1003.359985 
55.100000 	115.684418 	389.000000 	381.877197 	1003.359985 
55.200000 	115.684418 	389.000000 	381.877197 	1003.359985 
55.300000 	115.684418 	389.000000 	381.877197 	1003.359985 
55.400000 	115.684418 	389.000000 	381.877197 	1003.359985 
55.500000 	115.684418 	389.000000 	381.877197 	1003.359985 
55.600000 	115.684418 	389.000000 	381.877197 	1003.359985 
55.700000 	115.684418 	389.000000 	381.877197 	1003.359985 
55.800000 	115.684418 	389.000000 	381.877197 	1003.359985 
55.900000 	115.684418 	389.000000 	381.877197 	1003.359985 
56.000000 	114.581825 	389.000000 	381.878326 	1003.359985 
56.100000 	114.581825 	389.000000 	381.878326 	1003.359985 
56.200000 	114.581825 	389.000000 	381.878326 	1003.359985 
56.300000 	114.581825 	389.000000 	381.878326 	1003.359985 
56.400000 	114.581825 	389.000000 	381.878326 	1003.359985 
56.500000 	114.581825 	389.000000 	381.878326 	1003.359985 
56.600000 	114.581825 	389.000000 	381.878326 	1003.359985 
56.700000 	114.581825 	389.000000 	381.878326 	1003.359985 
56.800000 	114.581825 	389.000000 	381.878326 	1003.359985 
56.900000 	114.581825 	389.000000 	381.878326 	1003.359985 
57.000000 	113.343071 	389.000000 	381.879333 	1003.359985 
57.100000 	113.343071 	389.000000 	381.879333 	1003.359985 
57.200000 	113.343071 	389.000000 	381.879333 	1003.359985 
57.300000 	113.343071 	389.000000 	381.879333 	1003.359985 
57.400000 	113.343071 	389.000000 	381.879333 	1003.359985 
57.500000 	113.343071 	389.000000 	381.879333 	1003.359985 
57.600000 	113.343071 	389.000000 	381.879333 	1003.359985 
57.700000 	113.343071 	389.000000 	381.879333 	1003.359985 
57.800000 	113.343071 	389.000000 	381.879333 	1003.359985 
57.900000 	113.343071 	389.000000 	381.879333 	1003.359985 
58.000000 	111.945435 	389.000000 	381.880249 	1003.359985 
58.100000 	111.945435 	389.000000 	381.880249 	1003.359985 
58.200000 	111.945435 	389.000000 	381.880249 	1003.359985 
58.300000 	111.945435 	389.000000 	381.880249 	1003.359985 
58.400000 	111.945435 	389.000000 	381.880249 	1003.359985 
58.500000 	111.945435 	389.000000 	381.880249 	1003.359985 
58.600000 	111.945435 	389.000000 	381.880249 	1003.359985 
58.700000 	111.945435 	389.000000 	381.880249 	1003.359985 
58.800000 	111.945435 	389.000000 	381.880249 	1003.359985 
58.900000 	111.945435 	389.000000 	381.880249 	1003.359985 
59.000000 	110.360512 	389.000000 	381.881042 	1003.359985 
59.100000 	110.360512 	389.000000 	381.881042 	1003.359985 
59.200000 	110.360512 	389.000000 	381.881042 	1003.359985 
59.300000 	110.360512 	389.000000 	381.881042 	1003.359985 
59.400000 	110.360512 	389.000000 	381.881042 	1003.359985 
59.500000 	110.360512 	389.000000 	381.881042 	1003.359985 
59.600000 	110.360512 	389.000000 	381.881042 	1003.359985 
59.700000 	110.360512 	389.000000 	381.881042 	1003.359985 
59.800000 	110.360512 	389.000000 	381.881042 	1003.359985 
59.900000 	110.360512 	389.000000 	381.881042 	1003.359985 
60.000000 	108.552094 	389.000000 	381.881683 	1003.359985 
