0.500000 	0.000000 	562.000000 	0.000000 	549.226990 
0.600000 	132.677170 	562.000000 	446.650757 	556.190002 
0.700000 	121.937866 	562.000000 	509.277893 	560.120972 
0.800000 	113.825050 	562.000000 	534.143494 	562.401001 
0.900000 	107.885826 	562.000000 	545.884460 	563.783997 
1.000000 	103.758217 	562.000000 	552.074585 	564.663025 
1.100000 	103.758217 	562.000000 	552.074585 	564.663025 
1.200000 	103.758217 	562.000000 	552.074585 	564.663025 
1.300000 	103.758217 	562.000000 	552.074585 	564.663025 
1.400000 	103.758217 	562.000000 	552.074585 	564.663025 
1.500000 	103.758217 	562.000000 	552.074585 	564.663025 
1.600000 	103.758217 	562.000000 	552.074585 	564.663025 
1.700000 	103.758217 	562.000000 	552.074585 	564.663025 
1.800000 	103.758217 	562.000000 	552.074585 	564.663025 
1.900000 	103.758217 	562.000000 	552.074585 	564.663025 
2.000000 	101.131981 	562.000000 	555.579834 	566.682983 
2.100000 	101.131981 	562.000000 	555.579834 	566.682983 
2.200000 	101.131981 	562.000000 	555.579834 	566.682983 
2.300000 	101.131981 	562.000000 	555.579834 	566.682983 
2.400000 	101.131981 	562.000000 	555.579834 	566.682983 
2.500000 	101.131981 	562.000000 	555.579834 	566.682983 
2.600000 	101.131981 	562.000000 	555.579834 	566.682983 
2.700000 	101.131981 	562.000000 	555.579834 	566.682983 
2.800000 	101.131981 	562.000000 	555.579834 	566.682983 
2.900000 	101.131981 	562.000000 	555.579834 	566.682983 
3.000000 	106.453033 	562.000000 	560.126404 	566.927979 
3.100000 	106.453033 	562.000000 	560.126404 	566.927979 
3.200000 	106.453033 	562.000000 	560.126404 	566.927979 
3.300000 	106.453033 	562.000000 	560.126404 	566.927979 
3.400000 	106.453033 	562.000000 	560.126404 	566.927979 
3.500000 	106.453033 	562.000000 	560.126404 	566.927979 
3.600000 	106.453033 	562.000000 	560.126404 	566.927979 
3.700000 	106.453033 	562.000000 	560.126404 	566.927979 
3.800000 	106.453033 	562.000000 	560.126404 	566.927979 
3.900000 	106.453033 	562.000000 	560.126404 	566.927979 
4.000000 	114.823250 	562.000000 	559.034607 	567.015991 
4.100000 	114.823250 	562.000000 	559.034607 	567.015991 
4.200000 	114.823250 	562.000000 	559.034607 	567.015991 
4.300000 	114.823250 	562.000000 	559.034607 	567.015991 
4.400000 	114.823250 	562.000000 	559.034607 	567.015991 
4.500000 	114.823250 	562.000000 	559.034607 	567.015991 
4.600000 	114.823250 	562.000000 	559.034607 	567.015991 
4.700000 	114.823250 	562.000000 	559.034607 	567.015991 
4.800000 	114.823250 	562.000000 	559.034607 	567.015991 
4.900000 	114.823250 	562.000000 	559.034607 	567.015991 
5.000000 	118.976608 	562.000000 	558.406128 	567.065002 
5.100000 	118.976608 	562.000000 	558.406128 	567.065002 
5.200000 	118.976608 	562.000000 	558.406128 	567.065002 
5.300000 	118.976608 	562.000000 	558.406128 	567.065002 
5.400000 	118.976608 	562.000000 	558.406128 	567.065002 
5.500000 	118.976608 	562.000000 	558.406128 	567.065002 
5.600000 	118.976608 	562.000000 	558.406128 	567.065002 
5.700000 	118.976608 	562.000000 	558.406128 	567.065002 
5.800000 	118.976608 	562.000000 	558.406128 	567.065002 
5.900000 	118.976608 	562.000000 	558.406128 	567.065002 
6.000000 	121.156578 	562.000000 	558.086792 	567.099976 
6.100000 	121.156578 	562.000000 	558.086792 	567.099976 
6.200000 	121.156578 	562.000000 	558.086792 	567.099976 
6.300000 	121.156578 	562.000000 	558.086792 	567.099976 
6.400000 	121.156578 	562.000000 	558.086792 	567.099976 
6.500000 	121.156578 	562.000000 	558.086792 	567.099976 
6.600000 	121.156578 	562.000000 	558.086792 	567.099976 
6.700000 	121.156578 	562.000000 	558.086792 	567.099976 
6.800000 	121.156578 	562.000000 	558.086792 	567.099976 
6.900000 	121.156578 	562.000000 	558.086792 	567.099976 
7.000000 	122.411621 	562.000000 	557.918579 	567.127991 
7.100000 	122.411621 	562.000000 	557.918579 	567.127991 
7.200000 	122.411621 	562.000000 	557.918579 	567.127991 
7.300000 	122.411621 	562.000000 	557.918579 	567.127991 
7.400000 	122.411621 	562.000000 	557.918579 	567.127991 
7.500000 	122.411621 	562.000000 	557.918579 	567.127991 
7.600000 	122.411621 	562.000000 	557.918579 	567.127991 
7.700000 	122.411621 	562.000000 	557.918579 	567.127991 
7.800000 	122.411621 	562.000000 	557.918579 	567.127991 
7.900000 	122.411621 	562.000000 	557.918579 	567.127991 
8.000000 	123.191940 	562.000000 	557.826355 	567.153015 
8.100000 	123.191940 	562.000000 	557.826355 	567.153015 
8.200000 	123.191940 	562.000000 	557.826355 	567.153015 
8.300000 	123.191940 	562.000000 	557.826355 	567.153015 
8.400000 	123.191940 	562.000000 	557.826355 	567.153015 
8.500000 	123.191940 	562.000000 	557.826355 	567.153015 
8.600000 	123.191940 	562.000000 	557.826355 	567.153015 
8.700000 	123.191940 	562.000000 	557.826355 	567.153015 
8.800000 	123.191940 	562.000000 	557.826355 	567.153015 
8.900000 	123.191940 	562.000000 	557.826355 	567.153015 
9.000000 	123.707359 	562.000000 	557.774658 	567.176025 
9.100000 	123.707359 	562.000000 	557.774658 	567.176025 
9.200000 	123.707359 	562.000000 	557.774658 	567.176025 
9.300000 	123.707359 	562.000000 	557.774658 	567.176025 
9.400000 	123.707359 	562.000000 	557.774658 	567.176025 
9.500000 	123.707359 	562.000000 	557.774658 	567.176025 
9.600000 	123.707359 	562.000000 	557.774658 	567.176025 
9.700000 	123.707359 	562.000000 	557.774658 	567.176025 
9.800000 	123.707359 	562.000000 	557.774658 	567.176025 
9.900000 	123.707359 	562.000000 	557.774658 	567.176025 
10.000000 	124.064415 	562.000000 	557.745605 	567.198975 
10.100000 	124.064415 	562.000000 	557.745605 	567.198975 
10.200000 	124.064415 	562.000000 	557.745605 	567.198975 
10.300000 	124.064415 	562.000000 	557.745605 	567.198975 
10.400000 	124.064415 	562.000000 	557.745605 	567.198975 
10.500000 	124.064415 	562.000000 	557.745605 	567.198975 
10.600000 	124.064415 	562.000000 	557.745605 	567.198975 
10.700000 	124.064415 	562.000000 	557.745605 	567.198975 
10.800000 	124.064415 	562.000000 	557.745605 	567.198975 
10.900000 	124.064415 	562.000000 	557.745605 	567.198975 
11.000000 	124.321320 	562.000000 	557.729797 	567.219971 
11.100000 	124.321320 	562.000000 	557.729797 	567.219971 
11.200000 	124.321320 	562.000000 	557.729797 	567.219971 
11.300000 	124.321320 	562.000000 	557.729797 	567.219971 
11.400000 	124.321320 	562.000000 	557.729797 	567.219971 
11.500000 	124.321320 	562.000000 	557.729797 	567.219971 
11.600000 	124.321320 	562.000000 	557.729797 	567.219971 
11.700000 	124.321320 	562.000000 	557.729797 	567.219971 
11.800000 	124.321320 	562.000000 	557.729797 	567.219971 
11.900000 	124.321320 	562.000000 	557.729797 	567.219971 
12.000000 	124.511826 	562.000000 	557.721924 	567.242004 
12.100000 	124.511826 	562.000000 	557.721924 	567.242004 
12.200000 	124.511826 	562.000000 	557.721924 	567.242004 
12.300000 	124.511826 	562.000000 	557.721924 	567.242004 
12.400000 	124.511826 	562.000000 	557.721924 	567.242004 
12.500000 	124.511826 	562.000000 	557.721924 	567.242004 
12.600000 	124.511826 	562.000000 	557.721924 	567.242004 
12.700000 	124.511826 	562.000000 	557.721924 	567.242004 
12.800000 	124.511826 	562.000000 	557.721924 	567.242004 
12.900000 	124.511826 	562.000000 	557.721924 	567.242004 
13.000000 	124.656479 	562.000000 	557.718933 	567.263000 
13.100000 	124.656479 	562.000000 	557.718933 	567.263000 
13.200000 	124.656479 	562.000000 	557.718933 	567.263000 
13.300000 	124.656479 	562.000000 	557.718933 	567.263000 
13.400000 	124.656479 	562.000000 	557.718933 	567.263000 
13.500000 	124.656479 	562.000000 	557.718933 	567.263000 
13.600000 	124.656479 	562.000000 	557.718933 	567.263000 
13.700000 	124.656479 	562.000000 	557.718933 	567.263000 
13.800000 	124.656479 	562.000000 	557.718933 	567.263000 
13.900000 	124.656479 	562.000000 	557.718933 	567.263000 
14.000000 	124.768303 	562.000000 	557.719055 	567.284973 
14.100000 	124.768303 	562.000000 	557.719055 	567.284973 
14.200000 	124.768303 	562.000000 	557.719055 	567.284973 
14.300000 	124.768303 	562.000000 	557.719055 	567.284973 
14.400000 	124.768303 	562.000000 	557.719055 	567.284973 
14.500000 	124.768303 	562.000000 	557.719055 	567.284973 
14.600000 	124.768303 	562.000000 	557.719055 	567.284973 
14.700000 	124.768303 	562.000000 	557.719055 	567.284973 
14.800000 	124.768303 	562.000000 	557.719055 	567.284973 
14.900000 	124.768303 	562.000000 	557.719055 	567.284973 
15.000000 	124.855789 	562.000000 	557.721008 	567.306030 
15.100000 	124.855789 	562.000000 	557.721008 	567.306030 
15.200000 	124.855789 	562.000000 	557.721008 	567.306030 
15.300000 	124.855789 	562.000000 	557.721008 	567.306030 
15.400000 	124.855789 	562.000000 	557.721008 	567.306030 
15.500000 	124.855789 	562.000000 	557.721008 	567.306030 
15.600000 	124.855789 	562.000000 	557.721008 	567.306030 
15.700000 	124.855789 	562.000000 	557.721008 	567.306030 
15.800000 	124.855789 	562.000000 	557.721008 	567.306030 
15.900000 	124.855789 	562.000000 	557.721008 	567.306030 
16.000000 	124.924644 	562.000000 	557.724121 	567.327026 
16.100000 	124.924644 	562.000000 	557.724121 	567.327026 
16.200000 	124.924644 	562.000000 	557.724121 	567.327026 
16.300000 	124.924644 	562.000000 	557.724121 	567.327026 
16.400000 	124.924644 	562.000000 	557.724121 	567.327026 
16.500000 	124.924644 	562.000000 	557.724121 	567.327026 
16.600000 	124.924644 	562.000000 	557.724121 	567.327026 
16.700000 	124.924644 	562.000000 	557.724121 	567.327026 
16.800000 	124.924644 	562.000000 	557.724121 	567.327026 
16.900000 	124.924644 	562.000000 	557.724121 	567.327026 
17.000000 	124.978752 	562.000000 	557.727966 	567.348999 
17.100000 	124.978752 	562.000000 	557.727966 	567.348999 
17.200000 	124.978752 	562.000000 	557.727966 	567.348999 
17.300000 	124.978752 	562.000000 	557.727966 	567.348999 
17.400000 	124.978752 	562.000000 	557.727966 	567.348999 
17.500000 	124.978752 	562.000000 	557.727966 	567.348999 
17.600000 	124.978752 	562.000000 	557.727966 	567.348999 
17.700000 	124.978752 	562.000000 	557.727966 	567.348999 
17.800000 	124.978752 	562.000000 	557.727966 	567.348999 
17.900000 	124.978752 	562.000000 	557.727966 	567.348999 
18.000000 	125.020782 	562.000000 	557.732178 	567.369995 
18.100000 	125.020782 	562.000000 	557.732178 	567.369995 
18.200000 	125.020782 	562.000000 	557.732178 	567.369995 
18.300000 	125.020782 	562.000000 	557.732178 	567.369995 
18.400000 	125.020782 	562.000000 	557.732178 	567.369995 
18.500000 	125.020782 	562.000000 	557.732178 	567.369995 
18.600000 	125.020782 	562.000000 	557.732178 	567.369995 
18.700000 	125.020782 	562.000000 	557.732178 	567.369995 
18.800000 	125.020782 	562.000000 	557.732178 	567.369995 
18.900000 	125.020782 	562.000000 	557.732178 	567.369995 
19.000000 	125.052589 	562.000000 	557.736572 	567.390991 
19.100000 	125.052589 	562.000000 	557.736572 	567.390991 
19.200000 	125.052589 	562.000000 	557.736572 	567.390991 
19.300000 	125.052589 	562.000000 	557.736572 	567.390991 
19.400000 	125.052589 	562.000000 	557.736572 	567.390991 
19.500000 	125.052589 	562.000000 	557.736572 	567.390991 
19.600000 	125.052589 	562.000000 	557.736572 	567.390991 
19.700000 	125.052589 	562.000000 	557.736572 	567.390991 
19.800000 	125.052589 	562.000000 	557.736572 	567.390991 
19.900000 	125.052589 	562.000000 	557.736572 	567.390991 
20.000000 	125.075432 	562.000000 	557.741028 	567.411987 
20.100000 	125.075432 	562.000000 	557.741028 	567.411987 
20.200000 	125.075432 	562.000000 	557.741028 	567.411987 
20.300000 	125.075432 	562.000000 	557.741028 	567.411987 
20.400000 	125.075432 	562.000000 	557.741028 	567.411987 
20.500000 	125.075432 	562.000000 	557.741028 	567.411987 
20.600000 	125.075432 	562.000000 	557.741028 	567.411987 
20.700000 	125.075432 	562.000000 	557.741028 	567.411987 
20.800000 	125.075432 	562.000000 	557.741028 	567.411987 
20.900000 	125.075432 	562.000000 	557.741028 	567.411987 
21.000000 	125.090134 	562.000000 	557.745422 	567.434021 
21.100000 	125.090134 	562.000000 	557.745422 	567.434021 
21.200000 	125.090134 	562.000000 	557.745422 	567.434021 
21.300000 	125.090134 	562.000000 	557.745422 	567.434021 
21.400000 	125.090134 	562.000000 	557.745422 	567.434021 
21.500000 	125.090134 	562.000000 	557.745422 	567.434021 
21.600000 	125.090134 	562.000000 	557.745422 	567.434021 
21.700000 	125.090134 	562.000000 	557.745422 	567.434021 
21.800000 	125.090134 	562.000000 	557.745422 	567.434021 
21.900000 	125.090134 	562.000000 	557.745422 	567.434021 
22.000000 	125.097221 	562.000000 	557.749756 	567.455017 
22.100000 	125.097221 	562.000000 	557.749756 	567.455017 
22.200000 	125.097221 	562.000000 	557.749756 	567.455017 
22.300000 	125.097221 	562.000000 	557.749756 	567.455017 
22.400000 	125.097221 	562.000000 	557.749756 	567.455017 
22.500000 	125.097221 	562.000000 	557.749756 	567.455017 
22.600000 	125.097221 	562.000000 	557.749756 	567.455017 
22.700000 	125.097221 	562.000000 	557.749756 	567.455017 
22.800000 	125.097221 	562.000000 	557.749756 	567.455017 
22.900000 	125.097221 	562.000000 	557.749756 	567.455017 
23.000000 	125.096970 	562.000000 	557.753967 	567.476013 
23.100000 	125.096970 	562.000000 	557.753967 	567.476013 
23.200000 	125.096970 	562.000000 	557.753967 	567.476013 
23.300000 	125.096970 	562.000000 	557.753967 	567.476013 
23.400000 	125.096970 	562.000000 	557.753967 	567.476013 
23.500000 	125.096970 	562.000000 	557.753967 	567.476013 
23.600000 	125.096970 	562.000000 	557.753967 	567.476013 
23.700000 	125.096970 	562.000000 	557.753967 	567.476013 
23.800000 	125.096970 	562.000000 	557.753967 	567.476013 
23.900000 	125.096970 	562.000000 	557.753967 	567.476013 
24.000000 	125.089455 	562.000000 	557.757996 	567.495972 
24.100000 	125.089455 	562.000000 	557.757996 	567.495972 
24.200000 	125.089455 	562.000000 	557.757996 	567.495972 
24.300000 	125.089455 	562.000000 	557.757996 	567.495972 
24.400000 	125.089455 	562.000000 	557.757996 	567.495972 
24.500000 	125.089455 	562.000000 	557.757996 	567.495972 
24.600000 	125.089455 	562.000000 	557.757996 	567.495972 
24.700000 	125.089455 	562.000000 	557.757996 	567.495972 
24.800000 	125.089455 	562.000000 	557.757996 	567.495972 
24.900000 	125.089455 	562.000000 	557.757996 	567.495972 
25.000000 	125.074600 	562.000000 	557.761902 	567.517029 
25.100000 	125.074600 	562.000000 	557.761902 	567.517029 
25.200000 	125.074600 	562.000000 	557.761902 	567.517029 
25.300000 	125.074600 	562.000000 	557.761902 	567.517029 
25.400000 	125.074600 	562.000000 	557.761902 	567.517029 
25.500000 	125.074600 	562.000000 	557.761902 	567.517029 
25.600000 	125.074600 	562.000000 	557.761902 	567.517029 
25.700000 	125.074600 	562.000000 	557.761902 	567.517029 
25.800000 	125.074600 	562.000000 	557.761902 	567.517029 
25.900000 	125.074600 	562.000000 	557.761902 	567.517029 
26.000000 	125.052208 	562.000000 	557.765564 	567.538025 
26.100000 	125.052208 	562.000000 	557.765564 	567.538025 
26.200000 	125.052208 	562.000000 	557.765564 	567.538025 
26.300000 	125.052208 	562.000000 	557.765564 	567.538025 
26.400000 	125.052208 	562.000000 	557.765564 	567.538025 
26.500000 	125.052208 	562.000000 	557.765564 	567.538025 
26.600000 	125.052208 	562.000000 	557.765564 	567.538025 
26.700000 	125.052208 	562.000000 	557.765564 	567.538025 
26.800000 	125.052208 	562.000000 	557.765564 	567.538025 
26.900000 	125.052208 	562.000000 	557.765564 	567.538025 
27.000000 	125.021950 	562.000000 	557.769104 	567.557983 
27.100000 	125.021950 	562.000000 	557.769104 	567.557983 
27.200000 	125.021950 	562.000000 	557.769104 	567.557983 
27.300000 	125.021950 	562.000000 	557.769104 	567.557983 
27.400000 	125.021950 	562.000000 	557.769104 	567.557983 
27.500000 	125.021950 	562.000000 	557.769104 	567.557983 
27.600000 	125.021950 	562.000000 	557.769104 	567.557983 
27.700000 	125.021950 	562.000000 	557.769104 	567.557983 
27.800000 	125.021950 	562.000000 	557.769104 	567.557983 
27.900000 	125.021950 	562.000000 	557.769104 	567.557983 
28.000000 	124.983406 	562.000000 	557.772400 	567.578003 
28.100000 	124.983406 	562.000000 	557.772400 	567.578003 
28.200000 	124.983406 	562.000000 	557.772400 	567.578003 
28.300000 	124.983406 	562.000000 	557.772400 	567.578003 
28.400000 	124.983406 	562.000000 	557.772400 	567.578003 
28.500000 	124.983406 	562.000000 	557.772400 	567.578003 
28.600000 	124.983406 	562.000000 	557.772400 	567.578003 
28.700000 	124.983406 	562.000000 	557.772400 	567.578003 
28.800000 	124.983406 	562.000000 	557.772400 	567.578003 
28.900000 	124.983406 	562.000000 	557.772400 	567.578003 
29.000000 	124.936050 	562.000000 	557.775574 	567.596985 
29.100000 	124.936050 	562.000000 	557.775574 	567.596985 
29.200000 	124.936050 	562.000000 	557.775574 	567.596985 
29.300000 	124.936050 	562.000000 	557.775574 	567.596985 
29.400000 	124.936050 	562.000000 	557.775574 	567.596985 
29.500000 	124.936050 	562.000000 	557.775574 	567.596985 
29.600000 	124.936050 	562.000000 	557.775574 	567.596985 
29.700000 	124.936050 	562.000000 	557.775574 	567.596985 
29.800000 	124.936050 	562.000000 	557.775574 	567.596985 
29.900000 	124.936050 	562.000000 	557.775574 	567.596985 
30.000000 	124.879272 	562.000000 	557.778564 	567.617004 
30.100000 	124.879272 	562.000000 	557.778564 	567.617004 
30.200000 	124.879272 	562.000000 	557.778564 	567.617004 
30.300000 	124.879272 	562.000000 	557.778564 	567.617004 
30.400000 	124.879272 	562.000000 	557.778564 	567.617004 
30.500000 	124.879272 	562.000000 	557.778564 	567.617004 
30.600000 	124.879272 	562.000000 	557.778564 	567.617004 
30.700000 	124.879272 	562.000000 	557.778564 	567.617004 
30.800000 	124.879272 	562.000000 	557.778564 	567.617004 
30.900000 	124.879272 	562.000000 	557.778564 	567.617004 
31.000000 	124.812378 	562.000000 	557.781372 	567.635986 
31.100000 	124.812378 	562.000000 	557.781372 	567.635986 
31.200000 	124.812378 	562.000000 	557.781372 	567.635986 
31.300000 	124.812378 	562.000000 	557.781372 	567.635986 
31.400000 	124.812378 	562.000000 	557.781372 	567.635986 
31.500000 	124.812378 	562.000000 	557.781372 	567.635986 
31.600000 	124.812378 	562.000000 	557.781372 	567.635986 
31.700000 	124.812378 	562.000000 	557.781372 	567.635986 
31.800000 	124.812378 	562.000000 	557.781372 	567.635986 
31.900000 	124.812378 	562.000000 	557.781372 	567.635986 
32.000000 	124.734566 	562.000000 	557.784058 	567.653992 
32.100000 	124.734566 	562.000000 	557.784058 	567.653992 
32.200000 	124.734566 	562.000000 	557.784058 	567.653992 
32.300000 	124.734566 	562.000000 	557.784058 	567.653992 
32.400000 	124.734566 	562.000000 	557.784058 	567.653992 
32.500000 	124.734566 	562.000000 	557.784058 	567.653992 
32.600000 	124.734566 	562.000000 	557.784058 	567.653992 
32.700000 	124.734566 	562.000000 	557.784058 	567.653992 
32.800000 	124.734566 	562.000000 	557.784058 	567.653992 
32.900000 	124.734566 	562.000000 	557.784058 	567.653992 
33.000000 	124.644943 	562.000000 	557.786560 	567.672974 
33.100000 	124.644943 	562.000000 	557.786560 	567.672974 
33.200000 	124.644943 	562.000000 	557.786560 	567.672974 
33.300000 	124.644943 	562.000000 	557.786560 	567.672974 
33.400000 	124.644943 	562.000000 	557.786560 	567.672974 
33.500000 	124.644943 	562.000000 	557.786560 	567.672974 
33.600000 	124.644943 	562.000000 	557.786560 	567.672974 
33.700000 	124.644943 	562.000000 	557.786560 	567.672974 
33.800000 	124.644943 	562.000000 	557.786560 	567.672974 
33.900000 	124.644943 	562.000000 	557.786560 	567.672974 
34.000000 	124.542526 	562.000000 	557.788879 	567.690979 
34.100000 	124.542526 	562.000000 	557.788879 	567.690979 
34.200000 	124.542526 	562.000000 	557.788879 	567.690979 
34.300000 	124.542526 	562.000000 	557.788879 	567.690979 
34.400000 	124.542526 	562.000000 	557.788879 	567.690979 
34.500000 	124.542526 	562.000000 	557.788879 	567.690979 
34.600000 	124.542526 	562.000000 	557.788879 	567.690979 
34.700000 	124.542526 	562.000000 	557.788879 	567.690979 
34.800000 	124.542526 	562.000000 	557.788879 	567.690979 
34.900000 	124.542526 	562.000000 	557.788879 	567.690979 
35.000000 	124.426224 	562.000000 	557.791077 	567.708008 
35.100000 	124.426224 	562.000000 	557.791077 	567.708008 
35.200000 	124.426224 	562.000000 	557.791077 	567.708008 
35.300000 	124.426224 	562.000000 	557.791077 	567.708008 
35.400000 	124.426224 	562.000000 	557.791077 	567.708008 
35.500000 	124.426224 	562.000000 	557.791077 	567.708008 
35.600000 	124.426224 	562.000000 	557.791077 	567.708008 
35.700000 	124.426224 	562.000000 	557.791077 	567.708008 
35.800000 	124.426224 	562.000000 	557.791077 	567.708008 
35.900000 	124.426224 	562.000000 	557.791077 	567.708008 
36.000000 	124.294823 	562.000000 	557.793152 	567.744019 
36.100000 	124.294823 	562.000000 	557.793152 	567.744019 
36.200000 	124.294823 	562.000000 	557.793152 	567.744019 
36.300000 	124.294823 	562.000000 	557.793152 	567.744019 
36.400000 	124.294823 	562.000000 	557.793152 	567.744019 
36.500000 	124.294823 	562.000000 	557.793152 	567.744019 
36.600000 	124.294823 	562.000000 	557.793152 	567.744019 
36.700000 	124.294823 	562.000000 	557.793152 	567.744019 
36.800000 	124.294823 	562.000000 	557.793152 	567.744019 
36.900000 	124.294823 	562.000000 	557.793152 	567.744019 
37.000000 	124.146996 	562.000000 	557.795105 	567.760986 
37.100000 	124.146996 	562.000000 	557.795105 	567.760986 
37.200000 	124.146996 	562.000000 	557.795105 	567.760986 
37.300000 	124.146996 	562.000000 	557.795105 	567.760986 
37.400000 	124.146996 	562.000000 	557.795105 	567.760986 
37.500000 	124.146996 	562.000000 	557.795105 	567.760986 
37.600000 	124.146996 	562.000000 	557.795105 	567.760986 
37.700000 	124.146996 	562.000000 	557.795105 	567.760986 
37.800000 	124.146996 	562.000000 	557.795105 	567.760986 
37.900000 	124.146996 	562.000000 	557.795105 	567.760986 
38.000000 	123.981262 	562.000000 	557.796875 	567.778015 
38.100000 	123.981262 	562.000000 	557.796875 	567.778015 
38.200000 	123.981262 	562.000000 	557.796875 	567.778015 
38.300000 	123.981262 	562.000000 	557.796875 	567.778015 
38.400000 	123.981262 	562.000000 	557.796875 	567.778015 
38.500000 	123.981262 	562.000000 	557.796875 	567.778015 
38.600000 	123.981262 	562.000000 	557.796875 	567.778015 
38.700000 	123.981262 	562.000000 	557.796875 	567.778015 
38.800000 	123.981262 	562.000000 	557.796875 	567.778015 
38.900000 	123.981262 	562.000000 	557.796875 	567.778015 
39.000000 	123.796013 	562.000000 	557.798523 	567.794006 
39.100000 	123.796013 	562.000000 	557.798523 	567.794006 
39.200000 	123.796013 	562.000000 	557.798523 	567.794006 
39.300000 	123.796013 	562.000000 	557.798523 	567.794006 
39.400000 	123.796013 	562.000000 	557.798523 	567.794006 
39.500000 	123.796013 	562.000000 	557.798523 	567.794006 
39.600000 	123.796013 	562.000000 	557.798523 	567.794006 
39.700000 	123.796013 	562.000000 	557.798523 	567.794006 
39.800000 	123.796013 	562.000000 	557.798523 	567.794006 
39.900000 	123.796013 	562.000000 	557.798523 	567.794006 
40.000000 	123.589455 	562.000000 	557.800049 	567.809998 
40.100000 	123.589455 	562.000000 	557.800049 	567.809998 
40.200000 	123.589455 	562.000000 	557.800049 	567.809998 
40.300000 	123.589455 	562.000000 	557.800049 	567.809998 
40.400000 	123.589455 	562.000000 	557.800049 	567.809998 
40.500000 	123.589455 	562.000000 	557.800049 	567.809998 
40.600000 	123.589455 	562.000000 	557.800049 	567.809998 
40.700000 	123.589455 	562.000000 	557.800049 	567.809998 
40.800000 	123.589455 	562.000000 	557.800049 	567.809998 
40.900000 	123.589455 	562.000000 	557.800049 	567.809998 
41.000000 	123.359589 	562.000000 	557.801453 	567.825989 
41.100000 	123.359589 	562.000000 	557.801453 	567.825989 
41.200000 	123.359589 	562.000000 	557.801453 	567.825989 
41.300000 	123.359589 	562.000000 	557.801453 	567.825989 
41.400000 	123.359589 	562.000000 	557.801453 	567.825989 
41.500000 	123.359589 	562.000000 	557.801453 	567.825989 
41.600000 	123.359589 	562.000000 	557.801453 	567.825989 
41.700000 	123.359589 	562.000000 	557.801453 	567.825989 
41.800000 	123.359589 	562.000000 	557.801453 	567.825989 
41.900000 	123.359589 	562.000000 	557.801453 	567.825989 
42.000000 	123.104233 	562.000000 	557.802734 	567.840027 
42.100000 	123.104233 	562.000000 	557.802734 	567.840027 
42.200000 	123.104233 	562.000000 	557.802734 	567.840027 
42.300000 	123.104233 	562.000000 	557.802734 	567.840027 
42.400000 	123.104233 	562.000000 	557.802734 	567.840027 
42.500000 	123.104233 	562.000000 	557.802734 	567.840027 
42.600000 	123.104233 	562.000000 	557.802734 	567.840027 
42.700000 	123.104233 	562.000000 	557.802734 	567.840027 
42.800000 	123.104233 	562.000000 	557.802734 	567.840027 
42.900000 	123.104233 	562.000000 	557.802734 	567.840027 
43.000000 	122.820930 	562.000000 	557.803955 	567.854004 
43.100000 	122.820930 	562.000000 	557.803955 	567.854004 
43.200000 	122.820930 	562.000000 	557.803955 	567.854004 
43.300000 	122.820930 	562.000000 	557.803955 	567.854004 
43.400000 	122.820930 	562.000000 	557.803955 	567.854004 
43.500000 	122.820930 	562.000000 	557.803955 	567.854004 
43.600000 	122.820930 	562.000000 	557.803955 	567.854004 
43.700000 	122.820930 	562.000000 	557.803955 	567.854004 
43.800000 	122.820930 	562.000000 	557.803955 	567.854004 
43.900000 	122.820930 	562.000000 	557.803955 	567.854004 
44.000000 	122.506950 	562.000000 	557.804993 	567.867981 
44.100000 	122.506950 	562.000000 	557.804993 	567.867981 
44.200000 	122.506950 	562.000000 	557.804993 	567.867981 
44.300000 	122.506950 	562.000000 	557.804993 	567.867981 
44.400000 	122.506950 	562.000000 	557.804993 	567.867981 
44.500000 	122.506950 	562.000000 	557.804993 	567.867981 
44.600000 	122.506950 	562.000000 	557.804993 	567.867981 
44.700000 	122.506950 	562.000000 	557.804993 	567.867981 
44.800000 	122.506950 	562.000000 	557.804993 	567.867981 
44.900000 	122.506950 	562.000000 	557.804993 	567.867981 
45.000000 	122.159256 	562.000000 	557.805908 	567.880005 
45.100000 	122.159256 	562.000000 	557.805908 	567.880005 
45.200000 	122.159256 	562.000000 	557.805908 	567.880005 
45.300000 	122.159256 	562.000000 	557.805908 	567.880005 
45.400000 	122.159256 	562.000000 	557.805908 	567.880005 
45.500000 	122.159256 	562.000000 	557.805908 	567.880005 
45.600000 	122.159256 	562.000000 	557.805908 	567.880005 
45.700000 	122.159256 	562.000000 	557.805908 	567.880005 
45.800000 	122.159256 	562.000000 	557.805908 	567.880005 
45.900000 	122.159256 	562.000000 	557.805908 	567.880005 
46.000000 	121.774391 	562.000000 	557.806763 	567.892029 
46.100000 	121.774391 	562.000000 	557.806763 	567.892029 
46.200000 	121.774391 	562.000000 	557.806763 	567.892029 
46.300000 	121.774391 	562.000000 	557.806763 	567.892029 
46.400000 	121.774391 	562.000000 	557.806763 	567.892029 
46.500000 	121.774391 	562.000000 	557.806763 	567.892029 
46.600000 	121.774391 	562.000000 	557.806763 	567.892029 
46.700000 	121.774391 	562.000000 	557.806763 	567.892029 
46.800000 	121.774391 	562.000000 	557.806763 	567.892029 
46.900000 	121.774391 	562.000000 	557.806763 	567.892029 
47.000000 	121.348503 	562.000000 	557.807495 	567.903992 
47.100000 	121.348503 	562.000000 	557.807495 	567.903992 
47.200000 	121.348503 	562.000000 	557.807495 	567.903992 
47.300000 	121.348503 	562.000000 	557.807495 	567.903992 
47.400000 	121.348503 	562.000000 	557.807495 	567.903992 
47.500000 	121.348503 	562.000000 	557.807495 	567.903992 
47.600000 	121.348503 	562.000000 	557.807495 	567.903992 
47.700000 	121.348503 	562.000000 	557.807495 	567.903992 
47.800000 	121.348503 	562.000000 	557.807495 	567.903992 
47.900000 	121.348503 	562.000000 	557.807495 	567.903992 
48.000000 	120.877197 	562.000000 	557.808105 	567.914001 
48.100000 	120.877197 	562.000000 	557.808105 	567.914001 
48.200000 	120.877197 	562.000000 	557.808105 	567.914001 
48.300000 	120.877197 	562.000000 	557.808105 	567.914001 
48.400000 	120.877197 	562.000000 	557.808105 	567.914001 
48.500000 	120.877197 	562.000000 	557.808105 	567.914001 
48.600000 	120.877197 	562.000000 	557.808105 	567.914001 
48.700000 	120.877197 	562.000000 	557.808105 	567.914001 
48.800000 	120.877197 	562.000000 	557.808105 	567.914001 
48.900000 	120.877197 	562.000000 	557.808105 	567.914001 
49.000000 	120.355469 	562.000000 	557.808594 	567.924011 
49.100000 	120.355469 	562.000000 	557.808594 	567.924011 
49.200000 	120.355469 	562.000000 	557.808594 	567.924011 
49.300000 	120.355469 	562.000000 	557.808594 	567.924011 
49.400000 	120.355469 	562.000000 	557.808594 	567.924011 
49.500000 	120.355469 	562.000000 	557.808594 	567.924011 
49.600000 	120.355469 	562.000000 	557.808594 	567.924011 
49.700000 	120.355469 	562.000000 	557.808594 	567.924011 
49.800000 	120.355469 	562.000000 	557.808594 	567.924011 
49.900000 	120.355469 	562.000000 	557.808594 	567.924011 
50.000000 	119.777603 	562.000000 	557.809021 	567.932983 
50.100000 	119.777603 	562.000000 	557.809021 	567.932983 
50.200000 	119.777603 	562.000000 	557.809021 	567.932983 
50.300000 	119.777603 	562.000000 	557.809021 	567.932983 
50.400000 	119.777603 	562.000000 	557.809021 	567.932983 
50.500000 	119.777603 	562.000000 	557.809021 	567.932983 
50.600000 	119.777603 	562.000000 	557.809021 	567.932983 
50.700000 	119.777603 	562.000000 	557.809021 	567.932983 
50.800000 	119.777603 	562.000000 	557.809021 	567.932983 
50.900000 	119.777603 	562.000000 	557.809021 	567.932983 
51.000000 	119.136986 	562.000000 	557.809265 	1003.359985 
51.100000 	119.136986 	562.000000 	557.809265 	1003.359985 
51.200000 	119.136986 	562.000000 	557.809265 	1003.359985 
51.300000 	119.136986 	562.000000 	557.809265 	1003.359985 
51.400000 	119.136986 	562.000000 	557.809265 	1003.359985 
51.500000 	119.136986 	562.000000 	557.809265 	1003.359985 
51.600000 	119.136986 	562.000000 	557.809265 	1003.359985 
51.700000 	119.136986 	562.000000 	557.809265 	1003.359985 
51.800000 	119.136986 	562.000000 	557.809265 	1003.359985 
51.900000 	119.136986 	562.000000 	557.809265 	1003.359985 
52.000000 	118.425964 	562.000000 	557.809509 	1003.359985 
52.100000 	118.425964 	562.000000 	557.809509 	1003.359985 
52.200000 	118.425964 	562.000000 	557.809509 	1003.359985 
52.300000 	118.425964 	562.000000 	557.809509 	1003.359985 
52.400000 	118.425964 	562.000000 	557.809509 	1003.359985 
52.500000 	118.425964 	562.000000 	557.809509 	1003.359985 
52.600000 	118.425964 	562.000000 	557.809509 	1003.359985 
52.700000 	118.425964 	562.000000 	557.809509 	1003.359985 
52.800000 	118.425964 	562.000000 	557.809509 	1003.359985 
52.900000 	118.425964 	562.000000 	557.809509 	1003.359985 
53.000000 	117.635582 	562.000000 	557.809570 	1003.359985 
53.100000 	117.635582 	562.000000 	557.809570 	1003.359985 
53.200000 	117.635582 	562.000000 	557.809570 	1003.359985 
53.300000 	117.635582 	562.000000 	557.809570 	1003.359985 
53.400000 	117.635582 	562.000000 	557.809570 	1003.359985 
53.500000 	117.635582 	562.000000 	557.809570 	1003.359985 
53.600000 	117.635582 	562.000000 	557.809570 	1003.359985 
53.700000 	117.635582 	562.000000 	557.809570 	1003.359985 
53.800000 	117.635582 	562.000000 	557.809570 	1003.359985 
53.900000 	117.635582 	562.000000 	557.809570 	1003.359985 
54.000000 	116.755257 	562.000000 	557.809570 	1003.359985 
54.100000 	116.755257 	562.000000 	557.809570 	1003.359985 
54.200000 	116.755257 	562.000000 	557.809570 	1003.359985 
54.300000 	116.755257 	562.000000 	557.809570 	1003.359985 
54.400000 	116.755257 	562.000000 	557.809570 	1003.359985 
54.500000 	116.755257 	562.000000 	557.809570 	1003.359985 
54.600000 	116.755257 	562.000000 	557.809570 	1003.359985 
54.700000 	116.755257 	562.000000 	557.809570 	1003.359985 
54.800000 	116.755257 	562.000000 	557.809570 	1003.359985 
54.900000 	116.755257 	562.000000 	557.809570 	1003.359985 
55.000000 	115.772430 	562.000000 	557.809448 	1003.359985 
55.100000 	115.772430 	562.000000 	557.809448 	1003.359985 
55.200000 	115.772430 	562.000000 	557.809448 	1003.359985 
55.300000 	115.772430 	562.000000 	557.809448 	1003.359985 
55.400000 	115.772430 	562.000000 	557.809448 	1003.359985 
55.500000 	115.772430 	562.000000 	557.809448 	1003.359985 
55.600000 	115.772430 	562.000000 	557.809448 	1003.359985 
55.700000 	115.772430 	562.000000 	557.809448 	1003.359985 
55.800000 	115.772430 	562.000000 	557.809448 	1003.359985 
55.900000 	115.772430 	562.000000 	557.809448 	1003.359985 
56.000000 	114.671974 	562.000000 	557.809204 	1003.359985 
56.100000 	114.671974 	562.000000 	557.809204 	1003.359985 
56.200000 	114.671974 	562.000000 	557.809204 	1003.359985 
56.300000 	114.671974 	562.000000 	557.809204 	1003.359985 
56.400000 	114.671974 	562.000000 	557.809204 	1003.359985 
56.500000 	114.671974 	562.000000 	557.809204 	1003.359985 
56.600000 	114.671974 	562.000000 	557.809204 	1003.359985 
56.700000 	114.671974 	562.000000 	557.809204 	1003.359985 
56.800000 	114.671974 	562.000000 	557.809204 	1003.359985 
56.900000 	114.671974 	562.000000 	557.809204 	1003.359985 
57.000000 	113.435501 	562.000000 	557.808899 	1003.359985 
57.100000 	113.435501 	562.000000 	557.808899 	1003.359985 
57.200000 	113.435501 	562.000000 	557.808899 	1003.359985 
57.300000 	113.435501 	562.000000 	557.808899 	1003.359985 
57.400000 	113.435501 	562.000000 	557.808899 	1003.359985 
57.500000 	113.435501 	562.000000 	557.808899 	1003.359985 
57.600000 	113.435501 	562.000000 	557.808899 	1003.359985 
57.700000 	113.435501 	562.000000 	557.808899 	1003.359985 
57.800000 	113.435501 	562.000000 	557.808899 	1003.359985 
57.900000 	113.435501 	562.000000 	557.808899 	1003.359985 
58.000000 	112.040329 	562.000000 	557.808411 	1003.359985 
58.100000 	112.040329 	562.000000 	557.808411 	1003.359985 
58.200000 	112.040329 	562.000000 	557.808411 	1003.359985 
58.300000 	112.040329 	562.000000 	557.808411 	1003.359985 
58.400000 	112.040329 	562.000000 	557.808411 	1003.359985 
58.500000 	112.040329 	562.000000 	557.808411 	1003.359985 
58.600000 	112.040329 	562.000000 	557.808411 	1003.359985 
58.700000 	112.040329 	562.000000 	557.808411 	1003.359985 
58.800000 	112.040329 	562.000000 	557.808411 	1003.359985 
58.900000 	112.040329 	562.000000 	557.808411 	1003.359985 
59.000000 	110.458084 	562.000000 	557.807861 	1003.359985 
59.100000 	110.458084 	562.000000 	557.807861 	1003.359985 
59.200000 	110.458084 	562.000000 	557.807861 	1003.359985 
59.300000 	110.458084 	562.000000 	557.807861 	1003.359985 
59.400000 	110.458084 	562.000000 	557.807861 	1003.359985 
59.500000 	110.458084 	562.000000 	557.807861 	1003.359985 
59.600000 	110.458084 	562.000000 	557.807861 	1003.359985 
59.700000 	110.458084 	562.000000 	557.807861 	1003.359985 
59.800000 	110.458084 	562.000000 	557.807861 	1003.359985 
59.900000 	110.458084 	562.000000 	557.807861 	1003.359985 
60.000000 	108.652618 	562.000000 	557.807190 	1003.359985 
