0.500000 	0.000000 	993.000000 	0.000000 	973.366028 
0.600000 	129.133652 	993.000000 	924.275208 	982.375000 
0.700000 	119.442009 	993.000000 	954.123779 	987.479980 
0.800000 	112.067070 	993.000000 	968.616333 	990.439026 
0.900000 	106.608482 	993.000000 	976.442017 	992.184021 
1.000000 	102.823387 	993.000000 	981.006104 	993.268982 
1.100000 	102.823387 	993.000000 	981.006104 	993.268982 
1.200000 	102.823387 	993.000000 	981.006104 	993.268982 
1.300000 	102.823387 	993.000000 	981.006104 	993.268982 
1.400000 	102.823387 	993.000000 	981.006104 	993.268982 
1.500000 	102.823387 	993.000000 	981.006104 	993.268982 
1.600000 	102.823387 	993.000000 	981.006104 	993.268982 
1.700000 	102.823387 	993.000000 	981.006104 	993.268982 
1.800000 	102.823387 	993.000000 	981.006104 	993.268982 
1.900000 	102.823387 	993.000000 	981.006104 	993.268982 
2.000000 	100.458588 	993.000000 	983.820190 	995.614014 
2.100000 	100.458588 	993.000000 	983.820190 	995.614014 
2.200000 	100.458588 	993.000000 	983.820190 	995.614014 
2.300000 	100.458588 	993.000000 	983.820190 	995.614014 
2.400000 	100.458588 	993.000000 	983.820190 	995.614014 
2.500000 	100.458588 	993.000000 	983.820190 	995.614014 
2.600000 	100.458588 	993.000000 	983.820190 	995.614014 
2.700000 	100.458588 	993.000000 	983.820190 	995.614014 
2.800000 	100.458588 	993.000000 	983.820190 	995.614014 
2.900000 	100.458588 	993.000000 	983.820190 	995.614014 
3.000000 	106.629570 	993.000000 	989.080383 	995.854004 
3.100000 	106.629570 	993.000000 	989.080383 	995.854004 
3.200000 	106.629570 	993.000000 	989.080383 	995.854004 
3.300000 	106.629570 	993.000000 	989.080383 	995.854004 
3.400000 	106.629570 	993.000000 	989.080383 	995.854004 
3.500000 	106.629570 	993.000000 	989.080383 	995.854004 
3.600000 	106.629570 	993.000000 	989.080383 	995.854004 
3.700000 	106.629570 	993.000000 	989.080383 	995.854004 
3.800000 	106.629570 	993.000000 	989.080383 	995.854004 
3.900000 	106.629570 	993.000000 	989.080383 	995.854004 
4.000000 	114.975395 	993.000000 	988.934143 	995.931030 
4.100000 	114.975395 	993.000000 	988.934143 	995.931030 
4.200000 	114.975395 	993.000000 	988.934143 	995.931030 
4.300000 	114.975395 	993.000000 	988.934143 	995.931030 
4.400000 	114.975395 	993.000000 	988.934143 	995.931030 
4.500000 	114.975395 	993.000000 	988.934143 	995.931030 
4.600000 	114.975395 	993.000000 	988.934143 	995.931030 
4.700000 	114.975395 	993.000000 	988.934143 	995.931030 
4.800000 	114.975395 	993.000000 	988.934143 	995.931030 
4.900000 	114.975395 	993.000000 	988.934143 	995.931030 
5.000000 	119.068069 	993.000000 	988.747986 	995.969971 
5.100000 	119.068069 	993.000000 	988.747986 	995.969971 
5.200000 	119.068069 	993.000000 	988.747986 	995.969971 
5.300000 	119.068069 	993.000000 	988.747986 	995.969971 
5.400000 	119.068069 	993.000000 	988.747986 	995.969971 
5.500000 	119.068069 	993.000000 	988.747986 	995.969971 
5.600000 	119.068069 	993.000000 	988.747986 	995.969971 
5.700000 	119.068069 	993.000000 	988.747986 	995.969971 
5.800000 	119.068069 	993.000000 	988.747986 	995.969971 
5.900000 	119.068069 	993.000000 	988.747986 	995.969971 
6.000000 	121.211731 	993.000000 	988.648926 	995.994995 
6.100000 	121.211731 	993.000000 	988.648926 	995.994995 
6.200000 	121.211731 	993.000000 	988.648926 	995.994995 
6.300000 	121.211731 	993.000000 	988.648926 	995.994995 
6.400000 	121.211731 	993.000000 	988.648926 	995.994995 
6.500000 	121.211731 	993.000000 	988.648926 	995.994995 
6.600000 	121.211731 	993.000000 	988.648926 	995.994995 
6.700000 	121.211731 	993.000000 	988.648926 	995.994995 
6.800000 	121.211731 	993.000000 	988.648926 	995.994995 
6.900000 	121.211731 	993.000000 	988.648926 	995.994995 
7.000000 	122.447350 	993.000000 	988.599915 	996.013977 
7.100000 	122.447350 	993.000000 	988.599915 	996.013977 
7.200000 	122.447350 	993.000000 	988.599915 	996.013977 
7.300000 	122.447350 	993.000000 	988.599915 	996.013977 
7.400000 	122.447350 	993.000000 	988.599915 	996.013977 
7.500000 	122.447350 	993.000000 	988.599915 	996.013977 
7.600000 	122.447350 	993.000000 	988.599915 	996.013977 
7.700000 	122.447350 	993.000000 	988.599915 	996.013977 
7.800000 	122.447350 	993.000000 	988.599915 	996.013977 
7.900000 	122.447350 	993.000000 	988.599915 	996.013977 
8.000000 	123.217644 	993.000000 	988.576599 	996.030029 
8.100000 	123.217644 	993.000000 	988.576599 	996.030029 
8.200000 	123.217644 	993.000000 	988.576599 	996.030029 
8.300000 	123.217644 	993.000000 	988.576599 	996.030029 
8.400000 	123.217644 	993.000000 	988.576599 	996.030029 
8.500000 	123.217644 	993.000000 	988.576599 	996.030029 
8.600000 	123.217644 	993.000000 	988.576599 	996.030029 
8.700000 	123.217644 	993.000000 	988.576599 	996.030029 
8.800000 	123.217644 	993.000000 	988.576599 	996.030029 
8.900000 	123.217644 	993.000000 	988.576599 	996.030029 
9.000000 	123.728172 	993.000000 	988.566772 	996.044006 
9.100000 	123.728172 	993.000000 	988.566772 	996.044006 
9.200000 	123.728172 	993.000000 	988.566772 	996.044006 
9.300000 	123.728172 	993.000000 	988.566772 	996.044006 
9.400000 	123.728172 	993.000000 	988.566772 	996.044006 
9.500000 	123.728172 	993.000000 	988.566772 	996.044006 
9.600000 	123.728172 	993.000000 	988.566772 	996.044006 
9.700000 	123.728172 	993.000000 	988.566772 	996.044006 
9.800000 	123.728172 	993.000000 	988.566772 	996.044006 
9.900000 	123.728172 	993.000000 	988.566772 	996.044006 
10.000000 	124.083191 	993.000000 	988.564148 	996.056030 
10.100000 	124.083191 	993.000000 	988.564148 	996.056030 
10.200000 	124.083191 	993.000000 	988.564148 	996.056030 
10.300000 	124.083191 	993.000000 	988.564148 	996.056030 
10.400000 	124.083191 	993.000000 	988.564148 	996.056030 
10.500000 	124.083191 	993.000000 	988.564148 	996.056030 
10.600000 	124.083191 	993.000000 	988.564148 	996.056030 
10.700000 	124.083191 	993.000000 	988.564148 	996.056030 
10.800000 	124.083191 	993.000000 	988.564148 	996.056030 
10.900000 	124.083191 	993.000000 	988.564148 	996.056030 
11.000000 	124.339684 	993.000000 	988.565430 	996.067993 
11.100000 	124.339684 	993.000000 	988.565430 	996.067993 
11.200000 	124.339684 	993.000000 	988.565430 	996.067993 
11.300000 	124.339684 	993.000000 	988.565430 	996.067993 
11.400000 	124.339684 	993.000000 	988.565430 	996.067993 
11.500000 	124.339684 	993.000000 	988.565430 	996.067993 
11.600000 	124.339684 	993.000000 	988.565430 	996.067993 
11.700000 	124.339684 	993.000000 	988.565430 	996.067993 
11.800000 	124.339684 	993.000000 	988.565430 	996.067993 
11.900000 	124.339684 	993.000000 	988.565430 	996.067993 
12.000000 	124.530678 	993.000000 	988.568787 	996.078979 
12.100000 	124.530678 	993.000000 	988.568787 	996.078979 
12.200000 	124.530678 	993.000000 	988.568787 	996.078979 
12.300000 	124.530678 	993.000000 	988.568787 	996.078979 
12.400000 	124.530678 	993.000000 	988.568787 	996.078979 
12.500000 	124.530678 	993.000000 	988.568787 	996.078979 
12.600000 	124.530678 	993.000000 	988.568787 	996.078979 
12.700000 	124.530678 	993.000000 	988.568787 	996.078979 
12.800000 	124.530678 	993.000000 	988.568787 	996.078979 
12.900000 	124.530678 	993.000000 	988.568787 	996.078979 
13.000000 	124.676346 	993.000000 	988.573242 	996.091003 
13.100000 	124.676346 	993.000000 	988.573242 	996.091003 
13.200000 	124.676346 	993.000000 	988.573242 	996.091003 
13.300000 	124.676346 	993.000000 	988.573242 	996.091003 
13.400000 	124.676346 	993.000000 	988.573242 	996.091003 
13.500000 	124.676346 	993.000000 	988.573242 	996.091003 
13.600000 	124.676346 	993.000000 	988.573242 	996.091003 
13.700000 	124.676346 	993.000000 	988.573242 	996.091003 
13.800000 	124.676346 	993.000000 	988.573242 	996.091003 
13.900000 	124.676346 	993.000000 	988.573242 	996.091003 
14.000000 	124.789452 	993.000000 	988.578125 	996.101013 
14.100000 	124.789452 	993.000000 	988.578125 	996.101013 
14.200000 	124.789452 	993.000000 	988.578125 	996.101013 
14.300000 	124.789452 	993.000000 	988.578125 	996.101013 
14.400000 	124.789452 	993.000000 	988.578125 	996.101013 
14.500000 	124.789452 	993.000000 	988.578125 	996.101013 
14.600000 	124.789452 	993.000000 	988.578125 	996.101013 
14.700000 	124.789452 	993.000000 	988.578125 	996.101013 
14.800000 	124.789452 	993.000000 	988.578125 	996.101013 
14.900000 	124.789452 	993.000000 	988.578125 	996.101013 
15.000000 	124.878372 	993.000000 	988.583252 	996.112000 
15.100000 	124.878372 	993.000000 	988.583252 	996.112000 
15.200000 	124.878372 	993.000000 	988.583252 	996.112000 
15.300000 	124.878372 	993.000000 	988.583252 	996.112000 
15.400000 	124.878372 	993.000000 	988.583252 	996.112000 
15.500000 	124.878372 	993.000000 	988.583252 	996.112000 
15.600000 	124.878372 	993.000000 	988.583252 	996.112000 
15.700000 	124.878372 	993.000000 	988.583252 	996.112000 
15.800000 	124.878372 	993.000000 	988.583252 	996.112000 
15.900000 	124.878372 	993.000000 	988.583252 	996.112000 
16.000000 	124.948715 	993.000000 	988.588318 	996.122009 
16.100000 	124.948715 	993.000000 	988.588318 	996.122009 
16.200000 	124.948715 	993.000000 	988.588318 	996.122009 
16.300000 	124.948715 	993.000000 	988.588318 	996.122009 
16.400000 	124.948715 	993.000000 	988.588318 	996.122009 
16.500000 	124.948715 	993.000000 	988.588318 	996.122009 
16.600000 	124.948715 	993.000000 	988.588318 	996.122009 
16.700000 	124.948715 	993.000000 	988.588318 	996.122009 
16.800000 	124.948715 	993.000000 	988.588318 	996.122009 
16.900000 	124.948715 	993.000000 	988.588318 	996.122009 
17.000000 	125.004311 	993.000000 	988.593201 	996.132996 
17.100000 	125.004311 	993.000000 	988.593201 	996.132996 
17.200000 	125.004311 	993.000000 	988.593201 	996.132996 
17.300000 	125.004311 	993.000000 	988.593201 	996.132996 
17.400000 	125.004311 	993.000000 	988.593201 	996.132996 
17.500000 	125.004311 	993.000000 	988.593201 	996.132996 
17.600000 	125.004311 	993.000000 	988.593201 	996.132996 
17.700000 	125.004311 	993.000000 	988.593201 	996.132996 
17.800000 	125.004311 	993.000000 	988.593201 	996.132996 
17.900000 	125.004311 	993.000000 	988.593201 	996.132996 
18.000000 	125.047813 	993.000000 	988.597961 	996.143005 
18.100000 	125.047813 	993.000000 	988.597961 	996.143005 
18.200000 	125.047813 	993.000000 	988.597961 	996.143005 
18.300000 	125.047813 	993.000000 	988.597961 	996.143005 
18.400000 	125.047813 	993.000000 	988.597961 	996.143005 
18.500000 	125.047813 	993.000000 	988.597961 	996.143005 
18.600000 	125.047813 	993.000000 	988.597961 	996.143005 
18.700000 	125.047813 	993.000000 	988.597961 	996.143005 
18.800000 	125.047813 	993.000000 	988.597961 	996.143005 
18.900000 	125.047813 	993.000000 	988.597961 	996.143005 
19.000000 	125.081055 	993.000000 	988.602417 	996.153015 
19.100000 	125.081055 	993.000000 	988.602417 	996.153015 
19.200000 	125.081055 	993.000000 	988.602417 	996.153015 
19.300000 	125.081055 	993.000000 	988.602417 	996.153015 
19.400000 	125.081055 	993.000000 	988.602417 	996.153015 
19.500000 	125.081055 	993.000000 	988.602417 	996.153015 
19.600000 	125.081055 	993.000000 	988.602417 	996.153015 
19.700000 	125.081055 	993.000000 	988.602417 	996.153015 
19.800000 	125.081055 	993.000000 	988.602417 	996.153015 
19.900000 	125.081055 	993.000000 	988.602417 	996.153015 
20.000000 	125.105278 	993.000000 	988.606628 	996.163025 
20.100000 	125.105278 	993.000000 	988.606628 	996.163025 
20.200000 	125.105278 	993.000000 	988.606628 	996.163025 
20.300000 	125.105278 	993.000000 	988.606628 	996.163025 
20.400000 	125.105278 	993.000000 	988.606628 	996.163025 
20.500000 	125.105278 	993.000000 	988.606628 	996.163025 
20.600000 	125.105278 	993.000000 	988.606628 	996.163025 
20.700000 	125.105278 	993.000000 	988.606628 	996.163025 
20.800000 	125.105278 	993.000000 	988.606628 	996.163025 
20.900000 	125.105278 	993.000000 	988.606628 	996.163025 
21.000000 	125.121315 	993.000000 	988.610535 	996.171997 
21.100000 	125.121315 	993.000000 	988.610535 	996.171997 
21.200000 	125.121315 	993.000000 	988.610535 	996.171997 
21.300000 	125.121315 	993.000000 	988.610535 	996.171997 
21.400000 	125.121315 	993.000000 	988.610535 	996.171997 
21.500000 	125.121315 	993.000000 	988.610535 	996.171997 
21.600000 	125.121315 	993.000000 	988.610535 	996.171997 
21.700000 	125.121315 	993.000000 	988.610535 	996.171997 
21.800000 	125.121315 	993.000000 	988.610535 	996.171997 
21.900000 	125.121315 	993.000000 	988.610535 	996.171997 
22.000000 	125.129684 	993.000000 	988.614258 	996.182007 
22.100000 	125.129684 	993.000000 	988.614258 	996.182007 
22.200000 	125.129684 	993.000000 	988.614258 	996.182007 
22.300000 	125.129684 	993.000000 	988.614258 	996.182007 
22.400000 	125.129684 	993.000000 	988.614258 	996.182007 
22.500000 	125.129684 	993.000000 	988.614258 	996.182007 
22.600000 	125.129684 	993.000000 	988.614258 	996.182007 
22.700000 	125.129684 	993.000000 	988.614258 	996.182007 
22.800000 	125.129684 	993.000000 	988.614258 	996.182007 
22.900000 	125.129684 	993.000000 	988.614258 	996.182007 
23.000000 	125.130661 	993.000000 	988.617737 	996.190979 
23.100000 	125.130661 	993.000000 	988.617737 	996.190979 
23.200000 	125.130661 	993.000000 	988.617737 	996.190979 
23.300000 	125.130661 	993.000000 	988.617737 	996.190979 
23.400000 	125.130661 	993.000000 	988.617737 	996.190979 
23.500000 	125.130661 	993.000000 	988.617737 	996.190979 
23.600000 	125.130661 	993.000000 	988.617737 	996.190979 
23.700000 	125.130661 	993.000000 	988.617737 	996.190979 
23.800000 	125.130661 	993.000000 	988.617737 	996.190979 
23.900000 	125.130661 	993.000000 	988.617737 	996.190979 
24.000000 	125.124329 	993.000000 	988.620972 	996.200012 
24.100000 	125.124329 	993.000000 	988.620972 	996.200012 
24.200000 	125.124329 	993.000000 	988.620972 	996.200012 
24.300000 	125.124329 	993.000000 	988.620972 	996.200012 
24.400000 	125.124329 	993.000000 	988.620972 	996.200012 
24.500000 	125.124329 	993.000000 	988.620972 	996.200012 
24.600000 	125.124329 	993.000000 	988.620972 	996.200012 
24.700000 	125.124329 	993.000000 	988.620972 	996.200012 
24.800000 	125.124329 	993.000000 	988.620972 	996.200012 
24.900000 	125.124329 	993.000000 	988.620972 	996.200012 
25.000000 	125.110619 	993.000000 	988.624023 	996.208984 
25.100000 	125.110619 	993.000000 	988.624023 	996.208984 
25.200000 	125.110619 	993.000000 	988.624023 	996.208984 
25.300000 	125.110619 	993.000000 	988.624023 	996.208984 
25.400000 	125.110619 	993.000000 	988.624023 	996.208984 
25.500000 	125.110619 	993.000000 	988.624023 	996.208984 
25.600000 	125.110619 	993.000000 	988.624023 	996.208984 
25.700000 	125.110619 	993.000000 	988.624023 	996.208984 
25.800000 	125.110619 	993.000000 	988.624023 	996.208984 
25.900000 	125.110619 	993.000000 	988.624023 	996.208984 
26.000000 	125.089317 	993.000000 	988.626709 	996.218018 
26.100000 	125.089317 	993.000000 	988.626709 	996.218018 
26.200000 	125.089317 	993.000000 	988.626709 	996.218018 
26.300000 	125.089317 	993.000000 	988.626709 	996.218018 
26.400000 	125.089317 	993.000000 	988.626709 	996.218018 
26.500000 	125.089317 	993.000000 	988.626709 	996.218018 
26.600000 	125.089317 	993.000000 	988.626709 	996.218018 
26.700000 	125.089317 	993.000000 	988.626709 	996.218018 
26.800000 	125.089317 	993.000000 	988.626709 	996.218018 
26.900000 	125.089317 	993.000000 	988.626709 	996.218018 
27.000000 	125.060120 	993.000000 	988.629150 	996.226013 
27.100000 	125.060120 	993.000000 	988.629150 	996.226013 
27.200000 	125.060120 	993.000000 	988.629150 	996.226013 
27.300000 	125.060120 	993.000000 	988.629150 	996.226013 
27.400000 	125.060120 	993.000000 	988.629150 	996.226013 
27.500000 	125.060120 	993.000000 	988.629150 	996.226013 
27.600000 	125.060120 	993.000000 	988.629150 	996.226013 
27.700000 	125.060120 	993.000000 	988.629150 	996.226013 
27.800000 	125.060120 	993.000000 	988.629150 	996.226013 
27.900000 	125.060120 	993.000000 	988.629150 	996.226013 
28.000000 	125.022606 	993.000000 	988.631409 	996.234009 
28.100000 	125.022606 	993.000000 	988.631409 	996.234009 
28.200000 	125.022606 	993.000000 	988.631409 	996.234009 
28.300000 	125.022606 	993.000000 	988.631409 	996.234009 
28.400000 	125.022606 	993.000000 	988.631409 	996.234009 
28.500000 	125.022606 	993.000000 	988.631409 	996.234009 
28.600000 	125.022606 	993.000000 	988.631409 	996.234009 
28.700000 	125.022606 	993.000000 	988.631409 	996.234009 
28.800000 	125.022606 	993.000000 	988.631409 	996.234009 
28.900000 	125.022606 	993.000000 	988.631409 	996.234009 
29.000000 	124.976250 	993.000000 	988.633484 	996.242004 
29.100000 	124.976250 	993.000000 	988.633484 	996.242004 
29.200000 	124.976250 	993.000000 	988.633484 	996.242004 
29.300000 	124.976250 	993.000000 	988.633484 	996.242004 
29.400000 	124.976250 	993.000000 	988.633484 	996.242004 
29.500000 	124.976250 	993.000000 	988.633484 	996.242004 
29.600000 	124.976250 	993.000000 	988.633484 	996.242004 
29.700000 	124.976250 	993.000000 	988.633484 	996.242004 
29.800000 	124.976250 	993.000000 	988.633484 	996.242004 
29.900000 	124.976250 	993.000000 	988.633484 	996.242004 
30.000000 	124.920441 	993.000000 	988.635376 	996.276978 
30.100000 	124.920441 	993.000000 	988.635376 	996.276978 
30.200000 	124.920441 	993.000000 	988.635376 	996.276978 
30.300000 	124.920441 	993.000000 	988.635376 	996.276978 
30.400000 	124.920441 	993.000000 	988.635376 	996.276978 
30.500000 	124.920441 	993.000000 	988.635376 	996.276978 
30.600000 	124.920441 	993.000000 	988.635376 	996.276978 
30.700000 	124.920441 	993.000000 	988.635376 	996.276978 
30.800000 	124.920441 	993.000000 	988.635376 	996.276978 
30.900000 	124.920441 	993.000000 	988.635376 	996.276978 
31.000000 	124.854492 	993.000000 	988.637085 	996.286011 
31.100000 	124.854492 	993.000000 	988.637085 	996.286011 
31.200000 	124.854492 	993.000000 	988.637085 	996.286011 
31.300000 	124.854492 	993.000000 	988.637085 	996.286011 
31.400000 	124.854492 	993.000000 	988.637085 	996.286011 
31.500000 	124.854492 	993.000000 	988.637085 	996.286011 
31.600000 	124.854492 	993.000000 	988.637085 	996.286011 
31.700000 	124.854492 	993.000000 	988.637085 	996.286011 
31.800000 	124.854492 	993.000000 	988.637085 	996.286011 
31.900000 	124.854492 	993.000000 	988.637085 	996.286011 
32.000000 	124.777611 	993.000000 	988.638611 	996.294983 
32.100000 	124.777611 	993.000000 	988.638611 	996.294983 
32.200000 	124.777611 	993.000000 	988.638611 	996.294983 
32.300000 	124.777611 	993.000000 	988.638611 	996.294983 
32.400000 	124.777611 	993.000000 	988.638611 	996.294983 
32.500000 	124.777611 	993.000000 	988.638611 	996.294983 
32.600000 	124.777611 	993.000000 	988.638611 	996.294983 
32.700000 	124.777611 	993.000000 	988.638611 	996.294983 
32.800000 	124.777611 	993.000000 	988.638611 	996.294983 
32.900000 	124.777611 	993.000000 	988.638611 	996.294983 
33.000000 	124.688904 	993.000000 	988.640015 	996.302979 
33.100000 	124.688904 	993.000000 	988.640015 	996.302979 
33.200000 	124.688904 	993.000000 	988.640015 	996.302979 
33.300000 	124.688904 	993.000000 	988.640015 	996.302979 
33.400000 	124.688904 	993.000000 	988.640015 	996.302979 
33.500000 	124.688904 	993.000000 	988.640015 	996.302979 
33.600000 	124.688904 	993.000000 	988.640015 	996.302979 
33.700000 	124.688904 	993.000000 	988.640015 	996.302979 
33.800000 	124.688904 	993.000000 	988.640015 	996.302979 
33.900000 	124.688904 	993.000000 	988.640015 	996.302979 
34.000000 	124.587387 	993.000000 	988.641235 	996.309998 
34.100000 	124.587387 	993.000000 	988.641235 	996.309998 
34.200000 	124.587387 	993.000000 	988.641235 	996.309998 
34.300000 	124.587387 	993.000000 	988.641235 	996.309998 
34.400000 	124.587387 	993.000000 	988.641235 	996.309998 
34.500000 	124.587387 	993.000000 	988.641235 	996.309998 
34.600000 	124.587387 	993.000000 	988.641235 	996.309998 
34.700000 	124.587387 	993.000000 	988.641235 	996.309998 
34.800000 	124.587387 	993.000000 	988.641235 	996.309998 
34.900000 	124.587387 	993.000000 	988.641235 	996.309998 
35.000000 	124.471977 	993.000000 	988.642273 	996.317993 
35.100000 	124.471977 	993.000000 	988.642273 	996.317993 
35.200000 	124.471977 	993.000000 	988.642273 	996.317993 
35.300000 	124.471977 	993.000000 	988.642273 	996.317993 
35.400000 	124.471977 	993.000000 	988.642273 	996.317993 
35.500000 	124.471977 	993.000000 	988.642273 	996.317993 
35.600000 	124.471977 	993.000000 	988.642273 	996.317993 
35.700000 	124.471977 	993.000000 	988.642273 	996.317993 
35.800000 	124.471977 	993.000000 	988.642273 	996.317993 
35.900000 	124.471977 	993.000000 	988.642273 	996.317993 
36.000000 	124.341461 	993.000000 	988.643188 	996.325012 
36.100000 	124.341461 	993.000000 	988.643188 	996.325012 
36.200000 	124.341461 	993.000000 	988.643188 	996.325012 
36.300000 	124.341461 	993.000000 	988.643188 	996.325012 
36.400000 	124.341461 	993.000000 	988.643188 	996.325012 
36.500000 	124.341461 	993.000000 	988.643188 	996.325012 
36.600000 	124.341461 	993.000000 	988.643188 	996.325012 
36.700000 	124.341461 	993.000000 	988.643188 	996.325012 
36.800000 	124.341461 	993.000000 	988.643188 	996.325012 
36.900000 	124.341461 	993.000000 	988.643188 	996.325012 
37.000000 	124.194511 	993.000000 	988.643921 	996.331970 
37.100000 	124.194511 	993.000000 	988.643921 	996.331970 
37.200000 	124.194511 	993.000000 	988.643921 	996.331970 
37.300000 	124.194511 	993.000000 	988.643921 	996.331970 
37.400000 	124.194511 	993.000000 	988.643921 	996.331970 
37.500000 	124.194511 	993.000000 	988.643921 	996.331970 
37.600000 	124.194511 	993.000000 	988.643921 	996.331970 
37.700000 	124.194511 	993.000000 	988.643921 	996.331970 
37.800000 	124.194511 	993.000000 	988.643921 	996.331970 
37.900000 	124.194511 	993.000000 	988.643921 	996.331970 
38.000000 	124.029655 	993.000000 	988.644531 	996.338013 
38.100000 	124.029655 	993.000000 	988.644531 	996.338013 
38.200000 	124.029655 	993.000000 	988.644531 	996.338013 
38.300000 	124.029655 	993.000000 	988.644531 	996.338013 
38.400000 	124.029655 	993.000000 	988.644531 	996.338013 
38.500000 	124.029655 	993.000000 	988.644531 	996.338013 
38.600000 	124.029655 	993.000000 	988.644531 	996.338013 
38.700000 	124.029655 	993.000000 	988.644531 	996.338013 
38.800000 	124.029655 	993.000000 	988.644531 	996.338013 
38.900000 	124.029655 	993.000000 	988.644531 	996.338013 
39.000000 	123.845284 	993.000000 	988.645020 	996.343994 
39.100000 	123.845284 	993.000000 	988.645020 	996.343994 
39.200000 	123.845284 	993.000000 	988.645020 	996.343994 
39.300000 	123.845284 	993.000000 	988.645020 	996.343994 
39.400000 	123.845284 	993.000000 	988.645020 	996.343994 
39.500000 	123.845284 	993.000000 	988.645020 	996.343994 
39.600000 	123.845284 	993.000000 	988.645020 	996.343994 
39.700000 	123.845284 	993.000000 	988.645020 	996.343994 
39.800000 	123.845284 	993.000000 	988.645020 	996.343994 
39.900000 	123.845284 	993.000000 	988.645020 	996.343994 
40.000000 	123.639603 	993.000000 	988.645325 	996.349976 
40.100000 	123.639603 	993.000000 	988.645325 	996.349976 
40.200000 	123.639603 	993.000000 	988.645325 	996.349976 
40.300000 	123.639603 	993.000000 	988.645325 	996.349976 
40.400000 	123.639603 	993.000000 	988.645325 	996.349976 
40.500000 	123.639603 	993.000000 	988.645325 	996.349976 
40.600000 	123.639603 	993.000000 	988.645325 	996.349976 
40.700000 	123.639603 	993.000000 	988.645325 	996.349976 
40.800000 	123.639603 	993.000000 	988.645325 	996.349976 
40.900000 	123.639603 	993.000000 	988.645325 	996.349976 
41.000000 	123.410629 	993.000000 	988.645508 	996.354980 
41.100000 	123.410629 	993.000000 	988.645508 	996.354980 
41.200000 	123.410629 	993.000000 	988.645508 	996.354980 
41.300000 	123.410629 	993.000000 	988.645508 	996.354980 
41.400000 	123.410629 	993.000000 	988.645508 	996.354980 
41.500000 	123.410629 	993.000000 	988.645508 	996.354980 
41.600000 	123.410629 	993.000000 	988.645508 	996.354980 
41.700000 	123.410629 	993.000000 	988.645508 	996.354980 
41.800000 	123.410629 	993.000000 	988.645508 	996.354980 
41.900000 	123.410629 	993.000000 	988.645508 	996.354980 
42.000000 	123.156174 	993.000000 	988.645569 	996.359985 
42.100000 	123.156174 	993.000000 	988.645569 	996.359985 
42.200000 	123.156174 	993.000000 	988.645569 	996.359985 
42.300000 	123.156174 	993.000000 	988.645569 	996.359985 
42.400000 	123.156174 	993.000000 	988.645569 	996.359985 
42.500000 	123.156174 	993.000000 	988.645569 	996.359985 
42.600000 	123.156174 	993.000000 	988.645569 	996.359985 
42.700000 	123.156174 	993.000000 	988.645569 	996.359985 
42.800000 	123.156174 	993.000000 	988.645569 	996.359985 
42.900000 	123.156174 	993.000000 	988.645569 	996.359985 
43.000000 	122.873779 	993.000000 	988.645508 	996.364014 
43.100000 	122.873779 	993.000000 	988.645508 	996.364014 
43.200000 	122.873779 	993.000000 	988.645508 	996.364014 
43.300000 	122.873779 	993.000000 	988.645508 	996.364014 
43.400000 	122.873779 	993.000000 	988.645508 	996.364014 
43.500000 	122.873779 	993.000000 	988.645508 	996.364014 
43.600000 	122.873779 	993.000000 	988.645508 	996.364014 
43.700000 	122.873779 	993.000000 	988.645508 	996.364014 
43.800000 	122.873779 	993.000000 	988.645508 	996.364014 
43.900000 	122.873779 	993.000000 	988.645508 	996.364014 
44.000000 	122.560730 	993.000000 	988.645264 	996.367981 
44.100000 	122.560730 	993.000000 	988.645264 	996.367981 
44.200000 	122.560730 	993.000000 	988.645264 	996.367981 
44.300000 	122.560730 	993.000000 	988.645264 	996.367981 
44.400000 	122.560730 	993.000000 	988.645264 	996.367981 
44.500000 	122.560730 	993.000000 	988.645264 	996.367981 
44.600000 	122.560730 	993.000000 	988.645264 	996.367981 
44.700000 	122.560730 	993.000000 	988.645264 	996.367981 
44.800000 	122.560730 	993.000000 	988.645264 	996.367981 
44.900000 	122.560730 	993.000000 	988.645264 	996.367981 
45.000000 	122.213982 	993.000000 	988.644897 	996.370972 
45.100000 	122.213982 	993.000000 	988.644897 	996.370972 
45.200000 	122.213982 	993.000000 	988.644897 	996.370972 
45.300000 	122.213982 	993.000000 	988.644897 	996.370972 
45.400000 	122.213982 	993.000000 	988.644897 	996.370972 
45.500000 	122.213982 	993.000000 	988.644897 	996.370972 
45.600000 	122.213982 	993.000000 	988.644897 	996.370972 
45.700000 	122.213982 	993.000000 	988.644897 	996.370972 
45.800000 	122.213982 	993.000000 	988.644897 	996.370972 
45.900000 	122.213982 	993.000000 	988.644897 	996.370972 
46.000000 	121.830086 	993.000000 	988.644409 	996.374023 
46.100000 	121.830086 	993.000000 	988.644409 	996.374023 
46.200000 	121.830086 	993.000000 	988.644409 	996.374023 
46.300000 	121.830086 	993.000000 	988.644409 	996.374023 
46.400000 	121.830086 	993.000000 	988.644409 	996.374023 
46.500000 	121.830086 	993.000000 	988.644409 	996.374023 
46.600000 	121.830086 	993.000000 	988.644409 	996.374023 
46.700000 	121.830086 	993.000000 	988.644409 	996.374023 
46.800000 	121.830086 	993.000000 	988.644409 	996.374023 
46.900000 	121.830086 	993.000000 	988.644409 	996.374023 
47.000000 	121.405197 	993.000000 	988.643799 	996.377014 
47.100000 	121.405197 	993.000000 	988.643799 	996.377014 
47.200000 	121.405197 	993.000000 	988.643799 	996.377014 
47.300000 	121.405197 	993.000000 	988.643799 	996.377014 
47.400000 	121.405197 	993.000000 	988.643799 	996.377014 
47.500000 	121.405197 	993.000000 	988.643799 	996.377014 
47.600000 	121.405197 	993.000000 	988.643799 	996.377014 
47.700000 	121.405197 	993.000000 	988.643799 	996.377014 
47.800000 	121.405197 	993.000000 	988.643799 	996.377014 
47.900000 	121.405197 	993.000000 	988.643799 	996.377014 
48.000000 	120.934921 	993.000000 	988.643005 	996.377991 
48.100000 	120.934921 	993.000000 	988.643005 	996.377991 
48.200000 	120.934921 	993.000000 	988.643005 	996.377991 
48.300000 	120.934921 	993.000000 	988.643005 	996.377991 
48.400000 	120.934921 	993.000000 	988.643005 	996.377991 
48.500000 	120.934921 	993.000000 	988.643005 	996.377991 
48.600000 	120.934921 	993.000000 	988.643005 	996.377991 
48.700000 	120.934921 	993.000000 	988.643005 	996.377991 
48.800000 	120.934921 	993.000000 	988.643005 	996.377991 
48.900000 	120.934921 	993.000000 	988.643005 	996.377991 
49.000000 	120.414261 	993.000000 	988.642090 	996.380005 
49.100000 	120.414261 	993.000000 	988.642090 	996.380005 
49.200000 	120.414261 	993.000000 	988.642090 	996.380005 
49.300000 	120.414261 	993.000000 	988.642090 	996.380005 
49.400000 	120.414261 	993.000000 	988.642090 	996.380005 
49.500000 	120.414261 	993.000000 	988.642090 	996.380005 
49.600000 	120.414261 	993.000000 	988.642090 	996.380005 
49.700000 	120.414261 	993.000000 	988.642090 	996.380005 
49.800000 	120.414261 	993.000000 	988.642090 	996.380005 
49.900000 	120.414261 	993.000000 	988.642090 	996.380005 
50.000000 	119.837502 	993.000000 	988.640991 	996.380005 
50.100000 	119.837502 	993.000000 	988.640991 	996.380005 
50.200000 	119.837502 	993.000000 	988.640991 	996.380005 
50.300000 	119.837502 	993.000000 	988.640991 	996.380005 
50.400000 	119.837502 	993.000000 	988.640991 	996.380005 
50.500000 	119.837502 	993.000000 	988.640991 	996.380005 
50.600000 	119.837502 	993.000000 	988.640991 	996.380005 
50.700000 	119.837502 	993.000000 	988.640991 	996.380005 
50.800000 	119.837502 	993.000000 	988.640991 	996.380005 
50.900000 	119.837502 	993.000000 	988.640991 	996.380005 
51.000000 	119.198051 	993.000000 	988.639771 	1003.359985 
51.100000 	119.198051 	993.000000 	988.639771 	1003.359985 
51.200000 	119.198051 	993.000000 	988.639771 	1003.359985 
51.300000 	119.198051 	993.000000 	988.639771 	1003.359985 
51.400000 	119.198051 	993.000000 	988.639771 	1003.359985 
51.500000 	119.198051 	993.000000 	988.639771 	1003.359985 
51.600000 	119.198051 	993.000000 	988.639771 	1003.359985 
51.700000 	119.198051 	993.000000 	988.639771 	1003.359985 
51.800000 	119.198051 	993.000000 	988.639771 	1003.359985 
51.900000 	119.198051 	993.000000 	988.639771 	1003.359985 
52.000000 	118.488243 	993.000000 	988.638428 	1003.359985 
52.100000 	118.488243 	993.000000 	988.638428 	1003.359985 
52.200000 	118.488243 	993.000000 	988.638428 	1003.359985 
52.300000 	118.488243 	993.000000 	988.638428 	1003.359985 
52.400000 	118.488243 	993.000000 	988.638428 	1003.359985 
52.500000 	118.488243 	993.000000 	988.638428 	1003.359985 
52.600000 	118.488243 	993.000000 	988.638428 	1003.359985 
52.700000 	118.488243 	993.000000 	988.638428 	1003.359985 
52.800000 	118.488243 	993.000000 	988.638428 	1003.359985 
52.900000 	118.488243 	993.000000 	988.638428 	1003.359985 
53.000000 	117.699142 	993.000000 	988.636902 	1003.359985 
53.100000 	117.699142 	993.000000 	988.636902 	1003.359985 
53.200000 	117.699142 	993.000000 	988.636902 	1003.359985 
53.300000 	117.699142 	993.000000 	988.636902 	1003.359985 
53.400000 	117.699142 	993.000000 	988.636902 	1003.359985 
53.500000 	117.699142 	993.000000 	988.636902 	1003.359985 
53.600000 	117.699142 	993.000000 	988.636902 	1003.359985 
53.700000 	117.699142 	993.000000 	988.636902 	1003.359985 
53.800000 	117.699142 	993.000000 	988.636902 	1003.359985 
53.900000 	117.699142 	993.000000 	988.636902 	1003.359985 
54.000000 	116.820175 	993.000000 	988.635193 	1003.359985 
54.100000 	116.820175 	993.000000 	988.635193 	1003.359985 
54.200000 	116.820175 	993.000000 	988.635193 	1003.359985 
54.300000 	116.820175 	993.000000 	988.635193 	1003.359985 
54.400000 	116.820175 	993.000000 	988.635193 	1003.359985 
54.500000 	116.820175 	993.000000 	988.635193 	1003.359985 
54.600000 	116.820175 	993.000000 	988.635193 	1003.359985 
54.700000 	116.820175 	993.000000 	988.635193 	1003.359985 
54.800000 	116.820175 	993.000000 	988.635193 	1003.359985 
54.900000 	116.820175 	993.000000 	988.635193 	1003.359985 
55.000000 	115.838799 	993.000000 	988.633362 	1003.359985 
55.100000 	115.838799 	993.000000 	988.633362 	1003.359985 
55.200000 	115.838799 	993.000000 	988.633362 	1003.359985 
55.300000 	115.838799 	993.000000 	988.633362 	1003.359985 
55.400000 	115.838799 	993.000000 	988.633362 	1003.359985 
55.500000 	115.838799 	993.000000 	988.633362 	1003.359985 
55.600000 	115.838799 	993.000000 	988.633362 	1003.359985 
55.700000 	115.838799 	993.000000 	988.633362 	1003.359985 
55.800000 	115.838799 	993.000000 	988.633362 	1003.359985 
55.900000 	115.838799 	993.000000 	988.633362 	1003.359985 
56.000000 	114.739891 	993.000000 	988.631348 	1003.359985 
56.100000 	114.739891 	993.000000 	988.631348 	1003.359985 
56.200000 	114.739891 	993.000000 	988.631348 	1003.359985 
56.300000 	114.739891 	993.000000 	988.631348 	1003.359985 
56.400000 	114.739891 	993.000000 	988.631348 	1003.359985 
56.500000 	114.739891 	993.000000 	988.631348 	1003.359985 
56.600000 	114.739891 	993.000000 	988.631348 	1003.359985 
56.700000 	114.739891 	993.000000 	988.631348 	1003.359985 
56.800000 	114.739891 	993.000000 	988.631348 	1003.359985 
56.900000 	114.739891 	993.000000 	988.631348 	1003.359985 
57.000000 	113.505096 	993.000000 	988.629150 	1003.359985 
57.100000 	113.505096 	993.000000 	988.629150 	1003.359985 
57.200000 	113.505096 	993.000000 	988.629150 	1003.359985 
57.300000 	113.505096 	993.000000 	988.629150 	1003.359985 
57.400000 	113.505096 	993.000000 	988.629150 	1003.359985 
57.500000 	113.505096 	993.000000 	988.629150 	1003.359985 
57.600000 	113.505096 	993.000000 	988.629150 	1003.359985 
57.700000 	113.505096 	993.000000 	988.629150 	1003.359985 
57.800000 	113.505096 	993.000000 	988.629150 	1003.359985 
57.900000 	113.505096 	993.000000 	988.629150 	1003.359985 
58.000000 	112.111755 	993.000000 	988.626770 	1003.359985 
58.100000 	112.111755 	993.000000 	988.626770 	1003.359985 
58.200000 	112.111755 	993.000000 	988.626770 	1003.359985 
58.300000 	112.111755 	993.000000 	988.626770 	1003.359985 
58.400000 	112.111755 	993.000000 	988.626770 	1003.359985 
58.500000 	112.111755 	993.000000 	988.626770 	1003.359985 
58.600000 	112.111755 	993.000000 	988.626770 	1003.359985 
58.700000 	112.111755 	993.000000 	988.626770 	1003.359985 
58.800000 	112.111755 	993.000000 	988.626770 	1003.359985 
58.900000 	112.111755 	993.000000 	988.626770 	1003.359985 
59.000000 	110.531517 	993.000000 	988.624207 	1003.359985 
59.100000 	110.531517 	993.000000 	988.624207 	1003.359985 
59.200000 	110.531517 	993.000000 	988.624207 	1003.359985 
59.300000 	110.531517 	993.000000 	988.624207 	1003.359985 
59.400000 	110.531517 	993.000000 	988.624207 	1003.359985 
59.500000 	110.531517 	993.000000 	988.624207 	1003.359985 
59.600000 	110.531517 	993.000000 	988.624207 	1003.359985 
59.700000 	110.531517 	993.000000 	988.624207 	1003.359985 
59.800000 	110.531517 	993.000000 	988.624207 	1003.359985 
59.900000 	110.531517 	993.000000 	988.624207 	1003.359985 
60.000000 	108.728279 	993.000000 	988.621460 	1003.359985 
