0.500000 	0.000000 	292.000000 	0.000000 	302.865997 
0.600000 	0.000000 	292.000000 	0.000000 	280.183014 
0.700000 	101.008308 	292.000000 	129.181534 	286.363007 
0.800000 	116.336418 	292.000000 	220.116898 	290.231995 
0.900000 	109.509438 	292.000000 	255.704208 	292.851013 
1.000000 	104.736771 	292.000000 	272.005432 	294.640015 
1.100000 	104.736771 	292.000000 	272.005432 	294.640015 
1.200000 	104.736771 	292.000000 	272.005432 	294.640015 
1.300000 	104.736771 	292.000000 	272.005432 	294.640015 
1.400000 	104.736771 	292.000000 	272.005432 	294.640015 
1.500000 	104.736771 	292.000000 	272.005432 	294.640015 
1.600000 	104.736771 	292.000000 	272.005432 	294.640015 
1.700000 	104.736771 	292.000000 	272.005432 	294.640015 
1.800000 	104.736771 	292.000000 	272.005432 	294.640015 
1.900000 	104.736771 	292.000000 	272.005432 	294.640015 
2.000000 	101.617020 	292.000000 	280.562164 	299.829987 
2.100000 	101.617020 	292.000000 	280.562164 	299.829987 
2.200000 	101.617020 	292.000000 	280.562164 	299.829987 
2.300000 	101.617020 	292.000000 	280.562164 	299.829987 
2.400000 	101.617020 	292.000000 	280.562164 	299.829987 
2.500000 	101.617020 	292.000000 	280.562164 	299.829987 
2.600000 	101.617020 	292.000000 	280.562164 	299.829987 
2.700000 	101.617020 	292.000000 	280.562164 	299.829987 
2.800000 	101.617020 	292.000000 	280.562164 	299.829987 
2.900000 	101.617020 	292.000000 	280.562164 	299.829987 
3.000000 	105.432793 	292.000000 	291.003632 	300.723999 
3.100000 	105.432793 	292.000000 	291.003632 	300.723999 
3.200000 	105.432793 	292.000000 	291.003632 	300.723999 
3.300000 	105.432793 	292.000000 	291.003632 	300.723999 
3.400000 	105.432793 	292.000000 	291.003632 	300.723999 
3.500000 	105.432793 	292.000000 	291.003632 	300.723999 
3.600000 	105.432793 	292.000000 	291.003632 	300.723999 
3.700000 	105.432793 	292.000000 	291.003632 	300.723999 
3.800000 	105.432793 	292.000000 	291.003632 	300.723999 
3.900000 	105.432793 	292.000000 	291.003632 	300.723999 
4.000000 	114.148033 	292.000000 	288.620331 	301.054993 
4.100000 	114.148033 	292.000000 	288.620331 	301.054993 
4.200000 	114.148033 	292.000000 	288.620331 	301.054993 
4.300000 	114.148033 	292.000000 	288.620331 	301.054993 
4.400000 	114.148033 	292.000000 	288.620331 	301.054993 
4.500000 	114.148033 	292.000000 	288.620331 	301.054993 
4.600000 	114.148033 	292.000000 	288.620331 	301.054993 
4.700000 	114.148033 	292.000000 	288.620331 	301.054993 
4.800000 	114.148033 	292.000000 	288.620331 	301.054993 
4.900000 	114.148033 	292.000000 	288.620331 	301.054993 
5.000000 	118.616348 	292.000000 	287.207092 	301.229004 
5.100000 	118.616348 	292.000000 	287.207092 	301.229004 
5.200000 	118.616348 	292.000000 	287.207092 	301.229004 
5.300000 	118.616348 	292.000000 	287.207092 	301.229004 
5.400000 	118.616348 	292.000000 	287.207092 	301.229004 
5.500000 	118.616348 	292.000000 	287.207092 	301.229004 
5.600000 	118.616348 	292.000000 	287.207092 	301.229004 
5.700000 	118.616348 	292.000000 	287.207092 	301.229004 
5.800000 	118.616348 	292.000000 	287.207092 	301.229004 
5.900000 	118.616348 	292.000000 	287.207092 	301.229004 
6.000000 	120.972580 	292.000000 	286.479095 	301.341003 
6.100000 	120.972580 	292.000000 	286.479095 	301.341003 
6.200000 	120.972580 	292.000000 	286.479095 	301.341003 
6.300000 	120.972580 	292.000000 	286.479095 	301.341003 
6.400000 	120.972580 	292.000000 	286.479095 	301.341003 
6.500000 	120.972580 	292.000000 	286.479095 	301.341003 
6.600000 	120.972580 	292.000000 	286.479095 	301.341003 
6.700000 	120.972580 	292.000000 	286.479095 	301.341003 
6.800000 	120.972580 	292.000000 	286.479095 	301.341003 
6.900000 	120.972580 	292.000000 	286.479095 	301.341003 
7.000000 	122.319817 	292.000000 	286.093933 	301.424011 
7.100000 	122.319817 	292.000000 	286.093933 	301.424011 
7.200000 	122.319817 	292.000000 	286.093933 	301.424011 
7.300000 	122.319817 	292.000000 	286.093933 	301.424011 
7.400000 	122.319817 	292.000000 	286.093933 	301.424011 
7.500000 	122.319817 	292.000000 	286.093933 	301.424011 
7.600000 	122.319817 	292.000000 	286.093933 	301.424011 
7.700000 	122.319817 	292.000000 	286.093933 	301.424011 
7.800000 	122.319817 	292.000000 	286.093933 	301.424011 
7.900000 	122.319817 	292.000000 	286.093933 	301.424011 
8.000000 	123.146896 	292.000000 	285.883270 	301.493011 
8.100000 	123.146896 	292.000000 	285.883270 	301.493011 
8.200000 	123.146896 	292.000000 	285.883270 	301.493011 
8.300000 	123.146896 	292.000000 	285.883270 	301.493011 
8.400000 	123.146896 	292.000000 	285.883270 	301.493011 
8.500000 	123.146896 	292.000000 	285.883270 	301.493011 
8.600000 	123.146896 	292.000000 	285.883270 	301.493011 
8.700000 	123.146896 	292.000000 	285.883270 	301.493011 
8.800000 	123.146896 	292.000000 	285.883270 	301.493011 
8.900000 	123.146896 	292.000000 	285.883270 	301.493011 
9.000000 	123.684479 	292.000000 	285.766022 	301.553986 
9.100000 	123.684479 	292.000000 	285.766022 	301.553986 
9.200000 	123.684479 	292.000000 	285.766022 	301.553986 
9.300000 	123.684479 	292.000000 	285.766022 	301.553986 
9.400000 	123.684479 	292.000000 	285.766022 	301.553986 
9.500000 	123.684479 	292.000000 	285.766022 	301.553986 
9.600000 	123.684479 	292.000000 	285.766022 	301.553986 
9.700000 	123.684479 	292.000000 	285.766022 	301.553986 
9.800000 	123.684479 	292.000000 	285.766022 	301.553986 
9.900000 	123.684479 	292.000000 	285.766022 	301.553986 
10.000000 	124.050140 	292.000000 	285.701141 	301.609985 
10.100000 	124.050140 	292.000000 	285.701141 	301.609985 
10.200000 	124.050140 	292.000000 	285.701141 	301.609985 
10.300000 	124.050140 	292.000000 	285.701141 	301.609985 
10.400000 	124.050140 	292.000000 	285.701141 	301.609985 
10.500000 	124.050140 	292.000000 	285.701141 	301.609985 
10.600000 	124.050140 	292.000000 	285.701141 	301.609985 
10.700000 	124.050140 	292.000000 	285.701141 	301.609985 
10.800000 	124.050140 	292.000000 	285.701141 	301.609985 
10.900000 	124.050140 	292.000000 	285.701141 	301.609985 
11.000000 	124.308037 	292.000000 	285.666779 	301.664001 
11.100000 	124.308037 	292.000000 	285.666779 	301.664001 
11.200000 	124.308037 	292.000000 	285.666779 	301.664001 
11.300000 	124.308037 	292.000000 	285.666779 	301.664001 
11.400000 	124.308037 	292.000000 	285.666779 	301.664001 
11.500000 	124.308037 	292.000000 	285.666779 	301.664001 
11.600000 	124.308037 	292.000000 	285.666779 	301.664001 
11.700000 	124.308037 	292.000000 	285.666779 	301.664001 
11.800000 	124.308037 	292.000000 	285.666779 	301.664001 
11.900000 	124.308037 	292.000000 	285.666779 	301.664001 
12.000000 	124.495247 	292.000000 	285.650726 	301.714996 
12.100000 	124.495247 	292.000000 	285.650726 	301.714996 
12.200000 	124.495247 	292.000000 	285.650726 	301.714996 
12.300000 	124.495247 	292.000000 	285.650726 	301.714996 
12.400000 	124.495247 	292.000000 	285.650726 	301.714996 
12.500000 	124.495247 	292.000000 	285.650726 	301.714996 
12.600000 	124.495247 	292.000000 	285.650726 	301.714996 
12.700000 	124.495247 	292.000000 	285.650726 	301.714996 
12.800000 	124.495247 	292.000000 	285.650726 	301.714996 
12.900000 	124.495247 	292.000000 	285.650726 	301.714996 
13.000000 	124.634209 	292.000000 	285.645905 	301.765991 
13.100000 	124.634209 	292.000000 	285.645905 	301.765991 
13.200000 	124.634209 	292.000000 	285.645905 	301.765991 
13.300000 	124.634209 	292.000000 	285.645905 	301.765991 
13.400000 	124.634209 	292.000000 	285.645905 	301.765991 
13.500000 	124.634209 	292.000000 	285.645905 	301.765991 
13.600000 	124.634209 	292.000000 	285.645905 	301.765991 
13.700000 	124.634209 	292.000000 	285.645905 	301.765991 
13.800000 	124.634209 	292.000000 	285.645905 	301.765991 
13.900000 	124.634209 	292.000000 	285.645905 	301.765991 
14.000000 	124.739059 	292.000000 	285.648010 	301.816986 
14.100000 	124.739059 	292.000000 	285.648010 	301.816986 
14.200000 	124.739059 	292.000000 	285.648010 	301.816986 
14.300000 	124.739059 	292.000000 	285.648010 	301.816986 
14.400000 	124.739059 	292.000000 	285.648010 	301.816986 
14.500000 	124.739059 	292.000000 	285.648010 	301.816986 
14.600000 	124.739059 	292.000000 	285.648010 	301.816986 
14.700000 	124.739059 	292.000000 	285.648010 	301.816986 
14.800000 	124.739059 	292.000000 	285.648010 	301.816986 
14.900000 	124.739059 	292.000000 	285.648010 	301.816986 
15.000000 	124.818962 	292.000000 	285.654358 	301.867004 
15.100000 	124.818962 	292.000000 	285.654358 	301.867004 
15.200000 	124.818962 	292.000000 	285.654358 	301.867004 
15.300000 	124.818962 	292.000000 	285.654358 	301.867004 
15.400000 	124.818962 	292.000000 	285.654358 	301.867004 
15.500000 	124.818962 	292.000000 	285.654358 	301.867004 
15.600000 	124.818962 	292.000000 	285.654358 	301.867004 
15.700000 	124.818962 	292.000000 	285.654358 	301.867004 
15.800000 	124.818962 	292.000000 	285.654358 	301.867004 
15.900000 	124.818962 	292.000000 	285.654358 	301.867004 
16.000000 	124.879997 	292.000000 	285.663361 	301.916992 
16.100000 	124.879997 	292.000000 	285.663361 	301.916992 
16.200000 	124.879997 	292.000000 	285.663361 	301.916992 
16.300000 	124.879997 	292.000000 	285.663361 	301.916992 
16.400000 	124.879997 	292.000000 	285.663361 	301.916992 
16.500000 	124.879997 	292.000000 	285.663361 	301.916992 
16.600000 	124.879997 	292.000000 	285.663361 	301.916992 
16.700000 	124.879997 	292.000000 	285.663361 	301.916992 
16.800000 	124.879997 	292.000000 	285.663361 	301.916992 
16.900000 	124.879997 	292.000000 	285.663361 	301.916992 
17.000000 	124.926308 	292.000000 	285.673859 	301.966003 
17.100000 	124.926308 	292.000000 	285.673859 	301.966003 
17.200000 	124.926308 	292.000000 	285.673859 	301.966003 
17.300000 	124.926308 	292.000000 	285.673859 	301.966003 
17.400000 	124.926308 	292.000000 	285.673859 	301.966003 
17.500000 	124.926308 	292.000000 	285.673859 	301.966003 
17.600000 	124.926308 	292.000000 	285.673859 	301.966003 
17.700000 	124.926308 	292.000000 	285.673859 	301.966003 
17.800000 	124.926308 	292.000000 	285.673859 	301.966003 
17.900000 	124.926308 	292.000000 	285.673859 	301.966003 
18.000000 	124.960686 	292.000000 	285.685211 	302.015991 
18.100000 	124.960686 	292.000000 	285.685211 	302.015991 
18.200000 	124.960686 	292.000000 	285.685211 	302.015991 
18.300000 	124.960686 	292.000000 	285.685211 	302.015991 
18.400000 	124.960686 	292.000000 	285.685211 	302.015991 
18.500000 	124.960686 	292.000000 	285.685211 	302.015991 
18.600000 	124.960686 	292.000000 	285.685211 	302.015991 
18.700000 	124.960686 	292.000000 	285.685211 	302.015991 
18.800000 	124.960686 	292.000000 	285.685211 	302.015991 
18.900000 	124.960686 	292.000000 	285.685211 	302.015991 
19.000000 	124.985062 	292.000000 	285.696930 	302.066010 
19.100000 	124.985062 	292.000000 	285.696930 	302.066010 
19.200000 	124.985062 	292.000000 	285.696930 	302.066010 
19.300000 	124.985062 	292.000000 	285.696930 	302.066010 
19.400000 	124.985062 	292.000000 	285.696930 	302.066010 
19.500000 	124.985062 	292.000000 	285.696930 	302.066010 
19.600000 	124.985062 	292.000000 	285.696930 	302.066010 
19.700000 	124.985062 	292.000000 	285.696930 	302.066010 
19.800000 	124.985062 	292.000000 	285.696930 	302.066010 
19.900000 	124.985062 	292.000000 	285.696930 	302.066010 
20.000000 	125.000748 	292.000000 	285.708740 	302.114990 
20.100000 	125.000748 	292.000000 	285.708740 	302.114990 
20.200000 	125.000748 	292.000000 	285.708740 	302.114990 
20.300000 	125.000748 	292.000000 	285.708740 	302.114990 
20.400000 	125.000748 	292.000000 	285.708740 	302.114990 
20.500000 	125.000748 	292.000000 	285.708740 	302.114990 
20.600000 	125.000748 	292.000000 	285.708740 	302.114990 
20.700000 	125.000748 	292.000000 	285.708740 	302.114990 
20.800000 	125.000748 	292.000000 	285.708740 	302.114990 
20.900000 	125.000748 	292.000000 	285.708740 	302.114990 
21.000000 	125.008575 	292.000000 	285.720398 	302.164001 
21.100000 	125.008575 	292.000000 	285.720398 	302.164001 
21.200000 	125.008575 	292.000000 	285.720398 	302.164001 
21.300000 	125.008575 	292.000000 	285.720398 	302.164001 
21.400000 	125.008575 	292.000000 	285.720398 	302.164001 
21.500000 	125.008575 	292.000000 	285.720398 	302.164001 
21.600000 	125.008575 	292.000000 	285.720398 	302.164001 
21.700000 	125.008575 	292.000000 	285.720398 	302.164001 
21.800000 	125.008575 	292.000000 	285.720398 	302.164001 
21.900000 	125.008575 	292.000000 	285.720398 	302.164001 
22.000000 	125.009079 	292.000000 	285.731842 	302.213989 
22.100000 	125.009079 	292.000000 	285.731842 	302.213989 
22.200000 	125.009079 	292.000000 	285.731842 	302.213989 
22.300000 	125.009079 	292.000000 	285.731842 	302.213989 
22.400000 	125.009079 	292.000000 	285.731842 	302.213989 
22.500000 	125.009079 	292.000000 	285.731842 	302.213989 
22.600000 	125.009079 	292.000000 	285.731842 	302.213989 
22.700000 	125.009079 	292.000000 	285.731842 	302.213989 
22.800000 	125.009079 	292.000000 	285.731842 	302.213989 
22.900000 	125.009079 	292.000000 	285.731842 	302.213989 
23.000000 	125.002518 	292.000000 	285.742950 	302.261993 
23.100000 	125.002518 	292.000000 	285.742950 	302.261993 
23.200000 	125.002518 	292.000000 	285.742950 	302.261993 
23.300000 	125.002518 	292.000000 	285.742950 	302.261993 
23.400000 	125.002518 	292.000000 	285.742950 	302.261993 
23.500000 	125.002518 	292.000000 	285.742950 	302.261993 
23.600000 	125.002518 	292.000000 	285.742950 	302.261993 
23.700000 	125.002518 	292.000000 	285.742950 	302.261993 
23.800000 	125.002518 	292.000000 	285.742950 	302.261993 
23.900000 	125.002518 	292.000000 	285.742950 	302.261993 
24.000000 	124.988960 	292.000000 	285.753662 	302.311005 
24.100000 	124.988960 	292.000000 	285.753662 	302.311005 
24.200000 	124.988960 	292.000000 	285.753662 	302.311005 
24.300000 	124.988960 	292.000000 	285.753662 	302.311005 
24.400000 	124.988960 	292.000000 	285.753662 	302.311005 
24.500000 	124.988960 	292.000000 	285.753662 	302.311005 
24.600000 	124.988960 	292.000000 	285.753662 	302.311005 
24.700000 	124.988960 	292.000000 	285.753662 	302.311005 
24.800000 	124.988960 	292.000000 	285.753662 	302.311005 
24.900000 	124.988960 	292.000000 	285.753662 	302.311005 
25.000000 	124.968323 	292.000000 	285.764008 	302.359009 
25.100000 	124.968323 	292.000000 	285.764008 	302.359009 
25.200000 	124.968323 	292.000000 	285.764008 	302.359009 
25.300000 	124.968323 	292.000000 	285.764008 	302.359009 
25.400000 	124.968323 	292.000000 	285.764008 	302.359009 
25.500000 	124.968323 	292.000000 	285.764008 	302.359009 
25.600000 	124.968323 	292.000000 	285.764008 	302.359009 
25.700000 	124.968323 	292.000000 	285.764008 	302.359009 
25.800000 	124.968323 	292.000000 	285.764008 	302.359009 
25.900000 	124.968323 	292.000000 	285.764008 	302.359009 
26.000000 	124.940369 	292.000000 	285.773926 	302.407013 
26.100000 	124.940369 	292.000000 	285.773926 	302.407013 
26.200000 	124.940369 	292.000000 	285.773926 	302.407013 
26.300000 	124.940369 	292.000000 	285.773926 	302.407013 
26.400000 	124.940369 	292.000000 	285.773926 	302.407013 
26.500000 	124.940369 	292.000000 	285.773926 	302.407013 
26.600000 	124.940369 	292.000000 	285.773926 	302.407013 
26.700000 	124.940369 	292.000000 	285.773926 	302.407013 
26.800000 	124.940369 	292.000000 	285.773926 	302.407013 
26.900000 	124.940369 	292.000000 	285.773926 	302.407013 
27.000000 	124.904778 	292.000000 	285.783417 	302.454987 
27.100000 	124.904778 	292.000000 	285.783417 	302.454987 
27.200000 	124.904778 	292.000000 	285.783417 	302.454987 
27.300000 	124.904778 	292.000000 	285.783417 	302.454987 
27.400000 	124.904778 	292.000000 	285.783417 	302.454987 
27.500000 	124.904778 	292.000000 	285.783417 	302.454987 
27.600000 	124.904778 	292.000000 	285.783417 	302.454987 
27.700000 	124.904778 	292.000000 	285.783417 	302.454987 
27.800000 	124.904778 	292.000000 	285.783417 	302.454987 
27.900000 	124.904778 	292.000000 	285.783417 	302.454987 
28.000000 	124.861092 	292.000000 	285.792542 	302.502014 
28.100000 	124.861092 	292.000000 	285.792542 	302.502014 
28.200000 	124.861092 	292.000000 	285.792542 	302.502014 
28.300000 	124.861092 	292.000000 	285.792542 	302.502014 
28.400000 	124.861092 	292.000000 	285.792542 	302.502014 
28.500000 	124.861092 	292.000000 	285.792542 	302.502014 
28.600000 	124.861092 	292.000000 	285.792542 	302.502014 
28.700000 	124.861092 	292.000000 	285.792542 	302.502014 
28.800000 	124.861092 	292.000000 	285.792542 	302.502014 
28.900000 	124.861092 	292.000000 	285.792542 	302.502014 
29.000000 	124.808777 	292.000000 	285.801239 	302.549011 
29.100000 	124.808777 	292.000000 	285.801239 	302.549011 
29.200000 	124.808777 	292.000000 	285.801239 	302.549011 
29.300000 	124.808777 	292.000000 	285.801239 	302.549011 
29.400000 	124.808777 	292.000000 	285.801239 	302.549011 
29.500000 	124.808777 	292.000000 	285.801239 	302.549011 
29.600000 	124.808777 	292.000000 	285.801239 	302.549011 
29.700000 	124.808777 	292.000000 	285.801239 	302.549011 
29.800000 	124.808777 	292.000000 	285.801239 	302.549011 
29.900000 	124.808777 	292.000000 	285.801239 	302.549011 
30.000000 	124.747200 	292.000000 	285.809570 	302.595001 
30.100000 	124.747200 	292.000000 	285.809570 	302.595001 
30.200000 	124.747200 	292.000000 	285.809570 	302.595001 
30.300000 	124.747200 	292.000000 	285.809570 	302.595001 
30.400000 	124.747200 	292.000000 	285.809570 	302.595001 
30.500000 	124.747200 	292.000000 	285.809570 	302.595001 
30.600000 	124.747200 	292.000000 	285.809570 	302.595001 
30.700000 	124.747200 	292.000000 	285.809570 	302.595001 
30.800000 	124.747200 	292.000000 	285.809570 	302.595001 
30.900000 	124.747200 	292.000000 	285.809570 	302.595001 
31.000000 	124.675652 	292.000000 	285.817535 	302.640015 
31.100000 	124.675652 	292.000000 	285.817535 	302.640015 
31.200000 	124.675652 	292.000000 	285.817535 	302.640015 
31.300000 	124.675652 	292.000000 	285.817535 	302.640015 
31.400000 	124.675652 	292.000000 	285.817535 	302.640015 
31.500000 	124.675652 	292.000000 	285.817535 	302.640015 
31.600000 	124.675652 	292.000000 	285.817535 	302.640015 
31.700000 	124.675652 	292.000000 	285.817535 	302.640015 
31.800000 	124.675652 	292.000000 	285.817535 	302.640015 
31.900000 	124.675652 	292.000000 	285.817535 	302.640015 
32.000000 	124.593315 	292.000000 	285.825165 	302.684998 
32.100000 	124.593315 	292.000000 	285.825165 	302.684998 
32.200000 	124.593315 	292.000000 	285.825165 	302.684998 
32.300000 	124.593315 	292.000000 	285.825165 	302.684998 
32.400000 	124.593315 	292.000000 	285.825165 	302.684998 
32.500000 	124.593315 	292.000000 	285.825165 	302.684998 
32.600000 	124.593315 	292.000000 	285.825165 	302.684998 
32.700000 	124.593315 	292.000000 	285.825165 	302.684998 
32.800000 	124.593315 	292.000000 	285.825165 	302.684998 
32.900000 	124.593315 	292.000000 	285.825165 	302.684998 
33.000000 	124.499283 	292.000000 	285.832428 	302.730011 
33.100000 	124.499283 	292.000000 	285.832428 	302.730011 
33.200000 	124.499283 	292.000000 	285.832428 	302.730011 
33.300000 	124.499283 	292.000000 	285.832428 	302.730011 
33.400000 	124.499283 	292.000000 	285.832428 	302.730011 
33.500000 	124.499283 	292.000000 	285.832428 	302.730011 
33.600000 	124.499283 	292.000000 	285.832428 	302.730011 
33.700000 	124.499283 	292.000000 	285.832428 	302.730011 
33.800000 	124.499283 	292.000000 	285.832428 	302.730011 
33.900000 	124.499283 	292.000000 	285.832428 	302.730011 
34.000000 	124.392548 	292.000000 	285.839417 	302.773010 
34.100000 	124.392548 	292.000000 	285.839417 	302.773010 
34.200000 	124.392548 	292.000000 	285.839417 	302.773010 
34.300000 	124.392548 	292.000000 	285.839417 	302.773010 
34.400000 	124.392548 	292.000000 	285.839417 	302.773010 
34.500000 	124.392548 	292.000000 	285.839417 	302.773010 
34.600000 	124.392548 	292.000000 	285.839417 	302.773010 
34.700000 	124.392548 	292.000000 	285.839417 	302.773010 
34.800000 	124.392548 	292.000000 	285.839417 	302.773010 
34.900000 	124.392548 	292.000000 	285.839417 	302.773010 
35.000000 	124.272011 	292.000000 	285.846069 	302.816010 
35.100000 	124.272011 	292.000000 	285.846069 	302.816010 
35.200000 	124.272011 	292.000000 	285.846069 	302.816010 
35.300000 	124.272011 	292.000000 	285.846069 	302.816010 
35.400000 	124.272011 	292.000000 	285.846069 	302.816010 
35.500000 	124.272011 	292.000000 	285.846069 	302.816010 
35.600000 	124.272011 	292.000000 	285.846069 	302.816010 
35.700000 	124.272011 	292.000000 	285.846069 	302.816010 
35.800000 	124.272011 	292.000000 	285.846069 	302.816010 
35.900000 	124.272011 	292.000000 	285.846069 	302.816010 
36.000000 	124.136436 	292.000000 	285.852448 	302.858002 
36.100000 	124.136436 	292.000000 	285.852448 	302.858002 
36.200000 	124.136436 	292.000000 	285.852448 	302.858002 
36.300000 	124.136436 	292.000000 	285.852448 	302.858002 
36.400000 	124.136436 	292.000000 	285.852448 	302.858002 
36.500000 	124.136436 	292.000000 	285.852448 	302.858002 
36.600000 	124.136436 	292.000000 	285.852448 	302.858002 
36.700000 	124.136436 	292.000000 	285.852448 	302.858002 
36.800000 	124.136436 	292.000000 	285.852448 	302.858002 
36.900000 	124.136436 	292.000000 	285.852448 	302.858002 
37.000000 	123.984482 	292.000000 	285.858551 	302.907013 
37.100000 	123.984482 	292.000000 	285.858551 	302.907013 
37.200000 	123.984482 	292.000000 	285.858551 	302.907013 
37.300000 	123.984482 	292.000000 	285.858551 	302.907013 
37.400000 	123.984482 	292.000000 	285.858551 	302.907013 
37.500000 	123.984482 	292.000000 	285.858551 	302.907013 
37.600000 	123.984482 	292.000000 	285.858551 	302.907013 
37.700000 	123.984482 	292.000000 	285.858551 	302.907013 
37.800000 	123.984482 	292.000000 	285.858551 	302.907013 
37.900000 	123.984482 	292.000000 	285.858551 	302.907013 
38.000000 	123.814651 	292.000000 	285.864380 	302.947998 
38.100000 	123.814651 	292.000000 	285.864380 	302.947998 
38.200000 	123.814651 	292.000000 	285.864380 	302.947998 
38.300000 	123.814651 	292.000000 	285.864380 	302.947998 
38.400000 	123.814651 	292.000000 	285.864380 	302.947998 
38.500000 	123.814651 	292.000000 	285.864380 	302.947998 
38.600000 	123.814651 	292.000000 	285.864380 	302.947998 
38.700000 	123.814651 	292.000000 	285.864380 	302.947998 
38.800000 	123.814651 	292.000000 	285.864380 	302.947998 
38.900000 	123.814651 	292.000000 	285.864380 	302.947998 
39.000000 	123.625313 	292.000000 	285.869995 	302.987000 
39.100000 	123.625313 	292.000000 	285.869995 	302.987000 
39.200000 	123.625313 	292.000000 	285.869995 	302.987000 
39.300000 	123.625313 	292.000000 	285.869995 	302.987000 
39.400000 	123.625313 	292.000000 	285.869995 	302.987000 
39.500000 	123.625313 	292.000000 	285.869995 	302.987000 
39.600000 	123.625313 	292.000000 	285.869995 	302.987000 
39.700000 	123.625313 	292.000000 	285.869995 	302.987000 
39.800000 	123.625313 	292.000000 	285.869995 	302.987000 
39.900000 	123.625313 	292.000000 	285.869995 	302.987000 
40.000000 	123.414642 	292.000000 	285.875366 	303.026001 
40.100000 	123.414642 	292.000000 	285.875366 	303.026001 
40.200000 	123.414642 	292.000000 	285.875366 	303.026001 
40.300000 	123.414642 	292.000000 	285.875366 	303.026001 
40.400000 	123.414642 	292.000000 	285.875366 	303.026001 
40.500000 	123.414642 	292.000000 	285.875366 	303.026001 
40.600000 	123.414642 	292.000000 	285.875366 	303.026001 
40.700000 	123.414642 	292.000000 	285.875366 	303.026001 
40.800000 	123.414642 	292.000000 	285.875366 	303.026001 
40.900000 	123.414642 	292.000000 	285.875366 	303.026001 
41.000000 	123.180634 	292.000000 	285.880493 	303.063995 
41.100000 	123.180634 	292.000000 	285.880493 	303.063995 
41.200000 	123.180634 	292.000000 	285.880493 	303.063995 
41.300000 	123.180634 	292.000000 	285.880493 	303.063995 
41.400000 	123.180634 	292.000000 	285.880493 	303.063995 
41.500000 	123.180634 	292.000000 	285.880493 	303.063995 
41.600000 	123.180634 	292.000000 	285.880493 	303.063995 
41.700000 	123.180634 	292.000000 	285.880493 	303.063995 
41.800000 	123.180634 	292.000000 	285.880493 	303.063995 
41.900000 	123.180634 	292.000000 	285.880493 	303.063995 
42.000000 	122.921051 	292.000000 	285.885437 	303.100006 
42.100000 	122.921051 	292.000000 	285.885437 	303.100006 
42.200000 	122.921051 	292.000000 	285.885437 	303.100006 
42.300000 	122.921051 	292.000000 	285.885437 	303.100006 
42.400000 	122.921051 	292.000000 	285.885437 	303.100006 
42.500000 	122.921051 	292.000000 	285.885437 	303.100006 
42.600000 	122.921051 	292.000000 	285.885437 	303.100006 
42.700000 	122.921051 	292.000000 	285.885437 	303.100006 
42.800000 	122.921051 	292.000000 	285.885437 	303.100006 
42.900000 	122.921051 	292.000000 	285.885437 	303.100006 
43.000000 	122.633385 	292.000000 	285.890167 	303.135986 
43.100000 	122.633385 	292.000000 	285.890167 	303.135986 
43.200000 	122.633385 	292.000000 	285.890167 	303.135986 
43.300000 	122.633385 	292.000000 	285.890167 	303.135986 
43.400000 	122.633385 	292.000000 	285.890167 	303.135986 
43.500000 	122.633385 	292.000000 	285.890167 	303.135986 
43.600000 	122.633385 	292.000000 	285.890167 	303.135986 
43.700000 	122.633385 	292.000000 	285.890167 	303.135986 
43.800000 	122.633385 	292.000000 	285.890167 	303.135986 
43.900000 	122.633385 	292.000000 	285.890167 	303.135986 
44.000000 	122.314819 	292.000000 	285.894714 	303.170013 
44.100000 	122.314819 	292.000000 	285.894714 	303.170013 
44.200000 	122.314819 	292.000000 	285.894714 	303.170013 
44.300000 	122.314819 	292.000000 	285.894714 	303.170013 
44.400000 	122.314819 	292.000000 	285.894714 	303.170013 
44.500000 	122.314819 	292.000000 	285.894714 	303.170013 
44.600000 	122.314819 	292.000000 	285.894714 	303.170013 
44.700000 	122.314819 	292.000000 	285.894714 	303.170013 
44.800000 	122.314819 	292.000000 	285.894714 	303.170013 
44.900000 	122.314819 	292.000000 	285.894714 	303.170013 
45.000000 	121.962044 	292.000000 	285.899139 	303.203003 
45.100000 	121.962044 	292.000000 	285.899139 	303.203003 
45.200000 	121.962044 	292.000000 	285.899139 	303.203003 
45.300000 	121.962044 	292.000000 	285.899139 	303.203003 
45.400000 	121.962044 	292.000000 	285.899139 	303.203003 
45.500000 	121.962044 	292.000000 	285.899139 	303.203003 
45.600000 	121.962044 	292.000000 	285.899139 	303.203003 
45.700000 	121.962044 	292.000000 	285.899139 	303.203003 
45.800000 	121.962044 	292.000000 	285.899139 	303.203003 
45.900000 	121.962044 	292.000000 	285.899139 	303.203003 
46.000000 	121.570274 	292.000000 	285.903534 	303.234985 
46.100000 	121.570274 	292.000000 	285.903534 	303.234985 
46.200000 	121.570274 	292.000000 	285.903534 	303.234985 
46.300000 	121.570274 	292.000000 	285.903534 	303.234985 
46.400000 	121.570274 	292.000000 	285.903534 	303.234985 
46.500000 	121.570274 	292.000000 	285.903534 	303.234985 
46.600000 	121.570274 	292.000000 	285.903534 	303.234985 
46.700000 	121.570274 	292.000000 	285.903534 	303.234985 
46.800000 	121.570274 	292.000000 	285.903534 	303.234985 
46.900000 	121.570274 	292.000000 	285.903534 	303.234985 
47.000000 	121.140892 	292.000000 	285.907379 	303.265991 
47.100000 	121.140892 	292.000000 	285.907379 	303.265991 
47.200000 	121.140892 	292.000000 	285.907379 	303.265991 
47.300000 	121.140892 	292.000000 	285.907379 	303.265991 
47.400000 	121.140892 	292.000000 	285.907379 	303.265991 
47.500000 	121.140892 	292.000000 	285.907379 	303.265991 
47.600000 	121.140892 	292.000000 	285.907379 	303.265991 
47.700000 	121.140892 	292.000000 	285.907379 	303.265991 
47.800000 	121.140892 	292.000000 	285.907379 	303.265991 
47.900000 	121.140892 	292.000000 	285.907379 	303.265991 
48.000000 	120.666107 	292.000000 	285.911041 	303.295013 
48.100000 	120.666107 	292.000000 	285.911041 	303.295013 
48.200000 	120.666107 	292.000000 	285.911041 	303.295013 
48.300000 	120.666107 	292.000000 	285.911041 	303.295013 
48.400000 	120.666107 	292.000000 	285.911041 	303.295013 
48.500000 	120.666107 	292.000000 	285.911041 	303.295013 
48.600000 	120.666107 	292.000000 	285.911041 	303.295013 
48.700000 	120.666107 	292.000000 	285.911041 	303.295013 
48.800000 	120.666107 	292.000000 	285.911041 	303.295013 
48.900000 	120.666107 	292.000000 	285.911041 	303.295013 
49.000000 	120.140984 	292.000000 	285.914490 	303.322998 
49.100000 	120.140984 	292.000000 	285.914490 	303.322998 
49.200000 	120.140984 	292.000000 	285.914490 	303.322998 
49.300000 	120.140984 	292.000000 	285.914490 	303.322998 
49.400000 	120.140984 	292.000000 	285.914490 	303.322998 
49.500000 	120.140984 	292.000000 	285.914490 	303.322998 
49.600000 	120.140984 	292.000000 	285.914490 	303.322998 
49.700000 	120.140984 	292.000000 	285.914490 	303.322998 
49.800000 	120.140984 	292.000000 	285.914490 	303.322998 
49.900000 	120.140984 	292.000000 	285.914490 	303.322998 
50.000000 	119.559517 	292.000000 	285.917816 	303.348999 
50.100000 	119.559517 	292.000000 	285.917816 	303.348999 
50.200000 	119.559517 	292.000000 	285.917816 	303.348999 
50.300000 	119.559517 	292.000000 	285.917816 	303.348999 
50.400000 	119.559517 	292.000000 	285.917816 	303.348999 
50.500000 	119.559517 	292.000000 	285.917816 	303.348999 
50.600000 	119.559517 	292.000000 	285.917816 	303.348999 
50.700000 	119.559517 	292.000000 	285.917816 	303.348999 
50.800000 	119.559517 	292.000000 	285.917816 	303.348999 
50.900000 	119.559517 	292.000000 	285.917816 	303.348999 
51.000000 	118.915169 	292.000000 	285.921021 	1003.359985 
51.100000 	118.915169 	292.000000 	285.921021 	1003.359985 
51.200000 	118.915169 	292.000000 	285.921021 	1003.359985 
51.300000 	118.915169 	292.000000 	285.921021 	1003.359985 
51.400000 	118.915169 	292.000000 	285.921021 	1003.359985 
51.500000 	118.915169 	292.000000 	285.921021 	1003.359985 
51.600000 	118.915169 	292.000000 	285.921021 	1003.359985 
51.700000 	118.915169 	292.000000 	285.921021 	1003.359985 
51.800000 	118.915169 	292.000000 	285.921021 	1003.359985 
51.900000 	118.915169 	292.000000 	285.921021 	1003.359985 
52.000000 	118.200310 	292.000000 	285.924072 	1003.359985 
52.100000 	118.200310 	292.000000 	285.924072 	1003.359985 
52.200000 	118.200310 	292.000000 	285.924072 	1003.359985 
52.300000 	118.200310 	292.000000 	285.924072 	1003.359985 
52.400000 	118.200310 	292.000000 	285.924072 	1003.359985 
52.500000 	118.200310 	292.000000 	285.924072 	1003.359985 
52.600000 	118.200310 	292.000000 	285.924072 	1003.359985 
52.700000 	118.200310 	292.000000 	285.924072 	1003.359985 
52.800000 	118.200310 	292.000000 	285.924072 	1003.359985 
52.900000 	118.200310 	292.000000 	285.924072 	1003.359985 
53.000000 	117.405968 	292.000000 	285.926971 	1003.359985 
53.100000 	117.405968 	292.000000 	285.926971 	1003.359985 
53.200000 	117.405968 	292.000000 	285.926971 	1003.359985 
53.300000 	117.405968 	292.000000 	285.926971 	1003.359985 
53.400000 	117.405968 	292.000000 	285.926971 	1003.359985 
53.500000 	117.405968 	292.000000 	285.926971 	1003.359985 
53.600000 	117.405968 	292.000000 	285.926971 	1003.359985 
53.700000 	117.405968 	292.000000 	285.926971 	1003.359985 
53.800000 	117.405968 	292.000000 	285.926971 	1003.359985 
53.900000 	117.405968 	292.000000 	285.926971 	1003.359985 
54.000000 	116.521545 	292.000000 	285.929688 	1003.359985 
54.100000 	116.521545 	292.000000 	285.929688 	1003.359985 
54.200000 	116.521545 	292.000000 	285.929688 	1003.359985 
54.300000 	116.521545 	292.000000 	285.929688 	1003.359985 
54.400000 	116.521545 	292.000000 	285.929688 	1003.359985 
54.500000 	116.521545 	292.000000 	285.929688 	1003.359985 
54.600000 	116.521545 	292.000000 	285.929688 	1003.359985 
54.700000 	116.521545 	292.000000 	285.929688 	1003.359985 
54.800000 	116.521545 	292.000000 	285.929688 	1003.359985 
54.900000 	116.521545 	292.000000 	285.929688 	1003.359985 
55.000000 	115.534431 	292.000000 	285.932251 	1003.359985 
55.100000 	115.534431 	292.000000 	285.932251 	1003.359985 
55.200000 	115.534431 	292.000000 	285.932251 	1003.359985 
55.300000 	115.534431 	292.000000 	285.932251 	1003.359985 
55.400000 	115.534431 	292.000000 	285.932251 	1003.359985 
55.500000 	115.534431 	292.000000 	285.932251 	1003.359985 
55.600000 	115.534431 	292.000000 	285.932251 	1003.359985 
55.700000 	115.534431 	292.000000 	285.932251 	1003.359985 
55.800000 	115.534431 	292.000000 	285.932251 	1003.359985 
55.900000 	115.534431 	292.000000 	285.932251 	1003.359985 
56.000000 	114.429459 	292.000000 	285.934662 	1003.359985 
56.100000 	114.429459 	292.000000 	285.934662 	1003.359985 
56.200000 	114.429459 	292.000000 	285.934662 	1003.359985 
56.300000 	114.429459 	292.000000 	285.934662 	1003.359985 
56.400000 	114.429459 	292.000000 	285.934662 	1003.359985 
56.500000 	114.429459 	292.000000 	285.934662 	1003.359985 
56.600000 	114.429459 	292.000000 	285.934662 	1003.359985 
56.700000 	114.429459 	292.000000 	285.934662 	1003.359985 
56.800000 	114.429459 	292.000000 	285.934662 	1003.359985 
56.900000 	114.429459 	292.000000 	285.934662 	1003.359985 
57.000000 	113.188194 	292.000000 	285.936920 	1003.359985 
57.100000 	113.188194 	292.000000 	285.936920 	1003.359985 
57.200000 	113.188194 	292.000000 	285.936920 	1003.359985 
57.300000 	113.188194 	292.000000 	285.936920 	1003.359985 
57.400000 	113.188194 	292.000000 	285.936920 	1003.359985 
57.500000 	113.188194 	292.000000 	285.936920 	1003.359985 
57.600000 	113.188194 	292.000000 	285.936920 	1003.359985 
57.700000 	113.188194 	292.000000 	285.936920 	1003.359985 
57.800000 	113.188194 	292.000000 	285.936920 	1003.359985 
57.900000 	113.188194 	292.000000 	285.936920 	1003.359985 
58.000000 	111.787888 	292.000000 	285.938995 	1003.359985 
58.100000 	111.787888 	292.000000 	285.938995 	1003.359985 
58.200000 	111.787888 	292.000000 	285.938995 	1003.359985 
58.300000 	111.787888 	292.000000 	285.938995 	1003.359985 
58.400000 	111.787888 	292.000000 	285.938995 	1003.359985 
58.500000 	111.787888 	292.000000 	285.938995 	1003.359985 
58.600000 	111.787888 	292.000000 	285.938995 	1003.359985 
58.700000 	111.787888 	292.000000 	285.938995 	1003.359985 
58.800000 	111.787888 	292.000000 	285.938995 	1003.359985 
58.900000 	111.787888 	292.000000 	285.938995 	1003.359985 
59.000000 	110.200073 	292.000000 	285.940918 	1003.359985 
59.100000 	110.200073 	292.000000 	285.940918 	1003.359985 
59.200000 	110.200073 	292.000000 	285.940918 	1003.359985 
59.300000 	110.200073 	292.000000 	285.940918 	1003.359985 
59.400000 	110.200073 	292.000000 	285.940918 	1003.359985 
59.500000 	110.200073 	292.000000 	285.940918 	1003.359985 
59.600000 	110.200073 	292.000000 	285.940918 	1003.359985 
59.700000 	110.200073 	292.000000 	285.940918 	1003.359985 
59.800000 	110.200073 	292.000000 	285.940918 	1003.359985 
59.900000 	110.200073 	292.000000 	285.940918 	1003.359985 
60.000000 	108.388489 	292.000000 	285.942627 	1003.359985 
