0.500000 	0.000000 	883.000000 	0.000000 	865.223999 
0.600000 	129.808548 	883.000000 	810.499146 	873.603027 
0.700000 	119.895805 	883.000000 	843.483521 	878.364014 
0.800000 	112.392387 	883.000000 	858.869629 	881.096985 
0.900000 	106.849998 	883.000000 	866.962891 	882.728027 
1.000000 	103.004539 	883.000000 	871.594971 	883.744995 
1.100000 	103.004539 	883.000000 	871.594971 	883.744995 
1.200000 	103.004539 	883.000000 	871.594971 	883.744995 
1.300000 	103.004539 	883.000000 	871.594971 	883.744995 
1.400000 	103.004539 	883.000000 	871.594971 	883.744995 
1.500000 	103.004539 	883.000000 	871.594971 	883.744995 
1.600000 	103.004539 	883.000000 	871.594971 	883.744995 
1.700000 	103.004539 	883.000000 	871.594971 	883.744995 
1.800000 	103.004539 	883.000000 	871.594971 	883.744995 
1.900000 	103.004539 	883.000000 	871.594971 	883.744995 
2.000000 	100.593437 	883.000000 	874.406921 	885.966980 
2.100000 	100.593437 	883.000000 	874.406921 	885.966980 
2.200000 	100.593437 	883.000000 	874.406921 	885.966980 
2.300000 	100.593437 	883.000000 	874.406921 	885.966980 
2.400000 	100.593437 	883.000000 	874.406921 	885.966980 
2.500000 	100.593437 	883.000000 	874.406921 	885.966980 
2.600000 	100.593437 	883.000000 	874.406921 	885.966980 
2.700000 	100.593437 	883.000000 	874.406921 	885.966980 
2.800000 	100.593437 	883.000000 	874.406921 	885.966980 
2.900000 	100.593437 	883.000000 	874.406921 	885.966980 
3.000000 	106.610252 	883.000000 	879.312256 	886.200989 
3.100000 	106.610252 	883.000000 	879.312256 	886.200989 
3.200000 	106.610252 	883.000000 	879.312256 	886.200989 
3.300000 	106.610252 	883.000000 	879.312256 	886.200989 
3.400000 	106.610252 	883.000000 	879.312256 	886.200989 
3.500000 	106.610252 	883.000000 	879.312256 	886.200989 
3.600000 	106.610252 	883.000000 	879.312256 	886.200989 
3.700000 	106.610252 	883.000000 	879.312256 	886.200989 
3.800000 	106.610252 	883.000000 	879.312256 	886.200989 
3.900000 	106.610252 	883.000000 	879.312256 	886.200989 
4.000000 	114.954063 	883.000000 	878.985901 	886.276978 
4.100000 	114.954063 	883.000000 	878.985901 	886.276978 
4.200000 	114.954063 	883.000000 	878.985901 	886.276978 
4.300000 	114.954063 	883.000000 	878.985901 	886.276978 
4.400000 	114.954063 	883.000000 	878.985901 	886.276978 
4.500000 	114.954063 	883.000000 	878.985901 	886.276978 
4.600000 	114.954063 	883.000000 	878.985901 	886.276978 
4.700000 	114.954063 	883.000000 	878.985901 	886.276978 
4.800000 	114.954063 	883.000000 	878.985901 	886.276978 
4.900000 	114.954063 	883.000000 	878.985901 	886.276978 
5.000000 	119.053802 	883.000000 	878.719177 	886.317017 
5.100000 	119.053802 	883.000000 	878.719177 	886.317017 
5.200000 	119.053802 	883.000000 	878.719177 	886.317017 
5.300000 	119.053802 	883.000000 	878.719177 	886.317017 
5.400000 	119.053802 	883.000000 	878.719177 	886.317017 
5.500000 	119.053802 	883.000000 	878.719177 	886.317017 
5.600000 	119.053802 	883.000000 	878.719177 	886.317017 
5.700000 	119.053802 	883.000000 	878.719177 	886.317017 
5.800000 	119.053802 	883.000000 	878.719177 	886.317017 
5.900000 	119.053802 	883.000000 	878.719177 	886.317017 
6.000000 	121.202034 	883.000000 	878.580017 	886.343018 
6.100000 	121.202034 	883.000000 	878.580017 	886.343018 
6.200000 	121.202034 	883.000000 	878.580017 	886.343018 
6.300000 	121.202034 	883.000000 	878.580017 	886.343018 
6.400000 	121.202034 	883.000000 	878.580017 	886.343018 
6.500000 	121.202034 	883.000000 	878.580017 	886.343018 
6.600000 	121.202034 	883.000000 	878.580017 	886.343018 
6.700000 	121.202034 	883.000000 	878.580017 	886.343018 
6.800000 	121.202034 	883.000000 	878.580017 	886.343018 
6.900000 	121.202034 	883.000000 	878.580017 	886.343018 
7.000000 	122.440186 	883.000000 	878.508911 	886.362000 
7.100000 	122.440186 	883.000000 	878.508911 	886.362000 
7.200000 	122.440186 	883.000000 	878.508911 	886.362000 
7.300000 	122.440186 	883.000000 	878.508911 	886.362000 
7.400000 	122.440186 	883.000000 	878.508911 	886.362000 
7.500000 	122.440186 	883.000000 	878.508911 	886.362000 
7.600000 	122.440186 	883.000000 	878.508911 	886.362000 
7.700000 	122.440186 	883.000000 	878.508911 	886.362000 
7.800000 	122.440186 	883.000000 	878.508911 	886.362000 
7.900000 	122.440186 	883.000000 	878.508911 	886.362000 
8.000000 	123.211823 	883.000000 	878.472595 	886.379028 
8.100000 	123.211823 	883.000000 	878.472595 	886.379028 
8.200000 	123.211823 	883.000000 	878.472595 	886.379028 
8.300000 	123.211823 	883.000000 	878.472595 	886.379028 
8.400000 	123.211823 	883.000000 	878.472595 	886.379028 
8.500000 	123.211823 	883.000000 	878.472595 	886.379028 
8.600000 	123.211823 	883.000000 	878.472595 	886.379028 
8.700000 	123.211823 	883.000000 	878.472595 	886.379028 
8.800000 	123.211823 	883.000000 	878.472595 	886.379028 
8.900000 	123.211823 	883.000000 	878.472595 	886.379028 
9.000000 	123.723022 	883.000000 	878.454590 	886.393982 
9.100000 	123.723022 	883.000000 	878.454590 	886.393982 
9.200000 	123.723022 	883.000000 	878.454590 	886.393982 
9.300000 	123.723022 	883.000000 	878.454590 	886.393982 
9.400000 	123.723022 	883.000000 	878.454590 	886.393982 
9.500000 	123.723022 	883.000000 	878.454590 	886.393982 
9.600000 	123.723022 	883.000000 	878.454590 	886.393982 
9.700000 	123.723022 	883.000000 	878.454590 	886.393982 
9.800000 	123.723022 	883.000000 	878.454590 	886.393982 
9.900000 	123.723022 	883.000000 	878.454590 	886.393982 
10.000000 	124.078362 	883.000000 	878.446655 	886.408020 
10.100000 	124.078362 	883.000000 	878.446655 	886.408020 
10.200000 	124.078362 	883.000000 	878.446655 	886.408020 
10.300000 	124.078362 	883.000000 	878.446655 	886.408020 
10.400000 	124.078362 	883.000000 	878.446655 	886.408020 
10.500000 	124.078362 	883.000000 	878.446655 	886.408020 
10.600000 	124.078362 	883.000000 	878.446655 	886.408020 
10.700000 	124.078362 	883.000000 	878.446655 	886.408020 
10.800000 	124.078362 	883.000000 	878.446655 	886.408020 
10.900000 	124.078362 	883.000000 	878.446655 	886.408020 
11.000000 	124.334938 	883.000000 	878.444275 	886.421021 
11.100000 	124.334938 	883.000000 	878.444275 	886.421021 
11.200000 	124.334938 	883.000000 	878.444275 	886.421021 
11.300000 	124.334938 	883.000000 	878.444275 	886.421021 
11.400000 	124.334938 	883.000000 	878.444275 	886.421021 
11.500000 	124.334938 	883.000000 	878.444275 	886.421021 
11.600000 	124.334938 	883.000000 	878.444275 	886.421021 
11.700000 	124.334938 	883.000000 	878.444275 	886.421021 
11.800000 	124.334938 	883.000000 	878.444275 	886.421021 
11.900000 	124.334938 	883.000000 	878.444275 	886.421021 
12.000000 	124.525909 	883.000000 	878.445068 	886.434021 
12.100000 	124.525909 	883.000000 	878.445068 	886.434021 
12.200000 	124.525909 	883.000000 	878.445068 	886.434021 
12.300000 	124.525909 	883.000000 	878.445068 	886.434021 
12.400000 	124.525909 	883.000000 	878.445068 	886.434021 
12.500000 	124.525909 	883.000000 	878.445068 	886.434021 
12.600000 	124.525909 	883.000000 	878.445068 	886.434021 
12.700000 	124.525909 	883.000000 	878.445068 	886.434021 
12.800000 	124.525909 	883.000000 	878.445068 	886.434021 
12.900000 	124.525909 	883.000000 	878.445068 	886.434021 
13.000000 	124.671478 	883.000000 	878.447693 	886.447021 
13.100000 	124.671478 	883.000000 	878.447693 	886.447021 
13.200000 	124.671478 	883.000000 	878.447693 	886.447021 
13.300000 	124.671478 	883.000000 	878.447693 	886.447021 
13.400000 	124.671478 	883.000000 	878.447693 	886.447021 
13.500000 	124.671478 	883.000000 	878.447693 	886.447021 
13.600000 	124.671478 	883.000000 	878.447693 	886.447021 
13.700000 	124.671478 	883.000000 	878.447693 	886.447021 
13.800000 	124.671478 	883.000000 	878.447693 	886.447021 
13.900000 	124.671478 	883.000000 	878.447693 	886.447021 
14.000000 	124.784447 	883.000000 	878.451294 	886.458984 
14.100000 	124.784447 	883.000000 	878.451294 	886.458984 
14.200000 	124.784447 	883.000000 	878.451294 	886.458984 
14.300000 	124.784447 	883.000000 	878.451294 	886.458984 
14.400000 	124.784447 	883.000000 	878.451294 	886.458984 
14.500000 	124.784447 	883.000000 	878.451294 	886.458984 
14.600000 	124.784447 	883.000000 	878.451294 	886.458984 
14.700000 	124.784447 	883.000000 	878.451294 	886.458984 
14.800000 	124.784447 	883.000000 	878.451294 	886.458984 
14.900000 	124.784447 	883.000000 	878.451294 	886.458984 
15.000000 	124.873207 	883.000000 	878.455444 	886.471008 
15.100000 	124.873207 	883.000000 	878.455444 	886.471008 
15.200000 	124.873207 	883.000000 	878.455444 	886.471008 
15.300000 	124.873207 	883.000000 	878.455444 	886.471008 
15.400000 	124.873207 	883.000000 	878.455444 	886.471008 
15.500000 	124.873207 	883.000000 	878.455444 	886.471008 
15.600000 	124.873207 	883.000000 	878.455444 	886.471008 
15.700000 	124.873207 	883.000000 	878.455444 	886.471008 
15.800000 	124.873207 	883.000000 	878.455444 	886.471008 
15.900000 	124.873207 	883.000000 	878.455444 	886.471008 
16.000000 	124.943382 	883.000000 	878.459778 	886.482971 
16.100000 	124.943382 	883.000000 	878.459778 	886.482971 
16.200000 	124.943382 	883.000000 	878.459778 	886.482971 
16.300000 	124.943382 	883.000000 	878.459778 	886.482971 
16.400000 	124.943382 	883.000000 	878.459778 	886.482971 
16.500000 	124.943382 	883.000000 	878.459778 	886.482971 
16.600000 	124.943382 	883.000000 	878.459778 	886.482971 
16.700000 	124.943382 	883.000000 	878.459778 	886.482971 
16.800000 	124.943382 	883.000000 	878.459778 	886.482971 
16.900000 	124.943382 	883.000000 	878.459778 	886.482971 
17.000000 	124.998810 	883.000000 	878.464111 	886.494995 
17.100000 	124.998810 	883.000000 	878.464111 	886.494995 
17.200000 	124.998810 	883.000000 	878.464111 	886.494995 
17.300000 	124.998810 	883.000000 	878.464111 	886.494995 
17.400000 	124.998810 	883.000000 	878.464111 	886.494995 
17.500000 	124.998810 	883.000000 	878.464111 	886.494995 
17.600000 	124.998810 	883.000000 	878.464111 	886.494995 
17.700000 	124.998810 	883.000000 	878.464111 	886.494995 
17.800000 	124.998810 	883.000000 	878.464111 	886.494995 
17.900000 	124.998810 	883.000000 	878.464111 	886.494995 
18.000000 	125.042145 	883.000000 	878.468262 	886.507019 
18.100000 	125.042145 	883.000000 	878.468262 	886.507019 
18.200000 	125.042145 	883.000000 	878.468262 	886.507019 
18.300000 	125.042145 	883.000000 	878.468262 	886.507019 
18.400000 	125.042145 	883.000000 	878.468262 	886.507019 
18.500000 	125.042145 	883.000000 	878.468262 	886.507019 
18.600000 	125.042145 	883.000000 	878.468262 	886.507019 
18.700000 	125.042145 	883.000000 	878.468262 	886.507019 
18.800000 	125.042145 	883.000000 	878.468262 	886.507019 
18.900000 	125.042145 	883.000000 	878.468262 	886.507019 
19.000000 	125.075218 	883.000000 	878.472473 	886.518982 
19.100000 	125.075218 	883.000000 	878.472473 	886.518982 
19.200000 	125.075218 	883.000000 	878.472473 	886.518982 
19.300000 	125.075218 	883.000000 	878.472473 	886.518982 
19.400000 	125.075218 	883.000000 	878.472473 	886.518982 
19.500000 	125.075218 	883.000000 	878.472473 	886.518982 
19.600000 	125.075218 	883.000000 	878.472473 	886.518982 
19.700000 	125.075218 	883.000000 	878.472473 	886.518982 
19.800000 	125.075218 	883.000000 	878.472473 	886.518982 
19.900000 	125.075218 	883.000000 	878.472473 	886.518982 
20.000000 	125.099281 	883.000000 	878.476501 	886.530029 
20.100000 	125.099281 	883.000000 	878.476501 	886.530029 
20.200000 	125.099281 	883.000000 	878.476501 	886.530029 
20.300000 	125.099281 	883.000000 	878.476501 	886.530029 
20.400000 	125.099281 	883.000000 	878.476501 	886.530029 
20.500000 	125.099281 	883.000000 	878.476501 	886.530029 
20.600000 	125.099281 	883.000000 	878.476501 	886.530029 
20.700000 	125.099281 	883.000000 	878.476501 	886.530029 
20.800000 	125.099281 	883.000000 	878.476501 	886.530029 
20.900000 	125.099281 	883.000000 	878.476501 	886.530029 
21.000000 	125.115166 	883.000000 	878.480286 	886.541016 
21.100000 	125.115166 	883.000000 	878.480286 	886.541016 
21.200000 	125.115166 	883.000000 	878.480286 	886.541016 
21.300000 	125.115166 	883.000000 	878.480286 	886.541016 
21.400000 	125.115166 	883.000000 	878.480286 	886.541016 
21.500000 	125.115166 	883.000000 	878.480286 	886.541016 
21.600000 	125.115166 	883.000000 	878.480286 	886.541016 
21.700000 	125.115166 	883.000000 	878.480286 	886.541016 
21.800000 	125.115166 	883.000000 	878.480286 	886.541016 
21.900000 	125.115166 	883.000000 	878.480286 	886.541016 
22.000000 	125.123383 	883.000000 	878.483887 	886.552979 
22.100000 	125.123383 	883.000000 	878.483887 	886.552979 
22.200000 	125.123383 	883.000000 	878.483887 	886.552979 
22.300000 	125.123383 	883.000000 	878.483887 	886.552979 
22.400000 	125.123383 	883.000000 	878.483887 	886.552979 
22.500000 	125.123383 	883.000000 	878.483887 	886.552979 
22.600000 	125.123383 	883.000000 	878.483887 	886.552979 
22.700000 	125.123383 	883.000000 	878.483887 	886.552979 
22.800000 	125.123383 	883.000000 	878.483887 	886.552979 
22.900000 	125.123383 	883.000000 	878.483887 	886.552979 
23.000000 	125.124214 	883.000000 	878.487244 	886.564026 
23.100000 	125.124214 	883.000000 	878.487244 	886.564026 
23.200000 	125.124214 	883.000000 	878.487244 	886.564026 
23.300000 	125.124214 	883.000000 	878.487244 	886.564026 
23.400000 	125.124214 	883.000000 	878.487244 	886.564026 
23.500000 	125.124214 	883.000000 	878.487244 	886.564026 
23.600000 	125.124214 	883.000000 	878.487244 	886.564026 
23.700000 	125.124214 	883.000000 	878.487244 	886.564026 
23.800000 	125.124214 	883.000000 	878.487244 	886.564026 
23.900000 	125.124214 	883.000000 	878.487244 	886.564026 
24.000000 	125.117744 	883.000000 	878.490417 	886.575012 
24.100000 	125.117744 	883.000000 	878.490417 	886.575012 
24.200000 	125.117744 	883.000000 	878.490417 	886.575012 
24.300000 	125.117744 	883.000000 	878.490417 	886.575012 
24.400000 	125.117744 	883.000000 	878.490417 	886.575012 
24.500000 	125.117744 	883.000000 	878.490417 	886.575012 
24.600000 	125.117744 	883.000000 	878.490417 	886.575012 
24.700000 	125.117744 	883.000000 	878.490417 	886.575012 
24.800000 	125.117744 	883.000000 	878.490417 	886.575012 
24.900000 	125.117744 	883.000000 	878.490417 	886.575012 
25.000000 	125.103897 	883.000000 	878.493408 	886.585022 
25.100000 	125.103897 	883.000000 	878.493408 	886.585022 
25.200000 	125.103897 	883.000000 	878.493408 	886.585022 
25.300000 	125.103897 	883.000000 	878.493408 	886.585022 
25.400000 	125.103897 	883.000000 	878.493408 	886.585022 
25.500000 	125.103897 	883.000000 	878.493408 	886.585022 
25.600000 	125.103897 	883.000000 	878.493408 	886.585022 
25.700000 	125.103897 	883.000000 	878.493408 	886.585022 
25.800000 	125.103897 	883.000000 	878.493408 	886.585022 
25.900000 	125.103897 	883.000000 	878.493408 	886.585022 
26.000000 	125.082474 	883.000000 	878.496155 	886.596008 
26.100000 	125.082474 	883.000000 	878.496155 	886.596008 
26.200000 	125.082474 	883.000000 	878.496155 	886.596008 
26.300000 	125.082474 	883.000000 	878.496155 	886.596008 
26.400000 	125.082474 	883.000000 	878.496155 	886.596008 
26.500000 	125.082474 	883.000000 	878.496155 	886.596008 
26.600000 	125.082474 	883.000000 	878.496155 	886.596008 
26.700000 	125.082474 	883.000000 	878.496155 	886.596008 
26.800000 	125.082474 	883.000000 	878.496155 	886.596008 
26.900000 	125.082474 	883.000000 	878.496155 	886.596008 
27.000000 	125.053146 	883.000000 	878.498718 	886.606018 
27.100000 	125.053146 	883.000000 	878.498718 	886.606018 
27.200000 	125.053146 	883.000000 	878.498718 	886.606018 
27.300000 	125.053146 	883.000000 	878.498718 	886.606018 
27.400000 	125.053146 	883.000000 	878.498718 	886.606018 
27.500000 	125.053146 	883.000000 	878.498718 	886.606018 
27.600000 	125.053146 	883.000000 	878.498718 	886.606018 
27.700000 	125.053146 	883.000000 	878.498718 	886.606018 
27.800000 	125.053146 	883.000000 	878.498718 	886.606018 
27.900000 	125.053146 	883.000000 	878.498718 	886.606018 
28.000000 	125.015503 	883.000000 	878.501038 	886.614990 
28.100000 	125.015503 	883.000000 	878.501038 	886.614990 
28.200000 	125.015503 	883.000000 	878.501038 	886.614990 
28.300000 	125.015503 	883.000000 	878.501038 	886.614990 
28.400000 	125.015503 	883.000000 	878.501038 	886.614990 
28.500000 	125.015503 	883.000000 	878.501038 	886.614990 
28.600000 	125.015503 	883.000000 	878.501038 	886.614990 
28.700000 	125.015503 	883.000000 	878.501038 	886.614990 
28.800000 	125.015503 	883.000000 	878.501038 	886.614990 
28.900000 	125.015503 	883.000000 	878.501038 	886.614990 
29.000000 	124.969032 	883.000000 	878.503235 	886.625977 
29.100000 	124.969032 	883.000000 	878.503235 	886.625977 
29.200000 	124.969032 	883.000000 	878.503235 	886.625977 
29.300000 	124.969032 	883.000000 	878.503235 	886.625977 
29.400000 	124.969032 	883.000000 	878.503235 	886.625977 
29.500000 	124.969032 	883.000000 	878.503235 	886.625977 
29.600000 	124.969032 	883.000000 	878.503235 	886.625977 
29.700000 	124.969032 	883.000000 	878.503235 	886.625977 
29.800000 	124.969032 	883.000000 	878.503235 	886.625977 
29.900000 	124.969032 	883.000000 	878.503235 	886.625977 
30.000000 	124.913109 	883.000000 	878.505249 	886.635010 
30.100000 	124.913109 	883.000000 	878.505249 	886.635010 
30.200000 	124.913109 	883.000000 	878.505249 	886.635010 
30.300000 	124.913109 	883.000000 	878.505249 	886.635010 
30.400000 	124.913109 	883.000000 	878.505249 	886.635010 
30.500000 	124.913109 	883.000000 	878.505249 	886.635010 
30.600000 	124.913109 	883.000000 	878.505249 	886.635010 
30.700000 	124.913109 	883.000000 	878.505249 	886.635010 
30.800000 	124.913109 	883.000000 	878.505249 	886.635010 
30.900000 	124.913109 	883.000000 	878.505249 	886.635010 
31.000000 	124.847046 	883.000000 	878.507080 	886.643982 
31.100000 	124.847046 	883.000000 	878.507080 	886.643982 
31.200000 	124.847046 	883.000000 	878.507080 	886.643982 
31.300000 	124.847046 	883.000000 	878.507080 	886.643982 
31.400000 	124.847046 	883.000000 	878.507080 	886.643982 
31.500000 	124.847046 	883.000000 	878.507080 	886.643982 
31.600000 	124.847046 	883.000000 	878.507080 	886.643982 
31.700000 	124.847046 	883.000000 	878.507080 	886.643982 
31.800000 	124.847046 	883.000000 	878.507080 	886.643982 
31.900000 	124.847046 	883.000000 	878.507080 	886.643982 
32.000000 	124.770050 	883.000000 	878.508789 	886.679993 
32.100000 	124.770050 	883.000000 	878.508789 	886.679993 
32.200000 	124.770050 	883.000000 	878.508789 	886.679993 
32.300000 	124.770050 	883.000000 	878.508789 	886.679993 
32.400000 	124.770050 	883.000000 	878.508789 	886.679993 
32.500000 	124.770050 	883.000000 	878.508789 	886.679993 
32.600000 	124.770050 	883.000000 	878.508789 	886.679993 
32.700000 	124.770050 	883.000000 	878.508789 	886.679993 
32.800000 	124.770050 	883.000000 	878.508789 	886.679993 
32.900000 	124.770050 	883.000000 	878.508789 	886.679993 
33.000000 	124.681229 	883.000000 	878.510315 	886.690002 
33.100000 	124.681229 	883.000000 	878.510315 	886.690002 
33.200000 	124.681229 	883.000000 	878.510315 	886.690002 
33.300000 	124.681229 	883.000000 	878.510315 	886.690002 
33.400000 	124.681229 	883.000000 	878.510315 	886.690002 
33.500000 	124.681229 	883.000000 	878.510315 	886.690002 
33.600000 	124.681229 	883.000000 	878.510315 	886.690002 
33.700000 	124.681229 	883.000000 	878.510315 	886.690002 
33.800000 	124.681229 	883.000000 	878.510315 	886.690002 
33.900000 	124.681229 	883.000000 	878.510315 	886.690002 
34.000000 	124.579597 	883.000000 	878.511658 	886.698975 
34.100000 	124.579597 	883.000000 	878.511658 	886.698975 
34.200000 	124.579597 	883.000000 	878.511658 	886.698975 
34.300000 	124.579597 	883.000000 	878.511658 	886.698975 
34.400000 	124.579597 	883.000000 	878.511658 	886.698975 
34.500000 	124.579597 	883.000000 	878.511658 	886.698975 
34.600000 	124.579597 	883.000000 	878.511658 	886.698975 
34.700000 	124.579597 	883.000000 	878.511658 	886.698975 
34.800000 	124.579597 	883.000000 	878.511658 	886.698975 
34.900000 	124.579597 	883.000000 	878.511658 	886.698975 
35.000000 	124.464081 	883.000000 	878.512939 	886.708984 
35.100000 	124.464081 	883.000000 	878.512939 	886.708984 
35.200000 	124.464081 	883.000000 	878.512939 	886.708984 
35.300000 	124.464081 	883.000000 	878.512939 	886.708984 
35.400000 	124.464081 	883.000000 	878.512939 	886.708984 
35.500000 	124.464081 	883.000000 	878.512939 	886.708984 
35.600000 	124.464081 	883.000000 	878.512939 	886.708984 
35.700000 	124.464081 	883.000000 	878.512939 	886.708984 
35.800000 	124.464081 	883.000000 	878.512939 	886.708984 
35.900000 	124.464081 	883.000000 	878.512939 	886.708984 
36.000000 	124.333450 	883.000000 	878.513977 	886.716980 
36.100000 	124.333450 	883.000000 	878.513977 	886.716980 
36.200000 	124.333450 	883.000000 	878.513977 	886.716980 
36.300000 	124.333450 	883.000000 	878.513977 	886.716980 
36.400000 	124.333450 	883.000000 	878.513977 	886.716980 
36.500000 	124.333450 	883.000000 	878.513977 	886.716980 
36.600000 	124.333450 	883.000000 	878.513977 	886.716980 
36.700000 	124.333450 	883.000000 	878.513977 	886.716980 
36.800000 	124.333450 	883.000000 	878.513977 	886.716980 
36.900000 	124.333450 	883.000000 	878.513977 	886.716980 
37.000000 	124.186386 	883.000000 	878.514954 	886.726013 
37.100000 	124.186386 	883.000000 	878.514954 	886.726013 
37.200000 	124.186386 	883.000000 	878.514954 	886.726013 
37.300000 	124.186386 	883.000000 	878.514954 	886.726013 
37.400000 	124.186386 	883.000000 	878.514954 	886.726013 
37.500000 	124.186386 	883.000000 	878.514954 	886.726013 
37.600000 	124.186386 	883.000000 	878.514954 	886.726013 
37.700000 	124.186386 	883.000000 	878.514954 	886.726013 
37.800000 	124.186386 	883.000000 	878.514954 	886.726013 
37.900000 	124.186386 	883.000000 	878.514954 	886.726013 
38.000000 	124.021423 	883.000000 	878.515747 	886.734009 
38.100000 	124.021423 	883.000000 	878.515747 	886.734009 
38.200000 	124.021423 	883.000000 	878.515747 	886.734009 
38.300000 	124.021423 	883.000000 	878.515747 	886.734009 
38.400000 	124.021423 	883.000000 	878.515747 	886.734009 
38.500000 	124.021423 	883.000000 	878.515747 	886.734009 
38.600000 	124.021423 	883.000000 	878.515747 	886.734009 
38.700000 	124.021423 	883.000000 	878.515747 	886.734009 
38.800000 	124.021423 	883.000000 	878.515747 	886.734009 
38.900000 	124.021423 	883.000000 	878.515747 	886.734009 
39.000000 	123.836937 	883.000000 	878.516418 	886.742004 
39.100000 	123.836937 	883.000000 	878.516418 	886.742004 
39.200000 	123.836937 	883.000000 	878.516418 	886.742004 
39.300000 	123.836937 	883.000000 	878.516418 	886.742004 
39.400000 	123.836937 	883.000000 	878.516418 	886.742004 
39.500000 	123.836937 	883.000000 	878.516418 	886.742004 
39.600000 	123.836937 	883.000000 	878.516418 	886.742004 
39.700000 	123.836937 	883.000000 	878.516418 	886.742004 
39.800000 	123.836937 	883.000000 	878.516418 	886.742004 
39.900000 	123.836937 	883.000000 	878.516418 	886.742004 
40.000000 	123.631142 	883.000000 	878.516968 	886.749023 
40.100000 	123.631142 	883.000000 	878.516968 	886.749023 
40.200000 	123.631142 	883.000000 	878.516968 	886.749023 
40.300000 	123.631142 	883.000000 	878.516968 	886.749023 
40.400000 	123.631142 	883.000000 	878.516968 	886.749023 
40.500000 	123.631142 	883.000000 	878.516968 	886.749023 
40.600000 	123.631142 	883.000000 	878.516968 	886.749023 
40.700000 	123.631142 	883.000000 	878.516968 	886.749023 
40.800000 	123.631142 	883.000000 	878.516968 	886.749023 
40.900000 	123.631142 	883.000000 	878.516968 	886.749023 
41.000000 	123.402054 	883.000000 	878.517395 	886.755981 
41.100000 	123.402054 	883.000000 	878.517395 	886.755981 
41.200000 	123.402054 	883.000000 	878.517395 	886.755981 
41.300000 	123.402054 	883.000000 	878.517395 	886.755981 
41.400000 	123.402054 	883.000000 	878.517395 	886.755981 
41.500000 	123.402054 	883.000000 	878.517395 	886.755981 
41.600000 	123.402054 	883.000000 	878.517395 	886.755981 
41.700000 	123.402054 	883.000000 	878.517395 	886.755981 
41.800000 	123.402054 	883.000000 	878.517395 	886.755981 
41.900000 	123.402054 	883.000000 	878.517395 	886.755981 
42.000000 	123.147476 	883.000000 	878.517700 	886.762024 
42.100000 	123.147476 	883.000000 	878.517700 	886.762024 
42.200000 	123.147476 	883.000000 	878.517700 	886.762024 
42.300000 	123.147476 	883.000000 	878.517700 	886.762024 
42.400000 	123.147476 	883.000000 	878.517700 	886.762024 
42.500000 	123.147476 	883.000000 	878.517700 	886.762024 
42.600000 	123.147476 	883.000000 	878.517700 	886.762024 
42.700000 	123.147476 	883.000000 	878.517700 	886.762024 
42.800000 	123.147476 	883.000000 	878.517700 	886.762024 
42.900000 	123.147476 	883.000000 	878.517700 	886.762024 
43.000000 	122.864960 	883.000000 	878.517883 	886.768005 
43.100000 	122.864960 	883.000000 	878.517883 	886.768005 
43.200000 	122.864960 	883.000000 	878.517883 	886.768005 
43.300000 	122.864960 	883.000000 	878.517883 	886.768005 
43.400000 	122.864960 	883.000000 	878.517883 	886.768005 
43.500000 	122.864960 	883.000000 	878.517883 	886.768005 
43.600000 	122.864960 	883.000000 	878.517883 	886.768005 
43.700000 	122.864960 	883.000000 	878.517883 	886.768005 
43.800000 	122.864960 	883.000000 	878.517883 	886.768005 
43.900000 	122.864960 	883.000000 	878.517883 	886.768005 
44.000000 	122.551788 	883.000000 	878.517883 	886.773987 
44.100000 	122.551788 	883.000000 	878.517883 	886.773987 
44.200000 	122.551788 	883.000000 	878.517883 	886.773987 
44.300000 	122.551788 	883.000000 	878.517883 	886.773987 
44.400000 	122.551788 	883.000000 	878.517883 	886.773987 
44.500000 	122.551788 	883.000000 	878.517883 	886.773987 
44.600000 	122.551788 	883.000000 	878.517883 	886.773987 
44.700000 	122.551788 	883.000000 	878.517883 	886.773987 
44.800000 	122.551788 	883.000000 	878.517883 	886.773987 
44.900000 	122.551788 	883.000000 	878.517883 	886.773987 
45.000000 	122.204910 	883.000000 	878.517822 	886.778992 
45.100000 	122.204910 	883.000000 	878.517822 	886.778992 
45.200000 	122.204910 	883.000000 	878.517822 	886.778992 
45.300000 	122.204910 	883.000000 	878.517822 	886.778992 
45.400000 	122.204910 	883.000000 	878.517822 	886.778992 
45.500000 	122.204910 	883.000000 	878.517822 	886.778992 
45.600000 	122.204910 	883.000000 	878.517822 	886.778992 
45.700000 	122.204910 	883.000000 	878.517822 	886.778992 
45.800000 	122.204910 	883.000000 	878.517822 	886.778992 
45.900000 	122.204910 	883.000000 	878.517822 	886.778992 
46.000000 	121.820885 	883.000000 	878.517578 	886.783020 
46.100000 	121.820885 	883.000000 	878.517578 	886.783020 
46.200000 	121.820885 	883.000000 	878.517578 	886.783020 
46.300000 	121.820885 	883.000000 	878.517578 	886.783020 
46.400000 	121.820885 	883.000000 	878.517578 	886.783020 
46.500000 	121.820885 	883.000000 	878.517578 	886.783020 
46.600000 	121.820885 	883.000000 	878.517578 	886.783020 
46.700000 	121.820885 	883.000000 	878.517578 	886.783020 
46.800000 	121.820885 	883.000000 	878.517578 	886.783020 
46.900000 	121.820885 	883.000000 	878.517578 	886.783020 
47.000000 	121.395859 	883.000000 	878.517273 	886.786987 
47.100000 	121.395859 	883.000000 	878.517273 	886.786987 
47.200000 	121.395859 	883.000000 	878.517273 	886.786987 
47.300000 	121.395859 	883.000000 	878.517273 	886.786987 
47.400000 	121.395859 	883.000000 	878.517273 	886.786987 
47.500000 	121.395859 	883.000000 	878.517273 	886.786987 
47.600000 	121.395859 	883.000000 	878.517273 	886.786987 
47.700000 	121.395859 	883.000000 	878.517273 	886.786987 
47.800000 	121.395859 	883.000000 	878.517273 	886.786987 
47.900000 	121.395859 	883.000000 	878.517273 	886.786987 
48.000000 	120.925438 	883.000000 	878.516785 	886.789978 
48.100000 	120.925438 	883.000000 	878.516785 	886.789978 
48.200000 	120.925438 	883.000000 	878.516785 	886.789978 
48.300000 	120.925438 	883.000000 	878.516785 	886.789978 
48.400000 	120.925438 	883.000000 	878.516785 	886.789978 
48.500000 	120.925438 	883.000000 	878.516785 	886.789978 
48.600000 	120.925438 	883.000000 	878.516785 	886.789978 
48.700000 	120.925438 	883.000000 	878.516785 	886.789978 
48.800000 	120.925438 	883.000000 	878.516785 	886.789978 
48.900000 	120.925438 	883.000000 	878.516785 	886.789978 
49.000000 	120.404633 	883.000000 	878.516174 	886.793030 
49.100000 	120.404633 	883.000000 	878.516174 	886.793030 
49.200000 	120.404633 	883.000000 	878.516174 	886.793030 
49.300000 	120.404633 	883.000000 	878.516174 	886.793030 
49.400000 	120.404633 	883.000000 	878.516174 	886.793030 
49.500000 	120.404633 	883.000000 	878.516174 	886.793030 
49.600000 	120.404633 	883.000000 	878.516174 	886.793030 
49.700000 	120.404633 	883.000000 	878.516174 	886.793030 
49.800000 	120.404633 	883.000000 	878.516174 	886.793030 
49.900000 	120.404633 	883.000000 	878.516174 	886.793030 
50.000000 	119.827721 	883.000000 	878.515442 	886.796021 
50.100000 	119.827721 	883.000000 	878.515442 	886.796021 
50.200000 	119.827721 	883.000000 	878.515442 	886.796021 
50.300000 	119.827721 	883.000000 	878.515442 	886.796021 
50.400000 	119.827721 	883.000000 	878.515442 	886.796021 
50.500000 	119.827721 	883.000000 	878.515442 	886.796021 
50.600000 	119.827721 	883.000000 	878.515442 	886.796021 
50.700000 	119.827721 	883.000000 	878.515442 	886.796021 
50.800000 	119.827721 	883.000000 	878.515442 	886.796021 
50.900000 	119.827721 	883.000000 	878.515442 	886.796021 
51.000000 	119.188103 	883.000000 	878.514587 	1003.359985 
51.100000 	119.188103 	883.000000 	878.514587 	1003.359985 
51.200000 	119.188103 	883.000000 	878.514587 	1003.359985 
51.300000 	119.188103 	883.000000 	878.514587 	1003.359985 
51.400000 	119.188103 	883.000000 	878.514587 	1003.359985 
51.500000 	119.188103 	883.000000 	878.514587 	1003.359985 
51.600000 	119.188103 	883.000000 	878.514587 	1003.359985 
51.700000 	119.188103 	883.000000 	878.514587 	1003.359985 
51.800000 	119.188103 	883.000000 	878.514587 	1003.359985 
51.900000 	119.188103 	883.000000 	878.514587 	1003.359985 
52.000000 	118.478119 	883.000000 	878.513550 	1003.359985 
52.100000 	118.478119 	883.000000 	878.513550 	1003.359985 
52.200000 	118.478119 	883.000000 	878.513550 	1003.359985 
52.300000 	118.478119 	883.000000 	878.513550 	1003.359985 
52.400000 	118.478119 	883.000000 	878.513550 	1003.359985 
52.500000 	118.478119 	883.000000 	878.513550 	1003.359985 
52.600000 	118.478119 	883.000000 	878.513550 	1003.359985 
52.700000 	118.478119 	883.000000 	878.513550 	1003.359985 
52.800000 	118.478119 	883.000000 	878.513550 	1003.359985 
52.900000 	118.478119 	883.000000 	878.513550 	1003.359985 
53.000000 	117.688835 	883.000000 	878.512451 	1003.359985 
53.100000 	117.688835 	883.000000 	878.512451 	1003.359985 
53.200000 	117.688835 	883.000000 	878.512451 	1003.359985 
53.300000 	117.688835 	883.000000 	878.512451 	1003.359985 
53.400000 	117.688835 	883.000000 	878.512451 	1003.359985 
53.500000 	117.688835 	883.000000 	878.512451 	1003.359985 
53.600000 	117.688835 	883.000000 	878.512451 	1003.359985 
53.700000 	117.688835 	883.000000 	878.512451 	1003.359985 
53.800000 	117.688835 	883.000000 	878.512451 	1003.359985 
53.900000 	117.688835 	883.000000 	878.512451 	1003.359985 
54.000000 	116.809669 	883.000000 	878.511169 	1003.359985 
54.100000 	116.809669 	883.000000 	878.511169 	1003.359985 
54.200000 	116.809669 	883.000000 	878.511169 	1003.359985 
54.300000 	116.809669 	883.000000 	878.511169 	1003.359985 
54.400000 	116.809669 	883.000000 	878.511169 	1003.359985 
54.500000 	116.809669 	883.000000 	878.511169 	1003.359985 
54.600000 	116.809669 	883.000000 	878.511169 	1003.359985 
54.700000 	116.809669 	883.000000 	878.511169 	1003.359985 
54.800000 	116.809669 	883.000000 	878.511169 	1003.359985 
54.900000 	116.809669 	883.000000 	878.511169 	1003.359985 
55.000000 	115.828079 	883.000000 	878.509705 	1003.359985 
55.100000 	115.828079 	883.000000 	878.509705 	1003.359985 
55.200000 	115.828079 	883.000000 	878.509705 	1003.359985 
55.300000 	115.828079 	883.000000 	878.509705 	1003.359985 
55.400000 	115.828079 	883.000000 	878.509705 	1003.359985 
55.500000 	115.828079 	883.000000 	878.509705 	1003.359985 
55.600000 	115.828079 	883.000000 	878.509705 	1003.359985 
55.700000 	115.828079 	883.000000 	878.509705 	1003.359985 
55.800000 	115.828079 	883.000000 	878.509705 	1003.359985 
55.900000 	115.828079 	883.000000 	878.509705 	1003.359985 
56.000000 	114.728951 	883.000000 	878.508179 	1003.359985 
56.100000 	114.728951 	883.000000 	878.508179 	1003.359985 
56.200000 	114.728951 	883.000000 	878.508179 	1003.359985 
56.300000 	114.728951 	883.000000 	878.508179 	1003.359985 
56.400000 	114.728951 	883.000000 	878.508179 	1003.359985 
56.500000 	114.728951 	883.000000 	878.508179 	1003.359985 
56.600000 	114.728951 	883.000000 	878.508179 	1003.359985 
56.700000 	114.728951 	883.000000 	878.508179 	1003.359985 
56.800000 	114.728951 	883.000000 	878.508179 	1003.359985 
56.900000 	114.728951 	883.000000 	878.508179 	1003.359985 
57.000000 	113.493912 	883.000000 	878.506470 	1003.359985 
57.100000 	113.493912 	883.000000 	878.506470 	1003.359985 
57.200000 	113.493912 	883.000000 	878.506470 	1003.359985 
57.300000 	113.493912 	883.000000 	878.506470 	1003.359985 
57.400000 	113.493912 	883.000000 	878.506470 	1003.359985 
57.500000 	113.493912 	883.000000 	878.506470 	1003.359985 
57.600000 	113.493912 	883.000000 	878.506470 	1003.359985 
57.700000 	113.493912 	883.000000 	878.506470 	1003.359985 
57.800000 	113.493912 	883.000000 	878.506470 	1003.359985 
57.900000 	113.493912 	883.000000 	878.506470 	1003.359985 
58.000000 	112.100296 	883.000000 	878.504639 	1003.359985 
58.100000 	112.100296 	883.000000 	878.504639 	1003.359985 
58.200000 	112.100296 	883.000000 	878.504639 	1003.359985 
58.300000 	112.100296 	883.000000 	878.504639 	1003.359985 
58.400000 	112.100296 	883.000000 	878.504639 	1003.359985 
58.500000 	112.100296 	883.000000 	878.504639 	1003.359985 
58.600000 	112.100296 	883.000000 	878.504639 	1003.359985 
58.700000 	112.100296 	883.000000 	878.504639 	1003.359985 
58.800000 	112.100296 	883.000000 	878.504639 	1003.359985 
58.900000 	112.100296 	883.000000 	878.504639 	1003.359985 
59.000000 	110.519760 	883.000000 	878.502625 	1003.359985 
59.100000 	110.519760 	883.000000 	878.502625 	1003.359985 
59.200000 	110.519760 	883.000000 	878.502625 	1003.359985 
59.300000 	110.519760 	883.000000 	878.502625 	1003.359985 
59.400000 	110.519760 	883.000000 	878.502625 	1003.359985 
59.500000 	110.519760 	883.000000 	878.502625 	1003.359985 
59.600000 	110.519760 	883.000000 	878.502625 	1003.359985 
59.700000 	110.519760 	883.000000 	878.502625 	1003.359985 
59.800000 	110.519760 	883.000000 	878.502625 	1003.359985 
59.900000 	110.519760 	883.000000 	878.502625 	1003.359985 
60.000000 	108.716187 	883.000000 	878.500549 	1003.359985 
