0.500000 	101.582001 	700.000000 	707.708008 
0.600000 	101.582001 	700.000000 	707.708008 
0.700000 	101.582001 	700.000000 	707.708008 
0.800000 	101.582001 	700.000000 	707.708008 
0.900000 	101.582001 	700.000000 	707.708008 
1.000000 	101.582001 	700.000000 	707.708008 
1.100000 	101.582001 	700.000000 	707.708008 
1.200000 	101.582001 	700.000000 	707.708008 
1.300000 	101.582001 	700.000000 	707.708008 
1.400000 	101.582001 	700.000000 	707.708008 
1.500000 	107.764000 	700.000000 	703.565979 
1.600000 	107.764000 	700.000000 	703.565979 
1.700000 	107.764000 	700.000000 	703.565979 
1.800000 	107.764000 	700.000000 	703.565979 
1.900000 	107.764000 	700.000000 	703.565979 
2.000000 	107.764000 	700.000000 	703.565979 
2.100000 	107.764000 	700.000000 	703.565979 
2.200000 	107.764000 	700.000000 	703.565979 
2.300000 	107.764000 	700.000000 	703.565979 
2.400000 	107.764000 	700.000000 	703.565979 
2.500000 	116.203003 	700.000000 	701.853027 
2.600000 	116.203003 	700.000000 	701.853027 
2.700000 	116.203003 	700.000000 	701.853027 
2.800000 	116.203003 	700.000000 	701.853027 
2.900000 	116.203003 	700.000000 	701.853027 
3.000000 	116.203003 	700.000000 	701.853027 
3.100000 	116.203003 	700.000000 	701.853027 
3.200000 	116.203003 	700.000000 	701.853027 
3.300000 	116.203003 	700.000000 	701.853027 
3.400000 	116.203003 	700.000000 	701.853027 
3.500000 	120.378998 	700.000000 	700.989014 
3.600000 	120.378998 	700.000000 	700.989014 
3.700000 	120.378998 	700.000000 	700.989014 
3.800000 	120.378998 	700.000000 	700.989014 
3.900000 	120.378998 	700.000000 	700.989014 
4.000000 	120.378998 	700.000000 	700.989014 
4.100000 	120.378998 	700.000000 	700.989014 
4.200000 	120.378998 	700.000000 	700.989014 
4.300000 	120.378998 	700.000000 	700.989014 
4.400000 	120.378998 	700.000000 	700.989014 
4.500000 	122.580002 	700.000000 	700.544006 
4.600000 	122.580002 	700.000000 	700.544006 
4.700000 	122.580002 	700.000000 	700.544006 
4.800000 	122.580002 	700.000000 	700.544006 
4.900000 	122.580002 	700.000000 	700.544006 
5.000000 	122.580002 	700.000000 	700.544006 
5.100000 	122.580002 	700.000000 	700.544006 
5.200000 	122.580002 	700.000000 	700.544006 
5.300000 	122.580002 	700.000000 	700.544006 
5.400000 	122.580002 	700.000000 	700.544006 
5.500000 	123.855003 	700.000000 	700.291992 
5.600000 	123.855003 	700.000000 	700.291992 
5.700000 	123.855003 	700.000000 	700.291992 
5.800000 	123.855003 	700.000000 	700.291992 
5.900000 	123.855003 	700.000000 	700.291992 
6.000000 	123.855003 	700.000000 	700.291992 
6.100000 	123.855003 	700.000000 	700.291992 
6.200000 	123.855003 	700.000000 	700.291992 
6.300000 	123.855003 	700.000000 	700.291992 
6.400000 	123.855003 	700.000000 	700.291992 
6.500000 	124.653000 	700.000000 	700.138977 
6.600000 	124.653000 	700.000000 	700.138977 
6.700000 	124.653000 	700.000000 	700.138977 
6.800000 	124.653000 	700.000000 	700.138977 
6.900000 	124.653000 	700.000000 	700.138977 
7.000000 	124.653000 	700.000000 	700.138977 
7.100000 	124.653000 	700.000000 	700.138977 
7.200000 	124.653000 	700.000000 	700.138977 
7.300000 	124.653000 	700.000000 	700.138977 
7.400000 	124.653000 	700.000000 	700.138977 
7.500000 	125.182999 	700.000000 	700.039001 
7.600000 	125.182999 	700.000000 	700.039001 
7.700000 	125.182999 	700.000000 	700.039001 
7.800000 	125.182999 	700.000000 	700.039001 
7.900000 	125.182999 	700.000000 	700.039001 
8.000000 	125.182999 	700.000000 	700.039001 
8.100000 	125.182999 	700.000000 	700.039001 
8.200000 	125.182999 	700.000000 	700.039001 
8.300000 	125.182999 	700.000000 	700.039001 
8.400000 	125.182999 	700.000000 	700.039001 
8.500000 	125.554001 	700.000000 	699.971985 
8.600000 	125.554001 	700.000000 	699.971985 
8.700000 	125.554001 	700.000000 	699.971985 
8.800000 	125.554001 	700.000000 	699.971985 
8.900000 	125.554001 	700.000000 	699.971985 
9.000000 	125.554001 	700.000000 	699.971985 
9.100000 	125.554001 	700.000000 	699.971985 
9.200000 	125.554001 	700.000000 	699.971985 
9.300000 	125.554001 	700.000000 	699.971985 
9.400000 	125.554001 	700.000000 	699.971985 
9.500000 	125.822998 	700.000000 	699.924988 
9.600000 	125.822998 	700.000000 	699.924988 
9.700000 	125.822998 	700.000000 	699.924988 
9.800000 	125.822998 	700.000000 	699.924988 
9.900000 	125.822998 	700.000000 	699.924988 
10.000000 	125.822998 	700.000000 	699.924988 
10.100000 	125.822998 	700.000000 	699.924988 
10.200000 	125.822998 	700.000000 	699.924988 
10.300000 	125.822998 	700.000000 	699.924988 
10.400000 	125.822998 	700.000000 	699.924988 
10.500000 	126.024002 	700.000000 	699.890015 
10.600000 	126.024002 	700.000000 	699.890015 
10.700000 	126.024002 	700.000000 	699.890015 
10.800000 	126.024002 	700.000000 	699.890015 
10.900000 	126.024002 	700.000000 	699.890015 
11.000000 	126.024002 	700.000000 	699.890015 
11.100000 	126.024002 	700.000000 	699.890015 
11.200000 	126.024002 	700.000000 	699.890015 
11.300000 	126.024002 	700.000000 	699.890015 
11.400000 	126.024002 	700.000000 	699.890015 
11.500000 	126.179001 	700.000000 	699.864014 
11.600000 	126.179001 	700.000000 	699.864014 
11.700000 	126.179001 	700.000000 	699.864014 
11.800000 	126.179001 	700.000000 	699.864014 
11.900000 	126.179001 	700.000000 	699.864014 
12.000000 	126.179001 	700.000000 	699.864014 
12.100000 	126.179001 	700.000000 	699.864014 
12.200000 	126.179001 	700.000000 	699.864014 
12.300000 	126.179001 	700.000000 	699.864014 
12.400000 	126.179001 	700.000000 	699.864014 
12.500000 	126.301003 	700.000000 	699.843994 
12.600000 	126.301003 	700.000000 	699.843994 
12.700000 	126.301003 	700.000000 	699.843994 
12.800000 	126.301003 	700.000000 	699.843994 
12.900000 	126.301003 	700.000000 	699.843994 
13.000000 	126.301003 	700.000000 	699.843994 
13.100000 	126.301003 	700.000000 	699.843994 
13.200000 	126.301003 	700.000000 	699.843994 
13.300000 	126.301003 	700.000000 	699.843994 
13.400000 	126.301003 	700.000000 	699.843994 
13.500000 	126.399002 	700.000000 	699.828003 
13.600000 	126.399002 	700.000000 	699.828003 
13.700000 	126.399002 	700.000000 	699.828003 
13.800000 	126.399002 	700.000000 	699.828003 
13.900000 	126.399002 	700.000000 	699.828003 
14.000000 	126.399002 	700.000000 	699.828003 
14.100000 	126.399002 	700.000000 	699.828003 
14.200000 	126.399002 	700.000000 	699.828003 
14.300000 	126.399002 	700.000000 	699.828003 
14.400000 	126.399002 	700.000000 	699.828003 
14.500000 	126.478996 	700.000000 	699.815002 
14.600000 	126.478996 	700.000000 	699.815002 
14.700000 	126.478996 	700.000000 	699.815002 
14.800000 	126.478996 	700.000000 	699.815002 
14.900000 	126.478996 	700.000000 	699.815002 
15.000000 	126.478996 	700.000000 	699.815002 
15.100000 	126.478996 	700.000000 	699.815002 
15.200000 	126.478996 	700.000000 	699.815002 
15.300000 	126.478996 	700.000000 	699.815002 
15.400000 	126.478996 	700.000000 	699.815002 
15.500000 	126.545998 	700.000000 	699.804993 
15.600000 	126.545998 	700.000000 	699.804993 
15.700000 	126.545998 	700.000000 	699.804993 
15.800000 	126.545998 	700.000000 	699.804993 
15.900000 	126.545998 	700.000000 	699.804993 
16.000000 	126.545998 	700.000000 	699.804993 
16.100000 	126.545998 	700.000000 	699.804993 
16.200000 	126.545998 	700.000000 	699.804993 
16.300000 	126.545998 	700.000000 	699.804993 
16.400000 	126.545998 	700.000000 	699.804993 
16.500000 	126.601997 	700.000000 	699.794983 
16.600000 	126.601997 	700.000000 	699.794983 
16.700000 	126.601997 	700.000000 	699.794983 
16.800000 	126.601997 	700.000000 	699.794983 
16.900000 	126.601997 	700.000000 	699.794983 
17.000000 	126.601997 	700.000000 	699.794983 
17.100000 	126.601997 	700.000000 	699.794983 
17.200000 	126.601997 	700.000000 	699.794983 
17.300000 	126.601997 	700.000000 	699.794983 
17.400000 	126.601997 	700.000000 	699.794983 
17.500000 	126.649002 	700.000000 	699.786987 
17.600000 	126.649002 	700.000000 	699.786987 
17.700000 	126.649002 	700.000000 	699.786987 
17.800000 	126.649002 	700.000000 	699.786987 
17.900000 	126.649002 	700.000000 	699.786987 
18.000000 	126.649002 	700.000000 	699.786987 
18.100000 	126.649002 	700.000000 	699.786987 
18.200000 	126.649002 	700.000000 	699.786987 
18.300000 	126.649002 	700.000000 	699.786987 
18.400000 	126.649002 	700.000000 	699.786987 
18.500000 	126.690002 	700.000000 	699.780029 
18.600000 	126.690002 	700.000000 	699.780029 
18.700000 	126.690002 	700.000000 	699.780029 
18.800000 	126.690002 	700.000000 	699.780029 
18.900000 	126.690002 	700.000000 	699.780029 
19.000000 	126.690002 	700.000000 	699.780029 
19.100000 	126.690002 	700.000000 	699.780029 
19.200000 	126.690002 	700.000000 	699.780029 
19.300000 	126.690002 	700.000000 	699.780029 
19.400000 	126.690002 	700.000000 	699.780029 
19.500000 	126.725998 	700.000000 	699.773010 
19.600000 	126.725998 	700.000000 	699.773010 
19.700000 	126.725998 	700.000000 	699.773010 
19.800000 	126.725998 	700.000000 	699.773010 
19.900000 	126.725998 	700.000000 	699.773010 
20.000000 	126.725998 	700.000000 	699.773010 
20.100000 	126.725998 	700.000000 	699.773010 
20.200000 	126.725998 	700.000000 	699.773010 
20.300000 	126.725998 	700.000000 	699.773010 
20.400000 	126.725998 	700.000000 	699.773010 
20.500000 	126.758003 	700.000000 	699.767029 
20.600000 	126.758003 	700.000000 	699.767029 
20.700000 	126.758003 	700.000000 	699.767029 
20.800000 	126.758003 	700.000000 	699.767029 
20.900000 	126.758003 	700.000000 	699.767029 
21.000000 	126.758003 	700.000000 	699.767029 
21.100000 	126.758003 	700.000000 	699.767029 
21.200000 	126.758003 	700.000000 	699.767029 
21.300000 	126.758003 	700.000000 	699.767029 
21.400000 	126.758003 	700.000000 	699.767029 
21.500000 	126.786003 	700.000000 	699.760010 
21.600000 	126.786003 	700.000000 	699.760010 
21.700000 	126.786003 	700.000000 	699.760010 
21.800000 	126.786003 	700.000000 	699.760010 
21.900000 	126.786003 	700.000000 	699.760010 
22.000000 	126.786003 	700.000000 	699.760010 
22.100000 	126.786003 	700.000000 	699.760010 
22.200000 	126.786003 	700.000000 	699.760010 
22.300000 	126.786003 	700.000000 	699.760010 
22.400000 	126.786003 	700.000000 	699.760010 
22.500000 	126.810997 	700.000000 	699.754028 
22.600000 	126.810997 	700.000000 	699.754028 
22.700000 	126.810997 	700.000000 	699.754028 
22.800000 	126.810997 	700.000000 	699.754028 
22.900000 	126.810997 	700.000000 	699.754028 
23.000000 	126.810997 	700.000000 	699.754028 
23.100000 	126.810997 	700.000000 	699.754028 
23.200000 	126.810997 	700.000000 	699.754028 
23.300000 	126.810997 	700.000000 	699.754028 
23.400000 	126.810997 	700.000000 	699.754028 
23.500000 	126.833000 	700.000000 	699.747009 
23.600000 	126.833000 	700.000000 	699.747009 
23.700000 	126.833000 	700.000000 	699.747009 
23.800000 	126.833000 	700.000000 	699.747009 
23.900000 	126.833000 	700.000000 	699.747009 
24.000000 	126.833000 	700.000000 	699.747009 
24.100000 	126.833000 	700.000000 	699.747009 
24.200000 	126.833000 	700.000000 	699.747009 
24.300000 	126.833000 	700.000000 	699.747009 
24.400000 	126.833000 	700.000000 	699.747009 
24.500000 	126.853996 	700.000000 	699.739990 
24.600000 	126.853996 	700.000000 	699.739990 
24.700000 	126.853996 	700.000000 	699.739990 
24.800000 	126.853996 	700.000000 	699.739990 
24.900000 	126.853996 	700.000000 	699.739990 
25.000000 	126.853996 	700.000000 	699.739990 
25.100000 	126.853996 	700.000000 	699.739990 
25.200000 	126.853996 	700.000000 	699.739990 
25.300000 	126.853996 	700.000000 	699.739990 
25.400000 	126.853996 	700.000000 	699.739990 
25.500000 	126.872002 	700.000000 	699.732971 
25.600000 	126.872002 	700.000000 	699.732971 
25.700000 	126.872002 	700.000000 	699.732971 
25.800000 	126.872002 	700.000000 	699.732971 
25.900000 	126.872002 	700.000000 	699.732971 
26.000000 	126.872002 	700.000000 	699.732971 
26.100000 	126.872002 	700.000000 	699.732971 
26.200000 	126.872002 	700.000000 	699.732971 
26.300000 	126.872002 	700.000000 	699.732971 
26.400000 	126.872002 	700.000000 	699.732971 
26.500000 	126.889999 	700.000000 	699.724976 
26.600000 	126.889999 	700.000000 	699.724976 
26.700000 	126.889999 	700.000000 	699.724976 
26.800000 	126.889999 	700.000000 	699.724976 
26.900000 	126.889999 	700.000000 	699.724976 
27.000000 	126.889999 	700.000000 	699.724976 
27.100000 	126.889999 	700.000000 	699.724976 
27.200000 	126.889999 	700.000000 	699.724976 
27.300000 	126.889999 	700.000000 	699.724976 
27.400000 	126.889999 	700.000000 	699.724976 
27.500000 	126.905998 	700.000000 	699.716003 
27.600000 	126.905998 	700.000000 	699.716003 
27.700000 	126.905998 	700.000000 	699.716003 
27.800000 	126.905998 	700.000000 	699.716003 
27.900000 	126.905998 	700.000000 	699.716003 
28.000000 	126.905998 	700.000000 	699.716003 
28.100000 	126.905998 	700.000000 	699.716003 
28.200000 	126.905998 	700.000000 	699.716003 
28.300000 	126.905998 	700.000000 	699.716003 
28.400000 	126.905998 	700.000000 	699.716003 
28.500000 	126.920998 	700.000000 	699.706970 
28.600000 	126.920998 	700.000000 	699.706970 
28.700000 	126.920998 	700.000000 	699.706970 
28.800000 	126.920998 	700.000000 	699.706970 
28.900000 	126.920998 	700.000000 	699.706970 
29.000000 	126.920998 	700.000000 	699.706970 
29.100000 	126.920998 	700.000000 	699.706970 
29.200000 	126.920998 	700.000000 	699.706970 
29.300000 	126.920998 	700.000000 	699.706970 
29.400000 	126.920998 	700.000000 	699.706970 
29.500000 	126.933998 	700.000000 	699.697021 
29.600000 	126.933998 	700.000000 	699.697021 
29.700000 	126.933998 	700.000000 	699.697021 
29.800000 	126.933998 	700.000000 	699.697021 
29.900000 	126.933998 	700.000000 	699.697021 
30.000000 	126.933998 	700.000000 	699.697021 
30.100000 	126.933998 	700.000000 	699.697021 
30.200000 	126.933998 	700.000000 	699.697021 
30.300000 	126.933998 	700.000000 	699.697021 
30.400000 	126.933998 	700.000000 	699.697021 
30.500000 	126.947998 	700.000000 	699.685974 
30.600000 	126.947998 	700.000000 	699.685974 
30.700000 	126.947998 	700.000000 	699.685974 
30.800000 	126.947998 	700.000000 	699.685974 
30.900000 	126.947998 	700.000000 	699.685974 
31.000000 	126.947998 	700.000000 	699.685974 
31.100000 	126.947998 	700.000000 	699.685974 
31.200000 	126.947998 	700.000000 	699.685974 
31.300000 	126.947998 	700.000000 	699.685974 
31.400000 	126.947998 	700.000000 	699.685974 
31.500000 	126.959999 	700.000000 	699.674011 
31.600000 	126.959999 	700.000000 	699.674011 
31.700000 	126.959999 	700.000000 	699.674011 
31.800000 	126.959999 	700.000000 	699.674011 
31.900000 	126.959999 	700.000000 	699.674011 
32.000000 	126.959999 	700.000000 	699.674011 
32.100000 	126.959999 	700.000000 	699.674011 
32.200000 	126.959999 	700.000000 	699.674011 
32.300000 	126.959999 	700.000000 	699.674011 
32.400000 	126.959999 	700.000000 	699.674011 
32.500000 	126.972000 	700.000000 	699.661011 
32.600000 	126.972000 	700.000000 	699.661011 
32.700000 	126.972000 	700.000000 	699.661011 
32.800000 	126.972000 	700.000000 	699.661011 
32.900000 	126.972000 	700.000000 	699.661011 
33.000000 	126.972000 	700.000000 	699.661011 
33.100000 	126.972000 	700.000000 	699.661011 
33.200000 	126.972000 	700.000000 	699.661011 
33.300000 	126.972000 	700.000000 	699.661011 
33.400000 	126.972000 	700.000000 	699.661011 
33.500000 	126.983002 	700.000000 	699.646973 
33.600000 	126.983002 	700.000000 	699.646973 
33.700000 	126.983002 	700.000000 	699.646973 
33.800000 	126.983002 	700.000000 	699.646973 
33.900000 	126.983002 	700.000000 	699.646973 
34.000000 	126.983002 	700.000000 	699.646973 
34.100000 	126.983002 	700.000000 	699.646973 
34.200000 	126.983002 	700.000000 	699.646973 
34.300000 	126.983002 	700.000000 	699.646973 
34.400000 	126.983002 	700.000000 	699.646973 
34.500000 	126.994003 	700.000000 	699.630981 
34.600000 	126.994003 	700.000000 	699.630981 
34.700000 	126.994003 	700.000000 	699.630981 
34.800000 	126.994003 	700.000000 	699.630981 
34.900000 	126.994003 	700.000000 	699.630981 
35.000000 	126.994003 	700.000000 	699.630981 
35.100000 	126.994003 	700.000000 	699.630981 
35.200000 	126.994003 	700.000000 	699.630981 
35.300000 	126.994003 	700.000000 	699.630981 
35.400000 	126.994003 	700.000000 	699.630981 
35.500000 	127.003998 	700.000000 	699.612976 
35.600000 	127.003998 	700.000000 	699.612976 
35.700000 	127.003998 	700.000000 	699.612976 
35.800000 	127.003998 	700.000000 	699.612976 
35.900000 	127.003998 	700.000000 	699.612976 
36.000000 	127.003998 	700.000000 	699.612976 
36.100000 	127.003998 	700.000000 	699.612976 
36.200000 	127.003998 	700.000000 	699.612976 
36.300000 	127.003998 	700.000000 	699.612976 
36.400000 	127.003998 	700.000000 	699.612976 
36.500000 	127.014000 	700.000000 	699.593018 
36.600000 	127.014000 	700.000000 	699.593018 
36.700000 	127.014000 	700.000000 	699.593018 
36.800000 	127.014000 	700.000000 	699.593018 
36.900000 	127.014000 	700.000000 	699.593018 
37.000000 	127.014000 	700.000000 	699.593018 
37.100000 	127.014000 	700.000000 	699.593018 
37.200000 	127.014000 	700.000000 	699.593018 
37.300000 	127.014000 	700.000000 	699.593018 
37.400000 	127.014000 	700.000000 	699.593018 
37.500000 	127.023003 	700.000000 	699.570007 
37.600000 	127.023003 	700.000000 	699.570007 
37.700000 	127.023003 	700.000000 	699.570007 
37.800000 	127.023003 	700.000000 	699.570007 
37.900000 	127.023003 	700.000000 	699.570007 
38.000000 	127.023003 	700.000000 	699.570007 
38.100000 	127.023003 	700.000000 	699.570007 
38.200000 	127.023003 	700.000000 	699.570007 
38.300000 	127.023003 	700.000000 	699.570007 
38.400000 	127.023003 	700.000000 	699.570007 
38.500000 	127.031998 	700.000000 	699.544006 
38.600000 	127.031998 	700.000000 	699.544006 
38.700000 	127.031998 	700.000000 	699.544006 
38.800000 	127.031998 	700.000000 	699.544006 
38.900000 	127.031998 	700.000000 	699.544006 
39.000000 	127.031998 	700.000000 	699.544006 
39.100000 	127.031998 	700.000000 	699.544006 
39.200000 	127.031998 	700.000000 	699.544006 
39.300000 	127.031998 	700.000000 	699.544006 
39.400000 	127.031998 	700.000000 	699.544006 
39.500000 	127.041000 	700.000000 	699.508972 
39.600000 	127.041000 	700.000000 	699.508972 
39.700000 	127.041000 	700.000000 	699.508972 
39.800000 	127.041000 	700.000000 	699.508972 
39.900000 	127.041000 	700.000000 	699.508972 
40.000000 	127.041000 	700.000000 	699.508972 
40.100000 	127.041000 	700.000000 	699.508972 
40.200000 	127.041000 	700.000000 	699.508972 
40.300000 	127.041000 	700.000000 	699.508972 
40.400000 	127.041000 	700.000000 	699.508972 
40.500000 	127.050003 	700.000000 	699.356995 
40.600000 	127.050003 	700.000000 	699.356995 
40.700000 	127.050003 	700.000000 	699.356995 
40.800000 	127.050003 	700.000000 	699.356995 
40.900000 	127.050003 	700.000000 	699.356995 
41.000000 	127.050003 	700.000000 	699.356995 
41.100000 	127.050003 	700.000000 	699.356995 
41.200000 	127.050003 	700.000000 	699.356995 
41.300000 	127.050003 	700.000000 	699.356995 
41.400000 	127.050003 	700.000000 	699.356995 
41.500000 	127.058998 	700.000000 	699.380981 
41.600000 	127.058998 	700.000000 	699.380981 
41.700000 	127.058998 	700.000000 	699.380981 
41.800000 	127.058998 	700.000000 	699.380981 
41.900000 	127.058998 	700.000000 	699.380981 
42.000000 	127.058998 	700.000000 	699.380981 
42.100000 	127.058998 	700.000000 	699.380981 
42.200000 	127.058998 	700.000000 	699.380981 
42.300000 	127.058998 	700.000000 	699.380981 
42.400000 	127.058998 	700.000000 	699.380981 
42.500000 	127.067001 	700.000000 	699.403015 
42.600000 	127.067001 	700.000000 	699.403015 
42.700000 	127.067001 	700.000000 	699.403015 
42.800000 	127.067001 	700.000000 	699.403015 
42.900000 	127.067001 	700.000000 	699.403015 
43.000000 	127.067001 	700.000000 	699.403015 
43.100000 	127.067001 	700.000000 	699.403015 
43.200000 	127.067001 	700.000000 	699.403015 
43.300000 	127.067001 	700.000000 	699.403015 
43.400000 	127.067001 	700.000000 	699.403015 
43.500000 	127.074997 	700.000000 	699.424011 
43.600000 	127.074997 	700.000000 	699.424011 
43.700000 	127.074997 	700.000000 	699.424011 
43.800000 	127.074997 	700.000000 	699.424011 
43.900000 	127.074997 	700.000000 	699.424011 
44.000000 	127.074997 	700.000000 	699.424011 
44.100000 	127.074997 	700.000000 	699.424011 
44.200000 	127.074997 	700.000000 	699.424011 
44.300000 	127.074997 	700.000000 	699.424011 
44.400000 	127.074997 	700.000000 	699.424011 
44.500000 	127.083000 	700.000000 	699.443970 
44.600000 	127.083000 	700.000000 	699.443970 
44.700000 	127.083000 	700.000000 	699.443970 
44.800000 	127.083000 	700.000000 	699.443970 
44.900000 	127.083000 	700.000000 	699.443970 
45.000000 	127.083000 	700.000000 	699.443970 
45.100000 	127.083000 	700.000000 	699.443970 
45.200000 	127.083000 	700.000000 	699.443970 
45.300000 	127.083000 	700.000000 	699.443970 
45.400000 	127.083000 	700.000000 	699.443970 
45.500000 	127.091003 	700.000000 	699.463013 
45.600000 	127.091003 	700.000000 	699.463013 
45.700000 	127.091003 	700.000000 	699.463013 
45.800000 	127.091003 	700.000000 	699.463013 
45.900000 	127.091003 	700.000000 	699.463013 
46.000000 	127.091003 	700.000000 	699.463013 
46.100000 	127.091003 	700.000000 	699.463013 
46.200000 	127.091003 	700.000000 	699.463013 
46.300000 	127.091003 	700.000000 	699.463013 
46.400000 	127.091003 	700.000000 	699.463013 
46.500000 	127.098000 	700.000000 	699.463989 
46.600000 	127.098000 	700.000000 	699.463989 
46.700000 	127.098000 	700.000000 	699.463989 
46.800000 	127.098000 	700.000000 	699.463989 
46.900000 	127.098000 	700.000000 	699.463989 
47.000000 	127.098000 	700.000000 	699.463989 
47.100000 	127.098000 	700.000000 	699.463989 
47.200000 	127.098000 	700.000000 	699.463989 
47.300000 	127.098000 	700.000000 	699.463989 
47.400000 	127.098000 	700.000000 	699.463989 
47.500000 	127.106003 	700.000000 	699.434998 
47.600000 	127.106003 	700.000000 	699.434998 
47.700000 	127.106003 	700.000000 	699.434998 
47.800000 	127.106003 	700.000000 	699.434998 
47.900000 	127.106003 	700.000000 	699.434998 
48.000000 	127.106003 	700.000000 	699.434998 
48.100000 	127.106003 	700.000000 	699.434998 
48.200000 	127.106003 	700.000000 	699.434998 
48.300000 	127.106003 	700.000000 	699.434998 
48.400000 	127.106003 	700.000000 	699.434998 
48.500000 	127.112999 	700.000000 	699.403992 
48.600000 	127.112999 	700.000000 	699.403992 
48.700000 	127.112999 	700.000000 	699.403992 
48.800000 	127.112999 	700.000000 	699.403992 
48.900000 	127.112999 	700.000000 	699.403992 
49.000000 	127.112999 	700.000000 	699.403992 
49.100000 	127.112999 	700.000000 	699.403992 
49.200000 	127.112999 	700.000000 	699.403992 
49.300000 	127.112999 	700.000000 	699.403992 
49.400000 	127.112999 	700.000000 	699.403992 
49.500000 	127.121002 	700.000000 	699.372009 
49.600000 	127.121002 	700.000000 	699.372009 
49.700000 	127.121002 	700.000000 	699.372009 
49.800000 	127.121002 	700.000000 	699.372009 
49.900000 	127.121002 	700.000000 	699.372009 
50.000000 	127.121002 	700.000000 	699.372009 
50.100000 	127.121002 	700.000000 	699.372009 
50.200000 	127.121002 	700.000000 	699.372009 
50.300000 	127.121002 	700.000000 	699.372009 
50.400000 	127.121002 	700.000000 	699.372009 
50.500000 	127.121002 	700.000000 	1004.000000 
50.600000 	127.121002 	700.000000 	1004.000000 
50.700000 	127.121002 	700.000000 	1004.000000 
50.800000 	127.121002 	700.000000 	1004.000000 
50.900000 	127.121002 	700.000000 	1004.000000 
51.000000 	127.121002 	700.000000 	1004.000000 
51.100000 	127.121002 	700.000000 	1004.000000 
51.200000 	127.121002 	700.000000 	1004.000000 
51.300000 	127.121002 	700.000000 	1004.000000 
51.400000 	127.121002 	700.000000 	1004.000000 
51.500000 	127.121002 	700.000000 	1004.000000 
51.600000 	127.121002 	700.000000 	1004.000000 
51.700000 	127.121002 	700.000000 	1004.000000 
51.800000 	127.121002 	700.000000 	1004.000000 
51.900000 	127.121002 	700.000000 	1004.000000 
52.000000 	127.121002 	700.000000 	1004.000000 
52.100000 	127.121002 	700.000000 	1004.000000 
52.200000 	127.121002 	700.000000 	1004.000000 
52.300000 	127.121002 	700.000000 	1004.000000 
52.400000 	127.121002 	700.000000 	1004.000000 
52.500000 	127.121002 	700.000000 	1004.000000 
52.600000 	127.121002 	700.000000 	1004.000000 
52.700000 	127.121002 	700.000000 	1004.000000 
52.800000 	127.121002 	700.000000 	1004.000000 
52.900000 	127.121002 	700.000000 	1004.000000 
53.000000 	127.121002 	700.000000 	1004.000000 
53.100000 	127.121002 	700.000000 	1004.000000 
53.200000 	127.121002 	700.000000 	1004.000000 
53.300000 	127.121002 	700.000000 	1004.000000 
53.400000 	127.121002 	700.000000 	1004.000000 
53.500000 	127.121002 	700.000000 	1004.000000 
53.600000 	127.121002 	700.000000 	1004.000000 
53.700000 	127.121002 	700.000000 	1004.000000 
53.800000 	127.121002 	700.000000 	1004.000000 
53.900000 	127.121002 	700.000000 	1004.000000 
54.000000 	127.121002 	700.000000 	1004.000000 
54.100000 	127.121002 	700.000000 	1004.000000 
54.200000 	127.121002 	700.000000 	1004.000000 
54.300000 	127.121002 	700.000000 	1004.000000 
54.400000 	127.121002 	700.000000 	1004.000000 
54.500000 	127.121002 	700.000000 	1004.000000 
54.600000 	127.121002 	700.000000 	1004.000000 
54.700000 	127.121002 	700.000000 	1004.000000 
54.800000 	127.121002 	700.000000 	1004.000000 
54.900000 	127.121002 	700.000000 	1004.000000 
55.000000 	127.121002 	700.000000 	1004.000000 
55.100000 	127.121002 	700.000000 	1004.000000 
55.200000 	127.121002 	700.000000 	1004.000000 
55.300000 	127.121002 	700.000000 	1004.000000 
55.400000 	127.121002 	700.000000 	1004.000000 
55.500000 	127.121002 	700.000000 	1004.000000 
55.600000 	127.121002 	700.000000 	1004.000000 
55.700000 	127.121002 	700.000000 	1004.000000 
55.800000 	127.121002 	700.000000 	1004.000000 
55.900000 	127.121002 	700.000000 	1004.000000 
56.000000 	127.121002 	700.000000 	1004.000000 
56.100000 	127.121002 	700.000000 	1004.000000 
56.200000 	127.121002 	700.000000 	1004.000000 
56.300000 	127.121002 	700.000000 	1004.000000 
56.400000 	127.121002 	700.000000 	1004.000000 
56.500000 	127.121002 	700.000000 	1004.000000 
56.600000 	127.121002 	700.000000 	1004.000000 
56.700000 	127.121002 	700.000000 	1004.000000 
56.800000 	127.121002 	700.000000 	1004.000000 
56.900000 	127.121002 	700.000000 	1004.000000 
57.000000 	127.121002 	700.000000 	1004.000000 
57.100000 	127.121002 	700.000000 	1004.000000 
57.200000 	127.121002 	700.000000 	1004.000000 
57.300000 	127.121002 	700.000000 	1004.000000 
57.400000 	127.121002 	700.000000 	1004.000000 
57.500000 	127.121002 	700.000000 	1004.000000 
57.600000 	127.121002 	700.000000 	1004.000000 
57.700000 	127.121002 	700.000000 	1004.000000 
57.800000 	127.121002 	700.000000 	1004.000000 
57.900000 	127.121002 	700.000000 	1004.000000 
58.000000 	127.121002 	700.000000 	1004.000000 
58.100000 	127.121002 	700.000000 	1004.000000 
58.200000 	127.121002 	700.000000 	1004.000000 
58.300000 	127.121002 	700.000000 	1004.000000 
58.400000 	127.121002 	700.000000 	1004.000000 
58.500000 	127.121002 	700.000000 	1004.000000 
58.600000 	127.121002 	700.000000 	1004.000000 
58.700000 	127.121002 	700.000000 	1004.000000 
58.800000 	127.121002 	700.000000 	1004.000000 
58.900000 	127.121002 	700.000000 	1004.000000 
59.000000 	127.121002 	700.000000 	1004.000000 
59.100000 	127.121002 	700.000000 	1004.000000 
59.200000 	127.121002 	700.000000 	1004.000000 
59.300000 	127.121002 	700.000000 	1004.000000 
59.400000 	127.121002 	700.000000 	1004.000000 
59.500000 	127.121002 	700.000000 	1004.000000 
59.600000 	127.121002 	700.000000 	1004.000000 
59.700000 	127.121002 	700.000000 	1004.000000 
59.800000 	127.121002 	700.000000 	1004.000000 
59.900000 	127.121002 	700.000000 	1004.000000 
60.000000 	127.121002 	700.000000 	1004.000000 
