0.500000 	0.000000 	107.000000 	0.000000 	133.839005 
0.600000 	0.000000 	107.000000 	0.000000 	133.839005 
0.700000 	0.000000 	107.000000 	0.000000 	133.839005 
0.800000 	0.000000 	107.000000 	0.000000 	133.839005 
0.900000 	0.000000 	107.000000 	0.000000 	133.839005 
1.000000 	0.000000 	107.000000 	0.000000 	116.823997 
1.100000 	0.000000 	107.000000 	0.000000 	116.823997 
1.200000 	0.000000 	107.000000 	0.000000 	116.823997 
1.300000 	0.000000 	107.000000 	0.000000 	116.823997 
1.400000 	0.000000 	107.000000 	0.000000 	116.823997 
1.500000 	0.000000 	107.000000 	0.000000 	116.823997 
1.600000 	0.000000 	107.000000 	0.000000 	116.823997 
1.700000 	0.000000 	107.000000 	0.000000 	116.823997 
1.800000 	0.000000 	107.000000 	0.000000 	116.823997 
1.900000 	0.000000 	107.000000 	0.000000 	116.823997 
2.000000 	56.040401 	107.000000 	117.318054 	127.094002 
2.100000 	56.040401 	107.000000 	117.318054 	127.094002 
2.200000 	56.040401 	107.000000 	117.318054 	127.094002 
2.300000 	56.040401 	107.000000 	117.318054 	127.094002 
2.400000 	56.040401 	107.000000 	117.318054 	127.094002 
2.500000 	56.040401 	107.000000 	117.318054 	127.094002 
2.600000 	56.040401 	107.000000 	117.318054 	127.094002 
2.700000 	56.040401 	107.000000 	117.318054 	127.094002 
2.800000 	56.040401 	107.000000 	117.318054 	127.094002 
2.900000 	56.040401 	107.000000 	117.318054 	127.094002 
3.000000 	79.856819 	107.000000 	129.142426 	128.813004 
3.100000 	79.856819 	107.000000 	129.142426 	128.813004 
3.200000 	79.856819 	107.000000 	129.142426 	128.813004 
3.300000 	79.856819 	107.000000 	129.142426 	128.813004 
3.400000 	79.856819 	107.000000 	129.142426 	128.813004 
3.500000 	79.856819 	107.000000 	129.142426 	128.813004 
3.600000 	79.856819 	107.000000 	129.142426 	128.813004 
3.700000 	79.856819 	107.000000 	129.142426 	128.813004 
3.800000 	79.856819 	107.000000 	129.142426 	128.813004 
3.900000 	79.856819 	107.000000 	129.142426 	128.813004 
4.000000 	87.109543 	107.000000 	126.620293 	129.462997 
4.100000 	87.109543 	107.000000 	126.620293 	129.462997 
4.200000 	87.109543 	107.000000 	126.620293 	129.462997 
4.300000 	87.109543 	107.000000 	126.620293 	129.462997 
4.400000 	87.109543 	107.000000 	126.620293 	129.462997 
4.500000 	87.109543 	107.000000 	126.620293 	129.462997 
4.600000 	87.109543 	107.000000 	126.620293 	129.462997 
4.700000 	87.109543 	107.000000 	126.620293 	129.462997 
4.800000 	87.109543 	107.000000 	126.620293 	129.462997 
4.900000 	87.109543 	107.000000 	126.620293 	129.462997 
5.000000 	91.130508 	107.000000 	124.799026 	129.813995 
5.100000 	91.130508 	107.000000 	124.799026 	129.813995 
5.200000 	91.130508 	107.000000 	124.799026 	129.813995 
5.300000 	91.130508 	107.000000 	124.799026 	129.813995 
5.400000 	91.130508 	107.000000 	124.799026 	129.813995 
5.500000 	91.130508 	107.000000 	124.799026 	129.813995 
5.600000 	91.130508 	107.000000 	124.799026 	129.813995 
5.700000 	91.130508 	107.000000 	124.799026 	129.813995 
5.800000 	91.130508 	107.000000 	124.799026 	129.813995 
5.900000 	91.130508 	107.000000 	124.799026 	129.813995 
6.000000 	93.146591 	107.000000 	123.960648 	130.050995 
6.100000 	93.146591 	107.000000 	123.960648 	130.050995 
6.200000 	93.146591 	107.000000 	123.960648 	130.050995 
6.300000 	93.146591 	107.000000 	123.960648 	130.050995 
6.400000 	93.146591 	107.000000 	123.960648 	130.050995 
6.500000 	93.146591 	107.000000 	123.960648 	130.050995 
6.600000 	93.146591 	107.000000 	123.960648 	130.050995 
6.700000 	93.146591 	107.000000 	123.960648 	130.050995 
6.800000 	93.146591 	107.000000 	123.960648 	130.050995 
6.900000 	93.146591 	107.000000 	123.960648 	130.050995 
7.000000 	94.120956 	107.000000 	123.693718 	130.233994 
7.100000 	94.120956 	107.000000 	123.693718 	130.233994 
7.200000 	94.120956 	107.000000 	123.693718 	130.233994 
7.300000 	94.120956 	107.000000 	123.693718 	130.233994 
7.400000 	94.120956 	107.000000 	123.693718 	130.233994 
7.500000 	94.120956 	107.000000 	123.693718 	130.233994 
7.600000 	94.120956 	107.000000 	123.693718 	130.233994 
7.700000 	94.120956 	107.000000 	123.693718 	130.233994 
7.800000 	94.120956 	107.000000 	123.693718 	130.233994 
7.900000 	94.120956 	107.000000 	123.693718 	130.233994 
8.000000 	94.565277 	107.000000 	123.711174 	130.391998 
8.100000 	94.565277 	107.000000 	123.711174 	130.391998 
8.200000 	94.565277 	107.000000 	123.711174 	130.391998 
8.300000 	94.565277 	107.000000 	123.711174 	130.391998 
8.400000 	94.565277 	107.000000 	123.711174 	130.391998 
8.500000 	94.565277 	107.000000 	123.711174 	130.391998 
8.600000 	94.565277 	107.000000 	123.711174 	130.391998 
8.700000 	94.565277 	107.000000 	123.711174 	130.391998 
8.800000 	94.565277 	107.000000 	123.711174 	130.391998 
8.900000 	94.565277 	107.000000 	123.711174 	130.391998 
9.000000 	94.738190 	107.000000 	123.859184 	130.535004 
9.100000 	94.738190 	107.000000 	123.859184 	130.535004 
9.200000 	94.738190 	107.000000 	123.859184 	130.535004 
9.300000 	94.738190 	107.000000 	123.859184 	130.535004 
9.400000 	94.738190 	107.000000 	123.859184 	130.535004 
9.500000 	94.738190 	107.000000 	123.859184 	130.535004 
9.600000 	94.738190 	107.000000 	123.859184 	130.535004 
9.700000 	94.738190 	107.000000 	123.859184 	130.535004 
9.800000 	94.738190 	107.000000 	123.859184 	130.535004 
9.900000 	94.738190 	107.000000 	123.859184 	130.535004 
10.000000 	94.770790 	107.000000 	124.060608 	130.669998 
10.100000 	94.770790 	107.000000 	124.060608 	130.669998 
10.200000 	94.770790 	107.000000 	124.060608 	130.669998 
10.300000 	94.770790 	107.000000 	124.060608 	130.669998 
10.400000 	94.770790 	107.000000 	124.060608 	130.669998 
10.500000 	94.770790 	107.000000 	124.060608 	130.669998 
10.600000 	94.770790 	107.000000 	124.060608 	130.669998 
10.700000 	94.770790 	107.000000 	124.060608 	130.669998 
10.800000 	94.770790 	107.000000 	124.060608 	130.669998 
10.900000 	94.770790 	107.000000 	124.060608 	130.669998 
11.000000 	94.730835 	107.000000 	124.277710 	130.802002 
11.100000 	94.730835 	107.000000 	124.277710 	130.802002 
11.200000 	94.730835 	107.000000 	124.277710 	130.802002 
11.300000 	94.730835 	107.000000 	124.277710 	130.802002 
11.400000 	94.730835 	107.000000 	124.277710 	130.802002 
11.500000 	94.730835 	107.000000 	124.277710 	130.802002 
11.600000 	94.730835 	107.000000 	124.277710 	130.802002 
11.700000 	94.730835 	107.000000 	124.277710 	130.802002 
11.800000 	94.730835 	107.000000 	124.277710 	130.802002 
11.900000 	94.730835 	107.000000 	124.277710 	130.802002 
12.000000 	94.654198 	107.000000 	124.492401 	130.931000 
12.100000 	94.654198 	107.000000 	124.492401 	130.931000 
12.200000 	94.654198 	107.000000 	124.492401 	130.931000 
12.300000 	94.654198 	107.000000 	124.492401 	130.931000 
12.400000 	94.654198 	107.000000 	124.492401 	130.931000 
12.500000 	94.654198 	107.000000 	124.492401 	130.931000 
12.600000 	94.654198 	107.000000 	124.492401 	130.931000 
12.700000 	94.654198 	107.000000 	124.492401 	130.931000 
12.800000 	94.654198 	107.000000 	124.492401 	130.931000 
12.900000 	94.654198 	107.000000 	124.492401 	130.931000 
13.000000 	94.560249 	107.000000 	124.696342 	131.059006 
13.100000 	94.560249 	107.000000 	124.696342 	131.059006 
13.200000 	94.560249 	107.000000 	124.696342 	131.059006 
13.300000 	94.560249 	107.000000 	124.696342 	131.059006 
13.400000 	94.560249 	107.000000 	124.696342 	131.059006 
13.500000 	94.560249 	107.000000 	124.696342 	131.059006 
13.600000 	94.560249 	107.000000 	124.696342 	131.059006 
13.700000 	94.560249 	107.000000 	124.696342 	131.059006 
13.800000 	94.560249 	107.000000 	124.696342 	131.059006 
13.900000 	94.560249 	107.000000 	124.696342 	131.059006 
14.000000 	94.459602 	107.000000 	124.886040 	131.186996 
14.100000 	94.459602 	107.000000 	124.886040 	131.186996 
14.200000 	94.459602 	107.000000 	124.886040 	131.186996 
14.300000 	94.459602 	107.000000 	124.886040 	131.186996 
14.400000 	94.459602 	107.000000 	124.886040 	131.186996 
14.500000 	94.459602 	107.000000 	124.886040 	131.186996 
14.600000 	94.459602 	107.000000 	124.886040 	131.186996 
14.700000 	94.459602 	107.000000 	124.886040 	131.186996 
14.800000 	94.459602 	107.000000 	124.886040 	131.186996 
14.900000 	94.459602 	107.000000 	124.886040 	131.186996 
15.000000 	94.358086 	107.000000 	125.060402 	131.315002 
15.100000 	94.358086 	107.000000 	125.060402 	131.315002 
15.200000 	94.358086 	107.000000 	125.060402 	131.315002 
15.300000 	94.358086 	107.000000 	125.060402 	131.315002 
15.400000 	94.358086 	107.000000 	125.060402 	131.315002 
15.500000 	94.358086 	107.000000 	125.060402 	131.315002 
15.600000 	94.358086 	107.000000 	125.060402 	131.315002 
15.700000 	94.358086 	107.000000 	125.060402 	131.315002 
15.800000 	94.358086 	107.000000 	125.060402 	131.315002 
15.900000 	94.358086 	107.000000 	125.060402 	131.315002 
16.000000 	94.258858 	107.000000 	125.219498 	131.442001 
16.100000 	94.258858 	107.000000 	125.219498 	131.442001 
16.200000 	94.258858 	107.000000 	125.219498 	131.442001 
16.300000 	94.258858 	107.000000 	125.219498 	131.442001 
16.400000 	94.258858 	107.000000 	125.219498 	131.442001 
16.500000 	94.258858 	107.000000 	125.219498 	131.442001 
16.600000 	94.258858 	107.000000 	125.219498 	131.442001 
16.700000 	94.258858 	107.000000 	125.219498 	131.442001 
16.800000 	94.258858 	107.000000 	125.219498 	131.442001 
16.900000 	94.258858 	107.000000 	125.219498 	131.442001 
17.000000 	94.163551 	107.000000 	125.363892 	131.570007 
17.100000 	94.163551 	107.000000 	125.363892 	131.570007 
17.200000 	94.163551 	107.000000 	125.363892 	131.570007 
17.300000 	94.163551 	107.000000 	125.363892 	131.570007 
17.400000 	94.163551 	107.000000 	125.363892 	131.570007 
17.500000 	94.163551 	107.000000 	125.363892 	131.570007 
17.600000 	94.163551 	107.000000 	125.363892 	131.570007 
17.700000 	94.163551 	107.000000 	125.363892 	131.570007 
17.800000 	94.163551 	107.000000 	125.363892 	131.570007 
17.900000 	94.163551 	107.000000 	125.363892 	131.570007 
18.000000 	94.072929 	107.000000 	125.494354 	131.697998 
18.100000 	94.072929 	107.000000 	125.494354 	131.697998 
18.200000 	94.072929 	107.000000 	125.494354 	131.697998 
18.300000 	94.072929 	107.000000 	125.494354 	131.697998 
18.400000 	94.072929 	107.000000 	125.494354 	131.697998 
18.500000 	94.072929 	107.000000 	125.494354 	131.697998 
18.600000 	94.072929 	107.000000 	125.494354 	131.697998 
18.700000 	94.072929 	107.000000 	125.494354 	131.697998 
18.800000 	94.072929 	107.000000 	125.494354 	131.697998 
18.900000 	94.072929 	107.000000 	125.494354 	131.697998 
19.000000 	93.987244 	107.000000 	125.611641 	131.826004 
19.100000 	93.987244 	107.000000 	125.611641 	131.826004 
19.200000 	93.987244 	107.000000 	125.611641 	131.826004 
19.300000 	93.987244 	107.000000 	125.611641 	131.826004 
19.400000 	93.987244 	107.000000 	125.611641 	131.826004 
19.500000 	93.987244 	107.000000 	125.611641 	131.826004 
19.600000 	93.987244 	107.000000 	125.611641 	131.826004 
19.700000 	93.987244 	107.000000 	125.611641 	131.826004 
19.800000 	93.987244 	107.000000 	125.611641 	131.826004 
19.900000 	93.987244 	107.000000 	125.611641 	131.826004 
20.000000 	93.906464 	107.000000 	125.716492 	131.953995 
20.100000 	93.906464 	107.000000 	125.716492 	131.953995 
20.200000 	93.906464 	107.000000 	125.716492 	131.953995 
20.300000 	93.906464 	107.000000 	125.716492 	131.953995 
20.400000 	93.906464 	107.000000 	125.716492 	131.953995 
20.500000 	93.906464 	107.000000 	125.716492 	131.953995 
20.600000 	93.906464 	107.000000 	125.716492 	131.953995 
20.700000 	93.906464 	107.000000 	125.716492 	131.953995 
20.800000 	93.906464 	107.000000 	125.716492 	131.953995 
20.900000 	93.906464 	107.000000 	125.716492 	131.953995 
21.000000 	93.830399 	107.000000 	125.809494 	132.082001 
21.100000 	93.830399 	107.000000 	125.809494 	132.082001 
21.200000 	93.830399 	107.000000 	125.809494 	132.082001 
21.300000 	93.830399 	107.000000 	125.809494 	132.082001 
21.400000 	93.830399 	107.000000 	125.809494 	132.082001 
21.500000 	93.830399 	107.000000 	125.809494 	132.082001 
21.600000 	93.830399 	107.000000 	125.809494 	132.082001 
21.700000 	93.830399 	107.000000 	125.809494 	132.082001 
21.800000 	93.830399 	107.000000 	125.809494 	132.082001 
21.900000 	93.830399 	107.000000 	125.809494 	132.082001 
22.000000 	93.758751 	107.000000 	125.891159 	132.210007 
22.100000 	93.758751 	107.000000 	125.891159 	132.210007 
22.200000 	93.758751 	107.000000 	125.891159 	132.210007 
22.300000 	93.758751 	107.000000 	125.891159 	132.210007 
22.400000 	93.758751 	107.000000 	125.891159 	132.210007 
22.500000 	93.758751 	107.000000 	125.891159 	132.210007 
22.600000 	93.758751 	107.000000 	125.891159 	132.210007 
22.700000 	93.758751 	107.000000 	125.891159 	132.210007 
22.800000 	93.758751 	107.000000 	125.891159 	132.210007 
22.900000 	93.758751 	107.000000 	125.891159 	132.210007 
23.000000 	93.691208 	107.000000 	125.961845 	132.337006 
23.100000 	93.691208 	107.000000 	125.961845 	132.337006 
23.200000 	93.691208 	107.000000 	125.961845 	132.337006 
23.300000 	93.691208 	107.000000 	125.961845 	132.337006 
23.400000 	93.691208 	107.000000 	125.961845 	132.337006 
23.500000 	93.691208 	107.000000 	125.961845 	132.337006 
23.600000 	93.691208 	107.000000 	125.961845 	132.337006 
23.700000 	93.691208 	107.000000 	125.961845 	132.337006 
23.800000 	93.691208 	107.000000 	125.961845 	132.337006 
23.900000 	93.691208 	107.000000 	125.961845 	132.337006 
24.000000 	93.627426 	107.000000 	126.021820 	132.462997 
24.100000 	93.627426 	107.000000 	126.021820 	132.462997 
24.200000 	93.627426 	107.000000 	126.021820 	132.462997 
24.300000 	93.627426 	107.000000 	126.021820 	132.462997 
24.400000 	93.627426 	107.000000 	126.021820 	132.462997 
24.500000 	93.627426 	107.000000 	126.021820 	132.462997 
24.600000 	93.627426 	107.000000 	126.021820 	132.462997 
24.700000 	93.627426 	107.000000 	126.021820 	132.462997 
24.800000 	93.627426 	107.000000 	126.021820 	132.462997 
24.900000 	93.627426 	107.000000 	126.021820 	132.462997 
25.000000 	93.567055 	107.000000 	126.071213 	132.587997 
25.100000 	93.567055 	107.000000 	126.071213 	132.587997 
25.200000 	93.567055 	107.000000 	126.071213 	132.587997 
25.300000 	93.567055 	107.000000 	126.071213 	132.587997 
25.400000 	93.567055 	107.000000 	126.071213 	132.587997 
25.500000 	93.567055 	107.000000 	126.071213 	132.587997 
25.600000 	93.567055 	107.000000 	126.071213 	132.587997 
25.700000 	93.567055 	107.000000 	126.071213 	132.587997 
25.800000 	93.567055 	107.000000 	126.071213 	132.587997 
25.900000 	93.567055 	107.000000 	126.071213 	132.587997 
26.000000 	93.509750 	107.000000 	126.110054 	132.712997 
26.100000 	93.509750 	107.000000 	126.110054 	132.712997 
26.200000 	93.509750 	107.000000 	126.110054 	132.712997 
26.300000 	93.509750 	107.000000 	126.110054 	132.712997 
26.400000 	93.509750 	107.000000 	126.110054 	132.712997 
26.500000 	93.509750 	107.000000 	126.110054 	132.712997 
26.600000 	93.509750 	107.000000 	126.110054 	132.712997 
26.700000 	93.509750 	107.000000 	126.110054 	132.712997 
26.800000 	93.509750 	107.000000 	126.110054 	132.712997 
26.900000 	93.509750 	107.000000 	126.110054 	132.712997 
27.000000 	93.455208 	107.000000 	126.138268 	132.837006 
27.100000 	93.455208 	107.000000 	126.138268 	132.837006 
27.200000 	93.455208 	107.000000 	126.138268 	132.837006 
27.300000 	93.455208 	107.000000 	126.138268 	132.837006 
27.400000 	93.455208 	107.000000 	126.138268 	132.837006 
27.500000 	93.455208 	107.000000 	126.138268 	132.837006 
27.600000 	93.455208 	107.000000 	126.138268 	132.837006 
27.700000 	93.455208 	107.000000 	126.138268 	132.837006 
27.800000 	93.455208 	107.000000 	126.138268 	132.837006 
27.900000 	93.455208 	107.000000 	126.138268 	132.837006 
28.000000 	93.403099 	107.000000 	126.155663 	132.959000 
28.100000 	93.403099 	107.000000 	126.155663 	132.959000 
28.200000 	93.403099 	107.000000 	126.155663 	132.959000 
28.300000 	93.403099 	107.000000 	126.155663 	132.959000 
28.400000 	93.403099 	107.000000 	126.155663 	132.959000 
28.500000 	93.403099 	107.000000 	126.155663 	132.959000 
28.600000 	93.403099 	107.000000 	126.155663 	132.959000 
28.700000 	93.403099 	107.000000 	126.155663 	132.959000 
28.800000 	93.403099 	107.000000 	126.155663 	132.959000 
28.900000 	93.403099 	107.000000 	126.155663 	132.959000 
29.000000 	93.353127 	107.000000 	126.161949 	133.080994 
29.100000 	93.353127 	107.000000 	126.161949 	133.080994 
29.200000 	93.353127 	107.000000 	126.161949 	133.080994 
29.300000 	93.353127 	107.000000 	126.161949 	133.080994 
29.400000 	93.353127 	107.000000 	126.161949 	133.080994 
29.500000 	93.353127 	107.000000 	126.161949 	133.080994 
29.600000 	93.353127 	107.000000 	126.161949 	133.080994 
29.700000 	93.353127 	107.000000 	126.161949 	133.080994 
29.800000 	93.353127 	107.000000 	126.161949 	133.080994 
29.900000 	93.353127 	107.000000 	126.161949 	133.080994 
30.000000 	93.305031 	107.000000 	126.156685 	133.201004 
30.100000 	93.305031 	107.000000 	126.156685 	133.201004 
30.200000 	93.305031 	107.000000 	126.156685 	133.201004 
30.300000 	93.305031 	107.000000 	126.156685 	133.201004 
30.400000 	93.305031 	107.000000 	126.156685 	133.201004 
30.500000 	93.305031 	107.000000 	126.156685 	133.201004 
30.600000 	93.305031 	107.000000 	126.156685 	133.201004 
30.700000 	93.305031 	107.000000 	126.156685 	133.201004 
30.800000 	93.305031 	107.000000 	126.156685 	133.201004 
30.900000 	93.305031 	107.000000 	126.156685 	133.201004 
31.000000 	93.258621 	107.000000 	126.139046 	133.319000 
31.100000 	93.258621 	107.000000 	126.139046 	133.319000 
31.200000 	93.258621 	107.000000 	126.139046 	133.319000 
31.300000 	93.258621 	107.000000 	126.139046 	133.319000 
31.400000 	93.258621 	107.000000 	126.139046 	133.319000 
31.500000 	93.258621 	107.000000 	126.139046 	133.319000 
31.600000 	93.258621 	107.000000 	126.139046 	133.319000 
31.700000 	93.258621 	107.000000 	126.139046 	133.319000 
31.800000 	93.258621 	107.000000 	126.139046 	133.319000 
31.900000 	93.258621 	107.000000 	126.139046 	133.319000 
32.000000 	93.213348 	107.000000 	126.109497 	133.436005 
32.100000 	93.213348 	107.000000 	126.109497 	133.436005 
32.200000 	93.213348 	107.000000 	126.109497 	133.436005 
32.300000 	93.213348 	107.000000 	126.109497 	133.436005 
32.400000 	93.213348 	107.000000 	126.109497 	133.436005 
32.500000 	93.213348 	107.000000 	126.109497 	133.436005 
32.600000 	93.213348 	107.000000 	126.109497 	133.436005 
32.700000 	93.213348 	107.000000 	126.109497 	133.436005 
32.800000 	93.213348 	107.000000 	126.109497 	133.436005 
32.900000 	93.213348 	107.000000 	126.109497 	133.436005 
33.000000 	93.168900 	107.000000 	126.067581 	133.552002 
33.100000 	93.168900 	107.000000 	126.067581 	133.552002 
33.200000 	93.168900 	107.000000 	126.067581 	133.552002 
33.300000 	93.168900 	107.000000 	126.067581 	133.552002 
33.400000 	93.168900 	107.000000 	126.067581 	133.552002 
33.500000 	93.168900 	107.000000 	126.067581 	133.552002 
33.600000 	93.168900 	107.000000 	126.067581 	133.552002 
33.700000 	93.168900 	107.000000 	126.067581 	133.552002 
33.800000 	93.168900 	107.000000 	126.067581 	133.552002 
33.900000 	93.168900 	107.000000 	126.067581 	133.552002 
34.000000 	93.125153 	107.000000 	126.011978 	133.666000 
34.100000 	93.125153 	107.000000 	126.011978 	133.666000 
34.200000 	93.125153 	107.000000 	126.011978 	133.666000 
34.300000 	93.125153 	107.000000 	126.011978 	133.666000 
34.400000 	93.125153 	107.000000 	126.011978 	133.666000 
34.500000 	93.125153 	107.000000 	126.011978 	133.666000 
34.600000 	93.125153 	107.000000 	126.011978 	133.666000 
34.700000 	93.125153 	107.000000 	126.011978 	133.666000 
34.800000 	93.125153 	107.000000 	126.011978 	133.666000 
34.900000 	93.125153 	107.000000 	126.011978 	133.666000 
35.000000 	93.081818 	107.000000 	125.941849 	133.778000 
35.100000 	93.081818 	107.000000 	125.941849 	133.778000 
35.200000 	93.081818 	107.000000 	125.941849 	133.778000 
35.300000 	93.081818 	107.000000 	125.941849 	133.778000 
35.400000 	93.081818 	107.000000 	125.941849 	133.778000 
35.500000 	93.081818 	107.000000 	125.941849 	133.778000 
35.600000 	93.081818 	107.000000 	125.941849 	133.778000 
35.700000 	93.081818 	107.000000 	125.941849 	133.778000 
35.800000 	93.081818 	107.000000 	125.941849 	133.778000 
35.900000 	93.081818 	107.000000 	125.941849 	133.778000 
36.000000 	93.038628 	107.000000 	125.856262 	133.889999 
36.100000 	93.038628 	107.000000 	125.856262 	133.889999 
36.200000 	93.038628 	107.000000 	125.856262 	133.889999 
36.300000 	93.038628 	107.000000 	125.856262 	133.889999 
36.400000 	93.038628 	107.000000 	125.856262 	133.889999 
36.500000 	93.038628 	107.000000 	125.856262 	133.889999 
36.600000 	93.038628 	107.000000 	125.856262 	133.889999 
36.700000 	93.038628 	107.000000 	125.856262 	133.889999 
36.800000 	93.038628 	107.000000 	125.856262 	133.889999 
36.900000 	93.038628 	107.000000 	125.856262 	133.889999 
37.000000 	92.995285 	107.000000 	125.754150 	133.998001 
37.100000 	92.995285 	107.000000 	125.754150 	133.998001 
37.200000 	92.995285 	107.000000 	125.754150 	133.998001 
37.300000 	92.995285 	107.000000 	125.754150 	133.998001 
37.400000 	92.995285 	107.000000 	125.754150 	133.998001 
37.500000 	92.995285 	107.000000 	125.754150 	133.998001 
37.600000 	92.995285 	107.000000 	125.754150 	133.998001 
37.700000 	92.995285 	107.000000 	125.754150 	133.998001 
37.800000 	92.995285 	107.000000 	125.754150 	133.998001 
37.900000 	92.995285 	107.000000 	125.754150 	133.998001 
38.000000 	92.951477 	107.000000 	125.634346 	134.102997 
38.100000 	92.951477 	107.000000 	125.634346 	134.102997 
38.200000 	92.951477 	107.000000 	125.634346 	134.102997 
38.300000 	92.951477 	107.000000 	125.634346 	134.102997 
38.400000 	92.951477 	107.000000 	125.634346 	134.102997 
38.500000 	92.951477 	107.000000 	125.634346 	134.102997 
38.600000 	92.951477 	107.000000 	125.634346 	134.102997 
38.700000 	92.951477 	107.000000 	125.634346 	134.102997 
38.800000 	92.951477 	107.000000 	125.634346 	134.102997 
38.900000 	92.951477 	107.000000 	125.634346 	134.102997 
39.000000 	92.906891 	107.000000 	125.495522 	134.207001 
39.100000 	92.906891 	107.000000 	125.495522 	134.207001 
39.200000 	92.906891 	107.000000 	125.495522 	134.207001 
39.300000 	92.906891 	107.000000 	125.495522 	134.207001 
39.400000 	92.906891 	107.000000 	125.495522 	134.207001 
39.500000 	92.906891 	107.000000 	125.495522 	134.207001 
39.600000 	92.906891 	107.000000 	125.495522 	134.207001 
39.700000 	92.906891 	107.000000 	125.495522 	134.207001 
39.800000 	92.906891 	107.000000 	125.495522 	134.207001 
39.900000 	92.906891 	107.000000 	125.495522 	134.207001 
40.000000 	92.861168 	107.000000 	125.336227 	134.307999 
40.100000 	92.861168 	107.000000 	125.336227 	134.307999 
40.200000 	92.861168 	107.000000 	125.336227 	134.307999 
40.300000 	92.861168 	107.000000 	125.336227 	134.307999 
40.400000 	92.861168 	107.000000 	125.336227 	134.307999 
40.500000 	92.861168 	107.000000 	125.336227 	134.307999 
40.600000 	92.861168 	107.000000 	125.336227 	134.307999 
40.700000 	92.861168 	107.000000 	125.336227 	134.307999 
40.800000 	92.861168 	107.000000 	125.336227 	134.307999 
40.900000 	92.861168 	107.000000 	125.336227 	134.307999 
41.000000 	92.813927 	107.000000 	125.154839 	134.406006 
41.100000 	92.813927 	107.000000 	125.154839 	134.406006 
41.200000 	92.813927 	107.000000 	125.154839 	134.406006 
41.300000 	92.813927 	107.000000 	125.154839 	134.406006 
41.400000 	92.813927 	107.000000 	125.154839 	134.406006 
41.500000 	92.813927 	107.000000 	125.154839 	134.406006 
41.600000 	92.813927 	107.000000 	125.154839 	134.406006 
41.700000 	92.813927 	107.000000 	125.154839 	134.406006 
41.800000 	92.813927 	107.000000 	125.154839 	134.406006 
41.900000 	92.813927 	107.000000 	125.154839 	134.406006 
42.000000 	92.764755 	107.000000 	124.949547 	134.501999 
42.100000 	92.764755 	107.000000 	124.949547 	134.501999 
42.200000 	92.764755 	107.000000 	124.949547 	134.501999 
42.300000 	92.764755 	107.000000 	124.949547 	134.501999 
42.400000 	92.764755 	107.000000 	124.949547 	134.501999 
42.500000 	92.764755 	107.000000 	124.949547 	134.501999 
42.600000 	92.764755 	107.000000 	124.949547 	134.501999 
42.700000 	92.764755 	107.000000 	124.949547 	134.501999 
42.800000 	92.764755 	107.000000 	124.949547 	134.501999 
42.900000 	92.764755 	107.000000 	124.949547 	134.501999 
43.000000 	92.713173 	107.000000 	124.718361 	134.595001 
43.100000 	92.713173 	107.000000 	124.718361 	134.595001 
43.200000 	92.713173 	107.000000 	124.718361 	134.595001 
43.300000 	92.713173 	107.000000 	124.718361 	134.595001 
43.400000 	92.713173 	107.000000 	124.718361 	134.595001 
43.500000 	92.713173 	107.000000 	124.718361 	134.595001 
43.600000 	92.713173 	107.000000 	124.718361 	134.595001 
43.700000 	92.713173 	107.000000 	124.718361 	134.595001 
43.800000 	92.713173 	107.000000 	124.718361 	134.595001 
43.900000 	92.713173 	107.000000 	124.718361 	134.595001 
44.000000 	92.658646 	107.000000 	124.459045 	134.684998 
44.100000 	92.658646 	107.000000 	124.459045 	134.684998 
44.200000 	92.658646 	107.000000 	124.459045 	134.684998 
44.300000 	92.658646 	107.000000 	124.459045 	134.684998 
44.400000 	92.658646 	107.000000 	124.459045 	134.684998 
44.500000 	92.658646 	107.000000 	124.459045 	134.684998 
44.600000 	92.658646 	107.000000 	124.459045 	134.684998 
44.700000 	92.658646 	107.000000 	124.459045 	134.684998 
44.800000 	92.658646 	107.000000 	124.459045 	134.684998 
44.900000 	92.658646 	107.000000 	124.459045 	134.684998 
45.000000 	92.600571 	107.000000 	124.169128 	134.772995 
45.100000 	92.600571 	107.000000 	124.169128 	134.772995 
45.200000 	92.600571 	107.000000 	124.169128 	134.772995 
45.300000 	92.600571 	107.000000 	124.169128 	134.772995 
45.400000 	92.600571 	107.000000 	124.169128 	134.772995 
45.500000 	92.600571 	107.000000 	124.169128 	134.772995 
45.600000 	92.600571 	107.000000 	124.169128 	134.772995 
45.700000 	92.600571 	107.000000 	124.169128 	134.772995 
45.800000 	92.600571 	107.000000 	124.169128 	134.772995 
45.900000 	92.600571 	107.000000 	124.169128 	134.772995 
46.000000 	92.538231 	107.000000 	123.845856 	134.856995 
46.100000 	92.538231 	107.000000 	123.845856 	134.856995 
46.200000 	92.538231 	107.000000 	123.845856 	134.856995 
46.300000 	92.538231 	107.000000 	123.845856 	134.856995 
46.400000 	92.538231 	107.000000 	123.845856 	134.856995 
46.500000 	92.538231 	107.000000 	123.845856 	134.856995 
46.600000 	92.538231 	107.000000 	123.845856 	134.856995 
46.700000 	92.538231 	107.000000 	123.845856 	134.856995 
46.800000 	92.538231 	107.000000 	123.845856 	134.856995 
46.900000 	92.538231 	107.000000 	123.845856 	134.856995 
47.000000 	92.470795 	107.000000 	123.486130 	134.938995 
47.100000 	92.470795 	107.000000 	123.486130 	134.938995 
47.200000 	92.470795 	107.000000 	123.486130 	134.938995 
47.300000 	92.470795 	107.000000 	123.486130 	134.938995 
47.400000 	92.470795 	107.000000 	123.486130 	134.938995 
47.500000 	92.470795 	107.000000 	123.486130 	134.938995 
47.600000 	92.470795 	107.000000 	123.486130 	134.938995 
47.700000 	92.470795 	107.000000 	123.486130 	134.938995 
47.800000 	92.470795 	107.000000 	123.486130 	134.938995 
47.900000 	92.470795 	107.000000 	123.486130 	134.938995 
48.000000 	92.397263 	107.000000 	123.086510 	135.016998 
48.100000 	92.397263 	107.000000 	123.086510 	135.016998 
48.200000 	92.397263 	107.000000 	123.086510 	135.016998 
48.300000 	92.397263 	107.000000 	123.086510 	135.016998 
48.400000 	92.397263 	107.000000 	123.086510 	135.016998 
48.500000 	92.397263 	107.000000 	123.086510 	135.016998 
48.600000 	92.397263 	107.000000 	123.086510 	135.016998 
48.700000 	92.397263 	107.000000 	123.086510 	135.016998 
48.800000 	92.397263 	107.000000 	123.086510 	135.016998 
48.900000 	92.397263 	107.000000 	123.086510 	135.016998 
49.000000 	92.316444 	107.000000 	122.643127 	135.091995 
49.100000 	92.316444 	107.000000 	122.643127 	135.091995 
49.200000 	92.316444 	107.000000 	122.643127 	135.091995 
49.300000 	92.316444 	107.000000 	122.643127 	135.091995 
49.400000 	92.316444 	107.000000 	122.643127 	135.091995 
49.500000 	92.316444 	107.000000 	122.643127 	135.091995 
49.600000 	92.316444 	107.000000 	122.643127 	135.091995 
49.700000 	92.316444 	107.000000 	122.643127 	135.091995 
49.800000 	92.316444 	107.000000 	122.643127 	135.091995 
49.900000 	92.316444 	107.000000 	122.643127 	135.091995 
50.000000 	92.226883 	107.000000 	122.151642 	135.164001 
50.100000 	92.226883 	107.000000 	122.151642 	135.164001 
50.200000 	92.226883 	107.000000 	122.151642 	135.164001 
50.300000 	92.226883 	107.000000 	122.151642 	135.164001 
50.400000 	92.226883 	107.000000 	122.151642 	135.164001 
50.500000 	92.226883 	107.000000 	122.151642 	135.164001 
50.600000 	92.226883 	107.000000 	122.151642 	135.164001 
50.700000 	92.226883 	107.000000 	122.151642 	135.164001 
50.800000 	92.226883 	107.000000 	122.151642 	135.164001 
50.900000 	92.226883 	107.000000 	122.151642 	135.164001 
51.000000 	92.126770 	107.000000 	121.607155 	1003.359985 
51.100000 	92.126770 	107.000000 	121.607155 	1003.359985 
51.200000 	92.126770 	107.000000 	121.607155 	1003.359985 
51.300000 	92.126770 	107.000000 	121.607155 	1003.359985 
51.400000 	92.126770 	107.000000 	121.607155 	1003.359985 
51.500000 	92.126770 	107.000000 	121.607155 	1003.359985 
51.600000 	92.126770 	107.000000 	121.607155 	1003.359985 
51.700000 	92.126770 	107.000000 	121.607155 	1003.359985 
51.800000 	92.126770 	107.000000 	121.607155 	1003.359985 
51.900000 	92.126770 	107.000000 	121.607155 	1003.359985 
52.000000 	92.013855 	107.000000 	121.004158 	1003.359985 
52.100000 	92.013855 	107.000000 	121.004158 	1003.359985 
52.200000 	92.013855 	107.000000 	121.004158 	1003.359985 
52.300000 	92.013855 	107.000000 	121.004158 	1003.359985 
52.400000 	92.013855 	107.000000 	121.004158 	1003.359985 
52.500000 	92.013855 	107.000000 	121.004158 	1003.359985 
52.600000 	92.013855 	107.000000 	121.004158 	1003.359985 
52.700000 	92.013855 	107.000000 	121.004158 	1003.359985 
52.800000 	92.013855 	107.000000 	121.004158 	1003.359985 
52.900000 	92.013855 	107.000000 	121.004158 	1003.359985 
53.000000 	91.885269 	107.000000 	120.336426 	1003.359985 
53.100000 	91.885269 	107.000000 	120.336426 	1003.359985 
53.200000 	91.885269 	107.000000 	120.336426 	1003.359985 
53.300000 	91.885269 	107.000000 	120.336426 	1003.359985 
53.400000 	91.885269 	107.000000 	120.336426 	1003.359985 
53.500000 	91.885269 	107.000000 	120.336426 	1003.359985 
53.600000 	91.885269 	107.000000 	120.336426 	1003.359985 
53.700000 	91.885269 	107.000000 	120.336426 	1003.359985 
53.800000 	91.885269 	107.000000 	120.336426 	1003.359985 
53.900000 	91.885269 	107.000000 	120.336426 	1003.359985 
54.000000 	91.737289 	107.000000 	119.596939 	1003.359985 
54.100000 	91.737289 	107.000000 	119.596939 	1003.359985 
54.200000 	91.737289 	107.000000 	119.596939 	1003.359985 
54.300000 	91.737289 	107.000000 	119.596939 	1003.359985 
54.400000 	91.737289 	107.000000 	119.596939 	1003.359985 
54.500000 	91.737289 	107.000000 	119.596939 	1003.359985 
54.600000 	91.737289 	107.000000 	119.596939 	1003.359985 
54.700000 	91.737289 	107.000000 	119.596939 	1003.359985 
54.800000 	91.737289 	107.000000 	119.596939 	1003.359985 
54.900000 	91.737289 	107.000000 	119.596939 	1003.359985 
55.000000 	91.565048 	107.000000 	118.777809 	1003.359985 
55.100000 	91.565048 	107.000000 	118.777809 	1003.359985 
55.200000 	91.565048 	107.000000 	118.777809 	1003.359985 
55.300000 	91.565048 	107.000000 	118.777809 	1003.359985 
55.400000 	91.565048 	107.000000 	118.777809 	1003.359985 
55.500000 	91.565048 	107.000000 	118.777809 	1003.359985 
55.600000 	91.565048 	107.000000 	118.777809 	1003.359985 
55.700000 	91.565048 	107.000000 	118.777809 	1003.359985 
55.800000 	91.565048 	107.000000 	118.777809 	1003.359985 
55.900000 	91.565048 	107.000000 	118.777809 	1003.359985 
56.000000 	91.362007 	107.000000 	117.870201 	1003.359985 
56.100000 	91.362007 	107.000000 	117.870201 	1003.359985 
56.200000 	91.362007 	107.000000 	117.870201 	1003.359985 
56.300000 	91.362007 	107.000000 	117.870201 	1003.359985 
56.400000 	91.362007 	107.000000 	117.870201 	1003.359985 
56.500000 	91.362007 	107.000000 	117.870201 	1003.359985 
56.600000 	91.362007 	107.000000 	117.870201 	1003.359985 
56.700000 	91.362007 	107.000000 	117.870201 	1003.359985 
56.800000 	91.362007 	107.000000 	117.870201 	1003.359985 
56.900000 	91.362007 	107.000000 	117.870201 	1003.359985 
57.000000 	91.119522 	107.000000 	116.864197 	1003.359985 
57.100000 	91.119522 	107.000000 	116.864197 	1003.359985 
57.200000 	91.119522 	107.000000 	116.864197 	1003.359985 
57.300000 	91.119522 	107.000000 	116.864197 	1003.359985 
57.400000 	91.119522 	107.000000 	116.864197 	1003.359985 
57.500000 	91.119522 	107.000000 	116.864197 	1003.359985 
57.600000 	91.119522 	107.000000 	116.864197 	1003.359985 
57.700000 	91.119522 	107.000000 	116.864197 	1003.359985 
57.800000 	91.119522 	107.000000 	116.864197 	1003.359985 
57.900000 	91.119522 	107.000000 	116.864197 	1003.359985 
58.000000 	90.824615 	107.000000 	115.749451 	1003.359985 
58.100000 	90.824615 	107.000000 	115.749451 	1003.359985 
58.200000 	90.824615 	107.000000 	115.749451 	1003.359985 
58.300000 	90.824615 	107.000000 	115.749451 	1003.359985 
58.400000 	90.824615 	107.000000 	115.749451 	1003.359985 
58.500000 	90.824615 	107.000000 	115.749451 	1003.359985 
58.600000 	90.824615 	107.000000 	115.749451 	1003.359985 
58.700000 	90.824615 	107.000000 	115.749451 	1003.359985 
58.800000 	90.824615 	107.000000 	115.749451 	1003.359985 
58.900000 	90.824615 	107.000000 	115.749451 	1003.359985 
59.000000 	90.459633 	107.000000 	114.514519 	1003.359985 
59.100000 	90.459633 	107.000000 	114.514519 	1003.359985 
59.200000 	90.459633 	107.000000 	114.514519 	1003.359985 
59.300000 	90.459633 	107.000000 	114.514519 	1003.359985 
59.400000 	90.459633 	107.000000 	114.514519 	1003.359985 
59.500000 	90.459633 	107.000000 	114.514519 	1003.359985 
59.600000 	90.459633 	107.000000 	114.514519 	1003.359985 
59.700000 	90.459633 	107.000000 	114.514519 	1003.359985 
59.800000 	90.459633 	107.000000 	114.514519 	1003.359985 
59.900000 	90.459633 	107.000000 	114.514519 	1003.359985 
60.000000 	89.997650 	107.000000 	113.149750 	1003.359985 
