0.500000 	0.000000 	973.000000 	0.000000 	953.706970 
0.600000 	129.247787 	973.000000 	903.766541 	962.598999 
0.700000 	119.518913 	973.000000 	934.079590 	967.616028 
0.800000 	112.122391 	973.000000 	948.695801 	970.557007 
0.900000 	106.649673 	973.000000 	956.553406 	972.281006 
1.000000 	102.854393 	973.000000 	961.121765 	973.354004 
1.100000 	102.854393 	973.000000 	961.121765 	973.354004 
1.200000 	102.854393 	973.000000 	961.121765 	973.354004 
1.300000 	102.854393 	973.000000 	961.121765 	973.354004 
1.400000 	102.854393 	973.000000 	961.121765 	973.354004 
1.500000 	102.854393 	973.000000 	961.121765 	973.354004 
1.600000 	102.854393 	973.000000 	961.121765 	973.354004 
1.700000 	102.854393 	973.000000 	961.121765 	973.354004 
1.800000 	102.854393 	973.000000 	961.121765 	973.354004 
1.900000 	102.854393 	973.000000 	961.121765 	973.354004 
2.000000 	100.481766 	973.000000 	963.931335 	975.674011 
2.100000 	100.481766 	973.000000 	963.931335 	975.674011 
2.200000 	100.481766 	973.000000 	963.931335 	975.674011 
2.300000 	100.481766 	973.000000 	963.931335 	975.674011 
2.400000 	100.481766 	973.000000 	963.931335 	975.674011 
2.500000 	100.481766 	973.000000 	963.931335 	975.674011 
2.600000 	100.481766 	973.000000 	963.931335 	975.674011 
2.700000 	100.481766 	973.000000 	963.931335 	975.674011 
2.800000 	100.481766 	973.000000 	963.931335 	975.674011 
2.900000 	100.481766 	973.000000 	963.931335 	975.674011 
3.000000 	106.626617 	973.000000 	969.123047 	975.911987 
3.100000 	106.626617 	973.000000 	969.123047 	975.911987 
3.200000 	106.626617 	973.000000 	969.123047 	975.911987 
3.300000 	106.626617 	973.000000 	969.123047 	975.911987 
3.400000 	106.626617 	973.000000 	969.123047 	975.911987 
3.500000 	106.626617 	973.000000 	969.123047 	975.911987 
3.600000 	106.626617 	973.000000 	969.123047 	975.911987 
3.700000 	106.626617 	973.000000 	969.123047 	975.911987 
3.800000 	106.626617 	973.000000 	969.123047 	975.911987 
3.900000 	106.626617 	973.000000 	969.123047 	975.911987 
4.000000 	114.971931 	973.000000 	968.945312 	975.989014 
4.100000 	114.971931 	973.000000 	968.945312 	975.989014 
4.200000 	114.971931 	973.000000 	968.945312 	975.989014 
4.300000 	114.971931 	973.000000 	968.945312 	975.989014 
4.400000 	114.971931 	973.000000 	968.945312 	975.989014 
4.500000 	114.971931 	973.000000 	968.945312 	975.989014 
4.600000 	114.971931 	973.000000 	968.945312 	975.989014 
4.700000 	114.971931 	973.000000 	968.945312 	975.989014 
4.800000 	114.971931 	973.000000 	968.945312 	975.989014 
4.900000 	114.971931 	973.000000 	968.945312 	975.989014 
5.000000 	119.065704 	973.000000 	968.745117 	976.028015 
5.100000 	119.065704 	973.000000 	968.745117 	976.028015 
5.200000 	119.065704 	973.000000 	968.745117 	976.028015 
5.300000 	119.065704 	973.000000 	968.745117 	976.028015 
5.400000 	119.065704 	973.000000 	968.745117 	976.028015 
5.500000 	119.065704 	973.000000 	968.745117 	976.028015 
5.600000 	119.065704 	973.000000 	968.745117 	976.028015 
5.700000 	119.065704 	973.000000 	968.745117 	976.028015 
5.800000 	119.065704 	973.000000 	968.745117 	976.028015 
5.900000 	119.065704 	973.000000 	968.745117 	976.028015 
6.000000 	121.210083 	973.000000 	968.638977 	976.052979 
6.100000 	121.210083 	973.000000 	968.638977 	976.052979 
6.200000 	121.210083 	973.000000 	968.638977 	976.052979 
6.300000 	121.210083 	973.000000 	968.638977 	976.052979 
6.400000 	121.210083 	973.000000 	968.638977 	976.052979 
6.500000 	121.210083 	973.000000 	968.638977 	976.052979 
6.600000 	121.210083 	973.000000 	968.638977 	976.052979 
6.700000 	121.210083 	973.000000 	968.638977 	976.052979 
6.800000 	121.210083 	973.000000 	968.638977 	976.052979 
6.900000 	121.210083 	973.000000 	968.638977 	976.052979 
7.000000 	122.446106 	973.000000 	968.585999 	976.072021 
7.100000 	122.446106 	973.000000 	968.585999 	976.072021 
7.200000 	122.446106 	973.000000 	968.585999 	976.072021 
7.300000 	122.446106 	973.000000 	968.585999 	976.072021 
7.400000 	122.446106 	973.000000 	968.585999 	976.072021 
7.500000 	122.446106 	973.000000 	968.585999 	976.072021 
7.600000 	122.446106 	973.000000 	968.585999 	976.072021 
7.700000 	122.446106 	973.000000 	968.585999 	976.072021 
7.800000 	122.446106 	973.000000 	968.585999 	976.072021 
7.900000 	122.446106 	973.000000 	968.585999 	976.072021 
8.000000 	123.216614 	973.000000 	968.560425 	976.088013 
8.100000 	123.216614 	973.000000 	968.560425 	976.088013 
8.200000 	123.216614 	973.000000 	968.560425 	976.088013 
8.300000 	123.216614 	973.000000 	968.560425 	976.088013 
8.400000 	123.216614 	973.000000 	968.560425 	976.088013 
8.500000 	123.216614 	973.000000 	968.560425 	976.088013 
8.600000 	123.216614 	973.000000 	968.560425 	976.088013 
8.700000 	123.216614 	973.000000 	968.560425 	976.088013 
8.800000 	123.216614 	973.000000 	968.560425 	976.088013 
8.900000 	123.216614 	973.000000 	968.560425 	976.088013 
9.000000 	123.727249 	973.000000 	968.549133 	976.101990 
9.100000 	123.727249 	973.000000 	968.549133 	976.101990 
9.200000 	123.727249 	973.000000 	968.549133 	976.101990 
9.300000 	123.727249 	973.000000 	968.549133 	976.101990 
9.400000 	123.727249 	973.000000 	968.549133 	976.101990 
9.500000 	123.727249 	973.000000 	968.549133 	976.101990 
9.600000 	123.727249 	973.000000 	968.549133 	976.101990 
9.700000 	123.727249 	973.000000 	968.549133 	976.101990 
9.800000 	123.727249 	973.000000 	968.549133 	976.101990 
9.900000 	123.727249 	973.000000 	968.549133 	976.101990 
10.000000 	124.082329 	973.000000 	968.545532 	976.114014 
10.100000 	124.082329 	973.000000 	968.545532 	976.114014 
10.200000 	124.082329 	973.000000 	968.545532 	976.114014 
10.300000 	124.082329 	973.000000 	968.545532 	976.114014 
10.400000 	124.082329 	973.000000 	968.545532 	976.114014 
10.500000 	124.082329 	973.000000 	968.545532 	976.114014 
10.600000 	124.082329 	973.000000 	968.545532 	976.114014 
10.700000 	124.082329 	973.000000 	968.545532 	976.114014 
10.800000 	124.082329 	973.000000 	968.545532 	976.114014 
10.900000 	124.082329 	973.000000 	968.545532 	976.114014 
11.000000 	124.338829 	973.000000 	968.546143 	976.125977 
11.100000 	124.338829 	973.000000 	968.546143 	976.125977 
11.200000 	124.338829 	973.000000 	968.546143 	976.125977 
11.300000 	124.338829 	973.000000 	968.546143 	976.125977 
11.400000 	124.338829 	973.000000 	968.546143 	976.125977 
11.500000 	124.338829 	973.000000 	968.546143 	976.125977 
11.600000 	124.338829 	973.000000 	968.546143 	976.125977 
11.700000 	124.338829 	973.000000 	968.546143 	976.125977 
11.800000 	124.338829 	973.000000 	968.546143 	976.125977 
11.900000 	124.338829 	973.000000 	968.546143 	976.125977 
12.000000 	124.529823 	973.000000 	968.549011 	976.138000 
12.100000 	124.529823 	973.000000 	968.549011 	976.138000 
12.200000 	124.529823 	973.000000 	968.549011 	976.138000 
12.300000 	124.529823 	973.000000 	968.549011 	976.138000 
12.400000 	124.529823 	973.000000 	968.549011 	976.138000 
12.500000 	124.529823 	973.000000 	968.549011 	976.138000 
12.600000 	124.529823 	973.000000 	968.549011 	976.138000 
12.700000 	124.529823 	973.000000 	968.549011 	976.138000 
12.800000 	124.529823 	973.000000 	968.549011 	976.138000 
12.900000 	124.529823 	973.000000 	968.549011 	976.138000 
13.000000 	124.675476 	973.000000 	968.553101 	976.148987 
13.100000 	124.675476 	973.000000 	968.553101 	976.148987 
13.200000 	124.675476 	973.000000 	968.553101 	976.148987 
13.300000 	124.675476 	973.000000 	968.553101 	976.148987 
13.400000 	124.675476 	973.000000 	968.553101 	976.148987 
13.500000 	124.675476 	973.000000 	968.553101 	976.148987 
13.600000 	124.675476 	973.000000 	968.553101 	976.148987 
13.700000 	124.675476 	973.000000 	968.553101 	976.148987 
13.800000 	124.675476 	973.000000 	968.553101 	976.148987 
13.900000 	124.675476 	973.000000 	968.553101 	976.148987 
14.000000 	124.788567 	973.000000 	968.557800 	976.159973 
14.100000 	124.788567 	973.000000 	968.557800 	976.159973 
14.200000 	124.788567 	973.000000 	968.557800 	976.159973 
14.300000 	124.788567 	973.000000 	968.557800 	976.159973 
14.400000 	124.788567 	973.000000 	968.557800 	976.159973 
14.500000 	124.788567 	973.000000 	968.557800 	976.159973 
14.600000 	124.788567 	973.000000 	968.557800 	976.159973 
14.700000 	124.788567 	973.000000 	968.557800 	976.159973 
14.800000 	124.788567 	973.000000 	968.557800 	976.159973 
14.900000 	124.788567 	973.000000 	968.557800 	976.159973 
15.000000 	124.877457 	973.000000 	968.562683 	976.171021 
15.100000 	124.877457 	973.000000 	968.562683 	976.171021 
15.200000 	124.877457 	973.000000 	968.562683 	976.171021 
15.300000 	124.877457 	973.000000 	968.562683 	976.171021 
15.400000 	124.877457 	973.000000 	968.562683 	976.171021 
15.500000 	124.877457 	973.000000 	968.562683 	976.171021 
15.600000 	124.877457 	973.000000 	968.562683 	976.171021 
15.700000 	124.877457 	973.000000 	968.562683 	976.171021 
15.800000 	124.877457 	973.000000 	968.562683 	976.171021 
15.900000 	124.877457 	973.000000 	968.562683 	976.171021 
16.000000 	124.947777 	973.000000 	968.567627 	976.182007 
16.100000 	124.947777 	973.000000 	968.567627 	976.182007 
16.200000 	124.947777 	973.000000 	968.567627 	976.182007 
16.300000 	124.947777 	973.000000 	968.567627 	976.182007 
16.400000 	124.947777 	973.000000 	968.567627 	976.182007 
16.500000 	124.947777 	973.000000 	968.567627 	976.182007 
16.600000 	124.947777 	973.000000 	968.567627 	976.182007 
16.700000 	124.947777 	973.000000 	968.567627 	976.182007 
16.800000 	124.947777 	973.000000 	968.567627 	976.182007 
16.900000 	124.947777 	973.000000 	968.567627 	976.182007 
17.000000 	125.003349 	973.000000 	968.572388 	976.192017 
17.100000 	125.003349 	973.000000 	968.572388 	976.192017 
17.200000 	125.003349 	973.000000 	968.572388 	976.192017 
17.300000 	125.003349 	973.000000 	968.572388 	976.192017 
17.400000 	125.003349 	973.000000 	968.572388 	976.192017 
17.500000 	125.003349 	973.000000 	968.572388 	976.192017 
17.600000 	125.003349 	973.000000 	968.572388 	976.192017 
17.700000 	125.003349 	973.000000 	968.572388 	976.192017 
17.800000 	125.003349 	973.000000 	968.572388 	976.192017 
17.900000 	125.003349 	973.000000 	968.572388 	976.192017 
18.000000 	125.046822 	973.000000 	968.577026 	976.203003 
18.100000 	125.046822 	973.000000 	968.577026 	976.203003 
18.200000 	125.046822 	973.000000 	968.577026 	976.203003 
18.300000 	125.046822 	973.000000 	968.577026 	976.203003 
18.400000 	125.046822 	973.000000 	968.577026 	976.203003 
18.500000 	125.046822 	973.000000 	968.577026 	976.203003 
18.600000 	125.046822 	973.000000 	968.577026 	976.203003 
18.700000 	125.046822 	973.000000 	968.577026 	976.203003 
18.800000 	125.046822 	973.000000 	968.577026 	976.203003 
18.900000 	125.046822 	973.000000 	968.577026 	976.203003 
19.000000 	125.080040 	973.000000 	968.581421 	976.213013 
19.100000 	125.080040 	973.000000 	968.581421 	976.213013 
19.200000 	125.080040 	973.000000 	968.581421 	976.213013 
19.300000 	125.080040 	973.000000 	968.581421 	976.213013 
19.400000 	125.080040 	973.000000 	968.581421 	976.213013 
19.500000 	125.080040 	973.000000 	968.581421 	976.213013 
19.600000 	125.080040 	973.000000 	968.581421 	976.213013 
19.700000 	125.080040 	973.000000 	968.581421 	976.213013 
19.800000 	125.080040 	973.000000 	968.581421 	976.213013 
19.900000 	125.080040 	973.000000 	968.581421 	976.213013 
20.000000 	125.104233 	973.000000 	968.585571 	976.223022 
20.100000 	125.104233 	973.000000 	968.585571 	976.223022 
20.200000 	125.104233 	973.000000 	968.585571 	976.223022 
20.300000 	125.104233 	973.000000 	968.585571 	976.223022 
20.400000 	125.104233 	973.000000 	968.585571 	976.223022 
20.500000 	125.104233 	973.000000 	968.585571 	976.223022 
20.600000 	125.104233 	973.000000 	968.585571 	976.223022 
20.700000 	125.104233 	973.000000 	968.585571 	976.223022 
20.800000 	125.104233 	973.000000 	968.585571 	976.223022 
20.900000 	125.104233 	973.000000 	968.585571 	976.223022 
21.000000 	125.120247 	973.000000 	968.589478 	976.232971 
21.100000 	125.120247 	973.000000 	968.589478 	976.232971 
21.200000 	125.120247 	973.000000 	968.589478 	976.232971 
21.300000 	125.120247 	973.000000 	968.589478 	976.232971 
21.400000 	125.120247 	973.000000 	968.589478 	976.232971 
21.500000 	125.120247 	973.000000 	968.589478 	976.232971 
21.600000 	125.120247 	973.000000 	968.589478 	976.232971 
21.700000 	125.120247 	973.000000 	968.589478 	976.232971 
21.800000 	125.120247 	973.000000 	968.589478 	976.232971 
21.900000 	125.120247 	973.000000 	968.589478 	976.232971 
22.000000 	125.128593 	973.000000 	968.593140 	976.242981 
22.100000 	125.128593 	973.000000 	968.593140 	976.242981 
22.200000 	125.128593 	973.000000 	968.593140 	976.242981 
22.300000 	125.128593 	973.000000 	968.593140 	976.242981 
22.400000 	125.128593 	973.000000 	968.593140 	976.242981 
22.500000 	125.128593 	973.000000 	968.593140 	976.242981 
22.600000 	125.128593 	973.000000 	968.593140 	976.242981 
22.700000 	125.128593 	973.000000 	968.593140 	976.242981 
22.800000 	125.128593 	973.000000 	968.593140 	976.242981 
22.900000 	125.128593 	973.000000 	968.593140 	976.242981 
23.000000 	125.129547 	973.000000 	968.596497 	976.252014 
23.100000 	125.129547 	973.000000 	968.596497 	976.252014 
23.200000 	125.129547 	973.000000 	968.596497 	976.252014 
23.300000 	125.129547 	973.000000 	968.596497 	976.252014 
23.400000 	125.129547 	973.000000 	968.596497 	976.252014 
23.500000 	125.129547 	973.000000 	968.596497 	976.252014 
23.600000 	125.129547 	973.000000 	968.596497 	976.252014 
23.700000 	125.129547 	973.000000 	968.596497 	976.252014 
23.800000 	125.129547 	973.000000 	968.596497 	976.252014 
23.900000 	125.129547 	973.000000 	968.596497 	976.252014 
24.000000 	125.123192 	973.000000 	968.599670 	976.262024 
24.100000 	125.123192 	973.000000 	968.599670 	976.262024 
24.200000 	125.123192 	973.000000 	968.599670 	976.262024 
24.300000 	125.123192 	973.000000 	968.599670 	976.262024 
24.400000 	125.123192 	973.000000 	968.599670 	976.262024 
24.500000 	125.123192 	973.000000 	968.599670 	976.262024 
24.600000 	125.123192 	973.000000 	968.599670 	976.262024 
24.700000 	125.123192 	973.000000 	968.599670 	976.262024 
24.800000 	125.123192 	973.000000 	968.599670 	976.262024 
24.900000 	125.123192 	973.000000 	968.599670 	976.262024 
25.000000 	125.109459 	973.000000 	968.602600 	976.270996 
25.100000 	125.109459 	973.000000 	968.602600 	976.270996 
25.200000 	125.109459 	973.000000 	968.602600 	976.270996 
25.300000 	125.109459 	973.000000 	968.602600 	976.270996 
25.400000 	125.109459 	973.000000 	968.602600 	976.270996 
25.500000 	125.109459 	973.000000 	968.602600 	976.270996 
25.600000 	125.109459 	973.000000 	968.602600 	976.270996 
25.700000 	125.109459 	973.000000 	968.602600 	976.270996 
25.800000 	125.109459 	973.000000 	968.602600 	976.270996 
25.900000 	125.109459 	973.000000 	968.602600 	976.270996 
26.000000 	125.088142 	973.000000 	968.605347 	976.280029 
26.100000 	125.088142 	973.000000 	968.605347 	976.280029 
26.200000 	125.088142 	973.000000 	968.605347 	976.280029 
26.300000 	125.088142 	973.000000 	968.605347 	976.280029 
26.400000 	125.088142 	973.000000 	968.605347 	976.280029 
26.500000 	125.088142 	973.000000 	968.605347 	976.280029 
26.600000 	125.088142 	973.000000 	968.605347 	976.280029 
26.700000 	125.088142 	973.000000 	968.605347 	976.280029 
26.800000 	125.088142 	973.000000 	968.605347 	976.280029 
26.900000 	125.088142 	973.000000 	968.605347 	976.280029 
27.000000 	125.058929 	973.000000 	968.607849 	976.289001 
27.100000 	125.058929 	973.000000 	968.607849 	976.289001 
27.200000 	125.058929 	973.000000 	968.607849 	976.289001 
27.300000 	125.058929 	973.000000 	968.607849 	976.289001 
27.400000 	125.058929 	973.000000 	968.607849 	976.289001 
27.500000 	125.058929 	973.000000 	968.607849 	976.289001 
27.600000 	125.058929 	973.000000 	968.607849 	976.289001 
27.700000 	125.058929 	973.000000 	968.607849 	976.289001 
27.800000 	125.058929 	973.000000 	968.607849 	976.289001 
27.900000 	125.058929 	973.000000 	968.607849 	976.289001 
28.000000 	125.021385 	973.000000 	968.610168 	976.296997 
28.100000 	125.021385 	973.000000 	968.610168 	976.296997 
28.200000 	125.021385 	973.000000 	968.610168 	976.296997 
28.300000 	125.021385 	973.000000 	968.610168 	976.296997 
28.400000 	125.021385 	973.000000 	968.610168 	976.296997 
28.500000 	125.021385 	973.000000 	968.610168 	976.296997 
28.600000 	125.021385 	973.000000 	968.610168 	976.296997 
28.700000 	125.021385 	973.000000 	968.610168 	976.296997 
28.800000 	125.021385 	973.000000 	968.610168 	976.296997 
28.900000 	125.021385 	973.000000 	968.610168 	976.296997 
29.000000 	124.975014 	973.000000 	968.612244 	976.304993 
29.100000 	124.975014 	973.000000 	968.612244 	976.304993 
29.200000 	124.975014 	973.000000 	968.612244 	976.304993 
29.300000 	124.975014 	973.000000 	968.612244 	976.304993 
29.400000 	124.975014 	973.000000 	968.612244 	976.304993 
29.500000 	124.975014 	973.000000 	968.612244 	976.304993 
29.600000 	124.975014 	973.000000 	968.612244 	976.304993 
29.700000 	124.975014 	973.000000 	968.612244 	976.304993 
29.800000 	124.975014 	973.000000 	968.612244 	976.304993 
29.900000 	124.975014 	973.000000 	968.612244 	976.304993 
30.000000 	124.919197 	973.000000 	968.614197 	976.312988 
30.100000 	124.919197 	973.000000 	968.614197 	976.312988 
30.200000 	124.919197 	973.000000 	968.614197 	976.312988 
30.300000 	124.919197 	973.000000 	968.614197 	976.312988 
30.400000 	124.919197 	973.000000 	968.614197 	976.312988 
30.500000 	124.919197 	973.000000 	968.614197 	976.312988 
30.600000 	124.919197 	973.000000 	968.614197 	976.312988 
30.700000 	124.919197 	973.000000 	968.614197 	976.312988 
30.800000 	124.919197 	973.000000 	968.614197 	976.312988 
30.900000 	124.919197 	973.000000 	968.614197 	976.312988 
31.000000 	124.853226 	973.000000 	968.615967 	976.348999 
31.100000 	124.853226 	973.000000 	968.615967 	976.348999 
31.200000 	124.853226 	973.000000 	968.615967 	976.348999 
31.300000 	124.853226 	973.000000 	968.615967 	976.348999 
31.400000 	124.853226 	973.000000 	968.615967 	976.348999 
31.500000 	124.853226 	973.000000 	968.615967 	976.348999 
31.600000 	124.853226 	973.000000 	968.615967 	976.348999 
31.700000 	124.853226 	973.000000 	968.615967 	976.348999 
31.800000 	124.853226 	973.000000 	968.615967 	976.348999 
31.900000 	124.853226 	973.000000 	968.615967 	976.348999 
32.000000 	124.776321 	973.000000 	968.617554 	976.357971 
32.100000 	124.776321 	973.000000 	968.617554 	976.357971 
32.200000 	124.776321 	973.000000 	968.617554 	976.357971 
32.300000 	124.776321 	973.000000 	968.617554 	976.357971 
32.400000 	124.776321 	973.000000 	968.617554 	976.357971 
32.500000 	124.776321 	973.000000 	968.617554 	976.357971 
32.600000 	124.776321 	973.000000 	968.617554 	976.357971 
32.700000 	124.776321 	973.000000 	968.617554 	976.357971 
32.800000 	124.776321 	973.000000 	968.617554 	976.357971 
32.900000 	124.776321 	973.000000 	968.617554 	976.357971 
33.000000 	124.687599 	973.000000 	968.619019 	976.367004 
33.100000 	124.687599 	973.000000 	968.619019 	976.367004 
33.200000 	124.687599 	973.000000 	968.619019 	976.367004 
33.300000 	124.687599 	973.000000 	968.619019 	976.367004 
33.400000 	124.687599 	973.000000 	968.619019 	976.367004 
33.500000 	124.687599 	973.000000 	968.619019 	976.367004 
33.600000 	124.687599 	973.000000 	968.619019 	976.367004 
33.700000 	124.687599 	973.000000 	968.619019 	976.367004 
33.800000 	124.687599 	973.000000 	968.619019 	976.367004 
33.900000 	124.687599 	973.000000 	968.619019 	976.367004 
34.000000 	124.586067 	973.000000 	968.620361 	976.375000 
34.100000 	124.586067 	973.000000 	968.620361 	976.375000 
34.200000 	124.586067 	973.000000 	968.620361 	976.375000 
34.300000 	124.586067 	973.000000 	968.620361 	976.375000 
34.400000 	124.586067 	973.000000 	968.620361 	976.375000 
34.500000 	124.586067 	973.000000 	968.620361 	976.375000 
34.600000 	124.586067 	973.000000 	968.620361 	976.375000 
34.700000 	124.586067 	973.000000 	968.620361 	976.375000 
34.800000 	124.586067 	973.000000 	968.620361 	976.375000 
34.900000 	124.586067 	973.000000 	968.620361 	976.375000 
35.000000 	124.470634 	973.000000 	968.621521 	976.382996 
35.100000 	124.470634 	973.000000 	968.621521 	976.382996 
35.200000 	124.470634 	973.000000 	968.621521 	976.382996 
35.300000 	124.470634 	973.000000 	968.621521 	976.382996 
35.400000 	124.470634 	973.000000 	968.621521 	976.382996 
35.500000 	124.470634 	973.000000 	968.621521 	976.382996 
35.600000 	124.470634 	973.000000 	968.621521 	976.382996 
35.700000 	124.470634 	973.000000 	968.621521 	976.382996 
35.800000 	124.470634 	973.000000 	968.621521 	976.382996 
35.900000 	124.470634 	973.000000 	968.621521 	976.382996 
36.000000 	124.340103 	973.000000 	968.622559 	976.390015 
36.100000 	124.340103 	973.000000 	968.622559 	976.390015 
36.200000 	124.340103 	973.000000 	968.622559 	976.390015 
36.300000 	124.340103 	973.000000 	968.622559 	976.390015 
36.400000 	124.340103 	973.000000 	968.622559 	976.390015 
36.500000 	124.340103 	973.000000 	968.622559 	976.390015 
36.600000 	124.340103 	973.000000 	968.622559 	976.390015 
36.700000 	124.340103 	973.000000 	968.622559 	976.390015 
36.800000 	124.340103 	973.000000 	968.622559 	976.390015 
36.900000 	124.340103 	973.000000 	968.622559 	976.390015 
37.000000 	124.193130 	973.000000 	968.623535 	976.396973 
37.100000 	124.193130 	973.000000 	968.623535 	976.396973 
37.200000 	124.193130 	973.000000 	968.623535 	976.396973 
37.300000 	124.193130 	973.000000 	968.623535 	976.396973 
37.400000 	124.193130 	973.000000 	968.623535 	976.396973 
37.500000 	124.193130 	973.000000 	968.623535 	976.396973 
37.600000 	124.193130 	973.000000 	968.623535 	976.396973 
37.700000 	124.193130 	973.000000 	968.623535 	976.396973 
37.800000 	124.193130 	973.000000 	968.623535 	976.396973 
37.900000 	124.193130 	973.000000 	968.623535 	976.396973 
38.000000 	124.028267 	973.000000 	968.624207 	976.403992 
38.100000 	124.028267 	973.000000 	968.624207 	976.403992 
38.200000 	124.028267 	973.000000 	968.624207 	976.403992 
38.300000 	124.028267 	973.000000 	968.624207 	976.403992 
38.400000 	124.028267 	973.000000 	968.624207 	976.403992 
38.500000 	124.028267 	973.000000 	968.624207 	976.403992 
38.600000 	124.028267 	973.000000 	968.624207 	976.403992 
38.700000 	124.028267 	973.000000 	968.624207 	976.403992 
38.800000 	124.028267 	973.000000 	968.624207 	976.403992 
38.900000 	124.028267 	973.000000 	968.624207 	976.403992 
39.000000 	123.843872 	973.000000 	968.624695 	976.409973 
39.100000 	123.843872 	973.000000 	968.624695 	976.409973 
39.200000 	123.843872 	973.000000 	968.624695 	976.409973 
39.300000 	123.843872 	973.000000 	968.624695 	976.409973 
39.400000 	123.843872 	973.000000 	968.624695 	976.409973 
39.500000 	123.843872 	973.000000 	968.624695 	976.409973 
39.600000 	123.843872 	973.000000 	968.624695 	976.409973 
39.700000 	123.843872 	973.000000 	968.624695 	976.409973 
39.800000 	123.843872 	973.000000 	968.624695 	976.409973 
39.900000 	123.843872 	973.000000 	968.624695 	976.409973 
40.000000 	123.638176 	973.000000 	968.625061 	976.416016 
40.100000 	123.638176 	973.000000 	968.625061 	976.416016 
40.200000 	123.638176 	973.000000 	968.625061 	976.416016 
40.300000 	123.638176 	973.000000 	968.625061 	976.416016 
40.400000 	123.638176 	973.000000 	968.625061 	976.416016 
40.500000 	123.638176 	973.000000 	968.625061 	976.416016 
40.600000 	123.638176 	973.000000 	968.625061 	976.416016 
40.700000 	123.638176 	973.000000 	968.625061 	976.416016 
40.800000 	123.638176 	973.000000 	968.625061 	976.416016 
40.900000 	123.638176 	973.000000 	968.625061 	976.416016 
41.000000 	123.409187 	973.000000 	968.625244 	976.421021 
41.100000 	123.409187 	973.000000 	968.625244 	976.421021 
41.200000 	123.409187 	973.000000 	968.625244 	976.421021 
41.300000 	123.409187 	973.000000 	968.625244 	976.421021 
41.400000 	123.409187 	973.000000 	968.625244 	976.421021 
41.500000 	123.409187 	973.000000 	968.625244 	976.421021 
41.600000 	123.409187 	973.000000 	968.625244 	976.421021 
41.700000 	123.409187 	973.000000 	968.625244 	976.421021 
41.800000 	123.409187 	973.000000 	968.625244 	976.421021 
41.900000 	123.409187 	973.000000 	968.625244 	976.421021 
42.000000 	123.154709 	973.000000 	968.625366 	976.427002 
42.100000 	123.154709 	973.000000 	968.625366 	976.427002 
42.200000 	123.154709 	973.000000 	968.625366 	976.427002 
42.300000 	123.154709 	973.000000 	968.625366 	976.427002 
42.400000 	123.154709 	973.000000 	968.625366 	976.427002 
42.500000 	123.154709 	973.000000 	968.625366 	976.427002 
42.600000 	123.154709 	973.000000 	968.625366 	976.427002 
42.700000 	123.154709 	973.000000 	968.625366 	976.427002 
42.800000 	123.154709 	973.000000 	968.625366 	976.427002 
42.900000 	123.154709 	973.000000 	968.625366 	976.427002 
43.000000 	122.872299 	973.000000 	968.625305 	976.431030 
43.100000 	122.872299 	973.000000 	968.625305 	976.431030 
43.200000 	122.872299 	973.000000 	968.625305 	976.431030 
43.300000 	122.872299 	973.000000 	968.625305 	976.431030 
43.400000 	122.872299 	973.000000 	968.625305 	976.431030 
43.500000 	122.872299 	973.000000 	968.625305 	976.431030 
43.600000 	122.872299 	973.000000 	968.625305 	976.431030 
43.700000 	122.872299 	973.000000 	968.625305 	976.431030 
43.800000 	122.872299 	973.000000 	968.625305 	976.431030 
43.900000 	122.872299 	973.000000 	968.625305 	976.431030 
44.000000 	122.559227 	973.000000 	968.625122 	976.434998 
44.100000 	122.559227 	973.000000 	968.625122 	976.434998 
44.200000 	122.559227 	973.000000 	968.625122 	976.434998 
44.300000 	122.559227 	973.000000 	968.625122 	976.434998 
44.400000 	122.559227 	973.000000 	968.625122 	976.434998 
44.500000 	122.559227 	973.000000 	968.625122 	976.434998 
44.600000 	122.559227 	973.000000 	968.625122 	976.434998 
44.700000 	122.559227 	973.000000 	968.625122 	976.434998 
44.800000 	122.559227 	973.000000 	968.625122 	976.434998 
44.900000 	122.559227 	973.000000 	968.625122 	976.434998 
45.000000 	122.212456 	973.000000 	968.624817 	976.439026 
45.100000 	122.212456 	973.000000 	968.624817 	976.439026 
45.200000 	122.212456 	973.000000 	968.624817 	976.439026 
45.300000 	122.212456 	973.000000 	968.624817 	976.439026 
45.400000 	122.212456 	973.000000 	968.624817 	976.439026 
45.500000 	122.212456 	973.000000 	968.624817 	976.439026 
45.600000 	122.212456 	973.000000 	968.624817 	976.439026 
45.700000 	122.212456 	973.000000 	968.624817 	976.439026 
45.800000 	122.212456 	973.000000 	968.624817 	976.439026 
45.900000 	122.212456 	973.000000 	968.624817 	976.439026 
46.000000 	121.828545 	973.000000 	968.624329 	976.442017 
46.100000 	121.828545 	973.000000 	968.624329 	976.442017 
46.200000 	121.828545 	973.000000 	968.624329 	976.442017 
46.300000 	121.828545 	973.000000 	968.624329 	976.442017 
46.400000 	121.828545 	973.000000 	968.624329 	976.442017 
46.500000 	121.828545 	973.000000 	968.624329 	976.442017 
46.600000 	121.828545 	973.000000 	968.624329 	976.442017 
46.700000 	121.828545 	973.000000 	968.624329 	976.442017 
46.800000 	121.828545 	973.000000 	968.624329 	976.442017 
46.900000 	121.828545 	973.000000 	968.624329 	976.442017 
47.000000 	121.403633 	973.000000 	968.623779 	976.445007 
47.100000 	121.403633 	973.000000 	968.623779 	976.445007 
47.200000 	121.403633 	973.000000 	968.623779 	976.445007 
47.300000 	121.403633 	973.000000 	968.623779 	976.445007 
47.400000 	121.403633 	973.000000 	968.623779 	976.445007 
47.500000 	121.403633 	973.000000 	968.623779 	976.445007 
47.600000 	121.403633 	973.000000 	968.623779 	976.445007 
47.700000 	121.403633 	973.000000 	968.623779 	976.445007 
47.800000 	121.403633 	973.000000 	968.623779 	976.445007 
47.900000 	121.403633 	973.000000 	968.623779 	976.445007 
48.000000 	120.933327 	973.000000 	968.622986 	976.447021 
48.100000 	120.933327 	973.000000 	968.622986 	976.447021 
48.200000 	120.933327 	973.000000 	968.622986 	976.447021 
48.300000 	120.933327 	973.000000 	968.622986 	976.447021 
48.400000 	120.933327 	973.000000 	968.622986 	976.447021 
48.500000 	120.933327 	973.000000 	968.622986 	976.447021 
48.600000 	120.933327 	973.000000 	968.622986 	976.447021 
48.700000 	120.933327 	973.000000 	968.622986 	976.447021 
48.800000 	120.933327 	973.000000 	968.622986 	976.447021 
48.900000 	120.933327 	973.000000 	968.622986 	976.447021 
49.000000 	120.412651 	973.000000 	968.622131 	976.447998 
49.100000 	120.412651 	973.000000 	968.622131 	976.447998 
49.200000 	120.412651 	973.000000 	968.622131 	976.447998 
49.300000 	120.412651 	973.000000 	968.622131 	976.447998 
49.400000 	120.412651 	973.000000 	968.622131 	976.447998 
49.500000 	120.412651 	973.000000 	968.622131 	976.447998 
49.600000 	120.412651 	973.000000 	968.622131 	976.447998 
49.700000 	120.412651 	973.000000 	968.622131 	976.447998 
49.800000 	120.412651 	973.000000 	968.622131 	976.447998 
49.900000 	120.412651 	973.000000 	968.622131 	976.447998 
50.000000 	119.835861 	973.000000 	968.621094 	976.448975 
50.100000 	119.835861 	973.000000 	968.621094 	976.448975 
50.200000 	119.835861 	973.000000 	968.621094 	976.448975 
50.300000 	119.835861 	973.000000 	968.621094 	976.448975 
50.400000 	119.835861 	973.000000 	968.621094 	976.448975 
50.500000 	119.835861 	973.000000 	968.621094 	976.448975 
50.600000 	119.835861 	973.000000 	968.621094 	976.448975 
50.700000 	119.835861 	973.000000 	968.621094 	976.448975 
50.800000 	119.835861 	973.000000 	968.621094 	976.448975 
50.900000 	119.835861 	973.000000 	968.621094 	976.448975 
51.000000 	119.196388 	973.000000 	968.619934 	1003.359985 
51.100000 	119.196388 	973.000000 	968.619934 	1003.359985 
51.200000 	119.196388 	973.000000 	968.619934 	1003.359985 
51.300000 	119.196388 	973.000000 	968.619934 	1003.359985 
51.400000 	119.196388 	973.000000 	968.619934 	1003.359985 
51.500000 	119.196388 	973.000000 	968.619934 	1003.359985 
51.600000 	119.196388 	973.000000 	968.619934 	1003.359985 
51.700000 	119.196388 	973.000000 	968.619934 	1003.359985 
51.800000 	119.196388 	973.000000 	968.619934 	1003.359985 
51.900000 	119.196388 	973.000000 	968.619934 	1003.359985 
52.000000 	118.486549 	973.000000 	968.618652 	1003.359985 
52.100000 	118.486549 	973.000000 	968.618652 	1003.359985 
52.200000 	118.486549 	973.000000 	968.618652 	1003.359985 
52.300000 	118.486549 	973.000000 	968.618652 	1003.359985 
52.400000 	118.486549 	973.000000 	968.618652 	1003.359985 
52.500000 	118.486549 	973.000000 	968.618652 	1003.359985 
52.600000 	118.486549 	973.000000 	968.618652 	1003.359985 
52.700000 	118.486549 	973.000000 	968.618652 	1003.359985 
52.800000 	118.486549 	973.000000 	968.618652 	1003.359985 
52.900000 	118.486549 	973.000000 	968.618652 	1003.359985 
53.000000 	117.697418 	973.000000 	968.617126 	1003.359985 
53.100000 	117.697418 	973.000000 	968.617126 	1003.359985 
53.200000 	117.697418 	973.000000 	968.617126 	1003.359985 
53.300000 	117.697418 	973.000000 	968.617126 	1003.359985 
53.400000 	117.697418 	973.000000 	968.617126 	1003.359985 
53.500000 	117.697418 	973.000000 	968.617126 	1003.359985 
53.600000 	117.697418 	973.000000 	968.617126 	1003.359985 
53.700000 	117.697418 	973.000000 	968.617126 	1003.359985 
53.800000 	117.697418 	973.000000 	968.617126 	1003.359985 
53.900000 	117.697418 	973.000000 	968.617126 	1003.359985 
54.000000 	116.818420 	973.000000 	968.615540 	1003.359985 
54.100000 	116.818420 	973.000000 	968.615540 	1003.359985 
54.200000 	116.818420 	973.000000 	968.615540 	1003.359985 
54.300000 	116.818420 	973.000000 	968.615540 	1003.359985 
54.400000 	116.818420 	973.000000 	968.615540 	1003.359985 
54.500000 	116.818420 	973.000000 	968.615540 	1003.359985 
54.600000 	116.818420 	973.000000 	968.615540 	1003.359985 
54.700000 	116.818420 	973.000000 	968.615540 	1003.359985 
54.800000 	116.818420 	973.000000 	968.615540 	1003.359985 
54.900000 	116.818420 	973.000000 	968.615540 	1003.359985 
55.000000 	115.837006 	973.000000 	968.613708 	1003.359985 
55.100000 	115.837006 	973.000000 	968.613708 	1003.359985 
55.200000 	115.837006 	973.000000 	968.613708 	1003.359985 
55.300000 	115.837006 	973.000000 	968.613708 	1003.359985 
55.400000 	115.837006 	973.000000 	968.613708 	1003.359985 
55.500000 	115.837006 	973.000000 	968.613708 	1003.359985 
55.600000 	115.837006 	973.000000 	968.613708 	1003.359985 
55.700000 	115.837006 	973.000000 	968.613708 	1003.359985 
55.800000 	115.837006 	973.000000 	968.613708 	1003.359985 
55.900000 	115.837006 	973.000000 	968.613708 	1003.359985 
56.000000 	114.738068 	973.000000 	968.611755 	1003.359985 
56.100000 	114.738068 	973.000000 	968.611755 	1003.359985 
56.200000 	114.738068 	973.000000 	968.611755 	1003.359985 
56.300000 	114.738068 	973.000000 	968.611755 	1003.359985 
56.400000 	114.738068 	973.000000 	968.611755 	1003.359985 
56.500000 	114.738068 	973.000000 	968.611755 	1003.359985 
56.600000 	114.738068 	973.000000 	968.611755 	1003.359985 
56.700000 	114.738068 	973.000000 	968.611755 	1003.359985 
56.800000 	114.738068 	973.000000 	968.611755 	1003.359985 
56.900000 	114.738068 	973.000000 	968.611755 	1003.359985 
57.000000 	113.503235 	973.000000 	968.609680 	1003.359985 
57.100000 	113.503235 	973.000000 	968.609680 	1003.359985 
57.200000 	113.503235 	973.000000 	968.609680 	1003.359985 
57.300000 	113.503235 	973.000000 	968.609680 	1003.359985 
57.400000 	113.503235 	973.000000 	968.609680 	1003.359985 
57.500000 	113.503235 	973.000000 	968.609680 	1003.359985 
57.600000 	113.503235 	973.000000 	968.609680 	1003.359985 
57.700000 	113.503235 	973.000000 	968.609680 	1003.359985 
57.800000 	113.503235 	973.000000 	968.609680 	1003.359985 
57.900000 	113.503235 	973.000000 	968.609680 	1003.359985 
58.000000 	112.109848 	973.000000 	968.607361 	1003.359985 
58.100000 	112.109848 	973.000000 	968.607361 	1003.359985 
58.200000 	112.109848 	973.000000 	968.607361 	1003.359985 
58.300000 	112.109848 	973.000000 	968.607361 	1003.359985 
58.400000 	112.109848 	973.000000 	968.607361 	1003.359985 
58.500000 	112.109848 	973.000000 	968.607361 	1003.359985 
58.600000 	112.109848 	973.000000 	968.607361 	1003.359985 
58.700000 	112.109848 	973.000000 	968.607361 	1003.359985 
58.800000 	112.109848 	973.000000 	968.607361 	1003.359985 
58.900000 	112.109848 	973.000000 	968.607361 	1003.359985 
59.000000 	110.529556 	973.000000 	968.604858 	1003.359985 
59.100000 	110.529556 	973.000000 	968.604858 	1003.359985 
59.200000 	110.529556 	973.000000 	968.604858 	1003.359985 
59.300000 	110.529556 	973.000000 	968.604858 	1003.359985 
59.400000 	110.529556 	973.000000 	968.604858 	1003.359985 
59.500000 	110.529556 	973.000000 	968.604858 	1003.359985 
59.600000 	110.529556 	973.000000 	968.604858 	1003.359985 
59.700000 	110.529556 	973.000000 	968.604858 	1003.359985 
59.800000 	110.529556 	973.000000 	968.604858 	1003.359985 
59.900000 	110.529556 	973.000000 	968.604858 	1003.359985 
60.000000 	108.726265 	973.000000 	968.602173 	1003.359985 
