0.500000 	0.000000 	356.000000 	0.000000 	364.966003 
0.600000 	0.000000 	356.000000 	0.000000 	352.860992 
0.700000 	123.228996 	356.000000 	237.586441 	356.730011 
0.800000 	115.807198 	356.000000 	305.661652 	358.976990 
0.900000 	109.339027 	356.000000 	331.528748 	360.351013 
1.000000 	104.765495 	356.000000 	343.608734 	361.235992 
1.100000 	104.765495 	356.000000 	343.608734 	361.235992 
1.200000 	104.765495 	356.000000 	343.608734 	361.235992 
1.300000 	104.765495 	356.000000 	343.608734 	361.235992 
1.400000 	104.765495 	356.000000 	343.608734 	361.235992 
1.500000 	104.765495 	356.000000 	343.608734 	361.235992 
1.600000 	104.765495 	356.000000 	343.608734 	361.235992 
1.700000 	104.765495 	356.000000 	343.608734 	361.235992 
1.800000 	104.765495 	356.000000 	343.608734 	361.235992 
1.900000 	104.765495 	356.000000 	343.608734 	361.235992 
2.000000 	101.788055 	356.000000 	350.031494 	363.335999 
2.100000 	101.788055 	356.000000 	350.031494 	363.335999 
2.200000 	101.788055 	356.000000 	350.031494 	363.335999 
2.300000 	101.788055 	356.000000 	350.031494 	363.335999 
2.400000 	101.788055 	356.000000 	350.031494 	363.335999 
2.500000 	101.788055 	356.000000 	350.031494 	363.335999 
2.600000 	101.788055 	356.000000 	350.031494 	363.335999 
2.700000 	101.788055 	356.000000 	350.031494 	363.335999 
2.800000 	101.788055 	356.000000 	350.031494 	363.335999 
2.900000 	101.788055 	356.000000 	350.031494 	363.335999 
3.000000 	106.007195 	356.000000 	357.137421 	363.619995 
3.100000 	106.007195 	356.000000 	357.137421 	363.619995 
3.200000 	106.007195 	356.000000 	357.137421 	363.619995 
3.300000 	106.007195 	356.000000 	357.137421 	363.619995 
3.400000 	106.007195 	356.000000 	357.137421 	363.619995 
3.500000 	106.007195 	356.000000 	357.137421 	363.619995 
3.600000 	106.007195 	356.000000 	357.137421 	363.619995 
3.700000 	106.007195 	356.000000 	357.137421 	363.619995 
3.800000 	106.007195 	356.000000 	357.137421 	363.619995 
3.900000 	106.007195 	356.000000 	357.137421 	363.619995 
4.000000 	114.510185 	356.000000 	354.984650 	363.730011 
4.100000 	114.510185 	356.000000 	354.984650 	363.730011 
4.200000 	114.510185 	356.000000 	354.984650 	363.730011 
4.300000 	114.510185 	356.000000 	354.984650 	363.730011 
4.400000 	114.510185 	356.000000 	354.984650 	363.730011 
4.500000 	114.510185 	356.000000 	354.984650 	363.730011 
4.600000 	114.510185 	356.000000 	354.984650 	363.730011 
4.700000 	114.510185 	356.000000 	354.984650 	363.730011 
4.800000 	114.510185 	356.000000 	354.984650 	363.730011 
4.900000 	114.510185 	356.000000 	354.984650 	363.730011 
5.000000 	118.810684 	356.000000 	353.788574 	363.795990 
5.100000 	118.810684 	356.000000 	353.788574 	363.795990 
5.200000 	118.810684 	356.000000 	353.788574 	363.795990 
5.300000 	118.810684 	356.000000 	353.788574 	363.795990 
5.400000 	118.810684 	356.000000 	353.788574 	363.795990 
5.500000 	118.810684 	356.000000 	353.788574 	363.795990 
5.600000 	118.810684 	356.000000 	353.788574 	363.795990 
5.700000 	118.810684 	356.000000 	353.788574 	363.795990 
5.800000 	118.810684 	356.000000 	353.788574 	363.795990 
5.900000 	118.810684 	356.000000 	353.788574 	363.795990 
6.000000 	121.073891 	356.000000 	353.180389 	363.846008 
6.100000 	121.073891 	356.000000 	353.180389 	363.846008 
6.200000 	121.073891 	356.000000 	353.180389 	363.846008 
6.300000 	121.073891 	356.000000 	353.180389 	363.846008 
6.400000 	121.073891 	356.000000 	353.180389 	363.846008 
6.500000 	121.073891 	356.000000 	353.180389 	363.846008 
6.600000 	121.073891 	356.000000 	353.180389 	363.846008 
6.700000 	121.073891 	356.000000 	353.180389 	363.846008 
6.800000 	121.073891 	356.000000 	353.180389 	363.846008 
6.900000 	121.073891 	356.000000 	353.180389 	363.846008 
7.000000 	122.372185 	356.000000 	352.857758 	363.889008 
7.100000 	122.372185 	356.000000 	352.857758 	363.889008 
7.200000 	122.372185 	356.000000 	352.857758 	363.889008 
7.300000 	122.372185 	356.000000 	352.857758 	363.889008 
7.400000 	122.372185 	356.000000 	352.857758 	363.889008 
7.500000 	122.372185 	356.000000 	352.857758 	363.889008 
7.600000 	122.372185 	356.000000 	352.857758 	363.889008 
7.700000 	122.372185 	356.000000 	352.857758 	363.889008 
7.800000 	122.372185 	356.000000 	352.857758 	363.889008 
7.900000 	122.372185 	356.000000 	352.857758 	363.889008 
8.000000 	123.174088 	356.000000 	352.679138 	363.928009 
8.100000 	123.174088 	356.000000 	352.679138 	363.928009 
8.200000 	123.174088 	356.000000 	352.679138 	363.928009 
8.300000 	123.174088 	356.000000 	352.679138 	363.928009 
8.400000 	123.174088 	356.000000 	352.679138 	363.928009 
8.500000 	123.174088 	356.000000 	352.679138 	363.928009 
8.600000 	123.174088 	356.000000 	352.679138 	363.928009 
8.700000 	123.174088 	356.000000 	352.679138 	363.928009 
8.800000 	123.174088 	356.000000 	352.679138 	363.928009 
8.900000 	123.174088 	356.000000 	352.679138 	363.928009 
9.000000 	123.699387 	356.000000 	352.577454 	363.966003 
9.100000 	123.699387 	356.000000 	352.577454 	363.966003 
9.200000 	123.699387 	356.000000 	352.577454 	363.966003 
9.300000 	123.699387 	356.000000 	352.577454 	363.966003 
9.400000 	123.699387 	356.000000 	352.577454 	363.966003 
9.500000 	123.699387 	356.000000 	352.577454 	363.966003 
9.600000 	123.699387 	356.000000 	352.577454 	363.966003 
9.700000 	123.699387 	356.000000 	352.577454 	363.966003 
9.800000 	123.699387 	356.000000 	352.577454 	363.966003 
9.900000 	123.699387 	356.000000 	352.577454 	363.966003 
10.000000 	124.059921 	356.000000 	352.519104 	364.002991 
10.100000 	124.059921 	356.000000 	352.519104 	364.002991 
10.200000 	124.059921 	356.000000 	352.519104 	364.002991 
10.300000 	124.059921 	356.000000 	352.519104 	364.002991 
10.400000 	124.059921 	356.000000 	352.519104 	364.002991 
10.500000 	124.059921 	356.000000 	352.519104 	364.002991 
10.600000 	124.059921 	356.000000 	352.519104 	364.002991 
10.700000 	124.059921 	356.000000 	352.519104 	364.002991 
10.800000 	124.059921 	356.000000 	352.519104 	364.002991 
10.900000 	124.059921 	356.000000 	352.519104 	364.002991 
11.000000 	124.316727 	356.000000 	352.486145 	364.040009 
11.100000 	124.316727 	356.000000 	352.486145 	364.040009 
11.200000 	124.316727 	356.000000 	352.486145 	364.040009 
11.300000 	124.316727 	356.000000 	352.486145 	364.040009 
11.400000 	124.316727 	356.000000 	352.486145 	364.040009 
11.500000 	124.316727 	356.000000 	352.486145 	364.040009 
11.600000 	124.316727 	356.000000 	352.486145 	364.040009 
11.700000 	124.316727 	356.000000 	352.486145 	364.040009 
11.800000 	124.316727 	356.000000 	352.486145 	364.040009 
11.900000 	124.316727 	356.000000 	352.486145 	364.040009 
12.000000 	124.505142 	356.000000 	352.468628 	364.075989 
12.100000 	124.505142 	356.000000 	352.468628 	364.075989 
12.200000 	124.505142 	356.000000 	352.468628 	364.075989 
12.300000 	124.505142 	356.000000 	352.468628 	364.075989 
12.400000 	124.505142 	356.000000 	352.468628 	364.075989 
12.500000 	124.505142 	356.000000 	352.468628 	364.075989 
12.600000 	124.505142 	356.000000 	352.468628 	364.075989 
12.700000 	124.505142 	356.000000 	352.468628 	364.075989 
12.800000 	124.505142 	356.000000 	352.468628 	364.075989 
12.900000 	124.505142 	356.000000 	352.468628 	364.075989 
13.000000 	124.646629 	356.000000 	352.460663 	364.113007 
13.100000 	124.646629 	356.000000 	352.460663 	364.113007 
13.200000 	124.646629 	356.000000 	352.460663 	364.113007 
13.300000 	124.646629 	356.000000 	352.460663 	364.113007 
13.400000 	124.646629 	356.000000 	352.460663 	364.113007 
13.500000 	124.646629 	356.000000 	352.460663 	364.113007 
13.600000 	124.646629 	356.000000 	352.460663 	364.113007 
13.700000 	124.646629 	356.000000 	352.460663 	364.113007 
13.800000 	124.646629 	356.000000 	352.460663 	364.113007 
13.900000 	124.646629 	356.000000 	352.460663 	364.113007 
14.000000 	124.754707 	356.000000 	352.458740 	364.149994 
14.100000 	124.754707 	356.000000 	352.458740 	364.149994 
14.200000 	124.754707 	356.000000 	352.458740 	364.149994 
14.300000 	124.754707 	356.000000 	352.458740 	364.149994 
14.400000 	124.754707 	356.000000 	352.458740 	364.149994 
14.500000 	124.754707 	356.000000 	352.458740 	364.149994 
14.600000 	124.754707 	356.000000 	352.458740 	364.149994 
14.700000 	124.754707 	356.000000 	352.458740 	364.149994 
14.800000 	124.754707 	356.000000 	352.458740 	364.149994 
14.900000 	124.754707 	356.000000 	352.458740 	364.149994 
15.000000 	124.838211 	356.000000 	352.460632 	364.187988 
15.100000 	124.838211 	356.000000 	352.460632 	364.187988 
15.200000 	124.838211 	356.000000 	352.460632 	364.187988 
15.300000 	124.838211 	356.000000 	352.460632 	364.187988 
15.400000 	124.838211 	356.000000 	352.460632 	364.187988 
15.500000 	124.838211 	356.000000 	352.460632 	364.187988 
15.600000 	124.838211 	356.000000 	352.460632 	364.187988 
15.700000 	124.838211 	356.000000 	352.460632 	364.187988 
15.800000 	124.838211 	356.000000 	352.460632 	364.187988 
15.900000 	124.838211 	356.000000 	352.460632 	364.187988 
16.000000 	124.903000 	356.000000 	352.464966 	364.225006 
16.100000 	124.903000 	356.000000 	352.464966 	364.225006 
16.200000 	124.903000 	356.000000 	352.464966 	364.225006 
16.300000 	124.903000 	356.000000 	352.464966 	364.225006 
16.400000 	124.903000 	356.000000 	352.464966 	364.225006 
16.500000 	124.903000 	356.000000 	352.464966 	364.225006 
16.600000 	124.903000 	356.000000 	352.464966 	364.225006 
16.700000 	124.903000 	356.000000 	352.464966 	364.225006 
16.800000 	124.903000 	356.000000 	352.464966 	364.225006 
16.900000 	124.903000 	356.000000 	352.464966 	364.225006 
17.000000 	124.953087 	356.000000 	352.470795 	364.263000 
17.100000 	124.953087 	356.000000 	352.470795 	364.263000 
17.200000 	124.953087 	356.000000 	352.470795 	364.263000 
17.300000 	124.953087 	356.000000 	352.470795 	364.263000 
17.400000 	124.953087 	356.000000 	352.470795 	364.263000 
17.500000 	124.953087 	356.000000 	352.470795 	364.263000 
17.600000 	124.953087 	356.000000 	352.470795 	364.263000 
17.700000 	124.953087 	356.000000 	352.470795 	364.263000 
17.800000 	124.953087 	356.000000 	352.470795 	364.263000 
17.900000 	124.953087 	356.000000 	352.470795 	364.263000 
18.000000 	124.991196 	356.000000 	352.477539 	364.300995 
18.100000 	124.991196 	356.000000 	352.477539 	364.300995 
18.200000 	124.991196 	356.000000 	352.477539 	364.300995 
18.300000 	124.991196 	356.000000 	352.477539 	364.300995 
18.400000 	124.991196 	356.000000 	352.477539 	364.300995 
18.500000 	124.991196 	356.000000 	352.477539 	364.300995 
18.600000 	124.991196 	356.000000 	352.477539 	364.300995 
18.700000 	124.991196 	356.000000 	352.477539 	364.300995 
18.800000 	124.991196 	356.000000 	352.477539 	364.300995 
18.900000 	124.991196 	356.000000 	352.477539 	364.300995 
19.000000 	125.019211 	356.000000 	352.484802 	364.338989 
19.100000 	125.019211 	356.000000 	352.484802 	364.338989 
19.200000 	125.019211 	356.000000 	352.484802 	364.338989 
19.300000 	125.019211 	356.000000 	352.484802 	364.338989 
19.400000 	125.019211 	356.000000 	352.484802 	364.338989 
19.500000 	125.019211 	356.000000 	352.484802 	364.338989 
19.600000 	125.019211 	356.000000 	352.484802 	364.338989 
19.700000 	125.019211 	356.000000 	352.484802 	364.338989 
19.800000 	125.019211 	356.000000 	352.484802 	364.338989 
19.900000 	125.019211 	356.000000 	352.484802 	364.338989 
20.000000 	125.038406 	356.000000 	352.492310 	364.376007 
20.100000 	125.038406 	356.000000 	352.492310 	364.376007 
20.200000 	125.038406 	356.000000 	352.492310 	364.376007 
20.300000 	125.038406 	356.000000 	352.492310 	364.376007 
20.400000 	125.038406 	356.000000 	352.492310 	364.376007 
20.500000 	125.038406 	356.000000 	352.492310 	364.376007 
20.600000 	125.038406 	356.000000 	352.492310 	364.376007 
20.700000 	125.038406 	356.000000 	352.492310 	364.376007 
20.800000 	125.038406 	356.000000 	352.492310 	364.376007 
20.900000 	125.038406 	356.000000 	352.492310 	364.376007 
21.000000 	125.049622 	356.000000 	352.499878 	364.414001 
21.100000 	125.049622 	356.000000 	352.499878 	364.414001 
21.200000 	125.049622 	356.000000 	352.499878 	364.414001 
21.300000 	125.049622 	356.000000 	352.499878 	364.414001 
21.400000 	125.049622 	356.000000 	352.499878 	364.414001 
21.500000 	125.049622 	356.000000 	352.499878 	364.414001 
21.600000 	125.049622 	356.000000 	352.499878 	364.414001 
21.700000 	125.049622 	356.000000 	352.499878 	364.414001 
21.800000 	125.049622 	356.000000 	352.499878 	364.414001 
21.900000 	125.049622 	356.000000 	352.499878 	364.414001 
22.000000 	125.053375 	356.000000 	352.507355 	364.451996 
22.100000 	125.053375 	356.000000 	352.507355 	364.451996 
22.200000 	125.053375 	356.000000 	352.507355 	364.451996 
22.300000 	125.053375 	356.000000 	352.507355 	364.451996 
22.400000 	125.053375 	356.000000 	352.507355 	364.451996 
22.500000 	125.053375 	356.000000 	352.507355 	364.451996 
22.600000 	125.053375 	356.000000 	352.507355 	364.451996 
22.700000 	125.053375 	356.000000 	352.507355 	364.451996 
22.800000 	125.053375 	356.000000 	352.507355 	364.451996 
22.900000 	125.053375 	356.000000 	352.507355 	364.451996 
23.000000 	125.049927 	356.000000 	352.514709 	364.489990 
23.100000 	125.049927 	356.000000 	352.514709 	364.489990 
23.200000 	125.049927 	356.000000 	352.514709 	364.489990 
23.300000 	125.049927 	356.000000 	352.514709 	364.489990 
23.400000 	125.049927 	356.000000 	352.514709 	364.489990 
23.500000 	125.049927 	356.000000 	352.514709 	364.489990 
23.600000 	125.049927 	356.000000 	352.514709 	364.489990 
23.700000 	125.049927 	356.000000 	352.514709 	364.489990 
23.800000 	125.049927 	356.000000 	352.514709 	364.489990 
23.900000 	125.049927 	356.000000 	352.514709 	364.489990 
24.000000 	125.039368 	356.000000 	352.521881 	364.528015 
24.100000 	125.039368 	356.000000 	352.521881 	364.528015 
24.200000 	125.039368 	356.000000 	352.521881 	364.528015 
24.300000 	125.039368 	356.000000 	352.521881 	364.528015 
24.400000 	125.039368 	356.000000 	352.521881 	364.528015 
24.500000 	125.039368 	356.000000 	352.521881 	364.528015 
24.600000 	125.039368 	356.000000 	352.521881 	364.528015 
24.700000 	125.039368 	356.000000 	352.521881 	364.528015 
24.800000 	125.039368 	356.000000 	352.521881 	364.528015 
24.900000 	125.039368 	356.000000 	352.521881 	364.528015 
25.000000 	125.021591 	356.000000 	352.528809 	364.565002 
25.100000 	125.021591 	356.000000 	352.528809 	364.565002 
25.200000 	125.021591 	356.000000 	352.528809 	364.565002 
25.300000 	125.021591 	356.000000 	352.528809 	364.565002 
25.400000 	125.021591 	356.000000 	352.528809 	364.565002 
25.500000 	125.021591 	356.000000 	352.528809 	364.565002 
25.600000 	125.021591 	356.000000 	352.528809 	364.565002 
25.700000 	125.021591 	356.000000 	352.528809 	364.565002 
25.800000 	125.021591 	356.000000 	352.528809 	364.565002 
25.900000 	125.021591 	356.000000 	352.528809 	364.565002 
26.000000 	124.996407 	356.000000 	352.535492 	364.601990 
26.100000 	124.996407 	356.000000 	352.535492 	364.601990 
26.200000 	124.996407 	356.000000 	352.535492 	364.601990 
26.300000 	124.996407 	356.000000 	352.535492 	364.601990 
26.400000 	124.996407 	356.000000 	352.535492 	364.601990 
26.500000 	124.996407 	356.000000 	352.535492 	364.601990 
26.600000 	124.996407 	356.000000 	352.535492 	364.601990 
26.700000 	124.996407 	356.000000 	352.535492 	364.601990 
26.800000 	124.996407 	356.000000 	352.535492 	364.601990 
26.900000 	124.996407 	356.000000 	352.535492 	364.601990 
27.000000 	124.963463 	356.000000 	352.541931 	364.639008 
27.100000 	124.963463 	356.000000 	352.541931 	364.639008 
27.200000 	124.963463 	356.000000 	352.541931 	364.639008 
27.300000 	124.963463 	356.000000 	352.541931 	364.639008 
27.400000 	124.963463 	356.000000 	352.541931 	364.639008 
27.500000 	124.963463 	356.000000 	352.541931 	364.639008 
27.600000 	124.963463 	356.000000 	352.541931 	364.639008 
27.700000 	124.963463 	356.000000 	352.541931 	364.639008 
27.800000 	124.963463 	356.000000 	352.541931 	364.639008 
27.900000 	124.963463 	356.000000 	352.541931 	364.639008 
28.000000 	124.922340 	356.000000 	352.548096 	364.675995 
28.100000 	124.922340 	356.000000 	352.548096 	364.675995 
28.200000 	124.922340 	356.000000 	352.548096 	364.675995 
28.300000 	124.922340 	356.000000 	352.548096 	364.675995 
28.400000 	124.922340 	356.000000 	352.548096 	364.675995 
28.500000 	124.922340 	356.000000 	352.548096 	364.675995 
28.600000 	124.922340 	356.000000 	352.548096 	364.675995 
28.700000 	124.922340 	356.000000 	352.548096 	364.675995 
28.800000 	124.922340 	356.000000 	352.548096 	364.675995 
28.900000 	124.922340 	356.000000 	352.548096 	364.675995 
29.000000 	124.872498 	356.000000 	352.554016 	364.712006 
29.100000 	124.872498 	356.000000 	352.554016 	364.712006 
29.200000 	124.872498 	356.000000 	352.554016 	364.712006 
29.300000 	124.872498 	356.000000 	352.554016 	364.712006 
29.400000 	124.872498 	356.000000 	352.554016 	364.712006 
29.500000 	124.872498 	356.000000 	352.554016 	364.712006 
29.600000 	124.872498 	356.000000 	352.554016 	364.712006 
29.700000 	124.872498 	356.000000 	352.554016 	364.712006 
29.800000 	124.872498 	356.000000 	352.554016 	364.712006 
29.900000 	124.872498 	356.000000 	352.554016 	364.712006 
30.000000 	124.813324 	356.000000 	352.559662 	364.747986 
30.100000 	124.813324 	356.000000 	352.559662 	364.747986 
30.200000 	124.813324 	356.000000 	352.559662 	364.747986 
30.300000 	124.813324 	356.000000 	352.559662 	364.747986 
30.400000 	124.813324 	356.000000 	352.559662 	364.747986 
30.500000 	124.813324 	356.000000 	352.559662 	364.747986 
30.600000 	124.813324 	356.000000 	352.559662 	364.747986 
30.700000 	124.813324 	356.000000 	352.559662 	364.747986 
30.800000 	124.813324 	356.000000 	352.559662 	364.747986 
30.900000 	124.813324 	356.000000 	352.559662 	364.747986 
31.000000 	124.744102 	356.000000 	352.565063 	364.782990 
31.100000 	124.744102 	356.000000 	352.565063 	364.782990 
31.200000 	124.744102 	356.000000 	352.565063 	364.782990 
31.300000 	124.744102 	356.000000 	352.565063 	364.782990 
31.400000 	124.744102 	356.000000 	352.565063 	364.782990 
31.500000 	124.744102 	356.000000 	352.565063 	364.782990 
31.600000 	124.744102 	356.000000 	352.565063 	364.782990 
31.700000 	124.744102 	356.000000 	352.565063 	364.782990 
31.800000 	124.744102 	356.000000 	352.565063 	364.782990 
31.900000 	124.744102 	356.000000 	352.565063 	364.782990 
32.000000 	124.664032 	356.000000 	352.570251 	364.817993 
32.100000 	124.664032 	356.000000 	352.570251 	364.817993 
32.200000 	124.664032 	356.000000 	352.570251 	364.817993 
32.300000 	124.664032 	356.000000 	352.570251 	364.817993 
32.400000 	124.664032 	356.000000 	352.570251 	364.817993 
32.500000 	124.664032 	356.000000 	352.570251 	364.817993 
32.600000 	124.664032 	356.000000 	352.570251 	364.817993 
32.700000 	124.664032 	356.000000 	352.570251 	364.817993 
32.800000 	124.664032 	356.000000 	352.570251 	364.817993 
32.900000 	124.664032 	356.000000 	352.570251 	364.817993 
33.000000 	124.572220 	356.000000 	352.575195 	364.851990 
33.100000 	124.572220 	356.000000 	352.575195 	364.851990 
33.200000 	124.572220 	356.000000 	352.575195 	364.851990 
33.300000 	124.572220 	356.000000 	352.575195 	364.851990 
33.400000 	124.572220 	356.000000 	352.575195 	364.851990 
33.500000 	124.572220 	356.000000 	352.575195 	364.851990 
33.600000 	124.572220 	356.000000 	352.575195 	364.851990 
33.700000 	124.572220 	356.000000 	352.575195 	364.851990 
33.800000 	124.572220 	356.000000 	352.575195 	364.851990 
33.900000 	124.572220 	356.000000 	352.575195 	364.851990 
34.000000 	124.467667 	356.000000 	352.579895 	364.885986 
34.100000 	124.467667 	356.000000 	352.579895 	364.885986 
34.200000 	124.467667 	356.000000 	352.579895 	364.885986 
34.300000 	124.467667 	356.000000 	352.579895 	364.885986 
34.400000 	124.467667 	356.000000 	352.579895 	364.885986 
34.500000 	124.467667 	356.000000 	352.579895 	364.885986 
34.600000 	124.467667 	356.000000 	352.579895 	364.885986 
34.700000 	124.467667 	356.000000 	352.579895 	364.885986 
34.800000 	124.467667 	356.000000 	352.579895 	364.885986 
34.900000 	124.467667 	356.000000 	352.579895 	364.885986 
35.000000 	124.349266 	356.000000 	352.584412 	364.919006 
35.100000 	124.349266 	356.000000 	352.584412 	364.919006 
35.200000 	124.349266 	356.000000 	352.584412 	364.919006 
35.300000 	124.349266 	356.000000 	352.584412 	364.919006 
35.400000 	124.349266 	356.000000 	352.584412 	364.919006 
35.500000 	124.349266 	356.000000 	352.584412 	364.919006 
35.600000 	124.349266 	356.000000 	352.584412 	364.919006 
35.700000 	124.349266 	356.000000 	352.584412 	364.919006 
35.800000 	124.349266 	356.000000 	352.584412 	364.919006 
35.900000 	124.349266 	356.000000 	352.584412 	364.919006 
36.000000 	124.215813 	356.000000 	352.588715 	364.950989 
36.100000 	124.215813 	356.000000 	352.588715 	364.950989 
36.200000 	124.215813 	356.000000 	352.588715 	364.950989 
36.300000 	124.215813 	356.000000 	352.588715 	364.950989 
36.400000 	124.215813 	356.000000 	352.588715 	364.950989 
36.500000 	124.215813 	356.000000 	352.588715 	364.950989 
36.600000 	124.215813 	356.000000 	352.588715 	364.950989 
36.700000 	124.215813 	356.000000 	352.588715 	364.950989 
36.800000 	124.215813 	356.000000 	352.588715 	364.950989 
36.900000 	124.215813 	356.000000 	352.588715 	364.950989 
37.000000 	124.065964 	356.000000 	352.592804 	364.993988 
37.100000 	124.065964 	356.000000 	352.592804 	364.993988 
37.200000 	124.065964 	356.000000 	352.592804 	364.993988 
37.300000 	124.065964 	356.000000 	352.592804 	364.993988 
37.400000 	124.065964 	356.000000 	352.592804 	364.993988 
37.500000 	124.065964 	356.000000 	352.592804 	364.993988 
37.600000 	124.065964 	356.000000 	352.592804 	364.993988 
37.700000 	124.065964 	356.000000 	352.592804 	364.993988 
37.800000 	124.065964 	356.000000 	352.592804 	364.993988 
37.900000 	124.065964 	356.000000 	352.592804 	364.993988 
38.000000 	123.898247 	356.000000 	352.596710 	365.024994 
38.100000 	123.898247 	356.000000 	352.596710 	365.024994 
38.200000 	123.898247 	356.000000 	352.596710 	365.024994 
38.300000 	123.898247 	356.000000 	352.596710 	365.024994 
38.400000 	123.898247 	356.000000 	352.596710 	365.024994 
38.500000 	123.898247 	356.000000 	352.596710 	365.024994 
38.600000 	123.898247 	356.000000 	352.596710 	365.024994 
38.700000 	123.898247 	356.000000 	352.596710 	365.024994 
38.800000 	123.898247 	356.000000 	352.596710 	365.024994 
38.900000 	123.898247 	356.000000 	352.596710 	365.024994 
39.000000 	123.711029 	356.000000 	352.600464 	365.056000 
39.100000 	123.711029 	356.000000 	352.600464 	365.056000 
39.200000 	123.711029 	356.000000 	352.600464 	365.056000 
39.300000 	123.711029 	356.000000 	352.600464 	365.056000 
39.400000 	123.711029 	356.000000 	352.600464 	365.056000 
39.500000 	123.711029 	356.000000 	352.600464 	365.056000 
39.600000 	123.711029 	356.000000 	352.600464 	365.056000 
39.700000 	123.711029 	356.000000 	352.600464 	365.056000 
39.800000 	123.711029 	356.000000 	352.600464 	365.056000 
39.900000 	123.711029 	356.000000 	352.600464 	365.056000 
40.000000 	123.502502 	356.000000 	352.604004 	365.085999 
40.100000 	123.502502 	356.000000 	352.604004 	365.085999 
40.200000 	123.502502 	356.000000 	352.604004 	365.085999 
40.300000 	123.502502 	356.000000 	352.604004 	365.085999 
40.400000 	123.502502 	356.000000 	352.604004 	365.085999 
40.500000 	123.502502 	356.000000 	352.604004 	365.085999 
40.600000 	123.502502 	356.000000 	352.604004 	365.085999 
40.700000 	123.502502 	356.000000 	352.604004 	365.085999 
40.800000 	123.502502 	356.000000 	352.604004 	365.085999 
40.900000 	123.502502 	356.000000 	352.604004 	365.085999 
41.000000 	123.270699 	356.000000 	352.607422 	365.114990 
41.100000 	123.270699 	356.000000 	352.607422 	365.114990 
41.200000 	123.270699 	356.000000 	352.607422 	365.114990 
41.300000 	123.270699 	356.000000 	352.607422 	365.114990 
41.400000 	123.270699 	356.000000 	352.607422 	365.114990 
41.500000 	123.270699 	356.000000 	352.607422 	365.114990 
41.600000 	123.270699 	356.000000 	352.607422 	365.114990 
41.700000 	123.270699 	356.000000 	352.607422 	365.114990 
41.800000 	123.270699 	356.000000 	352.607422 	365.114990 
41.900000 	123.270699 	356.000000 	352.607422 	365.114990 
42.000000 	123.013397 	356.000000 	352.610657 	365.143005 
42.100000 	123.013397 	356.000000 	352.610657 	365.143005 
42.200000 	123.013397 	356.000000 	352.610657 	365.143005 
42.300000 	123.013397 	356.000000 	352.610657 	365.143005 
42.400000 	123.013397 	356.000000 	352.610657 	365.143005 
42.500000 	123.013397 	356.000000 	352.610657 	365.143005 
42.600000 	123.013397 	356.000000 	352.610657 	365.143005 
42.700000 	123.013397 	356.000000 	352.610657 	365.143005 
42.800000 	123.013397 	356.000000 	352.610657 	365.143005 
42.900000 	123.013397 	356.000000 	352.610657 	365.143005 
43.000000 	122.728149 	356.000000 	352.613739 	365.170990 
43.100000 	122.728149 	356.000000 	352.613739 	365.170990 
43.200000 	122.728149 	356.000000 	352.613739 	365.170990 
43.300000 	122.728149 	356.000000 	352.613739 	365.170990 
43.400000 	122.728149 	356.000000 	352.613739 	365.170990 
43.500000 	122.728149 	356.000000 	352.613739 	365.170990 
43.600000 	122.728149 	356.000000 	352.613739 	365.170990 
43.700000 	122.728149 	356.000000 	352.613739 	365.170990 
43.800000 	122.728149 	356.000000 	352.613739 	365.170990 
43.900000 	122.728149 	356.000000 	352.613739 	365.170990 
44.000000 	122.412224 	356.000000 	352.616669 	365.196991 
44.100000 	122.412224 	356.000000 	352.616669 	365.196991 
44.200000 	122.412224 	356.000000 	352.616669 	365.196991 
44.300000 	122.412224 	356.000000 	352.616669 	365.196991 
44.400000 	122.412224 	356.000000 	352.616669 	365.196991 
44.500000 	122.412224 	356.000000 	352.616669 	365.196991 
44.600000 	122.412224 	356.000000 	352.616669 	365.196991 
44.700000 	122.412224 	356.000000 	352.616669 	365.196991 
44.800000 	122.412224 	356.000000 	352.616669 	365.196991 
44.900000 	122.412224 	356.000000 	352.616669 	365.196991 
45.000000 	122.062546 	356.000000 	352.619446 	365.221985 
45.100000 	122.062546 	356.000000 	352.619446 	365.221985 
45.200000 	122.062546 	356.000000 	352.619446 	365.221985 
45.300000 	122.062546 	356.000000 	352.619446 	365.221985 
45.400000 	122.062546 	356.000000 	352.619446 	365.221985 
45.500000 	122.062546 	356.000000 	352.619446 	365.221985 
45.600000 	122.062546 	356.000000 	352.619446 	365.221985 
45.700000 	122.062546 	356.000000 	352.619446 	365.221985 
45.800000 	122.062546 	356.000000 	352.619446 	365.221985 
45.900000 	122.062546 	356.000000 	352.619446 	365.221985 
46.000000 	121.675690 	356.000000 	352.622101 	365.247009 
46.100000 	121.675690 	356.000000 	352.622101 	365.247009 
46.200000 	121.675690 	356.000000 	352.622101 	365.247009 
46.300000 	121.675690 	356.000000 	352.622101 	365.247009 
46.400000 	121.675690 	356.000000 	352.622101 	365.247009 
46.500000 	121.675690 	356.000000 	352.622101 	365.247009 
46.600000 	121.675690 	356.000000 	352.622101 	365.247009 
46.700000 	121.675690 	356.000000 	352.622101 	365.247009 
46.800000 	121.675690 	356.000000 	352.622101 	365.247009 
46.900000 	121.675690 	356.000000 	352.622101 	365.247009 
47.000000 	121.247780 	356.000000 	352.624634 	365.269989 
47.100000 	121.247780 	356.000000 	352.624634 	365.269989 
47.200000 	121.247780 	356.000000 	352.624634 	365.269989 
47.300000 	121.247780 	356.000000 	352.624634 	365.269989 
47.400000 	121.247780 	356.000000 	352.624634 	365.269989 
47.500000 	121.247780 	356.000000 	352.624634 	365.269989 
47.600000 	121.247780 	356.000000 	352.624634 	365.269989 
47.700000 	121.247780 	356.000000 	352.624634 	365.269989 
47.800000 	121.247780 	356.000000 	352.624634 	365.269989 
47.900000 	121.247780 	356.000000 	352.624634 	365.269989 
48.000000 	120.774399 	356.000000 	352.627014 	365.291992 
48.100000 	120.774399 	356.000000 	352.627014 	365.291992 
48.200000 	120.774399 	356.000000 	352.627014 	365.291992 
48.300000 	120.774399 	356.000000 	352.627014 	365.291992 
48.400000 	120.774399 	356.000000 	352.627014 	365.291992 
48.500000 	120.774399 	356.000000 	352.627014 	365.291992 
48.600000 	120.774399 	356.000000 	352.627014 	365.291992 
48.700000 	120.774399 	356.000000 	352.627014 	365.291992 
48.800000 	120.774399 	356.000000 	352.627014 	365.291992 
48.900000 	120.774399 	356.000000 	352.627014 	365.291992 
49.000000 	120.250565 	356.000000 	352.629303 	365.312988 
49.100000 	120.250565 	356.000000 	352.629303 	365.312988 
49.200000 	120.250565 	356.000000 	352.629303 	365.312988 
49.300000 	120.250565 	356.000000 	352.629303 	365.312988 
49.400000 	120.250565 	356.000000 	352.629303 	365.312988 
49.500000 	120.250565 	356.000000 	352.629303 	365.312988 
49.600000 	120.250565 	356.000000 	352.629303 	365.312988 
49.700000 	120.250565 	356.000000 	352.629303 	365.312988 
49.800000 	120.250565 	356.000000 	352.629303 	365.312988 
49.900000 	120.250565 	356.000000 	352.629303 	365.312988 
50.000000 	119.670525 	356.000000 	352.631439 	365.333008 
50.100000 	119.670525 	356.000000 	352.631439 	365.333008 
50.200000 	119.670525 	356.000000 	352.631439 	365.333008 
50.300000 	119.670525 	356.000000 	352.631439 	365.333008 
50.400000 	119.670525 	356.000000 	352.631439 	365.333008 
50.500000 	119.670525 	356.000000 	352.631439 	365.333008 
50.600000 	119.670525 	356.000000 	352.631439 	365.333008 
50.700000 	119.670525 	356.000000 	352.631439 	365.333008 
50.800000 	119.670525 	356.000000 	352.631439 	365.333008 
50.900000 	119.670525 	356.000000 	352.631439 	365.333008 
51.000000 	119.027664 	356.000000 	352.633453 	1003.359985 
51.100000 	119.027664 	356.000000 	352.633453 	1003.359985 
51.200000 	119.027664 	356.000000 	352.633453 	1003.359985 
51.300000 	119.027664 	356.000000 	352.633453 	1003.359985 
51.400000 	119.027664 	356.000000 	352.633453 	1003.359985 
51.500000 	119.027664 	356.000000 	352.633453 	1003.359985 
51.600000 	119.027664 	356.000000 	352.633453 	1003.359985 
51.700000 	119.027664 	356.000000 	352.633453 	1003.359985 
51.800000 	119.027664 	356.000000 	352.633453 	1003.359985 
51.900000 	119.027664 	356.000000 	352.633453 	1003.359985 
52.000000 	118.314316 	356.000000 	352.635376 	1003.359985 
52.100000 	118.314316 	356.000000 	352.635376 	1003.359985 
52.200000 	118.314316 	356.000000 	352.635376 	1003.359985 
52.300000 	118.314316 	356.000000 	352.635376 	1003.359985 
52.400000 	118.314316 	356.000000 	352.635376 	1003.359985 
52.500000 	118.314316 	356.000000 	352.635376 	1003.359985 
52.600000 	118.314316 	356.000000 	352.635376 	1003.359985 
52.700000 	118.314316 	356.000000 	352.635376 	1003.359985 
52.800000 	118.314316 	356.000000 	352.635376 	1003.359985 
52.900000 	118.314316 	356.000000 	352.635376 	1003.359985 
53.000000 	117.521500 	356.000000 	352.637146 	1003.359985 
53.100000 	117.521500 	356.000000 	352.637146 	1003.359985 
53.200000 	117.521500 	356.000000 	352.637146 	1003.359985 
53.300000 	117.521500 	356.000000 	352.637146 	1003.359985 
53.400000 	117.521500 	356.000000 	352.637146 	1003.359985 
53.500000 	117.521500 	356.000000 	352.637146 	1003.359985 
53.600000 	117.521500 	356.000000 	352.637146 	1003.359985 
53.700000 	117.521500 	356.000000 	352.637146 	1003.359985 
53.800000 	117.521500 	356.000000 	352.637146 	1003.359985 
53.900000 	117.521500 	356.000000 	352.637146 	1003.359985 
54.000000 	116.638634 	356.000000 	352.638824 	1003.359985 
54.100000 	116.638634 	356.000000 	352.638824 	1003.359985 
54.200000 	116.638634 	356.000000 	352.638824 	1003.359985 
54.300000 	116.638634 	356.000000 	352.638824 	1003.359985 
54.400000 	116.638634 	356.000000 	352.638824 	1003.359985 
54.500000 	116.638634 	356.000000 	352.638824 	1003.359985 
54.600000 	116.638634 	356.000000 	352.638824 	1003.359985 
54.700000 	116.638634 	356.000000 	352.638824 	1003.359985 
54.800000 	116.638634 	356.000000 	352.638824 	1003.359985 
54.900000 	116.638634 	356.000000 	352.638824 	1003.359985 
55.000000 	115.653122 	356.000000 	352.640381 	1003.359985 
55.100000 	115.653122 	356.000000 	352.640381 	1003.359985 
55.200000 	115.653122 	356.000000 	352.640381 	1003.359985 
55.300000 	115.653122 	356.000000 	352.640381 	1003.359985 
55.400000 	115.653122 	356.000000 	352.640381 	1003.359985 
55.500000 	115.653122 	356.000000 	352.640381 	1003.359985 
55.600000 	115.653122 	356.000000 	352.640381 	1003.359985 
55.700000 	115.653122 	356.000000 	352.640381 	1003.359985 
55.800000 	115.653122 	356.000000 	352.640381 	1003.359985 
55.900000 	115.653122 	356.000000 	352.640381 	1003.359985 
56.000000 	114.549820 	356.000000 	352.641846 	1003.359985 
56.100000 	114.549820 	356.000000 	352.641846 	1003.359985 
56.200000 	114.549820 	356.000000 	352.641846 	1003.359985 
56.300000 	114.549820 	356.000000 	352.641846 	1003.359985 
56.400000 	114.549820 	356.000000 	352.641846 	1003.359985 
56.500000 	114.549820 	356.000000 	352.641846 	1003.359985 
56.600000 	114.549820 	356.000000 	352.641846 	1003.359985 
56.700000 	114.549820 	356.000000 	352.641846 	1003.359985 
56.800000 	114.549820 	356.000000 	352.641846 	1003.359985 
56.900000 	114.549820 	356.000000 	352.641846 	1003.359985 
57.000000 	113.310303 	356.000000 	352.643158 	1003.359985 
57.100000 	113.310303 	356.000000 	352.643158 	1003.359985 
57.200000 	113.310303 	356.000000 	352.643158 	1003.359985 
57.300000 	113.310303 	356.000000 	352.643158 	1003.359985 
57.400000 	113.310303 	356.000000 	352.643158 	1003.359985 
57.500000 	113.310303 	356.000000 	352.643158 	1003.359985 
57.600000 	113.310303 	356.000000 	352.643158 	1003.359985 
57.700000 	113.310303 	356.000000 	352.643158 	1003.359985 
57.800000 	113.310303 	356.000000 	352.643158 	1003.359985 
57.900000 	113.310303 	356.000000 	352.643158 	1003.359985 
58.000000 	111.911858 	356.000000 	352.644379 	1003.359985 
58.100000 	111.911858 	356.000000 	352.644379 	1003.359985 
58.200000 	111.911858 	356.000000 	352.644379 	1003.359985 
58.300000 	111.911858 	356.000000 	352.644379 	1003.359985 
58.400000 	111.911858 	356.000000 	352.644379 	1003.359985 
58.500000 	111.911858 	356.000000 	352.644379 	1003.359985 
58.600000 	111.911858 	356.000000 	352.644379 	1003.359985 
58.700000 	111.911858 	356.000000 	352.644379 	1003.359985 
58.800000 	111.911858 	356.000000 	352.644379 	1003.359985 
58.900000 	111.911858 	356.000000 	352.644379 	1003.359985 
59.000000 	110.326035 	356.000000 	352.645477 	1003.359985 
59.100000 	110.326035 	356.000000 	352.645477 	1003.359985 
59.200000 	110.326035 	356.000000 	352.645477 	1003.359985 
59.300000 	110.326035 	356.000000 	352.645477 	1003.359985 
59.400000 	110.326035 	356.000000 	352.645477 	1003.359985 
59.500000 	110.326035 	356.000000 	352.645477 	1003.359985 
59.600000 	110.326035 	356.000000 	352.645477 	1003.359985 
59.700000 	110.326035 	356.000000 	352.645477 	1003.359985 
59.800000 	110.326035 	356.000000 	352.645477 	1003.359985 
59.900000 	110.326035 	356.000000 	352.645477 	1003.359985 
60.000000 	108.516640 	356.000000 	352.646454 	1003.359985 
