0.500000 	0.000000 	127.000000 	0.000000 	150.309006 
0.600000 	0.000000 	127.000000 	0.000000 	150.309006 
0.700000 	0.000000 	127.000000 	0.000000 	150.309006 
0.800000 	0.000000 	127.000000 	0.000000 	150.309006 
0.900000 	0.000000 	127.000000 	0.000000 	131.904999 
1.000000 	59.476261 	127.000000 	117.156113 	135.173996 
1.100000 	59.476261 	127.000000 	117.156113 	135.173996 
1.200000 	59.476261 	127.000000 	117.156113 	135.173996 
1.300000 	59.476261 	127.000000 	117.156113 	135.173996 
1.400000 	59.476261 	127.000000 	117.156113 	135.173996 
1.500000 	59.476261 	127.000000 	117.156113 	135.173996 
1.600000 	59.476261 	127.000000 	117.156113 	135.173996 
1.700000 	59.476261 	127.000000 	117.156113 	135.173996 
1.800000 	59.476261 	127.000000 	117.156113 	135.173996 
1.900000 	59.476261 	127.000000 	117.156113 	135.173996 
2.000000 	77.832893 	127.000000 	122.680626 	144.302994 
2.100000 	77.832893 	127.000000 	122.680626 	144.302994 
2.200000 	77.832893 	127.000000 	122.680626 	144.302994 
2.300000 	77.832893 	127.000000 	122.680626 	144.302994 
2.400000 	77.832893 	127.000000 	122.680626 	144.302994 
2.500000 	77.832893 	127.000000 	122.680626 	144.302994 
2.600000 	77.832893 	127.000000 	122.680626 	144.302994 
2.700000 	77.832893 	127.000000 	122.680626 	144.302994 
2.800000 	77.832893 	127.000000 	122.680626 	144.302994 
2.900000 	77.832893 	127.000000 	122.680626 	144.302994 
3.000000 	90.718262 	127.000000 	139.492676 	145.854004 
3.100000 	90.718262 	127.000000 	139.492676 	145.854004 
3.200000 	90.718262 	127.000000 	139.492676 	145.854004 
3.300000 	90.718262 	127.000000 	139.492676 	145.854004 
3.400000 	90.718262 	127.000000 	139.492676 	145.854004 
3.500000 	90.718262 	127.000000 	139.492676 	145.854004 
3.600000 	90.718262 	127.000000 	139.492676 	145.854004 
3.700000 	90.718262 	127.000000 	139.492676 	145.854004 
3.800000 	90.718262 	127.000000 	139.492676 	145.854004 
3.900000 	90.718262 	127.000000 	139.492676 	145.854004 
4.000000 	100.501434 	127.000000 	134.821884 	146.442993 
4.100000 	100.501434 	127.000000 	134.821884 	146.442993 
4.200000 	100.501434 	127.000000 	134.821884 	146.442993 
4.300000 	100.501434 	127.000000 	134.821884 	146.442993 
4.400000 	100.501434 	127.000000 	134.821884 	146.442993 
4.500000 	100.501434 	127.000000 	134.821884 	146.442993 
4.600000 	100.501434 	127.000000 	134.821884 	146.442993 
4.700000 	100.501434 	127.000000 	134.821884 	146.442993 
4.800000 	100.501434 	127.000000 	134.821884 	146.442993 
4.900000 	100.501434 	127.000000 	134.821884 	146.442993 
5.000000 	106.923943 	127.000000 	130.820221 	146.761002 
5.100000 	106.923943 	127.000000 	130.820221 	146.761002 
5.200000 	106.923943 	127.000000 	130.820221 	146.761002 
5.300000 	106.923943 	127.000000 	130.820221 	146.761002 
5.400000 	106.923943 	127.000000 	130.820221 	146.761002 
5.500000 	106.923943 	127.000000 	130.820221 	146.761002 
5.600000 	106.923943 	127.000000 	130.820221 	146.761002 
5.700000 	106.923943 	127.000000 	130.820221 	146.761002 
5.800000 	106.923943 	127.000000 	130.820221 	146.761002 
5.900000 	106.923943 	127.000000 	130.820221 	146.761002 
6.000000 	111.024620 	127.000000 	128.011749 	146.973999 
6.100000 	111.024620 	127.000000 	128.011749 	146.973999 
6.200000 	111.024620 	127.000000 	128.011749 	146.973999 
6.300000 	111.024620 	127.000000 	128.011749 	146.973999 
6.400000 	111.024620 	127.000000 	128.011749 	146.973999 
6.500000 	111.024620 	127.000000 	128.011749 	146.973999 
6.600000 	111.024620 	127.000000 	128.011749 	146.973999 
6.700000 	111.024620 	127.000000 	128.011749 	146.973999 
6.800000 	111.024620 	127.000000 	128.011749 	146.973999 
6.900000 	111.024620 	127.000000 	128.011749 	146.973999 
7.000000 	113.687965 	127.000000 	126.122246 	147.139008 
7.100000 	113.687965 	127.000000 	126.122246 	147.139008 
7.200000 	113.687965 	127.000000 	126.122246 	147.139008 
7.300000 	113.687965 	127.000000 	126.122246 	147.139008 
7.400000 	113.687965 	127.000000 	126.122246 	147.139008 
7.500000 	113.687965 	127.000000 	126.122246 	147.139008 
7.600000 	113.687965 	127.000000 	126.122246 	147.139008 
7.700000 	113.687965 	127.000000 	126.122246 	147.139008 
7.800000 	113.687965 	127.000000 	126.122246 	147.139008 
7.900000 	113.687965 	127.000000 	126.122246 	147.139008 
8.000000 	115.377449 	127.000000 	124.936462 	147.279999 
8.100000 	115.377449 	127.000000 	124.936462 	147.279999 
8.200000 	115.377449 	127.000000 	124.936462 	147.279999 
8.300000 	115.377449 	127.000000 	124.936462 	147.279999 
8.400000 	115.377449 	127.000000 	124.936462 	147.279999 
8.500000 	115.377449 	127.000000 	124.936462 	147.279999 
8.600000 	115.377449 	127.000000 	124.936462 	147.279999 
8.700000 	115.377449 	127.000000 	124.936462 	147.279999 
8.800000 	115.377449 	127.000000 	124.936462 	147.279999 
8.900000 	115.377449 	127.000000 	124.936462 	147.279999 
9.000000 	116.340935 	127.000000 	124.322052 	147.408005 
9.100000 	116.340935 	127.000000 	124.322052 	147.408005 
9.200000 	116.340935 	127.000000 	124.322052 	147.408005 
9.300000 	116.340935 	127.000000 	124.322052 	147.408005 
9.400000 	116.340935 	127.000000 	124.322052 	147.408005 
9.500000 	116.340935 	127.000000 	124.322052 	147.408005 
9.600000 	116.340935 	127.000000 	124.322052 	147.408005 
9.700000 	116.340935 	127.000000 	124.322052 	147.408005 
9.800000 	116.340935 	127.000000 	124.322052 	147.408005 
9.900000 	116.340935 	127.000000 	124.322052 	147.408005 
10.000000 	116.761292 	127.000000 	124.155556 	147.529007 
10.100000 	116.761292 	127.000000 	124.155556 	147.529007 
10.200000 	116.761292 	127.000000 	124.155556 	147.529007 
10.300000 	116.761292 	127.000000 	124.155556 	147.529007 
10.400000 	116.761292 	127.000000 	124.155556 	147.529007 
10.500000 	116.761292 	127.000000 	124.155556 	147.529007 
10.600000 	116.761292 	127.000000 	124.155556 	147.529007 
10.700000 	116.761292 	127.000000 	124.155556 	147.529007 
10.800000 	116.761292 	127.000000 	124.155556 	147.529007 
10.900000 	116.761292 	127.000000 	124.155556 	147.529007 
11.000000 	116.823067 	127.000000 	124.285439 	147.647003 
11.100000 	116.823067 	127.000000 	124.285439 	147.647003 
11.200000 	116.823067 	127.000000 	124.285439 	147.647003 
11.300000 	116.823067 	127.000000 	124.285439 	147.647003 
11.400000 	116.823067 	127.000000 	124.285439 	147.647003 
11.500000 	116.823067 	127.000000 	124.285439 	147.647003 
11.600000 	116.823067 	127.000000 	124.285439 	147.647003 
11.700000 	116.823067 	127.000000 	124.285439 	147.647003 
11.800000 	116.823067 	127.000000 	124.285439 	147.647003 
11.900000 	116.823067 	127.000000 	124.285439 	147.647003 
12.000000 	116.687752 	127.000000 	124.569725 	147.761993 
12.100000 	116.687752 	127.000000 	124.569725 	147.761993 
12.200000 	116.687752 	127.000000 	124.569725 	147.761993 
12.300000 	116.687752 	127.000000 	124.569725 	147.761993 
12.400000 	116.687752 	127.000000 	124.569725 	147.761993 
12.500000 	116.687752 	127.000000 	124.569725 	147.761993 
12.600000 	116.687752 	127.000000 	124.569725 	147.761993 
12.700000 	116.687752 	127.000000 	124.569725 	147.761993 
12.800000 	116.687752 	127.000000 	124.569725 	147.761993 
12.900000 	116.687752 	127.000000 	124.569725 	147.761993 
13.000000 	116.462051 	127.000000 	124.913857 	147.876999 
13.100000 	116.462051 	127.000000 	124.913857 	147.876999 
13.200000 	116.462051 	127.000000 	124.913857 	147.876999 
13.300000 	116.462051 	127.000000 	124.913857 	147.876999 
13.400000 	116.462051 	127.000000 	124.913857 	147.876999 
13.500000 	116.462051 	127.000000 	124.913857 	147.876999 
13.600000 	116.462051 	127.000000 	124.913857 	147.876999 
13.700000 	116.462051 	127.000000 	124.913857 	147.876999 
13.800000 	116.462051 	127.000000 	124.913857 	147.876999 
13.900000 	116.462051 	127.000000 	124.913857 	147.876999 
14.000000 	116.203949 	127.000000 	125.267647 	147.990997 
14.100000 	116.203949 	127.000000 	125.267647 	147.990997 
14.200000 	116.203949 	127.000000 	125.267647 	147.990997 
14.300000 	116.203949 	127.000000 	125.267647 	147.990997 
14.400000 	116.203949 	127.000000 	125.267647 	147.990997 
14.500000 	116.203949 	127.000000 	125.267647 	147.990997 
14.600000 	116.203949 	127.000000 	125.267647 	147.990997 
14.700000 	116.203949 	127.000000 	125.267647 	147.990997 
14.800000 	116.203949 	127.000000 	125.267647 	147.990997 
14.900000 	116.203949 	127.000000 	125.267647 	147.990997 
15.000000 	115.941887 	127.000000 	125.607872 	148.104996 
15.100000 	115.941887 	127.000000 	125.607872 	148.104996 
15.200000 	115.941887 	127.000000 	125.607872 	148.104996 
15.300000 	115.941887 	127.000000 	125.607872 	148.104996 
15.400000 	115.941887 	127.000000 	125.607872 	148.104996 
15.500000 	115.941887 	127.000000 	125.607872 	148.104996 
15.600000 	115.941887 	127.000000 	125.607872 	148.104996 
15.700000 	115.941887 	127.000000 	125.607872 	148.104996 
15.800000 	115.941887 	127.000000 	125.607872 	148.104996 
15.900000 	115.941887 	127.000000 	125.607872 	148.104996 
16.000000 	115.688889 	127.000000 	125.925049 	148.218994 
16.100000 	115.688889 	127.000000 	125.925049 	148.218994 
16.200000 	115.688889 	127.000000 	125.925049 	148.218994 
16.300000 	115.688889 	127.000000 	125.925049 	148.218994 
16.400000 	115.688889 	127.000000 	125.925049 	148.218994 
16.500000 	115.688889 	127.000000 	125.925049 	148.218994 
16.600000 	115.688889 	127.000000 	125.925049 	148.218994 
16.700000 	115.688889 	127.000000 	125.925049 	148.218994 
16.800000 	115.688889 	127.000000 	125.925049 	148.218994 
16.900000 	115.688889 	127.000000 	125.925049 	148.218994 
17.000000 	115.450348 	127.000000 	126.216217 	148.332993 
17.100000 	115.450348 	127.000000 	126.216217 	148.332993 
17.200000 	115.450348 	127.000000 	126.216217 	148.332993 
17.300000 	115.450348 	127.000000 	126.216217 	148.332993 
17.400000 	115.450348 	127.000000 	126.216217 	148.332993 
17.500000 	115.450348 	127.000000 	126.216217 	148.332993 
17.600000 	115.450348 	127.000000 	126.216217 	148.332993 
17.700000 	115.450348 	127.000000 	126.216217 	148.332993 
17.800000 	115.450348 	127.000000 	126.216217 	148.332993 
17.900000 	115.450348 	127.000000 	126.216217 	148.332993 
18.000000 	115.227928 	127.000000 	126.481407 	148.447998 
18.100000 	115.227928 	127.000000 	126.481407 	148.447998 
18.200000 	115.227928 	127.000000 	126.481407 	148.447998 
18.300000 	115.227928 	127.000000 	126.481407 	148.447998 
18.400000 	115.227928 	127.000000 	126.481407 	148.447998 
18.500000 	115.227928 	127.000000 	126.481407 	148.447998 
18.600000 	115.227928 	127.000000 	126.481407 	148.447998 
18.700000 	115.227928 	127.000000 	126.481407 	148.447998 
18.800000 	115.227928 	127.000000 	126.481407 	148.447998 
18.900000 	115.227928 	127.000000 	126.481407 	148.447998 
19.000000 	115.021507 	127.000000 	126.721893 	148.561996 
19.100000 	115.021507 	127.000000 	126.721893 	148.561996 
19.200000 	115.021507 	127.000000 	126.721893 	148.561996 
19.300000 	115.021507 	127.000000 	126.721893 	148.561996 
19.400000 	115.021507 	127.000000 	126.721893 	148.561996 
19.500000 	115.021507 	127.000000 	126.721893 	148.561996 
19.600000 	115.021507 	127.000000 	126.721893 	148.561996 
19.700000 	115.021507 	127.000000 	126.721893 	148.561996 
19.800000 	115.021507 	127.000000 	126.721893 	148.561996 
19.900000 	115.021507 	127.000000 	126.721893 	148.561996 
20.000000 	114.830154 	127.000000 	126.939384 	148.677002 
20.100000 	114.830154 	127.000000 	126.939384 	148.677002 
20.200000 	114.830154 	127.000000 	126.939384 	148.677002 
20.300000 	114.830154 	127.000000 	126.939384 	148.677002 
20.400000 	114.830154 	127.000000 	126.939384 	148.677002 
20.500000 	114.830154 	127.000000 	126.939384 	148.677002 
20.600000 	114.830154 	127.000000 	126.939384 	148.677002 
20.700000 	114.830154 	127.000000 	126.939384 	148.677002 
20.800000 	114.830154 	127.000000 	126.939384 	148.677002 
20.900000 	114.830154 	127.000000 	126.939384 	148.677002 
21.000000 	114.652573 	127.000000 	127.135674 	148.791000 
21.100000 	114.652573 	127.000000 	127.135674 	148.791000 
21.200000 	114.652573 	127.000000 	127.135674 	148.791000 
21.300000 	114.652573 	127.000000 	127.135674 	148.791000 
21.400000 	114.652573 	127.000000 	127.135674 	148.791000 
21.500000 	114.652573 	127.000000 	127.135674 	148.791000 
21.600000 	114.652573 	127.000000 	127.135674 	148.791000 
21.700000 	114.652573 	127.000000 	127.135674 	148.791000 
21.800000 	114.652573 	127.000000 	127.135674 	148.791000 
21.900000 	114.652573 	127.000000 	127.135674 	148.791000 
22.000000 	114.487373 	127.000000 	127.312408 	148.904999 
22.100000 	114.487373 	127.000000 	127.312408 	148.904999 
22.200000 	114.487373 	127.000000 	127.312408 	148.904999 
22.300000 	114.487373 	127.000000 	127.312408 	148.904999 
22.400000 	114.487373 	127.000000 	127.312408 	148.904999 
22.500000 	114.487373 	127.000000 	127.312408 	148.904999 
22.600000 	114.487373 	127.000000 	127.312408 	148.904999 
22.700000 	114.487373 	127.000000 	127.312408 	148.904999 
22.800000 	114.487373 	127.000000 	127.312408 	148.904999 
22.900000 	114.487373 	127.000000 	127.312408 	148.904999 
23.000000 	114.333168 	127.000000 	127.471069 	149.018005 
23.100000 	114.333168 	127.000000 	127.471069 	149.018005 
23.200000 	114.333168 	127.000000 	127.471069 	149.018005 
23.300000 	114.333168 	127.000000 	127.471069 	149.018005 
23.400000 	114.333168 	127.000000 	127.471069 	149.018005 
23.500000 	114.333168 	127.000000 	127.471069 	149.018005 
23.600000 	114.333168 	127.000000 	127.471069 	149.018005 
23.700000 	114.333168 	127.000000 	127.471069 	149.018005 
23.800000 	114.333168 	127.000000 	127.471069 	149.018005 
23.900000 	114.333168 	127.000000 	127.471069 	149.018005 
24.000000 	114.188644 	127.000000 	127.612923 	149.130997 
24.100000 	114.188644 	127.000000 	127.612923 	149.130997 
24.200000 	114.188644 	127.000000 	127.612923 	149.130997 
24.300000 	114.188644 	127.000000 	127.612923 	149.130997 
24.400000 	114.188644 	127.000000 	127.612923 	149.130997 
24.500000 	114.188644 	127.000000 	127.612923 	149.130997 
24.600000 	114.188644 	127.000000 	127.612923 	149.130997 
24.700000 	114.188644 	127.000000 	127.612923 	149.130997 
24.800000 	114.188644 	127.000000 	127.612923 	149.130997 
24.900000 	114.188644 	127.000000 	127.612923 	149.130997 
25.000000 	114.052567 	127.000000 	127.739037 	149.242996 
25.100000 	114.052567 	127.000000 	127.739037 	149.242996 
25.200000 	114.052567 	127.000000 	127.739037 	149.242996 
25.300000 	114.052567 	127.000000 	127.739037 	149.242996 
25.400000 	114.052567 	127.000000 	127.739037 	149.242996 
25.500000 	114.052567 	127.000000 	127.739037 	149.242996 
25.600000 	114.052567 	127.000000 	127.739037 	149.242996 
25.700000 	114.052567 	127.000000 	127.739037 	149.242996 
25.800000 	114.052567 	127.000000 	127.739037 	149.242996 
25.900000 	114.052567 	127.000000 	127.739037 	149.242996 
26.000000 	113.923767 	127.000000 	127.850281 	149.354996 
26.100000 	113.923767 	127.000000 	127.850281 	149.354996 
26.200000 	113.923767 	127.000000 	127.850281 	149.354996 
26.300000 	113.923767 	127.000000 	127.850281 	149.354996 
26.400000 	113.923767 	127.000000 	127.850281 	149.354996 
26.500000 	113.923767 	127.000000 	127.850281 	149.354996 
26.600000 	113.923767 	127.000000 	127.850281 	149.354996 
26.700000 	113.923767 	127.000000 	127.850281 	149.354996 
26.800000 	113.923767 	127.000000 	127.850281 	149.354996 
26.900000 	113.923767 	127.000000 	127.850281 	149.354996 
27.000000 	113.801186 	127.000000 	127.947342 	149.466003 
27.100000 	113.801186 	127.000000 	127.947342 	149.466003 
27.200000 	113.801186 	127.000000 	127.947342 	149.466003 
27.300000 	113.801186 	127.000000 	127.947342 	149.466003 
27.400000 	113.801186 	127.000000 	127.947342 	149.466003 
27.500000 	113.801186 	127.000000 	127.947342 	149.466003 
27.600000 	113.801186 	127.000000 	127.947342 	149.466003 
27.700000 	113.801186 	127.000000 	127.947342 	149.466003 
27.800000 	113.801186 	127.000000 	127.947342 	149.466003 
27.900000 	113.801186 	127.000000 	127.947342 	149.466003 
28.000000 	113.683823 	127.000000 	128.030762 	149.574997 
28.100000 	113.683823 	127.000000 	128.030762 	149.574997 
28.200000 	113.683823 	127.000000 	128.030762 	149.574997 
28.300000 	113.683823 	127.000000 	128.030762 	149.574997 
28.400000 	113.683823 	127.000000 	128.030762 	149.574997 
28.500000 	113.683823 	127.000000 	128.030762 	149.574997 
28.600000 	113.683823 	127.000000 	128.030762 	149.574997 
28.700000 	113.683823 	127.000000 	128.030762 	149.574997 
28.800000 	113.683823 	127.000000 	128.030762 	149.574997 
28.900000 	113.683823 	127.000000 	128.030762 	149.574997 
29.000000 	113.570740 	127.000000 	128.100922 	149.684006 
29.100000 	113.570740 	127.000000 	128.100922 	149.684006 
29.200000 	113.570740 	127.000000 	128.100922 	149.684006 
29.300000 	113.570740 	127.000000 	128.100922 	149.684006 
29.400000 	113.570740 	127.000000 	128.100922 	149.684006 
29.500000 	113.570740 	127.000000 	128.100922 	149.684006 
29.600000 	113.570740 	127.000000 	128.100922 	149.684006 
29.700000 	113.570740 	127.000000 	128.100922 	149.684006 
29.800000 	113.570740 	127.000000 	128.100922 	149.684006 
29.900000 	113.570740 	127.000000 	128.100922 	149.684006 
30.000000 	113.461029 	127.000000 	128.158096 	149.792007 
30.100000 	113.461029 	127.000000 	128.158096 	149.792007 
30.200000 	113.461029 	127.000000 	128.158096 	149.792007 
30.300000 	113.461029 	127.000000 	128.158096 	149.792007 
30.400000 	113.461029 	127.000000 	128.158096 	149.792007 
30.500000 	113.461029 	127.000000 	128.158096 	149.792007 
30.600000 	113.461029 	127.000000 	128.158096 	149.792007 
30.700000 	113.461029 	127.000000 	128.158096 	149.792007 
30.800000 	113.461029 	127.000000 	128.158096 	149.792007 
30.900000 	113.461029 	127.000000 	128.158096 	149.792007 
31.000000 	113.353836 	127.000000 	128.202393 	149.897995 
31.100000 	113.353836 	127.000000 	128.202393 	149.897995 
31.200000 	113.353836 	127.000000 	128.202393 	149.897995 
31.300000 	113.353836 	127.000000 	128.202393 	149.897995 
31.400000 	113.353836 	127.000000 	128.202393 	149.897995 
31.500000 	113.353836 	127.000000 	128.202393 	149.897995 
31.600000 	113.353836 	127.000000 	128.202393 	149.897995 
31.700000 	113.353836 	127.000000 	128.202393 	149.897995 
31.800000 	113.353836 	127.000000 	128.202393 	149.897995 
31.900000 	113.353836 	127.000000 	128.202393 	149.897995 
32.000000 	113.248322 	127.000000 	128.233826 	150.003006 
32.100000 	113.248322 	127.000000 	128.233826 	150.003006 
32.200000 	113.248322 	127.000000 	128.233826 	150.003006 
32.300000 	113.248322 	127.000000 	128.233826 	150.003006 
32.400000 	113.248322 	127.000000 	128.233826 	150.003006 
32.500000 	113.248322 	127.000000 	128.233826 	150.003006 
32.600000 	113.248322 	127.000000 	128.233826 	150.003006 
32.700000 	113.248322 	127.000000 	128.233826 	150.003006 
32.800000 	113.248322 	127.000000 	128.233826 	150.003006 
32.900000 	113.248322 	127.000000 	128.233826 	150.003006 
33.000000 	113.143654 	127.000000 	128.252335 	150.106003 
33.100000 	113.143654 	127.000000 	128.252335 	150.106003 
33.200000 	113.143654 	127.000000 	128.252335 	150.106003 
33.300000 	113.143654 	127.000000 	128.252335 	150.106003 
33.400000 	113.143654 	127.000000 	128.252335 	150.106003 
33.500000 	113.143654 	127.000000 	128.252335 	150.106003 
33.600000 	113.143654 	127.000000 	128.252335 	150.106003 
33.700000 	113.143654 	127.000000 	128.252335 	150.106003 
33.800000 	113.143654 	127.000000 	128.252335 	150.106003 
33.900000 	113.143654 	127.000000 	128.252335 	150.106003 
34.000000 	113.039009 	127.000000 	128.257721 	150.207993 
34.100000 	113.039009 	127.000000 	128.257721 	150.207993 
34.200000 	113.039009 	127.000000 	128.257721 	150.207993 
34.300000 	113.039009 	127.000000 	128.257721 	150.207993 
34.400000 	113.039009 	127.000000 	128.257721 	150.207993 
34.500000 	113.039009 	127.000000 	128.257721 	150.207993 
34.600000 	113.039009 	127.000000 	128.257721 	150.207993 
34.700000 	113.039009 	127.000000 	128.257721 	150.207993 
34.800000 	113.039009 	127.000000 	128.257721 	150.207993 
34.900000 	113.039009 	127.000000 	128.257721 	150.207993 
35.000000 	112.933540 	127.000000 	128.249664 	150.309006 
35.100000 	112.933540 	127.000000 	128.249664 	150.309006 
35.200000 	112.933540 	127.000000 	128.249664 	150.309006 
35.300000 	112.933540 	127.000000 	128.249664 	150.309006 
35.400000 	112.933540 	127.000000 	128.249664 	150.309006 
35.500000 	112.933540 	127.000000 	128.249664 	150.309006 
35.600000 	112.933540 	127.000000 	128.249664 	150.309006 
35.700000 	112.933540 	127.000000 	128.249664 	150.309006 
35.800000 	112.933540 	127.000000 	128.249664 	150.309006 
35.900000 	112.933540 	127.000000 	128.249664 	150.309006 
36.000000 	112.826393 	127.000000 	128.227676 	150.410004 
36.100000 	112.826393 	127.000000 	128.227676 	150.410004 
36.200000 	112.826393 	127.000000 	128.227676 	150.410004 
36.300000 	112.826393 	127.000000 	128.227676 	150.410004 
36.400000 	112.826393 	127.000000 	128.227676 	150.410004 
36.500000 	112.826393 	127.000000 	128.227676 	150.410004 
36.600000 	112.826393 	127.000000 	128.227676 	150.410004 
36.700000 	112.826393 	127.000000 	128.227676 	150.410004 
36.800000 	112.826393 	127.000000 	128.227676 	150.410004 
36.900000 	112.826393 	127.000000 	128.227676 	150.410004 
37.000000 	112.716751 	127.000000 	128.190613 	150.507004 
37.100000 	112.716751 	127.000000 	128.190613 	150.507004 
37.200000 	112.716751 	127.000000 	128.190613 	150.507004 
37.300000 	112.716751 	127.000000 	128.190613 	150.507004 
37.400000 	112.716751 	127.000000 	128.190613 	150.507004 
37.500000 	112.716751 	127.000000 	128.190613 	150.507004 
37.600000 	112.716751 	127.000000 	128.190613 	150.507004 
37.700000 	112.716751 	127.000000 	128.190613 	150.507004 
37.800000 	112.716751 	127.000000 	128.190613 	150.507004 
37.900000 	112.716751 	127.000000 	128.190613 	150.507004 
38.000000 	112.603104 	127.000000 	128.140961 	150.600998 
38.100000 	112.603104 	127.000000 	128.140961 	150.600998 
38.200000 	112.603104 	127.000000 	128.140961 	150.600998 
38.300000 	112.603104 	127.000000 	128.140961 	150.600998 
38.400000 	112.603104 	127.000000 	128.140961 	150.600998 
38.500000 	112.603104 	127.000000 	128.140961 	150.600998 
38.600000 	112.603104 	127.000000 	128.140961 	150.600998 
38.700000 	112.603104 	127.000000 	128.140961 	150.600998 
38.800000 	112.603104 	127.000000 	128.140961 	150.600998 
38.900000 	112.603104 	127.000000 	128.140961 	150.600998 
39.000000 	112.484711 	127.000000 	128.076279 	150.694000 
39.100000 	112.484711 	127.000000 	128.076279 	150.694000 
39.200000 	112.484711 	127.000000 	128.076279 	150.694000 
39.300000 	112.484711 	127.000000 	128.076279 	150.694000 
39.400000 	112.484711 	127.000000 	128.076279 	150.694000 
39.500000 	112.484711 	127.000000 	128.076279 	150.694000 
39.600000 	112.484711 	127.000000 	128.076279 	150.694000 
39.700000 	112.484711 	127.000000 	128.076279 	150.694000 
39.800000 	112.484711 	127.000000 	128.076279 	150.694000 
39.900000 	112.484711 	127.000000 	128.076279 	150.694000 
40.000000 	112.360382 	127.000000 	127.995949 	150.785004 
40.100000 	112.360382 	127.000000 	127.995949 	150.785004 
40.200000 	112.360382 	127.000000 	127.995949 	150.785004 
40.300000 	112.360382 	127.000000 	127.995949 	150.785004 
40.400000 	112.360382 	127.000000 	127.995949 	150.785004 
40.500000 	112.360382 	127.000000 	127.995949 	150.785004 
40.600000 	112.360382 	127.000000 	127.995949 	150.785004 
40.700000 	112.360382 	127.000000 	127.995949 	150.785004 
40.800000 	112.360382 	127.000000 	127.995949 	150.785004 
40.900000 	112.360382 	127.000000 	127.995949 	150.785004 
41.000000 	112.228813 	127.000000 	127.899284 	150.873001 
41.100000 	112.228813 	127.000000 	127.899284 	150.873001 
41.200000 	112.228813 	127.000000 	127.899284 	150.873001 
41.300000 	112.228813 	127.000000 	127.899284 	150.873001 
41.400000 	112.228813 	127.000000 	127.899284 	150.873001 
41.500000 	112.228813 	127.000000 	127.899284 	150.873001 
41.600000 	112.228813 	127.000000 	127.899284 	150.873001 
41.700000 	112.228813 	127.000000 	127.899284 	150.873001 
41.800000 	112.228813 	127.000000 	127.899284 	150.873001 
41.900000 	112.228813 	127.000000 	127.899284 	150.873001 
42.000000 	112.088501 	127.000000 	127.785561 	150.959000 
42.100000 	112.088501 	127.000000 	127.785561 	150.959000 
42.200000 	112.088501 	127.000000 	127.785561 	150.959000 
42.300000 	112.088501 	127.000000 	127.785561 	150.959000 
42.400000 	112.088501 	127.000000 	127.785561 	150.959000 
42.500000 	112.088501 	127.000000 	127.785561 	150.959000 
42.600000 	112.088501 	127.000000 	127.785561 	150.959000 
42.700000 	112.088501 	127.000000 	127.785561 	150.959000 
42.800000 	112.088501 	127.000000 	127.785561 	150.959000 
42.900000 	112.088501 	127.000000 	127.785561 	150.959000 
43.000000 	111.937775 	127.000000 	127.654007 	151.042999 
43.100000 	111.937775 	127.000000 	127.654007 	151.042999 
43.200000 	111.937775 	127.000000 	127.654007 	151.042999 
43.300000 	111.937775 	127.000000 	127.654007 	151.042999 
43.400000 	111.937775 	127.000000 	127.654007 	151.042999 
43.500000 	111.937775 	127.000000 	127.654007 	151.042999 
43.600000 	111.937775 	127.000000 	127.654007 	151.042999 
43.700000 	111.937775 	127.000000 	127.654007 	151.042999 
43.800000 	111.937775 	127.000000 	127.654007 	151.042999 
43.900000 	111.937775 	127.000000 	127.654007 	151.042999 
44.000000 	111.774681 	127.000000 	127.503815 	151.123993 
44.100000 	111.774681 	127.000000 	127.503815 	151.123993 
44.200000 	111.774681 	127.000000 	127.503815 	151.123993 
44.300000 	111.774681 	127.000000 	127.503815 	151.123993 
44.400000 	111.774681 	127.000000 	127.503815 	151.123993 
44.500000 	111.774681 	127.000000 	127.503815 	151.123993 
44.600000 	111.774681 	127.000000 	127.503815 	151.123993 
44.700000 	111.774681 	127.000000 	127.503815 	151.123993 
44.800000 	111.774681 	127.000000 	127.503815 	151.123993 
44.900000 	111.774681 	127.000000 	127.503815 	151.123993 
45.000000 	111.597061 	127.000000 	127.334122 	151.203003 
45.100000 	111.597061 	127.000000 	127.334122 	151.203003 
45.200000 	111.597061 	127.000000 	127.334122 	151.203003 
45.300000 	111.597061 	127.000000 	127.334122 	151.203003 
45.400000 	111.597061 	127.000000 	127.334122 	151.203003 
45.500000 	111.597061 	127.000000 	127.334122 	151.203003 
45.600000 	111.597061 	127.000000 	127.334122 	151.203003 
45.700000 	111.597061 	127.000000 	127.334122 	151.203003 
45.800000 	111.597061 	127.000000 	127.334122 	151.203003 
45.900000 	111.597061 	127.000000 	127.334122 	151.203003 
46.000000 	111.402184 	127.000000 	127.144135 	151.279007 
46.100000 	111.402184 	127.000000 	127.144135 	151.279007 
46.200000 	111.402184 	127.000000 	127.144135 	151.279007 
46.300000 	111.402184 	127.000000 	127.144135 	151.279007 
46.400000 	111.402184 	127.000000 	127.144135 	151.279007 
46.500000 	111.402184 	127.000000 	127.144135 	151.279007 
46.600000 	111.402184 	127.000000 	127.144135 	151.279007 
46.700000 	111.402184 	127.000000 	127.144135 	151.279007 
46.800000 	111.402184 	127.000000 	127.144135 	151.279007 
46.900000 	111.402184 	127.000000 	127.144135 	151.279007 
47.000000 	111.186928 	127.000000 	126.933090 	151.352997 
47.100000 	111.186928 	127.000000 	126.933090 	151.352997 
47.200000 	111.186928 	127.000000 	126.933090 	151.352997 
47.300000 	111.186928 	127.000000 	126.933090 	151.352997 
47.400000 	111.186928 	127.000000 	126.933090 	151.352997 
47.500000 	111.186928 	127.000000 	126.933090 	151.352997 
47.600000 	111.186928 	127.000000 	126.933090 	151.352997 
47.700000 	111.186928 	127.000000 	126.933090 	151.352997 
47.800000 	111.186928 	127.000000 	126.933090 	151.352997 
47.900000 	111.186928 	127.000000 	126.933090 	151.352997 
48.000000 	110.947662 	127.000000 	126.700165 	151.423004 
48.100000 	110.947662 	127.000000 	126.700165 	151.423004 
48.200000 	110.947662 	127.000000 	126.700165 	151.423004 
48.300000 	110.947662 	127.000000 	126.700165 	151.423004 
48.400000 	110.947662 	127.000000 	126.700165 	151.423004 
48.500000 	110.947662 	127.000000 	126.700165 	151.423004 
48.600000 	110.947662 	127.000000 	126.700165 	151.423004 
48.700000 	110.947662 	127.000000 	126.700165 	151.423004 
48.800000 	110.947662 	127.000000 	126.700165 	151.423004 
48.900000 	110.947662 	127.000000 	126.700165 	151.423004 
49.000000 	110.679955 	127.000000 	126.444763 	151.490997 
49.100000 	110.679955 	127.000000 	126.444763 	151.490997 
49.200000 	110.679955 	127.000000 	126.444763 	151.490997 
49.300000 	110.679955 	127.000000 	126.444763 	151.490997 
49.400000 	110.679955 	127.000000 	126.444763 	151.490997 
49.500000 	110.679955 	127.000000 	126.444763 	151.490997 
49.600000 	110.679955 	127.000000 	126.444763 	151.490997 
49.700000 	110.679955 	127.000000 	126.444763 	151.490997 
49.800000 	110.679955 	127.000000 	126.444763 	151.490997 
49.900000 	110.679955 	127.000000 	126.444763 	151.490997 
50.000000 	110.378433 	127.000000 	126.166481 	151.556000 
50.100000 	110.378433 	127.000000 	126.166481 	151.556000 
50.200000 	110.378433 	127.000000 	126.166481 	151.556000 
50.300000 	110.378433 	127.000000 	126.166481 	151.556000 
50.400000 	110.378433 	127.000000 	126.166481 	151.556000 
50.500000 	110.378433 	127.000000 	126.166481 	151.556000 
50.600000 	110.378433 	127.000000 	126.166481 	151.556000 
50.700000 	110.378433 	127.000000 	126.166481 	151.556000 
50.800000 	110.378433 	127.000000 	126.166481 	151.556000 
50.900000 	110.378433 	127.000000 	126.166481 	151.556000 
51.000000 	110.036690 	127.000000 	125.865059 	1003.359985 
51.100000 	110.036690 	127.000000 	125.865059 	1003.359985 
51.200000 	110.036690 	127.000000 	125.865059 	1003.359985 
51.300000 	110.036690 	127.000000 	125.865059 	1003.359985 
51.400000 	110.036690 	127.000000 	125.865059 	1003.359985 
51.500000 	110.036690 	127.000000 	125.865059 	1003.359985 
51.600000 	110.036690 	127.000000 	125.865059 	1003.359985 
51.700000 	110.036690 	127.000000 	125.865059 	1003.359985 
51.800000 	110.036690 	127.000000 	125.865059 	1003.359985 
51.900000 	110.036690 	127.000000 	125.865059 	1003.359985 
52.000000 	109.646919 	127.000000 	125.540573 	1003.359985 
52.100000 	109.646919 	127.000000 	125.540573 	1003.359985 
52.200000 	109.646919 	127.000000 	125.540573 	1003.359985 
52.300000 	109.646919 	127.000000 	125.540573 	1003.359985 
52.400000 	109.646919 	127.000000 	125.540573 	1003.359985 
52.500000 	109.646919 	127.000000 	125.540573 	1003.359985 
52.600000 	109.646919 	127.000000 	125.540573 	1003.359985 
52.700000 	109.646919 	127.000000 	125.540573 	1003.359985 
52.800000 	109.646919 	127.000000 	125.540573 	1003.359985 
52.900000 	109.646919 	127.000000 	125.540573 	1003.359985 
53.000000 	109.199570 	127.000000 	125.193497 	1003.359985 
53.100000 	109.199570 	127.000000 	125.193497 	1003.359985 
53.200000 	109.199570 	127.000000 	125.193497 	1003.359985 
53.300000 	109.199570 	127.000000 	125.193497 	1003.359985 
53.400000 	109.199570 	127.000000 	125.193497 	1003.359985 
53.500000 	109.199570 	127.000000 	125.193497 	1003.359985 
53.600000 	109.199570 	127.000000 	125.193497 	1003.359985 
53.700000 	109.199570 	127.000000 	125.193497 	1003.359985 
53.800000 	109.199570 	127.000000 	125.193497 	1003.359985 
53.900000 	109.199570 	127.000000 	125.193497 	1003.359985 
54.000000 	108.682976 	127.000000 	124.824844 	1003.359985 
54.100000 	108.682976 	127.000000 	124.824844 	1003.359985 
54.200000 	108.682976 	127.000000 	124.824844 	1003.359985 
54.300000 	108.682976 	127.000000 	124.824844 	1003.359985 
54.400000 	108.682976 	127.000000 	124.824844 	1003.359985 
54.500000 	108.682976 	127.000000 	124.824844 	1003.359985 
54.600000 	108.682976 	127.000000 	124.824844 	1003.359985 
54.700000 	108.682976 	127.000000 	124.824844 	1003.359985 
54.800000 	108.682976 	127.000000 	124.824844 	1003.359985 
54.900000 	108.682976 	127.000000 	124.824844 	1003.359985 
55.000000 	108.082787 	127.000000 	124.436226 	1003.359985 
55.100000 	108.082787 	127.000000 	124.436226 	1003.359985 
55.200000 	108.082787 	127.000000 	124.436226 	1003.359985 
55.300000 	108.082787 	127.000000 	124.436226 	1003.359985 
55.400000 	108.082787 	127.000000 	124.436226 	1003.359985 
55.500000 	108.082787 	127.000000 	124.436226 	1003.359985 
55.600000 	108.082787 	127.000000 	124.436226 	1003.359985 
55.700000 	108.082787 	127.000000 	124.436226 	1003.359985 
55.800000 	108.082787 	127.000000 	124.436226 	1003.359985 
55.900000 	108.082787 	127.000000 	124.436226 	1003.359985 
56.000000 	107.381371 	127.000000 	124.029976 	1003.359985 
56.100000 	107.381371 	127.000000 	124.029976 	1003.359985 
56.200000 	107.381371 	127.000000 	124.029976 	1003.359985 
56.300000 	107.381371 	127.000000 	124.029976 	1003.359985 
56.400000 	107.381371 	127.000000 	124.029976 	1003.359985 
56.500000 	107.381371 	127.000000 	124.029976 	1003.359985 
56.600000 	107.381371 	127.000000 	124.029976 	1003.359985 
56.700000 	107.381371 	127.000000 	124.029976 	1003.359985 
56.800000 	107.381371 	127.000000 	124.029976 	1003.359985 
56.900000 	107.381371 	127.000000 	124.029976 	1003.359985 
57.000000 	106.556992 	127.000000 	123.609207 	1003.359985 
57.100000 	106.556992 	127.000000 	123.609207 	1003.359985 
57.200000 	106.556992 	127.000000 	123.609207 	1003.359985 
57.300000 	106.556992 	127.000000 	123.609207 	1003.359985 
57.400000 	106.556992 	127.000000 	123.609207 	1003.359985 
57.500000 	106.556992 	127.000000 	123.609207 	1003.359985 
57.600000 	106.556992 	127.000000 	123.609207 	1003.359985 
57.700000 	106.556992 	127.000000 	123.609207 	1003.359985 
57.800000 	106.556992 	127.000000 	123.609207 	1003.359985 
57.900000 	106.556992 	127.000000 	123.609207 	1003.359985 
58.000000 	105.582802 	127.000000 	123.177795 	1003.359985 
58.100000 	105.582802 	127.000000 	123.177795 	1003.359985 
58.200000 	105.582802 	127.000000 	123.177795 	1003.359985 
58.300000 	105.582802 	127.000000 	123.177795 	1003.359985 
58.400000 	105.582802 	127.000000 	123.177795 	1003.359985 
58.500000 	105.582802 	127.000000 	123.177795 	1003.359985 
58.600000 	105.582802 	127.000000 	123.177795 	1003.359985 
58.700000 	105.582802 	127.000000 	123.177795 	1003.359985 
58.800000 	105.582802 	127.000000 	123.177795 	1003.359985 
58.900000 	105.582802 	127.000000 	123.177795 	1003.359985 
59.000000 	104.425476 	127.000000 	122.740295 	1003.359985 
59.100000 	104.425476 	127.000000 	122.740295 	1003.359985 
59.200000 	104.425476 	127.000000 	122.740295 	1003.359985 
59.300000 	104.425476 	127.000000 	122.740295 	1003.359985 
59.400000 	104.425476 	127.000000 	122.740295 	1003.359985 
59.500000 	104.425476 	127.000000 	122.740295 	1003.359985 
59.600000 	104.425476 	127.000000 	122.740295 	1003.359985 
59.700000 	104.425476 	127.000000 	122.740295 	1003.359985 
59.800000 	104.425476 	127.000000 	122.740295 	1003.359985 
59.900000 	104.425476 	127.000000 	122.740295 	1003.359985 
60.000000 	103.043312 	127.000000 	122.301727 	1003.359985 
