0.500000 	0.000000 	708.000000 	0.000000 	693.057007 
0.600000 	131.192154 	708.000000 	621.535095 	700.546997 
0.700000 	120.825729 	708.000000 	664.377686 	704.562988 
0.800000 	113.050110 	708.000000 	682.889587 	707.242981 
0.900000 	107.332016 	708.000000 	692.131714 	708.716003 
1.000000 	103.360535 	708.000000 	697.217773 	709.643982 
1.100000 	103.360535 	708.000000 	697.217773 	709.643982 
1.200000 	103.360535 	708.000000 	697.217773 	709.643982 
1.300000 	103.360535 	708.000000 	697.217773 	709.643982 
1.400000 	103.360535 	708.000000 	697.217773 	709.643982 
1.500000 	103.360535 	708.000000 	697.217773 	709.643982 
1.600000 	103.360535 	708.000000 	697.217773 	709.643982 
1.700000 	103.360535 	708.000000 	697.217773 	709.643982 
1.800000 	103.360535 	708.000000 	697.217773 	709.643982 
1.900000 	103.360535 	708.000000 	697.217773 	709.643982 
2.000000 	100.853065 	708.000000 	700.205505 	711.721008 
2.100000 	100.853065 	708.000000 	700.205505 	711.721008 
2.200000 	100.853065 	708.000000 	700.205505 	711.721008 
2.300000 	100.853065 	708.000000 	700.205505 	711.721008 
2.400000 	100.853065 	708.000000 	700.205505 	711.721008 
2.500000 	100.853065 	708.000000 	700.205505 	711.721008 
2.600000 	100.853065 	708.000000 	700.205505 	711.721008 
2.700000 	100.853065 	708.000000 	700.205505 	711.721008 
2.800000 	100.853065 	708.000000 	700.205505 	711.721008 
2.900000 	100.853065 	708.000000 	700.205505 	711.721008 
3.000000 	106.553963 	708.000000 	704.712891 	711.955017 
3.100000 	106.553963 	708.000000 	704.712891 	711.955017 
3.200000 	106.553963 	708.000000 	704.712891 	711.955017 
3.300000 	106.553963 	708.000000 	704.712891 	711.955017 
3.400000 	106.553963 	708.000000 	704.712891 	711.955017 
3.500000 	106.553963 	708.000000 	704.712891 	711.955017 
3.600000 	106.553963 	708.000000 	704.712891 	711.955017 
3.700000 	106.553963 	708.000000 	704.712891 	711.955017 
3.800000 	106.553963 	708.000000 	704.712891 	711.955017 
3.900000 	106.553963 	708.000000 	704.712891 	711.955017 
4.000000 	114.902298 	708.000000 	704.033142 	712.034973 
4.100000 	114.902298 	708.000000 	704.033142 	712.034973 
4.200000 	114.902298 	708.000000 	704.033142 	712.034973 
4.300000 	114.902298 	708.000000 	704.033142 	712.034973 
4.400000 	114.902298 	708.000000 	704.033142 	712.034973 
4.500000 	114.902298 	708.000000 	704.033142 	712.034973 
4.600000 	114.902298 	708.000000 	704.033142 	712.034973 
4.700000 	114.902298 	708.000000 	704.033142 	712.034973 
4.800000 	114.902298 	708.000000 	704.033142 	712.034973 
4.900000 	114.902298 	708.000000 	704.033142 	712.034973 
5.000000 	119.021706 	708.000000 	703.603577 	712.078003 
5.100000 	119.021706 	708.000000 	703.603577 	712.078003 
5.200000 	119.021706 	708.000000 	703.603577 	712.078003 
5.300000 	119.021706 	708.000000 	703.603577 	712.078003 
5.400000 	119.021706 	708.000000 	703.603577 	712.078003 
5.500000 	119.021706 	708.000000 	703.603577 	712.078003 
5.600000 	119.021706 	708.000000 	703.603577 	712.078003 
5.700000 	119.021706 	708.000000 	703.603577 	712.078003 
5.800000 	119.021706 	708.000000 	703.603577 	712.078003 
5.900000 	119.021706 	708.000000 	703.603577 	712.078003 
6.000000 	121.181953 	708.000000 	703.383484 	712.106995 
6.100000 	121.181953 	708.000000 	703.383484 	712.106995 
6.200000 	121.181953 	708.000000 	703.383484 	712.106995 
6.300000 	121.181953 	708.000000 	703.383484 	712.106995 
6.400000 	121.181953 	708.000000 	703.383484 	712.106995 
6.500000 	121.181953 	708.000000 	703.383484 	712.106995 
6.600000 	121.181953 	708.000000 	703.383484 	712.106995 
6.700000 	121.181953 	708.000000 	703.383484 	712.106995 
6.800000 	121.181953 	708.000000 	703.383484 	712.106995 
6.900000 	121.181953 	708.000000 	703.383484 	712.106995 
7.000000 	122.426582 	708.000000 	703.268494 	712.130981 
7.100000 	122.426582 	708.000000 	703.268494 	712.130981 
7.200000 	122.426582 	708.000000 	703.268494 	712.130981 
7.300000 	122.426582 	708.000000 	703.268494 	712.130981 
7.400000 	122.426582 	708.000000 	703.268494 	712.130981 
7.500000 	122.426582 	708.000000 	703.268494 	712.130981 
7.600000 	122.426582 	708.000000 	703.268494 	712.130981 
7.700000 	122.426582 	708.000000 	703.268494 	712.130981 
7.800000 	122.426582 	708.000000 	703.268494 	712.130981 
7.900000 	122.426582 	708.000000 	703.268494 	712.130981 
8.000000 	123.201591 	708.000000 	703.206665 	712.151001 
8.100000 	123.201591 	708.000000 	703.206665 	712.151001 
8.200000 	123.201591 	708.000000 	703.206665 	712.151001 
8.300000 	123.201591 	708.000000 	703.206665 	712.151001 
8.400000 	123.201591 	708.000000 	703.206665 	712.151001 
8.500000 	123.201591 	708.000000 	703.206665 	712.151001 
8.600000 	123.201591 	708.000000 	703.206665 	712.151001 
8.700000 	123.201591 	708.000000 	703.206665 	712.151001 
8.800000 	123.201591 	708.000000 	703.206665 	712.151001 
8.900000 	123.201591 	708.000000 	703.206665 	712.151001 
9.000000 	123.714462 	708.000000 	703.173096 	712.169006 
9.100000 	123.714462 	708.000000 	703.173096 	712.169006 
9.200000 	123.714462 	708.000000 	703.173096 	712.169006 
9.300000 	123.714462 	708.000000 	703.173096 	712.169006 
9.400000 	123.714462 	708.000000 	703.173096 	712.169006 
9.500000 	123.714462 	708.000000 	703.173096 	712.169006 
9.600000 	123.714462 	708.000000 	703.173096 	712.169006 
9.700000 	123.714462 	708.000000 	703.173096 	712.169006 
9.800000 	123.714462 	708.000000 	703.173096 	712.169006 
9.900000 	123.714462 	708.000000 	703.173096 	712.169006 
10.000000 	124.070503 	708.000000 	703.155212 	712.185974 
10.100000 	124.070503 	708.000000 	703.155212 	712.185974 
10.200000 	124.070503 	708.000000 	703.155212 	712.185974 
10.300000 	124.070503 	708.000000 	703.155212 	712.185974 
10.400000 	124.070503 	708.000000 	703.155212 	712.185974 
10.500000 	124.070503 	708.000000 	703.155212 	712.185974 
10.600000 	124.070503 	708.000000 	703.155212 	712.185974 
10.700000 	124.070503 	708.000000 	703.155212 	712.185974 
10.800000 	124.070503 	708.000000 	703.155212 	712.185974 
10.900000 	124.070503 	708.000000 	703.155212 	712.185974 
11.000000 	124.327255 	708.000000 	703.146362 	712.203003 
11.100000 	124.327255 	708.000000 	703.146362 	712.203003 
11.200000 	124.327255 	708.000000 	703.146362 	712.203003 
11.300000 	124.327255 	708.000000 	703.146362 	712.203003 
11.400000 	124.327255 	708.000000 	703.146362 	712.203003 
11.500000 	124.327255 	708.000000 	703.146362 	712.203003 
11.600000 	124.327255 	708.000000 	703.146362 	712.203003 
11.700000 	124.327255 	708.000000 	703.146362 	712.203003 
11.800000 	124.327255 	708.000000 	703.146362 	712.203003 
11.900000 	124.327255 	708.000000 	703.146362 	712.203003 
12.000000 	124.518089 	708.000000 	703.142944 	712.219971 
12.100000 	124.518089 	708.000000 	703.142944 	712.219971 
12.200000 	124.518089 	708.000000 	703.142944 	712.219971 
12.300000 	124.518089 	708.000000 	703.142944 	712.219971 
12.400000 	124.518089 	708.000000 	703.142944 	712.219971 
12.500000 	124.518089 	708.000000 	703.142944 	712.219971 
12.600000 	124.518089 	708.000000 	703.142944 	712.219971 
12.700000 	124.518089 	708.000000 	703.142944 	712.219971 
12.800000 	124.518089 	708.000000 	703.142944 	712.219971 
12.900000 	124.518089 	708.000000 	703.142944 	712.219971 
13.000000 	124.663345 	708.000000 	703.142639 	712.236023 
13.100000 	124.663345 	708.000000 	703.142639 	712.236023 
13.200000 	124.663345 	708.000000 	703.142639 	712.236023 
13.300000 	124.663345 	708.000000 	703.142639 	712.236023 
13.400000 	124.663345 	708.000000 	703.142639 	712.236023 
13.500000 	124.663345 	708.000000 	703.142639 	712.236023 
13.600000 	124.663345 	708.000000 	703.142639 	712.236023 
13.700000 	124.663345 	708.000000 	703.142639 	712.236023 
13.800000 	124.663345 	708.000000 	703.142639 	712.236023 
13.900000 	124.663345 	708.000000 	703.142639 	712.236023 
14.000000 	124.775909 	708.000000 	703.144348 	712.252014 
14.100000 	124.775909 	708.000000 	703.144348 	712.252014 
14.200000 	124.775909 	708.000000 	703.144348 	712.252014 
14.300000 	124.775909 	708.000000 	703.144348 	712.252014 
14.400000 	124.775909 	708.000000 	703.144348 	712.252014 
14.500000 	124.775909 	708.000000 	703.144348 	712.252014 
14.600000 	124.775909 	708.000000 	703.144348 	712.252014 
14.700000 	124.775909 	708.000000 	703.144348 	712.252014 
14.800000 	124.775909 	708.000000 	703.144348 	712.252014 
14.900000 	124.775909 	708.000000 	703.144348 	712.252014 
15.000000 	124.864220 	708.000000 	703.147217 	712.268005 
15.100000 	124.864220 	708.000000 	703.147217 	712.268005 
15.200000 	124.864220 	708.000000 	703.147217 	712.268005 
15.300000 	124.864220 	708.000000 	703.147217 	712.268005 
15.400000 	124.864220 	708.000000 	703.147217 	712.268005 
15.500000 	124.864220 	708.000000 	703.147217 	712.268005 
15.600000 	124.864220 	708.000000 	703.147217 	712.268005 
15.700000 	124.864220 	708.000000 	703.147217 	712.268005 
15.800000 	124.864220 	708.000000 	703.147217 	712.268005 
15.900000 	124.864220 	708.000000 	703.147217 	712.268005 
16.000000 	124.933914 	708.000000 	703.150757 	712.283997 
16.100000 	124.933914 	708.000000 	703.150757 	712.283997 
16.200000 	124.933914 	708.000000 	703.150757 	712.283997 
16.300000 	124.933914 	708.000000 	703.150757 	712.283997 
16.400000 	124.933914 	708.000000 	703.150757 	712.283997 
16.500000 	124.933914 	708.000000 	703.150757 	712.283997 
16.600000 	124.933914 	708.000000 	703.150757 	712.283997 
16.700000 	124.933914 	708.000000 	703.150757 	712.283997 
16.800000 	124.933914 	708.000000 	703.150757 	712.283997 
16.900000 	124.933914 	708.000000 	703.150757 	712.283997 
17.000000 	124.988869 	708.000000 	703.154602 	712.299988 
17.100000 	124.988869 	708.000000 	703.154602 	712.299988 
17.200000 	124.988869 	708.000000 	703.154602 	712.299988 
17.300000 	124.988869 	708.000000 	703.154602 	712.299988 
17.400000 	124.988869 	708.000000 	703.154602 	712.299988 
17.500000 	124.988869 	708.000000 	703.154602 	712.299988 
17.600000 	124.988869 	708.000000 	703.154602 	712.299988 
17.700000 	124.988869 	708.000000 	703.154602 	712.299988 
17.800000 	124.988869 	708.000000 	703.154602 	712.299988 
17.900000 	124.988869 	708.000000 	703.154602 	712.299988 
18.000000 	125.031731 	708.000000 	703.158630 	712.315002 
18.100000 	125.031731 	708.000000 	703.158630 	712.315002 
18.200000 	125.031731 	708.000000 	703.158630 	712.315002 
18.300000 	125.031731 	708.000000 	703.158630 	712.315002 
18.400000 	125.031731 	708.000000 	703.158630 	712.315002 
18.500000 	125.031731 	708.000000 	703.158630 	712.315002 
18.600000 	125.031731 	708.000000 	703.158630 	712.315002 
18.700000 	125.031731 	708.000000 	703.158630 	712.315002 
18.800000 	125.031731 	708.000000 	703.158630 	712.315002 
18.900000 	125.031731 	708.000000 	703.158630 	712.315002 
19.000000 	125.064339 	708.000000 	703.162720 	712.330994 
19.100000 	125.064339 	708.000000 	703.162720 	712.330994 
19.200000 	125.064339 	708.000000 	703.162720 	712.330994 
19.300000 	125.064339 	708.000000 	703.162720 	712.330994 
19.400000 	125.064339 	708.000000 	703.162720 	712.330994 
19.500000 	125.064339 	708.000000 	703.162720 	712.330994 
19.600000 	125.064339 	708.000000 	703.162720 	712.330994 
19.700000 	125.064339 	708.000000 	703.162720 	712.330994 
19.800000 	125.064339 	708.000000 	703.162720 	712.330994 
19.900000 	125.064339 	708.000000 	703.162720 	712.330994 
20.000000 	125.087959 	708.000000 	703.166687 	712.346985 
20.100000 	125.087959 	708.000000 	703.166687 	712.346985 
20.200000 	125.087959 	708.000000 	703.166687 	712.346985 
20.300000 	125.087959 	708.000000 	703.166687 	712.346985 
20.400000 	125.087959 	708.000000 	703.166687 	712.346985 
20.500000 	125.087959 	708.000000 	703.166687 	712.346985 
20.600000 	125.087959 	708.000000 	703.166687 	712.346985 
20.700000 	125.087959 	708.000000 	703.166687 	712.346985 
20.800000 	125.087959 	708.000000 	703.166687 	712.346985 
20.900000 	125.087959 	708.000000 	703.166687 	712.346985 
21.000000 	125.103409 	708.000000 	703.170593 	712.362000 
21.100000 	125.103409 	708.000000 	703.170593 	712.362000 
21.200000 	125.103409 	708.000000 	703.170593 	712.362000 
21.300000 	125.103409 	708.000000 	703.170593 	712.362000 
21.400000 	125.103409 	708.000000 	703.170593 	712.362000 
21.500000 	125.103409 	708.000000 	703.170593 	712.362000 
21.600000 	125.103409 	708.000000 	703.170593 	712.362000 
21.700000 	125.103409 	708.000000 	703.170593 	712.362000 
21.800000 	125.103409 	708.000000 	703.170593 	712.362000 
21.900000 	125.103409 	708.000000 	703.170593 	712.362000 
22.000000 	125.111214 	708.000000 	703.174316 	712.377991 
22.100000 	125.111214 	708.000000 	703.174316 	712.377991 
22.200000 	125.111214 	708.000000 	703.174316 	712.377991 
22.300000 	125.111214 	708.000000 	703.174316 	712.377991 
22.400000 	125.111214 	708.000000 	703.174316 	712.377991 
22.500000 	125.111214 	708.000000 	703.174316 	712.377991 
22.600000 	125.111214 	708.000000 	703.174316 	712.377991 
22.700000 	125.111214 	708.000000 	703.174316 	712.377991 
22.800000 	125.111214 	708.000000 	703.174316 	712.377991 
22.900000 	125.111214 	708.000000 	703.174316 	712.377991 
23.000000 	125.111649 	708.000000 	703.177856 	712.393005 
23.100000 	125.111649 	708.000000 	703.177856 	712.393005 
23.200000 	125.111649 	708.000000 	703.177856 	712.393005 
23.300000 	125.111649 	708.000000 	703.177856 	712.393005 
23.400000 	125.111649 	708.000000 	703.177856 	712.393005 
23.500000 	125.111649 	708.000000 	703.177856 	712.393005 
23.600000 	125.111649 	708.000000 	703.177856 	712.393005 
23.700000 	125.111649 	708.000000 	703.177856 	712.393005 
23.800000 	125.111649 	708.000000 	703.177856 	712.393005 
23.900000 	125.111649 	708.000000 	703.177856 	712.393005 
24.000000 	125.104797 	708.000000 	703.181274 	712.408020 
24.100000 	125.104797 	708.000000 	703.181274 	712.408020 
24.200000 	125.104797 	708.000000 	703.181274 	712.408020 
24.300000 	125.104797 	708.000000 	703.181274 	712.408020 
24.400000 	125.104797 	708.000000 	703.181274 	712.408020 
24.500000 	125.104797 	708.000000 	703.181274 	712.408020 
24.600000 	125.104797 	708.000000 	703.181274 	712.408020 
24.700000 	125.104797 	708.000000 	703.181274 	712.408020 
24.800000 	125.104797 	708.000000 	703.181274 	712.408020 
24.900000 	125.104797 	708.000000 	703.181274 	712.408020 
25.000000 	125.090576 	708.000000 	703.184509 	712.422974 
25.100000 	125.090576 	708.000000 	703.184509 	712.422974 
25.200000 	125.090576 	708.000000 	703.184509 	712.422974 
25.300000 	125.090576 	708.000000 	703.184509 	712.422974 
25.400000 	125.090576 	708.000000 	703.184509 	712.422974 
25.500000 	125.090576 	708.000000 	703.184509 	712.422974 
25.600000 	125.090576 	708.000000 	703.184509 	712.422974 
25.700000 	125.090576 	708.000000 	703.184509 	712.422974 
25.800000 	125.090576 	708.000000 	703.184509 	712.422974 
25.900000 	125.090576 	708.000000 	703.184509 	712.422974 
26.000000 	125.068794 	708.000000 	703.187561 	712.437988 
26.100000 	125.068794 	708.000000 	703.187561 	712.437988 
26.200000 	125.068794 	708.000000 	703.187561 	712.437988 
26.300000 	125.068794 	708.000000 	703.187561 	712.437988 
26.400000 	125.068794 	708.000000 	703.187561 	712.437988 
26.500000 	125.068794 	708.000000 	703.187561 	712.437988 
26.600000 	125.068794 	708.000000 	703.187561 	712.437988 
26.700000 	125.068794 	708.000000 	703.187561 	712.437988 
26.800000 	125.068794 	708.000000 	703.187561 	712.437988 
26.900000 	125.068794 	708.000000 	703.187561 	712.437988 
27.000000 	125.039124 	708.000000 	703.190369 	712.452026 
27.100000 	125.039124 	708.000000 	703.190369 	712.452026 
27.200000 	125.039124 	708.000000 	703.190369 	712.452026 
27.300000 	125.039124 	708.000000 	703.190369 	712.452026 
27.400000 	125.039124 	708.000000 	703.190369 	712.452026 
27.500000 	125.039124 	708.000000 	703.190369 	712.452026 
27.600000 	125.039124 	708.000000 	703.190369 	712.452026 
27.700000 	125.039124 	708.000000 	703.190369 	712.452026 
27.800000 	125.039124 	708.000000 	703.190369 	712.452026 
27.900000 	125.039124 	708.000000 	703.190369 	712.452026 
28.000000 	125.001152 	708.000000 	703.193054 	712.466003 
28.100000 	125.001152 	708.000000 	703.193054 	712.466003 
28.200000 	125.001152 	708.000000 	703.193054 	712.466003 
28.300000 	125.001152 	708.000000 	703.193054 	712.466003 
28.400000 	125.001152 	708.000000 	703.193054 	712.466003 
28.500000 	125.001152 	708.000000 	703.193054 	712.466003 
28.600000 	125.001152 	708.000000 	703.193054 	712.466003 
28.700000 	125.001152 	708.000000 	703.193054 	712.466003 
28.800000 	125.001152 	708.000000 	703.193054 	712.466003 
28.900000 	125.001152 	708.000000 	703.193054 	712.466003 
29.000000 	124.954346 	708.000000 	703.195557 	712.479980 
29.100000 	124.954346 	708.000000 	703.195557 	712.479980 
29.200000 	124.954346 	708.000000 	703.195557 	712.479980 
29.300000 	124.954346 	708.000000 	703.195557 	712.479980 
29.400000 	124.954346 	708.000000 	703.195557 	712.479980 
29.500000 	124.954346 	708.000000 	703.195557 	712.479980 
29.600000 	124.954346 	708.000000 	703.195557 	712.479980 
29.700000 	124.954346 	708.000000 	703.195557 	712.479980 
29.800000 	124.954346 	708.000000 	703.195557 	712.479980 
29.900000 	124.954346 	708.000000 	703.195557 	712.479980 
30.000000 	124.898109 	708.000000 	703.197937 	712.494019 
30.100000 	124.898109 	708.000000 	703.197937 	712.494019 
30.200000 	124.898109 	708.000000 	703.197937 	712.494019 
30.300000 	124.898109 	708.000000 	703.197937 	712.494019 
30.400000 	124.898109 	708.000000 	703.197937 	712.494019 
30.500000 	124.898109 	708.000000 	703.197937 	712.494019 
30.600000 	124.898109 	708.000000 	703.197937 	712.494019 
30.700000 	124.898109 	708.000000 	703.197937 	712.494019 
30.800000 	124.898109 	708.000000 	703.197937 	712.494019 
30.900000 	124.898109 	708.000000 	703.197937 	712.494019 
31.000000 	124.831734 	708.000000 	703.200134 	712.507996 
31.100000 	124.831734 	708.000000 	703.200134 	712.507996 
31.200000 	124.831734 	708.000000 	703.200134 	712.507996 
31.300000 	124.831734 	708.000000 	703.200134 	712.507996 
31.400000 	124.831734 	708.000000 	703.200134 	712.507996 
31.500000 	124.831734 	708.000000 	703.200134 	712.507996 
31.600000 	124.831734 	708.000000 	703.200134 	712.507996 
31.700000 	124.831734 	708.000000 	703.200134 	712.507996 
31.800000 	124.831734 	708.000000 	703.200134 	712.507996 
31.900000 	124.831734 	708.000000 	703.200134 	712.507996 
32.000000 	124.754433 	708.000000 	703.202148 	712.520996 
32.100000 	124.754433 	708.000000 	703.202148 	712.520996 
32.200000 	124.754433 	708.000000 	703.202148 	712.520996 
32.300000 	124.754433 	708.000000 	703.202148 	712.520996 
32.400000 	124.754433 	708.000000 	703.202148 	712.520996 
32.500000 	124.754433 	708.000000 	703.202148 	712.520996 
32.600000 	124.754433 	708.000000 	703.202148 	712.520996 
32.700000 	124.754433 	708.000000 	703.202148 	712.520996 
32.800000 	124.754433 	708.000000 	703.202148 	712.520996 
32.900000 	124.754433 	708.000000 	703.202148 	712.520996 
33.000000 	124.665314 	708.000000 	703.203979 	712.533997 
33.100000 	124.665314 	708.000000 	703.203979 	712.533997 
33.200000 	124.665314 	708.000000 	703.203979 	712.533997 
33.300000 	124.665314 	708.000000 	703.203979 	712.533997 
33.400000 	124.665314 	708.000000 	703.203979 	712.533997 
33.500000 	124.665314 	708.000000 	703.203979 	712.533997 
33.600000 	124.665314 	708.000000 	703.203979 	712.533997 
33.700000 	124.665314 	708.000000 	703.203979 	712.533997 
33.800000 	124.665314 	708.000000 	703.203979 	712.533997 
33.900000 	124.665314 	708.000000 	703.203979 	712.533997 
34.000000 	124.563385 	708.000000 	703.205750 	712.546021 
34.100000 	124.563385 	708.000000 	703.205750 	712.546021 
34.200000 	124.563385 	708.000000 	703.205750 	712.546021 
34.300000 	124.563385 	708.000000 	703.205750 	712.546021 
34.400000 	124.563385 	708.000000 	703.205750 	712.546021 
34.500000 	124.563385 	708.000000 	703.205750 	712.546021 
34.600000 	124.563385 	708.000000 	703.205750 	712.546021 
34.700000 	124.563385 	708.000000 	703.205750 	712.546021 
34.800000 	124.563385 	708.000000 	703.205750 	712.546021 
34.900000 	124.563385 	708.000000 	703.205750 	712.546021 
35.000000 	124.447571 	708.000000 	703.207336 	712.581970 
35.100000 	124.447571 	708.000000 	703.207336 	712.581970 
35.200000 	124.447571 	708.000000 	703.207336 	712.581970 
35.300000 	124.447571 	708.000000 	703.207336 	712.581970 
35.400000 	124.447571 	708.000000 	703.207336 	712.581970 
35.500000 	124.447571 	708.000000 	703.207336 	712.581970 
35.600000 	124.447571 	708.000000 	703.207336 	712.581970 
35.700000 	124.447571 	708.000000 	703.207336 	712.581970 
35.800000 	124.447571 	708.000000 	703.207336 	712.581970 
35.900000 	124.447571 	708.000000 	703.207336 	712.581970 
36.000000 	124.316643 	708.000000 	703.208740 	712.593994 
36.100000 	124.316643 	708.000000 	703.208740 	712.593994 
36.200000 	124.316643 	708.000000 	703.208740 	712.593994 
36.300000 	124.316643 	708.000000 	703.208740 	712.593994 
36.400000 	124.316643 	708.000000 	703.208740 	712.593994 
36.500000 	124.316643 	708.000000 	703.208740 	712.593994 
36.600000 	124.316643 	708.000000 	703.208740 	712.593994 
36.700000 	124.316643 	708.000000 	703.208740 	712.593994 
36.800000 	124.316643 	708.000000 	703.208740 	712.593994 
36.900000 	124.316643 	708.000000 	703.208740 	712.593994 
37.000000 	124.169289 	708.000000 	703.210022 	712.606995 
37.100000 	124.169289 	708.000000 	703.210022 	712.606995 
37.200000 	124.169289 	708.000000 	703.210022 	712.606995 
37.300000 	124.169289 	708.000000 	703.210022 	712.606995 
37.400000 	124.169289 	708.000000 	703.210022 	712.606995 
37.500000 	124.169289 	708.000000 	703.210022 	712.606995 
37.600000 	124.169289 	708.000000 	703.210022 	712.606995 
37.700000 	124.169289 	708.000000 	703.210022 	712.606995 
37.800000 	124.169289 	708.000000 	703.210022 	712.606995 
37.900000 	124.169289 	708.000000 	703.210022 	712.606995 
38.000000 	124.004036 	708.000000 	703.211182 	712.617981 
38.100000 	124.004036 	708.000000 	703.211182 	712.617981 
38.200000 	124.004036 	708.000000 	703.211182 	712.617981 
38.300000 	124.004036 	708.000000 	703.211182 	712.617981 
38.400000 	124.004036 	708.000000 	703.211182 	712.617981 
38.500000 	124.004036 	708.000000 	703.211182 	712.617981 
38.600000 	124.004036 	708.000000 	703.211182 	712.617981 
38.700000 	124.004036 	708.000000 	703.211182 	712.617981 
38.800000 	124.004036 	708.000000 	703.211182 	712.617981 
38.900000 	124.004036 	708.000000 	703.211182 	712.617981 
39.000000 	123.819252 	708.000000 	703.212280 	712.630005 
39.100000 	123.819252 	708.000000 	703.212280 	712.630005 
39.200000 	123.819252 	708.000000 	703.212280 	712.630005 
39.300000 	123.819252 	708.000000 	703.212280 	712.630005 
39.400000 	123.819252 	708.000000 	703.212280 	712.630005 
39.500000 	123.819252 	708.000000 	703.212280 	712.630005 
39.600000 	123.819252 	708.000000 	703.212280 	712.630005 
39.700000 	123.819252 	708.000000 	703.212280 	712.630005 
39.800000 	123.819252 	708.000000 	703.212280 	712.630005 
39.900000 	123.819252 	708.000000 	703.212280 	712.630005 
40.000000 	123.613167 	708.000000 	703.213257 	712.640991 
40.100000 	123.613167 	708.000000 	703.213257 	712.640991 
40.200000 	123.613167 	708.000000 	703.213257 	712.640991 
40.300000 	123.613167 	708.000000 	703.213257 	712.640991 
40.400000 	123.613167 	708.000000 	703.213257 	712.640991 
40.500000 	123.613167 	708.000000 	703.213257 	712.640991 
40.600000 	123.613167 	708.000000 	703.213257 	712.640991 
40.700000 	123.613167 	708.000000 	703.213257 	712.640991 
40.800000 	123.613167 	708.000000 	703.213257 	712.640991 
40.900000 	123.613167 	708.000000 	703.213257 	712.640991 
41.000000 	123.383774 	708.000000 	703.214111 	712.651001 
41.100000 	123.383774 	708.000000 	703.214111 	712.651001 
41.200000 	123.383774 	708.000000 	703.214111 	712.651001 
41.300000 	123.383774 	708.000000 	703.214111 	712.651001 
41.400000 	123.383774 	708.000000 	703.214111 	712.651001 
41.500000 	123.383774 	708.000000 	703.214111 	712.651001 
41.600000 	123.383774 	708.000000 	703.214111 	712.651001 
41.700000 	123.383774 	708.000000 	703.214111 	712.651001 
41.800000 	123.383774 	708.000000 	703.214111 	712.651001 
41.900000 	123.383774 	708.000000 	703.214111 	712.651001 
42.000000 	123.128891 	708.000000 	703.214844 	712.661011 
42.100000 	123.128891 	708.000000 	703.214844 	712.661011 
42.200000 	123.128891 	708.000000 	703.214844 	712.661011 
42.300000 	123.128891 	708.000000 	703.214844 	712.661011 
42.400000 	123.128891 	708.000000 	703.214844 	712.661011 
42.500000 	123.128891 	708.000000 	703.214844 	712.661011 
42.600000 	123.128891 	708.000000 	703.214844 	712.661011 
42.700000 	123.128891 	708.000000 	703.214844 	712.661011 
42.800000 	123.128891 	708.000000 	703.214844 	712.661011 
42.900000 	123.128891 	708.000000 	703.214844 	712.661011 
43.000000 	122.846069 	708.000000 	703.215454 	712.671021 
43.100000 	122.846069 	708.000000 	703.215454 	712.671021 
43.200000 	122.846069 	708.000000 	703.215454 	712.671021 
43.300000 	122.846069 	708.000000 	703.215454 	712.671021 
43.400000 	122.846069 	708.000000 	703.215454 	712.671021 
43.500000 	122.846069 	708.000000 	703.215454 	712.671021 
43.600000 	122.846069 	708.000000 	703.215454 	712.671021 
43.700000 	122.846069 	708.000000 	703.215454 	712.671021 
43.800000 	122.846069 	708.000000 	703.215454 	712.671021 
43.900000 	122.846069 	708.000000 	703.215454 	712.671021 
44.000000 	122.532585 	708.000000 	703.215942 	712.679993 
44.100000 	122.532585 	708.000000 	703.215942 	712.679993 
44.200000 	122.532585 	708.000000 	703.215942 	712.679993 
44.300000 	122.532585 	708.000000 	703.215942 	712.679993 
44.400000 	122.532585 	708.000000 	703.215942 	712.679993 
44.500000 	122.532585 	708.000000 	703.215942 	712.679993 
44.600000 	122.532585 	708.000000 	703.215942 	712.679993 
44.700000 	122.532585 	708.000000 	703.215942 	712.679993 
44.800000 	122.532585 	708.000000 	703.215942 	712.679993 
44.900000 	122.532585 	708.000000 	703.215942 	712.679993 
45.000000 	122.185379 	708.000000 	703.216309 	712.687988 
45.100000 	122.185379 	708.000000 	703.216309 	712.687988 
45.200000 	122.185379 	708.000000 	703.216309 	712.687988 
45.300000 	122.185379 	708.000000 	703.216309 	712.687988 
45.400000 	122.185379 	708.000000 	703.216309 	712.687988 
45.500000 	122.185379 	708.000000 	703.216309 	712.687988 
45.600000 	122.185379 	708.000000 	703.216309 	712.687988 
45.700000 	122.185379 	708.000000 	703.216309 	712.687988 
45.800000 	122.185379 	708.000000 	703.216309 	712.687988 
45.900000 	122.185379 	708.000000 	703.216309 	712.687988 
46.000000 	121.801025 	708.000000 	703.216614 	712.695984 
46.100000 	121.801025 	708.000000 	703.216614 	712.695984 
46.200000 	121.801025 	708.000000 	703.216614 	712.695984 
46.300000 	121.801025 	708.000000 	703.216614 	712.695984 
46.400000 	121.801025 	708.000000 	703.216614 	712.695984 
46.500000 	121.801025 	708.000000 	703.216614 	712.695984 
46.600000 	121.801025 	708.000000 	703.216614 	712.695984 
46.700000 	121.801025 	708.000000 	703.216614 	712.695984 
46.800000 	121.801025 	708.000000 	703.216614 	712.695984 
46.900000 	121.801025 	708.000000 	703.216614 	712.695984 
47.000000 	121.375656 	708.000000 	703.216736 	712.703003 
47.100000 	121.375656 	708.000000 	703.216736 	712.703003 
47.200000 	121.375656 	708.000000 	703.216736 	712.703003 
47.300000 	121.375656 	708.000000 	703.216736 	712.703003 
47.400000 	121.375656 	708.000000 	703.216736 	712.703003 
47.500000 	121.375656 	708.000000 	703.216736 	712.703003 
47.600000 	121.375656 	708.000000 	703.216736 	712.703003 
47.700000 	121.375656 	708.000000 	703.216736 	712.703003 
47.800000 	121.375656 	708.000000 	703.216736 	712.703003 
47.900000 	121.375656 	708.000000 	703.216736 	712.703003 
48.000000 	120.904884 	708.000000 	703.216797 	712.708984 
48.100000 	120.904884 	708.000000 	703.216797 	712.708984 
48.200000 	120.904884 	708.000000 	703.216797 	712.708984 
48.300000 	120.904884 	708.000000 	703.216797 	712.708984 
48.400000 	120.904884 	708.000000 	703.216797 	712.708984 
48.500000 	120.904884 	708.000000 	703.216797 	712.708984 
48.600000 	120.904884 	708.000000 	703.216797 	712.708984 
48.700000 	120.904884 	708.000000 	703.216797 	712.708984 
48.800000 	120.904884 	708.000000 	703.216797 	712.708984 
48.900000 	120.904884 	708.000000 	703.216797 	712.708984 
49.000000 	120.383713 	708.000000 	703.216675 	712.715027 
49.100000 	120.383713 	708.000000 	703.216675 	712.715027 
49.200000 	120.383713 	708.000000 	703.216675 	712.715027 
49.300000 	120.383713 	708.000000 	703.216675 	712.715027 
49.400000 	120.383713 	708.000000 	703.216675 	712.715027 
49.500000 	120.383713 	708.000000 	703.216675 	712.715027 
49.600000 	120.383713 	708.000000 	703.216675 	712.715027 
49.700000 	120.383713 	708.000000 	703.216675 	712.715027 
49.800000 	120.383713 	708.000000 	703.216675 	712.715027 
49.900000 	120.383713 	708.000000 	703.216675 	712.715027 
50.000000 	119.806412 	708.000000 	703.216492 	712.719971 
50.100000 	119.806412 	708.000000 	703.216492 	712.719971 
50.200000 	119.806412 	708.000000 	703.216492 	712.719971 
50.300000 	119.806412 	708.000000 	703.216492 	712.719971 
50.400000 	119.806412 	708.000000 	703.216492 	712.719971 
50.500000 	119.806412 	708.000000 	703.216492 	712.719971 
50.600000 	119.806412 	708.000000 	703.216492 	712.719971 
50.700000 	119.806412 	708.000000 	703.216492 	712.719971 
50.800000 	119.806412 	708.000000 	703.216492 	712.719971 
50.900000 	119.806412 	708.000000 	703.216492 	712.719971 
51.000000 	119.166397 	708.000000 	703.216187 	1003.359985 
51.100000 	119.166397 	708.000000 	703.216187 	1003.359985 
51.200000 	119.166397 	708.000000 	703.216187 	1003.359985 
51.300000 	119.166397 	708.000000 	703.216187 	1003.359985 
51.400000 	119.166397 	708.000000 	703.216187 	1003.359985 
51.500000 	119.166397 	708.000000 	703.216187 	1003.359985 
51.600000 	119.166397 	708.000000 	703.216187 	1003.359985 
51.700000 	119.166397 	708.000000 	703.216187 	1003.359985 
51.800000 	119.166397 	708.000000 	703.216187 	1003.359985 
51.900000 	119.166397 	708.000000 	703.216187 	1003.359985 
52.000000 	118.456001 	708.000000 	703.215698 	1003.359985 
52.100000 	118.456001 	708.000000 	703.215698 	1003.359985 
52.200000 	118.456001 	708.000000 	703.215698 	1003.359985 
52.300000 	118.456001 	708.000000 	703.215698 	1003.359985 
52.400000 	118.456001 	708.000000 	703.215698 	1003.359985 
52.500000 	118.456001 	708.000000 	703.215698 	1003.359985 
52.600000 	118.456001 	708.000000 	703.215698 	1003.359985 
52.700000 	118.456001 	708.000000 	703.215698 	1003.359985 
52.800000 	118.456001 	708.000000 	703.215698 	1003.359985 
52.900000 	118.456001 	708.000000 	703.215698 	1003.359985 
53.000000 	117.666260 	708.000000 	703.215149 	1003.359985 
53.100000 	117.666260 	708.000000 	703.215149 	1003.359985 
53.200000 	117.666260 	708.000000 	703.215149 	1003.359985 
53.300000 	117.666260 	708.000000 	703.215149 	1003.359985 
53.400000 	117.666260 	708.000000 	703.215149 	1003.359985 
53.500000 	117.666260 	708.000000 	703.215149 	1003.359985 
53.600000 	117.666260 	708.000000 	703.215149 	1003.359985 
53.700000 	117.666260 	708.000000 	703.215149 	1003.359985 
53.800000 	117.666260 	708.000000 	703.215149 	1003.359985 
53.900000 	117.666260 	708.000000 	703.215149 	1003.359985 
54.000000 	116.786629 	708.000000 	703.214478 	1003.359985 
54.100000 	116.786629 	708.000000 	703.214478 	1003.359985 
54.200000 	116.786629 	708.000000 	703.214478 	1003.359985 
54.300000 	116.786629 	708.000000 	703.214478 	1003.359985 
54.400000 	116.786629 	708.000000 	703.214478 	1003.359985 
54.500000 	116.786629 	708.000000 	703.214478 	1003.359985 
54.600000 	116.786629 	708.000000 	703.214478 	1003.359985 
54.700000 	116.786629 	708.000000 	703.214478 	1003.359985 
54.800000 	116.786629 	708.000000 	703.214478 	1003.359985 
54.900000 	116.786629 	708.000000 	703.214478 	1003.359985 
55.000000 	115.804535 	708.000000 	703.213684 	1003.359985 
55.100000 	115.804535 	708.000000 	703.213684 	1003.359985 
55.200000 	115.804535 	708.000000 	703.213684 	1003.359985 
55.300000 	115.804535 	708.000000 	703.213684 	1003.359985 
55.400000 	115.804535 	708.000000 	703.213684 	1003.359985 
55.500000 	115.804535 	708.000000 	703.213684 	1003.359985 
55.600000 	115.804535 	708.000000 	703.213684 	1003.359985 
55.700000 	115.804535 	708.000000 	703.213684 	1003.359985 
55.800000 	115.804535 	708.000000 	703.213684 	1003.359985 
55.900000 	115.804535 	708.000000 	703.213684 	1003.359985 
56.000000 	114.704865 	708.000000 	703.212769 	1003.359985 
56.100000 	114.704865 	708.000000 	703.212769 	1003.359985 
56.200000 	114.704865 	708.000000 	703.212769 	1003.359985 
56.300000 	114.704865 	708.000000 	703.212769 	1003.359985 
56.400000 	114.704865 	708.000000 	703.212769 	1003.359985 
56.500000 	114.704865 	708.000000 	703.212769 	1003.359985 
56.600000 	114.704865 	708.000000 	703.212769 	1003.359985 
56.700000 	114.704865 	708.000000 	703.212769 	1003.359985 
56.800000 	114.704865 	708.000000 	703.212769 	1003.359985 
56.900000 	114.704865 	708.000000 	703.212769 	1003.359985 
57.000000 	113.469238 	708.000000 	703.211670 	1003.359985 
57.100000 	113.469238 	708.000000 	703.211670 	1003.359985 
57.200000 	113.469238 	708.000000 	703.211670 	1003.359985 
57.300000 	113.469238 	708.000000 	703.211670 	1003.359985 
57.400000 	113.469238 	708.000000 	703.211670 	1003.359985 
57.500000 	113.469238 	708.000000 	703.211670 	1003.359985 
57.600000 	113.469238 	708.000000 	703.211670 	1003.359985 
57.700000 	113.469238 	708.000000 	703.211670 	1003.359985 
57.800000 	113.469238 	708.000000 	703.211670 	1003.359985 
57.900000 	113.469238 	708.000000 	703.211670 	1003.359985 
58.000000 	112.074982 	708.000000 	703.210510 	1003.359985 
58.100000 	112.074982 	708.000000 	703.210510 	1003.359985 
58.200000 	112.074982 	708.000000 	703.210510 	1003.359985 
58.300000 	112.074982 	708.000000 	703.210510 	1003.359985 
58.400000 	112.074982 	708.000000 	703.210510 	1003.359985 
58.500000 	112.074982 	708.000000 	703.210510 	1003.359985 
58.600000 	112.074982 	708.000000 	703.210510 	1003.359985 
58.700000 	112.074982 	708.000000 	703.210510 	1003.359985 
58.800000 	112.074982 	708.000000 	703.210510 	1003.359985 
58.900000 	112.074982 	708.000000 	703.210510 	1003.359985 
59.000000 	110.493744 	708.000000 	703.209167 	1003.359985 
59.100000 	110.493744 	708.000000 	703.209167 	1003.359985 
59.200000 	110.493744 	708.000000 	703.209167 	1003.359985 
59.300000 	110.493744 	708.000000 	703.209167 	1003.359985 
59.400000 	110.493744 	708.000000 	703.209167 	1003.359985 
59.500000 	110.493744 	708.000000 	703.209167 	1003.359985 
59.600000 	110.493744 	708.000000 	703.209167 	1003.359985 
59.700000 	110.493744 	708.000000 	703.209167 	1003.359985 
59.800000 	110.493744 	708.000000 	703.209167 	1003.359985 
59.900000 	110.493744 	708.000000 	703.209167 	1003.359985 
60.000000 	108.689384 	708.000000 	703.207703 	1003.359985 
