0.500000 	0.000000 	558.000000 	0.000000 	545.283997 
0.600000 	132.726273 	558.000000 	439.969849 	552.236023 
0.700000 	121.985153 	558.000000 	503.704926 	556.161011 
0.800000 	113.858192 	558.000000 	528.916870 	558.437012 
0.900000 	107.909225 	558.000000 	540.794739 	559.817993 
1.000000 	103.774719 	558.000000 	547.046570 	560.697021 
1.100000 	103.774719 	558.000000 	547.046570 	560.697021 
1.200000 	103.774719 	558.000000 	547.046570 	560.697021 
1.300000 	103.774719 	558.000000 	547.046570 	560.697021 
1.400000 	103.774719 	558.000000 	547.046570 	560.697021 
1.500000 	103.774719 	558.000000 	547.046570 	560.697021 
1.600000 	103.774719 	558.000000 	547.046570 	560.697021 
1.700000 	103.774719 	558.000000 	547.046570 	560.697021 
1.800000 	103.774719 	558.000000 	547.046570 	560.697021 
1.900000 	103.774719 	558.000000 	547.046570 	560.697021 
2.000000 	101.143250 	558.000000 	550.581726 	562.716980 
2.100000 	101.143250 	558.000000 	550.581726 	562.716980 
2.200000 	101.143250 	558.000000 	550.581726 	562.716980 
2.300000 	101.143250 	558.000000 	550.581726 	562.716980 
2.400000 	101.143250 	558.000000 	550.581726 	562.716980 
2.500000 	101.143250 	558.000000 	550.581726 	562.716980 
2.600000 	101.143250 	558.000000 	550.581726 	562.716980 
2.700000 	101.143250 	558.000000 	550.581726 	562.716980 
2.800000 	101.143250 	558.000000 	550.581726 	562.716980 
2.900000 	101.143250 	558.000000 	550.581726 	562.716980 
3.000000 	106.447945 	558.000000 	555.142883 	562.961975 
3.100000 	106.447945 	558.000000 	555.142883 	562.961975 
3.200000 	106.447945 	558.000000 	555.142883 	562.961975 
3.300000 	106.447945 	558.000000 	555.142883 	562.961975 
3.400000 	106.447945 	558.000000 	555.142883 	562.961975 
3.500000 	106.447945 	558.000000 	555.142883 	562.961975 
3.600000 	106.447945 	558.000000 	555.142883 	562.961975 
3.700000 	106.447945 	558.000000 	555.142883 	562.961975 
3.800000 	106.447945 	558.000000 	555.142883 	562.961975 
3.900000 	106.447945 	558.000000 	555.142883 	562.961975 
4.000000 	114.819450 	558.000000 	554.033875 	563.049988 
4.100000 	114.819450 	558.000000 	554.033875 	563.049988 
4.200000 	114.819450 	558.000000 	554.033875 	563.049988 
4.300000 	114.819450 	558.000000 	554.033875 	563.049988 
4.400000 	114.819450 	558.000000 	554.033875 	563.049988 
4.500000 	114.819450 	558.000000 	554.033875 	563.049988 
4.600000 	114.819450 	558.000000 	554.033875 	563.049988 
4.700000 	114.819450 	558.000000 	554.033875 	563.049988 
4.800000 	114.819450 	558.000000 	554.033875 	563.049988 
4.900000 	114.819450 	558.000000 	554.033875 	563.049988 
5.000000 	118.974518 	558.000000 	553.396851 	563.099976 
5.100000 	118.974518 	558.000000 	553.396851 	563.099976 
5.200000 	118.974518 	558.000000 	553.396851 	563.099976 
5.300000 	118.974518 	558.000000 	553.396851 	563.099976 
5.400000 	118.974518 	558.000000 	553.396851 	563.099976 
5.500000 	118.974518 	558.000000 	553.396851 	563.099976 
5.600000 	118.974518 	558.000000 	553.396851 	563.099976 
5.700000 	118.974518 	558.000000 	553.396851 	563.099976 
5.800000 	118.974518 	558.000000 	553.396851 	563.099976 
5.900000 	118.974518 	558.000000 	553.396851 	563.099976 
6.000000 	121.155457 	558.000000 	553.073181 	563.133972 
6.100000 	121.155457 	558.000000 	553.073181 	563.133972 
6.200000 	121.155457 	558.000000 	553.073181 	563.133972 
6.300000 	121.155457 	558.000000 	553.073181 	563.133972 
6.400000 	121.155457 	558.000000 	553.073181 	563.133972 
6.500000 	121.155457 	558.000000 	553.073181 	563.133972 
6.600000 	121.155457 	558.000000 	553.073181 	563.133972 
6.700000 	121.155457 	558.000000 	553.073181 	563.133972 
6.800000 	121.155457 	558.000000 	553.073181 	563.133972 
6.900000 	121.155457 	558.000000 	553.073181 	563.133972 
7.000000 	122.411011 	558.000000 	552.902649 	563.163025 
7.100000 	122.411011 	558.000000 	552.902649 	563.163025 
7.200000 	122.411011 	558.000000 	552.902649 	563.163025 
7.300000 	122.411011 	558.000000 	552.902649 	563.163025 
7.400000 	122.411011 	558.000000 	552.902649 	563.163025 
7.500000 	122.411011 	558.000000 	552.902649 	563.163025 
7.600000 	122.411011 	558.000000 	552.902649 	563.163025 
7.700000 	122.411011 	558.000000 	552.902649 	563.163025 
7.800000 	122.411011 	558.000000 	552.902649 	563.163025 
7.900000 	122.411011 	558.000000 	552.902649 	563.163025 
8.000000 	123.191589 	558.000000 	552.809143 	563.187988 
8.100000 	123.191589 	558.000000 	552.809143 	563.187988 
8.200000 	123.191589 	558.000000 	552.809143 	563.187988 
8.300000 	123.191589 	558.000000 	552.809143 	563.187988 
8.400000 	123.191589 	558.000000 	552.809143 	563.187988 
8.500000 	123.191589 	558.000000 	552.809143 	563.187988 
8.600000 	123.191589 	558.000000 	552.809143 	563.187988 
8.700000 	123.191589 	558.000000 	552.809143 	563.187988 
8.800000 	123.191589 	558.000000 	552.809143 	563.187988 
8.900000 	123.191589 	558.000000 	552.809143 	563.187988 
9.000000 	123.707123 	558.000000 	552.756653 	563.210999 
9.100000 	123.707123 	558.000000 	552.756653 	563.210999 
9.200000 	123.707123 	558.000000 	552.756653 	563.210999 
9.300000 	123.707123 	558.000000 	552.756653 	563.210999 
9.400000 	123.707123 	558.000000 	552.756653 	563.210999 
9.500000 	123.707123 	558.000000 	552.756653 	563.210999 
9.600000 	123.707123 	558.000000 	552.756653 	563.210999 
9.700000 	123.707123 	558.000000 	552.756653 	563.210999 
9.800000 	123.707123 	558.000000 	552.756653 	563.210999 
9.900000 	123.707123 	558.000000 	552.756653 	563.210999 
10.000000 	124.064224 	558.000000 	552.727173 	563.234009 
10.100000 	124.064224 	558.000000 	552.727173 	563.234009 
10.200000 	124.064224 	558.000000 	552.727173 	563.234009 
10.300000 	124.064224 	558.000000 	552.727173 	563.234009 
10.400000 	124.064224 	558.000000 	552.727173 	563.234009 
10.500000 	124.064224 	558.000000 	552.727173 	563.234009 
10.600000 	124.064224 	558.000000 	552.727173 	563.234009 
10.700000 	124.064224 	558.000000 	552.727173 	563.234009 
10.800000 	124.064224 	558.000000 	552.727173 	563.234009 
10.900000 	124.064224 	558.000000 	552.727173 	563.234009 
11.000000 	124.321136 	558.000000 	552.711060 	563.255981 
11.100000 	124.321136 	558.000000 	552.711060 	563.255981 
11.200000 	124.321136 	558.000000 	552.711060 	563.255981 
11.300000 	124.321136 	558.000000 	552.711060 	563.255981 
11.400000 	124.321136 	558.000000 	552.711060 	563.255981 
11.500000 	124.321136 	558.000000 	552.711060 	563.255981 
11.600000 	124.321136 	558.000000 	552.711060 	563.255981 
11.700000 	124.321136 	558.000000 	552.711060 	563.255981 
11.800000 	124.321136 	558.000000 	552.711060 	563.255981 
11.900000 	124.321136 	558.000000 	552.711060 	563.255981 
12.000000 	124.511627 	558.000000 	552.703064 	563.276978 
12.100000 	124.511627 	558.000000 	552.703064 	563.276978 
12.200000 	124.511627 	558.000000 	552.703064 	563.276978 
12.300000 	124.511627 	558.000000 	552.703064 	563.276978 
12.400000 	124.511627 	558.000000 	552.703064 	563.276978 
12.500000 	124.511627 	558.000000 	552.703064 	563.276978 
12.600000 	124.511627 	558.000000 	552.703064 	563.276978 
12.700000 	124.511627 	558.000000 	552.703064 	563.276978 
12.800000 	124.511627 	558.000000 	552.703064 	563.276978 
12.900000 	124.511627 	558.000000 	552.703064 	563.276978 
13.000000 	124.656250 	558.000000 	552.699951 	563.299011 
13.100000 	124.656250 	558.000000 	552.699951 	563.299011 
13.200000 	124.656250 	558.000000 	552.699951 	563.299011 
13.300000 	124.656250 	558.000000 	552.699951 	563.299011 
13.400000 	124.656250 	558.000000 	552.699951 	563.299011 
13.500000 	124.656250 	558.000000 	552.699951 	563.299011 
13.600000 	124.656250 	558.000000 	552.699951 	563.299011 
13.700000 	124.656250 	558.000000 	552.699951 	563.299011 
13.800000 	124.656250 	558.000000 	552.699951 	563.299011 
13.900000 	124.656250 	558.000000 	552.699951 	563.299011 
14.000000 	124.768028 	558.000000 	552.699951 	563.320007 
14.100000 	124.768028 	558.000000 	552.699951 	563.320007 
14.200000 	124.768028 	558.000000 	552.699951 	563.320007 
14.300000 	124.768028 	558.000000 	552.699951 	563.320007 
14.400000 	124.768028 	558.000000 	552.699951 	563.320007 
14.500000 	124.768028 	558.000000 	552.699951 	563.320007 
14.600000 	124.768028 	558.000000 	552.699951 	563.320007 
14.700000 	124.768028 	558.000000 	552.699951 	563.320007 
14.800000 	124.768028 	558.000000 	552.699951 	563.320007 
14.900000 	124.768028 	558.000000 	552.699951 	563.320007 
15.000000 	124.855476 	558.000000 	552.701904 	563.341980 
15.100000 	124.855476 	558.000000 	552.701904 	563.341980 
15.200000 	124.855476 	558.000000 	552.701904 	563.341980 
15.300000 	124.855476 	558.000000 	552.701904 	563.341980 
15.400000 	124.855476 	558.000000 	552.701904 	563.341980 
15.500000 	124.855476 	558.000000 	552.701904 	563.341980 
15.600000 	124.855476 	558.000000 	552.701904 	563.341980 
15.700000 	124.855476 	558.000000 	552.701904 	563.341980 
15.800000 	124.855476 	558.000000 	552.701904 	563.341980 
15.900000 	124.855476 	558.000000 	552.701904 	563.341980 
16.000000 	124.924286 	558.000000 	552.705017 	563.362976 
16.100000 	124.924286 	558.000000 	552.705017 	563.362976 
16.200000 	124.924286 	558.000000 	552.705017 	563.362976 
16.300000 	124.924286 	558.000000 	552.705017 	563.362976 
16.400000 	124.924286 	558.000000 	552.705017 	563.362976 
16.500000 	124.924286 	558.000000 	552.705017 	563.362976 
16.600000 	124.924286 	558.000000 	552.705017 	563.362976 
16.700000 	124.924286 	558.000000 	552.705017 	563.362976 
16.800000 	124.924286 	558.000000 	552.705017 	563.362976 
16.900000 	124.924286 	558.000000 	552.705017 	563.362976 
17.000000 	124.978355 	558.000000 	552.708862 	563.385010 
17.100000 	124.978355 	558.000000 	552.708862 	563.385010 
17.200000 	124.978355 	558.000000 	552.708862 	563.385010 
17.300000 	124.978355 	558.000000 	552.708862 	563.385010 
17.400000 	124.978355 	558.000000 	552.708862 	563.385010 
17.500000 	124.978355 	558.000000 	552.708862 	563.385010 
17.600000 	124.978355 	558.000000 	552.708862 	563.385010 
17.700000 	124.978355 	558.000000 	552.708862 	563.385010 
17.800000 	124.978355 	558.000000 	552.708862 	563.385010 
17.900000 	124.978355 	558.000000 	552.708862 	563.385010 
18.000000 	125.020340 	558.000000 	552.713074 	563.406982 
18.100000 	125.020340 	558.000000 	552.713074 	563.406982 
18.200000 	125.020340 	558.000000 	552.713074 	563.406982 
18.300000 	125.020340 	558.000000 	552.713074 	563.406982 
18.400000 	125.020340 	558.000000 	552.713074 	563.406982 
18.500000 	125.020340 	558.000000 	552.713074 	563.406982 
18.600000 	125.020340 	558.000000 	552.713074 	563.406982 
18.700000 	125.020340 	558.000000 	552.713074 	563.406982 
18.800000 	125.020340 	558.000000 	552.713074 	563.406982 
18.900000 	125.020340 	558.000000 	552.713074 	563.406982 
19.000000 	125.052109 	558.000000 	552.717529 	563.427979 
19.100000 	125.052109 	558.000000 	552.717529 	563.427979 
19.200000 	125.052109 	558.000000 	552.717529 	563.427979 
19.300000 	125.052109 	558.000000 	552.717529 	563.427979 
19.400000 	125.052109 	558.000000 	552.717529 	563.427979 
19.500000 	125.052109 	558.000000 	552.717529 	563.427979 
19.600000 	125.052109 	558.000000 	552.717529 	563.427979 
19.700000 	125.052109 	558.000000 	552.717529 	563.427979 
19.800000 	125.052109 	558.000000 	552.717529 	563.427979 
19.900000 	125.052109 	558.000000 	552.717529 	563.427979 
20.000000 	125.074905 	558.000000 	552.721985 	563.448975 
20.100000 	125.074905 	558.000000 	552.721985 	563.448975 
20.200000 	125.074905 	558.000000 	552.721985 	563.448975 
20.300000 	125.074905 	558.000000 	552.721985 	563.448975 
20.400000 	125.074905 	558.000000 	552.721985 	563.448975 
20.500000 	125.074905 	558.000000 	552.721985 	563.448975 
20.600000 	125.074905 	558.000000 	552.721985 	563.448975 
20.700000 	125.074905 	558.000000 	552.721985 	563.448975 
20.800000 	125.074905 	558.000000 	552.721985 	563.448975 
20.900000 	125.074905 	558.000000 	552.721985 	563.448975 
21.000000 	125.089577 	558.000000 	552.726440 	563.471008 
21.100000 	125.089577 	558.000000 	552.726440 	563.471008 
21.200000 	125.089577 	558.000000 	552.726440 	563.471008 
21.300000 	125.089577 	558.000000 	552.726440 	563.471008 
21.400000 	125.089577 	558.000000 	552.726440 	563.471008 
21.500000 	125.089577 	558.000000 	552.726440 	563.471008 
21.600000 	125.089577 	558.000000 	552.726440 	563.471008 
21.700000 	125.089577 	558.000000 	552.726440 	563.471008 
21.800000 	125.089577 	558.000000 	552.726440 	563.471008 
21.900000 	125.089577 	558.000000 	552.726440 	563.471008 
22.000000 	125.096626 	558.000000 	552.730835 	563.492004 
22.100000 	125.096626 	558.000000 	552.730835 	563.492004 
22.200000 	125.096626 	558.000000 	552.730835 	563.492004 
22.300000 	125.096626 	558.000000 	552.730835 	563.492004 
22.400000 	125.096626 	558.000000 	552.730835 	563.492004 
22.500000 	125.096626 	558.000000 	552.730835 	563.492004 
22.600000 	125.096626 	558.000000 	552.730835 	563.492004 
22.700000 	125.096626 	558.000000 	552.730835 	563.492004 
22.800000 	125.096626 	558.000000 	552.730835 	563.492004 
22.900000 	125.096626 	558.000000 	552.730835 	563.492004 
23.000000 	125.096336 	558.000000 	552.735046 	563.513000 
23.100000 	125.096336 	558.000000 	552.735046 	563.513000 
23.200000 	125.096336 	558.000000 	552.735046 	563.513000 
23.300000 	125.096336 	558.000000 	552.735046 	563.513000 
23.400000 	125.096336 	558.000000 	552.735046 	563.513000 
23.500000 	125.096336 	558.000000 	552.735046 	563.513000 
23.600000 	125.096336 	558.000000 	552.735046 	563.513000 
23.700000 	125.096336 	558.000000 	552.735046 	563.513000 
23.800000 	125.096336 	558.000000 	552.735046 	563.513000 
23.900000 	125.096336 	558.000000 	552.735046 	563.513000 
24.000000 	125.088791 	558.000000 	552.739136 	563.533997 
24.100000 	125.088791 	558.000000 	552.739136 	563.533997 
24.200000 	125.088791 	558.000000 	552.739136 	563.533997 
24.300000 	125.088791 	558.000000 	552.739136 	563.533997 
24.400000 	125.088791 	558.000000 	552.739136 	563.533997 
24.500000 	125.088791 	558.000000 	552.739136 	563.533997 
24.600000 	125.088791 	558.000000 	552.739136 	563.533997 
24.700000 	125.088791 	558.000000 	552.739136 	563.533997 
24.800000 	125.088791 	558.000000 	552.739136 	563.533997 
24.900000 	125.088791 	558.000000 	552.739136 	563.533997 
25.000000 	125.073906 	558.000000 	552.743042 	563.554993 
25.100000 	125.073906 	558.000000 	552.743042 	563.554993 
25.200000 	125.073906 	558.000000 	552.743042 	563.554993 
25.300000 	125.073906 	558.000000 	552.743042 	563.554993 
25.400000 	125.073906 	558.000000 	552.743042 	563.554993 
25.500000 	125.073906 	558.000000 	552.743042 	563.554993 
25.600000 	125.073906 	558.000000 	552.743042 	563.554993 
25.700000 	125.073906 	558.000000 	552.743042 	563.554993 
25.800000 	125.073906 	558.000000 	552.743042 	563.554993 
25.900000 	125.073906 	558.000000 	552.743042 	563.554993 
26.000000 	125.051483 	558.000000 	552.746765 	563.575989 
26.100000 	125.051483 	558.000000 	552.746765 	563.575989 
26.200000 	125.051483 	558.000000 	552.746765 	563.575989 
26.300000 	125.051483 	558.000000 	552.746765 	563.575989 
26.400000 	125.051483 	558.000000 	552.746765 	563.575989 
26.500000 	125.051483 	558.000000 	552.746765 	563.575989 
26.600000 	125.051483 	558.000000 	552.746765 	563.575989 
26.700000 	125.051483 	558.000000 	552.746765 	563.575989 
26.800000 	125.051483 	558.000000 	552.746765 	563.575989 
26.900000 	125.051483 	558.000000 	552.746765 	563.575989 
27.000000 	125.021194 	558.000000 	552.750305 	563.596008 
27.100000 	125.021194 	558.000000 	552.750305 	563.596008 
27.200000 	125.021194 	558.000000 	552.750305 	563.596008 
27.300000 	125.021194 	558.000000 	552.750305 	563.596008 
27.400000 	125.021194 	558.000000 	552.750305 	563.596008 
27.500000 	125.021194 	558.000000 	552.750305 	563.596008 
27.600000 	125.021194 	558.000000 	552.750305 	563.596008 
27.700000 	125.021194 	558.000000 	552.750305 	563.596008 
27.800000 	125.021194 	558.000000 	552.750305 	563.596008 
27.900000 	125.021194 	558.000000 	552.750305 	563.596008 
28.000000 	124.982620 	558.000000 	552.753662 	563.616028 
28.100000 	124.982620 	558.000000 	552.753662 	563.616028 
28.200000 	124.982620 	558.000000 	552.753662 	563.616028 
28.300000 	124.982620 	558.000000 	552.753662 	563.616028 
28.400000 	124.982620 	558.000000 	552.753662 	563.616028 
28.500000 	124.982620 	558.000000 	552.753662 	563.616028 
28.600000 	124.982620 	558.000000 	552.753662 	563.616028 
28.700000 	124.982620 	558.000000 	552.753662 	563.616028 
28.800000 	124.982620 	558.000000 	552.753662 	563.616028 
28.900000 	124.982620 	558.000000 	552.753662 	563.616028 
29.000000 	124.935234 	558.000000 	552.756897 	563.635986 
29.100000 	124.935234 	558.000000 	552.756897 	563.635986 
29.200000 	124.935234 	558.000000 	552.756897 	563.635986 
29.300000 	124.935234 	558.000000 	552.756897 	563.635986 
29.400000 	124.935234 	558.000000 	552.756897 	563.635986 
29.500000 	124.935234 	558.000000 	552.756897 	563.635986 
29.600000 	124.935234 	558.000000 	552.756897 	563.635986 
29.700000 	124.935234 	558.000000 	552.756897 	563.635986 
29.800000 	124.935234 	558.000000 	552.756897 	563.635986 
29.900000 	124.935234 	558.000000 	552.756897 	563.635986 
30.000000 	124.878433 	558.000000 	552.759888 	563.656006 
30.100000 	124.878433 	558.000000 	552.759888 	563.656006 
30.200000 	124.878433 	558.000000 	552.759888 	563.656006 
30.300000 	124.878433 	558.000000 	552.759888 	563.656006 
30.400000 	124.878433 	558.000000 	552.759888 	563.656006 
30.500000 	124.878433 	558.000000 	552.759888 	563.656006 
30.600000 	124.878433 	558.000000 	552.759888 	563.656006 
30.700000 	124.878433 	558.000000 	552.759888 	563.656006 
30.800000 	124.878433 	558.000000 	552.759888 	563.656006 
30.900000 	124.878433 	558.000000 	552.759888 	563.656006 
31.000000 	124.811516 	558.000000 	552.762756 	563.674988 
31.100000 	124.811516 	558.000000 	552.762756 	563.674988 
31.200000 	124.811516 	558.000000 	552.762756 	563.674988 
31.300000 	124.811516 	558.000000 	552.762756 	563.674988 
31.400000 	124.811516 	558.000000 	552.762756 	563.674988 
31.500000 	124.811516 	558.000000 	552.762756 	563.674988 
31.600000 	124.811516 	558.000000 	552.762756 	563.674988 
31.700000 	124.811516 	558.000000 	552.762756 	563.674988 
31.800000 	124.811516 	558.000000 	552.762756 	563.674988 
31.900000 	124.811516 	558.000000 	552.762756 	563.674988 
32.000000 	124.733673 	558.000000 	552.765442 	563.693970 
32.100000 	124.733673 	558.000000 	552.765442 	563.693970 
32.200000 	124.733673 	558.000000 	552.765442 	563.693970 
32.300000 	124.733673 	558.000000 	552.765442 	563.693970 
32.400000 	124.733673 	558.000000 	552.765442 	563.693970 
32.500000 	124.733673 	558.000000 	552.765442 	563.693970 
32.600000 	124.733673 	558.000000 	552.765442 	563.693970 
32.700000 	124.733673 	558.000000 	552.765442 	563.693970 
32.800000 	124.733673 	558.000000 	552.765442 	563.693970 
32.900000 	124.733673 	558.000000 	552.765442 	563.693970 
33.000000 	124.644028 	558.000000 	552.767944 	563.711975 
33.100000 	124.644028 	558.000000 	552.767944 	563.711975 
33.200000 	124.644028 	558.000000 	552.767944 	563.711975 
33.300000 	124.644028 	558.000000 	552.767944 	563.711975 
33.400000 	124.644028 	558.000000 	552.767944 	563.711975 
33.500000 	124.644028 	558.000000 	552.767944 	563.711975 
33.600000 	124.644028 	558.000000 	552.767944 	563.711975 
33.700000 	124.644028 	558.000000 	552.767944 	563.711975 
33.800000 	124.644028 	558.000000 	552.767944 	563.711975 
33.900000 	124.644028 	558.000000 	552.767944 	563.711975 
34.000000 	124.541588 	558.000000 	552.770325 	563.729980 
34.100000 	124.541588 	558.000000 	552.770325 	563.729980 
34.200000 	124.541588 	558.000000 	552.770325 	563.729980 
34.300000 	124.541588 	558.000000 	552.770325 	563.729980 
34.400000 	124.541588 	558.000000 	552.770325 	563.729980 
34.500000 	124.541588 	558.000000 	552.770325 	563.729980 
34.600000 	124.541588 	558.000000 	552.770325 	563.729980 
34.700000 	124.541588 	558.000000 	552.770325 	563.729980 
34.800000 	124.541588 	558.000000 	552.770325 	563.729980 
34.900000 	124.541588 	558.000000 	552.770325 	563.729980 
35.000000 	124.425262 	558.000000 	552.772583 	563.747986 
35.100000 	124.425262 	558.000000 	552.772583 	563.747986 
35.200000 	124.425262 	558.000000 	552.772583 	563.747986 
35.300000 	124.425262 	558.000000 	552.772583 	563.747986 
35.400000 	124.425262 	558.000000 	552.772583 	563.747986 
35.500000 	124.425262 	558.000000 	552.772583 	563.747986 
35.600000 	124.425262 	558.000000 	552.772583 	563.747986 
35.700000 	124.425262 	558.000000 	552.772583 	563.747986 
35.800000 	124.425262 	558.000000 	552.772583 	563.747986 
35.900000 	124.425262 	558.000000 	552.772583 	563.747986 
36.000000 	124.293839 	558.000000 	552.774658 	563.783997 
36.100000 	124.293839 	558.000000 	552.774658 	563.783997 
36.200000 	124.293839 	558.000000 	552.774658 	563.783997 
36.300000 	124.293839 	558.000000 	552.774658 	563.783997 
36.400000 	124.293839 	558.000000 	552.774658 	563.783997 
36.500000 	124.293839 	558.000000 	552.774658 	563.783997 
36.600000 	124.293839 	558.000000 	552.774658 	563.783997 
36.700000 	124.293839 	558.000000 	552.774658 	563.783997 
36.800000 	124.293839 	558.000000 	552.774658 	563.783997 
36.900000 	124.293839 	558.000000 	552.774658 	563.783997 
37.000000 	124.145981 	558.000000 	552.776611 	563.801025 
37.100000 	124.145981 	558.000000 	552.776611 	563.801025 
37.200000 	124.145981 	558.000000 	552.776611 	563.801025 
37.300000 	124.145981 	558.000000 	552.776611 	563.801025 
37.400000 	124.145981 	558.000000 	552.776611 	563.801025 
37.500000 	124.145981 	558.000000 	552.776611 	563.801025 
37.600000 	124.145981 	558.000000 	552.776611 	563.801025 
37.700000 	124.145981 	558.000000 	552.776611 	563.801025 
37.800000 	124.145981 	558.000000 	552.776611 	563.801025 
37.900000 	124.145981 	558.000000 	552.776611 	563.801025 
38.000000 	123.980232 	558.000000 	552.778442 	563.817993 
38.100000 	123.980232 	558.000000 	552.778442 	563.817993 
38.200000 	123.980232 	558.000000 	552.778442 	563.817993 
38.300000 	123.980232 	558.000000 	552.778442 	563.817993 
38.400000 	123.980232 	558.000000 	552.778442 	563.817993 
38.500000 	123.980232 	558.000000 	552.778442 	563.817993 
38.600000 	123.980232 	558.000000 	552.778442 	563.817993 
38.700000 	123.980232 	558.000000 	552.778442 	563.817993 
38.800000 	123.980232 	558.000000 	552.778442 	563.817993 
38.900000 	123.980232 	558.000000 	552.778442 	563.817993 
39.000000 	123.794960 	558.000000 	552.780090 	563.835022 
39.100000 	123.794960 	558.000000 	552.780090 	563.835022 
39.200000 	123.794960 	558.000000 	552.780090 	563.835022 
39.300000 	123.794960 	558.000000 	552.780090 	563.835022 
39.400000 	123.794960 	558.000000 	552.780090 	563.835022 
39.500000 	123.794960 	558.000000 	552.780090 	563.835022 
39.600000 	123.794960 	558.000000 	552.780090 	563.835022 
39.700000 	123.794960 	558.000000 	552.780090 	563.835022 
39.800000 	123.794960 	558.000000 	552.780090 	563.835022 
39.900000 	123.794960 	558.000000 	552.780090 	563.835022 
40.000000 	123.588371 	558.000000 	552.781677 	563.851013 
40.100000 	123.588371 	558.000000 	552.781677 	563.851013 
40.200000 	123.588371 	558.000000 	552.781677 	563.851013 
40.300000 	123.588371 	558.000000 	552.781677 	563.851013 
40.400000 	123.588371 	558.000000 	552.781677 	563.851013 
40.500000 	123.588371 	558.000000 	552.781677 	563.851013 
40.600000 	123.588371 	558.000000 	552.781677 	563.851013 
40.700000 	123.588371 	558.000000 	552.781677 	563.851013 
40.800000 	123.588371 	558.000000 	552.781677 	563.851013 
40.900000 	123.588371 	558.000000 	552.781677 	563.851013 
41.000000 	123.358482 	558.000000 	552.783081 	563.866028 
41.100000 	123.358482 	558.000000 	552.783081 	563.866028 
41.200000 	123.358482 	558.000000 	552.783081 	563.866028 
41.300000 	123.358482 	558.000000 	552.783081 	563.866028 
41.400000 	123.358482 	558.000000 	552.783081 	563.866028 
41.500000 	123.358482 	558.000000 	552.783081 	563.866028 
41.600000 	123.358482 	558.000000 	552.783081 	563.866028 
41.700000 	123.358482 	558.000000 	552.783081 	563.866028 
41.800000 	123.358482 	558.000000 	552.783081 	563.866028 
41.900000 	123.358482 	558.000000 	552.783081 	563.866028 
42.000000 	123.103104 	558.000000 	552.784424 	563.880981 
42.100000 	123.103104 	558.000000 	552.784424 	563.880981 
42.200000 	123.103104 	558.000000 	552.784424 	563.880981 
42.300000 	123.103104 	558.000000 	552.784424 	563.880981 
42.400000 	123.103104 	558.000000 	552.784424 	563.880981 
42.500000 	123.103104 	558.000000 	552.784424 	563.880981 
42.600000 	123.103104 	558.000000 	552.784424 	563.880981 
42.700000 	123.103104 	558.000000 	552.784424 	563.880981 
42.800000 	123.103104 	558.000000 	552.784424 	563.880981 
42.900000 	123.103104 	558.000000 	552.784424 	563.880981 
43.000000 	122.819778 	558.000000 	552.785645 	563.895020 
43.100000 	122.819778 	558.000000 	552.785645 	563.895020 
43.200000 	122.819778 	558.000000 	552.785645 	563.895020 
43.300000 	122.819778 	558.000000 	552.785645 	563.895020 
43.400000 	122.819778 	558.000000 	552.785645 	563.895020 
43.500000 	122.819778 	558.000000 	552.785645 	563.895020 
43.600000 	122.819778 	558.000000 	552.785645 	563.895020 
43.700000 	122.819778 	558.000000 	552.785645 	563.895020 
43.800000 	122.819778 	558.000000 	552.785645 	563.895020 
43.900000 	122.819778 	558.000000 	552.785645 	563.895020 
44.000000 	122.505783 	558.000000 	552.786682 	563.908997 
44.100000 	122.505783 	558.000000 	552.786682 	563.908997 
44.200000 	122.505783 	558.000000 	552.786682 	563.908997 
44.300000 	122.505783 	558.000000 	552.786682 	563.908997 
44.400000 	122.505783 	558.000000 	552.786682 	563.908997 
44.500000 	122.505783 	558.000000 	552.786682 	563.908997 
44.600000 	122.505783 	558.000000 	552.786682 	563.908997 
44.700000 	122.505783 	558.000000 	552.786682 	563.908997 
44.800000 	122.505783 	558.000000 	552.786682 	563.908997 
44.900000 	122.505783 	558.000000 	552.786682 	563.908997 
45.000000 	122.158051 	558.000000 	552.787659 	563.921997 
45.100000 	122.158051 	558.000000 	552.787659 	563.921997 
45.200000 	122.158051 	558.000000 	552.787659 	563.921997 
45.300000 	122.158051 	558.000000 	552.787659 	563.921997 
45.400000 	122.158051 	558.000000 	552.787659 	563.921997 
45.500000 	122.158051 	558.000000 	552.787659 	563.921997 
45.600000 	122.158051 	558.000000 	552.787659 	563.921997 
45.700000 	122.158051 	558.000000 	552.787659 	563.921997 
45.800000 	122.158051 	558.000000 	552.787659 	563.921997 
45.900000 	122.158051 	558.000000 	552.787659 	563.921997 
46.000000 	121.773170 	558.000000 	552.788513 	563.934021 
46.100000 	121.773170 	558.000000 	552.788513 	563.934021 
46.200000 	121.773170 	558.000000 	552.788513 	563.934021 
46.300000 	121.773170 	558.000000 	552.788513 	563.934021 
46.400000 	121.773170 	558.000000 	552.788513 	563.934021 
46.500000 	121.773170 	558.000000 	552.788513 	563.934021 
46.600000 	121.773170 	558.000000 	552.788513 	563.934021 
46.700000 	121.773170 	558.000000 	552.788513 	563.934021 
46.800000 	121.773170 	558.000000 	552.788513 	563.934021 
46.900000 	121.773170 	558.000000 	552.788513 	563.934021 
47.000000 	121.347252 	558.000000 	552.789307 	563.945984 
47.100000 	121.347252 	558.000000 	552.789307 	563.945984 
47.200000 	121.347252 	558.000000 	552.789307 	563.945984 
47.300000 	121.347252 	558.000000 	552.789307 	563.945984 
47.400000 	121.347252 	558.000000 	552.789307 	563.945984 
47.500000 	121.347252 	558.000000 	552.789307 	563.945984 
47.600000 	121.347252 	558.000000 	552.789307 	563.945984 
47.700000 	121.347252 	558.000000 	552.789307 	563.945984 
47.800000 	121.347252 	558.000000 	552.789307 	563.945984 
47.900000 	121.347252 	558.000000 	552.789307 	563.945984 
48.000000 	120.875923 	558.000000 	552.789917 	563.955994 
48.100000 	120.875923 	558.000000 	552.789917 	563.955994 
48.200000 	120.875923 	558.000000 	552.789917 	563.955994 
48.300000 	120.875923 	558.000000 	552.789917 	563.955994 
48.400000 	120.875923 	558.000000 	552.789917 	563.955994 
48.500000 	120.875923 	558.000000 	552.789917 	563.955994 
48.600000 	120.875923 	558.000000 	552.789917 	563.955994 
48.700000 	120.875923 	558.000000 	552.789917 	563.955994 
48.800000 	120.875923 	558.000000 	552.789917 	563.955994 
48.900000 	120.875923 	558.000000 	552.789917 	563.955994 
49.000000 	120.354172 	558.000000 	552.790466 	563.966003 
49.100000 	120.354172 	558.000000 	552.790466 	563.966003 
49.200000 	120.354172 	558.000000 	552.790466 	563.966003 
49.300000 	120.354172 	558.000000 	552.790466 	563.966003 
49.400000 	120.354172 	558.000000 	552.790466 	563.966003 
49.500000 	120.354172 	558.000000 	552.790466 	563.966003 
49.600000 	120.354172 	558.000000 	552.790466 	563.966003 
49.700000 	120.354172 	558.000000 	552.790466 	563.966003 
49.800000 	120.354172 	558.000000 	552.790466 	563.966003 
49.900000 	120.354172 	558.000000 	552.790466 	563.966003 
50.000000 	119.776276 	558.000000 	552.790894 	563.976013 
50.100000 	119.776276 	558.000000 	552.790894 	563.976013 
50.200000 	119.776276 	558.000000 	552.790894 	563.976013 
50.300000 	119.776276 	558.000000 	552.790894 	563.976013 
50.400000 	119.776276 	558.000000 	552.790894 	563.976013 
50.500000 	119.776276 	558.000000 	552.790894 	563.976013 
50.600000 	119.776276 	558.000000 	552.790894 	563.976013 
50.700000 	119.776276 	558.000000 	552.790894 	563.976013 
50.800000 	119.776276 	558.000000 	552.790894 	563.976013 
50.900000 	119.776276 	558.000000 	552.790894 	563.976013 
51.000000 	119.135635 	558.000000 	552.791199 	1003.359985 
51.100000 	119.135635 	558.000000 	552.791199 	1003.359985 
51.200000 	119.135635 	558.000000 	552.791199 	1003.359985 
51.300000 	119.135635 	558.000000 	552.791199 	1003.359985 
51.400000 	119.135635 	558.000000 	552.791199 	1003.359985 
51.500000 	119.135635 	558.000000 	552.791199 	1003.359985 
51.600000 	119.135635 	558.000000 	552.791199 	1003.359985 
51.700000 	119.135635 	558.000000 	552.791199 	1003.359985 
51.800000 	119.135635 	558.000000 	552.791199 	1003.359985 
51.900000 	119.135635 	558.000000 	552.791199 	1003.359985 
52.000000 	118.424583 	558.000000 	552.791443 	1003.359985 
52.100000 	118.424583 	558.000000 	552.791443 	1003.359985 
52.200000 	118.424583 	558.000000 	552.791443 	1003.359985 
52.300000 	118.424583 	558.000000 	552.791443 	1003.359985 
52.400000 	118.424583 	558.000000 	552.791443 	1003.359985 
52.500000 	118.424583 	558.000000 	552.791443 	1003.359985 
52.600000 	118.424583 	558.000000 	552.791443 	1003.359985 
52.700000 	118.424583 	558.000000 	552.791443 	1003.359985 
52.800000 	118.424583 	558.000000 	552.791443 	1003.359985 
52.900000 	118.424583 	558.000000 	552.791443 	1003.359985 
53.000000 	117.634163 	558.000000 	552.791565 	1003.359985 
53.100000 	117.634163 	558.000000 	552.791565 	1003.359985 
53.200000 	117.634163 	558.000000 	552.791565 	1003.359985 
53.300000 	117.634163 	558.000000 	552.791565 	1003.359985 
53.400000 	117.634163 	558.000000 	552.791565 	1003.359985 
53.500000 	117.634163 	558.000000 	552.791565 	1003.359985 
53.600000 	117.634163 	558.000000 	552.791565 	1003.359985 
53.700000 	117.634163 	558.000000 	552.791565 	1003.359985 
53.800000 	117.634163 	558.000000 	552.791565 	1003.359985 
53.900000 	117.634163 	558.000000 	552.791565 	1003.359985 
54.000000 	116.753807 	558.000000 	552.791565 	1003.359985 
54.100000 	116.753807 	558.000000 	552.791565 	1003.359985 
54.200000 	116.753807 	558.000000 	552.791565 	1003.359985 
54.300000 	116.753807 	558.000000 	552.791565 	1003.359985 
54.400000 	116.753807 	558.000000 	552.791565 	1003.359985 
54.500000 	116.753807 	558.000000 	552.791565 	1003.359985 
54.600000 	116.753807 	558.000000 	552.791565 	1003.359985 
54.700000 	116.753807 	558.000000 	552.791565 	1003.359985 
54.800000 	116.753807 	558.000000 	552.791565 	1003.359985 
54.900000 	116.753807 	558.000000 	552.791565 	1003.359985 
55.000000 	115.770943 	558.000000 	552.791443 	1003.359985 
55.100000 	115.770943 	558.000000 	552.791443 	1003.359985 
55.200000 	115.770943 	558.000000 	552.791443 	1003.359985 
55.300000 	115.770943 	558.000000 	552.791443 	1003.359985 
55.400000 	115.770943 	558.000000 	552.791443 	1003.359985 
55.500000 	115.770943 	558.000000 	552.791443 	1003.359985 
55.600000 	115.770943 	558.000000 	552.791443 	1003.359985 
55.700000 	115.770943 	558.000000 	552.791443 	1003.359985 
55.800000 	115.770943 	558.000000 	552.791443 	1003.359985 
55.900000 	115.770943 	558.000000 	552.791443 	1003.359985 
56.000000 	114.670456 	558.000000 	552.791260 	1003.359985 
56.100000 	114.670456 	558.000000 	552.791260 	1003.359985 
56.200000 	114.670456 	558.000000 	552.791260 	1003.359985 
56.300000 	114.670456 	558.000000 	552.791260 	1003.359985 
56.400000 	114.670456 	558.000000 	552.791260 	1003.359985 
56.500000 	114.670456 	558.000000 	552.791260 	1003.359985 
56.600000 	114.670456 	558.000000 	552.791260 	1003.359985 
56.700000 	114.670456 	558.000000 	552.791260 	1003.359985 
56.800000 	114.670456 	558.000000 	552.791260 	1003.359985 
56.900000 	114.670456 	558.000000 	552.791260 	1003.359985 
57.000000 	113.433945 	558.000000 	552.790955 	1003.359985 
57.100000 	113.433945 	558.000000 	552.790955 	1003.359985 
57.200000 	113.433945 	558.000000 	552.790955 	1003.359985 
57.300000 	113.433945 	558.000000 	552.790955 	1003.359985 
57.400000 	113.433945 	558.000000 	552.790955 	1003.359985 
57.500000 	113.433945 	558.000000 	552.790955 	1003.359985 
57.600000 	113.433945 	558.000000 	552.790955 	1003.359985 
57.700000 	113.433945 	558.000000 	552.790955 	1003.359985 
57.800000 	113.433945 	558.000000 	552.790955 	1003.359985 
57.900000 	113.433945 	558.000000 	552.790955 	1003.359985 
58.000000 	112.038734 	558.000000 	552.790527 	1003.359985 
58.100000 	112.038734 	558.000000 	552.790527 	1003.359985 
58.200000 	112.038734 	558.000000 	552.790527 	1003.359985 
58.300000 	112.038734 	558.000000 	552.790527 	1003.359985 
58.400000 	112.038734 	558.000000 	552.790527 	1003.359985 
58.500000 	112.038734 	558.000000 	552.790527 	1003.359985 
58.600000 	112.038734 	558.000000 	552.790527 	1003.359985 
58.700000 	112.038734 	558.000000 	552.790527 	1003.359985 
58.800000 	112.038734 	558.000000 	552.790527 	1003.359985 
58.900000 	112.038734 	558.000000 	552.790527 	1003.359985 
59.000000 	110.456444 	558.000000 	552.789978 	1003.359985 
59.100000 	110.456444 	558.000000 	552.789978 	1003.359985 
59.200000 	110.456444 	558.000000 	552.789978 	1003.359985 
59.300000 	110.456444 	558.000000 	552.789978 	1003.359985 
59.400000 	110.456444 	558.000000 	552.789978 	1003.359985 
59.500000 	110.456444 	558.000000 	552.789978 	1003.359985 
59.600000 	110.456444 	558.000000 	552.789978 	1003.359985 
59.700000 	110.456444 	558.000000 	552.789978 	1003.359985 
59.800000 	110.456444 	558.000000 	552.789978 	1003.359985 
59.900000 	110.456444 	558.000000 	552.789978 	1003.359985 
60.000000 	108.650925 	558.000000 	552.789368 	1003.359985 
