0.500000 	0.000000 	642.000000 	0.000000 	628.065002 
0.600000 	131.832581 	642.000000 	546.548401 	635.283020 
0.700000 	121.270958 	642.000000 	596.057556 	639.369019 
0.800000 	113.360634 	642.000000 	616.735474 	641.732971 
0.900000 	107.555717 	642.000000 	626.822693 	643.158997 
1.000000 	103.523170 	642.000000 	632.275513 	644.060974 
1.100000 	103.523170 	642.000000 	632.275513 	644.060974 
1.200000 	103.523170 	642.000000 	632.275513 	644.060974 
1.300000 	103.523170 	642.000000 	632.275513 	644.060974 
1.400000 	103.523170 	642.000000 	632.275513 	644.060974 
1.500000 	103.523170 	642.000000 	632.275513 	644.060974 
1.600000 	103.523170 	642.000000 	632.275513 	644.060974 
1.700000 	103.523170 	642.000000 	632.275513 	644.060974 
1.800000 	103.523170 	642.000000 	632.275513 	644.060974 
1.900000 	103.523170 	642.000000 	632.275513 	644.060974 
2.000000 	100.969109 	642.000000 	635.429443 	646.104004 
2.100000 	100.969109 	642.000000 	635.429443 	646.104004 
2.200000 	100.969109 	642.000000 	635.429443 	646.104004 
2.300000 	100.969109 	642.000000 	635.429443 	646.104004 
2.400000 	100.969109 	642.000000 	635.429443 	646.104004 
2.500000 	100.969109 	642.000000 	635.429443 	646.104004 
2.600000 	100.969109 	642.000000 	635.429443 	646.104004 
2.700000 	100.969109 	642.000000 	635.429443 	646.104004 
2.800000 	100.969109 	642.000000 	635.429443 	646.104004 
2.900000 	100.969109 	642.000000 	635.429443 	646.104004 
3.000000 	106.518021 	642.000000 	639.884766 	646.341003 
3.100000 	106.518021 	642.000000 	639.884766 	646.341003 
3.200000 	106.518021 	642.000000 	639.884766 	646.341003 
3.300000 	106.518021 	642.000000 	639.884766 	646.341003 
3.400000 	106.518021 	642.000000 	639.884766 	646.341003 
3.500000 	106.518021 	642.000000 	639.884766 	646.341003 
3.600000 	106.518021 	642.000000 	639.884766 	646.341003 
3.700000 	106.518021 	642.000000 	639.884766 	646.341003 
3.800000 	106.518021 	642.000000 	639.884766 	646.341003 
3.900000 	106.518021 	642.000000 	639.884766 	646.341003 
4.000000 	114.872993 	642.000000 	639.038818 	646.424011 
4.100000 	114.872993 	642.000000 	639.038818 	646.424011 
4.200000 	114.872993 	642.000000 	639.038818 	646.424011 
4.300000 	114.872993 	642.000000 	639.038818 	646.424011 
4.400000 	114.872993 	642.000000 	639.038818 	646.424011 
4.500000 	114.872993 	642.000000 	639.038818 	646.424011 
4.600000 	114.872993 	642.000000 	639.038818 	646.424011 
4.700000 	114.872993 	642.000000 	639.038818 	646.424011 
4.800000 	114.872993 	642.000000 	639.038818 	646.424011 
4.900000 	114.872993 	642.000000 	639.038818 	646.424011 
5.000000 	119.004593 	642.000000 	638.530273 	646.469971 
5.100000 	119.004593 	642.000000 	638.530273 	646.469971 
5.200000 	119.004593 	642.000000 	638.530273 	646.469971 
5.300000 	119.004593 	642.000000 	638.530273 	646.469971 
5.400000 	119.004593 	642.000000 	638.530273 	646.469971 
5.500000 	119.004593 	642.000000 	638.530273 	646.469971 
5.600000 	119.004593 	642.000000 	638.530273 	646.469971 
5.700000 	119.004593 	642.000000 	638.530273 	646.469971 
5.800000 	119.004593 	642.000000 	638.530273 	646.469971 
5.900000 	119.004593 	642.000000 	638.530273 	646.469971 
6.000000 	121.172012 	642.000000 	638.270813 	646.500977 
6.100000 	121.172012 	642.000000 	638.270813 	646.500977 
6.200000 	121.172012 	642.000000 	638.270813 	646.500977 
6.300000 	121.172012 	642.000000 	638.270813 	646.500977 
6.400000 	121.172012 	642.000000 	638.270813 	646.500977 
6.500000 	121.172012 	642.000000 	638.270813 	646.500977 
6.600000 	121.172012 	642.000000 	638.270813 	646.500977 
6.700000 	121.172012 	642.000000 	638.270813 	646.500977 
6.800000 	121.172012 	642.000000 	638.270813 	646.500977 
6.900000 	121.172012 	642.000000 	638.270813 	646.500977 
7.000000 	122.420456 	642.000000 	638.134705 	646.526001 
7.100000 	122.420456 	642.000000 	638.134705 	646.526001 
7.200000 	122.420456 	642.000000 	638.134705 	646.526001 
7.300000 	122.420456 	642.000000 	638.134705 	646.526001 
7.400000 	122.420456 	642.000000 	638.134705 	646.526001 
7.500000 	122.420456 	642.000000 	638.134705 	646.526001 
7.600000 	122.420456 	642.000000 	638.134705 	646.526001 
7.700000 	122.420456 	642.000000 	638.134705 	646.526001 
7.800000 	122.420456 	642.000000 	638.134705 	646.526001 
7.900000 	122.420456 	642.000000 	638.134705 	646.526001 
8.000000 	123.197418 	642.000000 	638.060730 	646.547974 
8.100000 	123.197418 	642.000000 	638.060730 	646.547974 
8.200000 	123.197418 	642.000000 	638.060730 	646.547974 
8.300000 	123.197418 	642.000000 	638.060730 	646.547974 
8.400000 	123.197418 	642.000000 	638.060730 	646.547974 
8.500000 	123.197418 	642.000000 	638.060730 	646.547974 
8.600000 	123.197418 	642.000000 	638.060730 	646.547974 
8.700000 	123.197418 	642.000000 	638.060730 	646.547974 
8.800000 	123.197418 	642.000000 	638.060730 	646.547974 
8.900000 	123.197418 	642.000000 	638.060730 	646.547974 
9.000000 	123.711227 	642.000000 	638.019897 	646.567993 
9.100000 	123.711227 	642.000000 	638.019897 	646.567993 
9.200000 	123.711227 	642.000000 	638.019897 	646.567993 
9.300000 	123.711227 	642.000000 	638.019897 	646.567993 
9.400000 	123.711227 	642.000000 	638.019897 	646.567993 
9.500000 	123.711227 	642.000000 	638.019897 	646.567993 
9.600000 	123.711227 	642.000000 	638.019897 	646.567993 
9.700000 	123.711227 	642.000000 	638.019897 	646.567993 
9.800000 	123.711227 	642.000000 	638.019897 	646.567993 
9.900000 	123.711227 	642.000000 	638.019897 	646.567993 
10.000000 	124.067657 	642.000000 	637.997498 	646.588013 
10.100000 	124.067657 	642.000000 	637.997498 	646.588013 
10.200000 	124.067657 	642.000000 	637.997498 	646.588013 
10.300000 	124.067657 	642.000000 	637.997498 	646.588013 
10.400000 	124.067657 	642.000000 	637.997498 	646.588013 
10.500000 	124.067657 	642.000000 	637.997498 	646.588013 
10.600000 	124.067657 	642.000000 	637.997498 	646.588013 
10.700000 	124.067657 	642.000000 	637.997498 	646.588013 
10.800000 	124.067657 	642.000000 	637.997498 	646.588013 
10.900000 	124.067657 	642.000000 	637.997498 	646.588013 
11.000000 	124.324478 	642.000000 	637.985779 	646.606018 
11.100000 	124.324478 	642.000000 	637.985779 	646.606018 
11.200000 	124.324478 	642.000000 	637.985779 	646.606018 
11.300000 	124.324478 	642.000000 	637.985779 	646.606018 
11.400000 	124.324478 	642.000000 	637.985779 	646.606018 
11.500000 	124.324478 	642.000000 	637.985779 	646.606018 
11.600000 	124.324478 	642.000000 	637.985779 	646.606018 
11.700000 	124.324478 	642.000000 	637.985779 	646.606018 
11.800000 	124.324478 	642.000000 	637.985779 	646.606018 
11.900000 	124.324478 	642.000000 	637.985779 	646.606018 
12.000000 	124.515205 	642.000000 	637.980469 	646.625000 
12.100000 	124.515205 	642.000000 	637.980469 	646.625000 
12.200000 	124.515205 	642.000000 	637.980469 	646.625000 
12.300000 	124.515205 	642.000000 	637.980469 	646.625000 
12.400000 	124.515205 	642.000000 	637.980469 	646.625000 
12.500000 	124.515205 	642.000000 	637.980469 	646.625000 
12.600000 	124.515205 	642.000000 	637.980469 	646.625000 
12.700000 	124.515205 	642.000000 	637.980469 	646.625000 
12.800000 	124.515205 	642.000000 	637.980469 	646.625000 
12.900000 	124.515205 	642.000000 	637.980469 	646.625000 
13.000000 	124.660255 	642.000000 	637.979065 	646.643005 
13.100000 	124.660255 	642.000000 	637.979065 	646.643005 
13.200000 	124.660255 	642.000000 	637.979065 	646.643005 
13.300000 	124.660255 	642.000000 	637.979065 	646.643005 
13.400000 	124.660255 	642.000000 	637.979065 	646.643005 
13.500000 	124.660255 	642.000000 	637.979065 	646.643005 
13.600000 	124.660255 	642.000000 	637.979065 	646.643005 
13.700000 	124.660255 	642.000000 	637.979065 	646.643005 
13.800000 	124.660255 	642.000000 	637.979065 	646.643005 
13.900000 	124.660255 	642.000000 	637.979065 	646.643005 
14.000000 	124.772560 	642.000000 	637.980042 	646.661011 
14.100000 	124.772560 	642.000000 	637.980042 	646.661011 
14.200000 	124.772560 	642.000000 	637.980042 	646.661011 
14.300000 	124.772560 	642.000000 	637.980042 	646.661011 
14.400000 	124.772560 	642.000000 	637.980042 	646.661011 
14.500000 	124.772560 	642.000000 	637.980042 	646.661011 
14.600000 	124.772560 	642.000000 	637.980042 	646.661011 
14.700000 	124.772560 	642.000000 	637.980042 	646.661011 
14.800000 	124.772560 	642.000000 	637.980042 	646.661011 
14.900000 	124.772560 	642.000000 	637.980042 	646.661011 
15.000000 	124.860573 	642.000000 	637.982422 	646.679016 
15.100000 	124.860573 	642.000000 	637.982422 	646.679016 
15.200000 	124.860573 	642.000000 	637.982422 	646.679016 
15.300000 	124.860573 	642.000000 	637.982422 	646.679016 
15.400000 	124.860573 	642.000000 	637.982422 	646.679016 
15.500000 	124.860573 	642.000000 	637.982422 	646.679016 
15.600000 	124.860573 	642.000000 	637.982422 	646.679016 
15.700000 	124.860573 	642.000000 	637.982422 	646.679016 
15.800000 	124.860573 	642.000000 	637.982422 	646.679016 
15.900000 	124.860573 	642.000000 	637.982422 	646.679016 
16.000000 	124.929977 	642.000000 	637.985718 	646.697021 
16.100000 	124.929977 	642.000000 	637.985718 	646.697021 
16.200000 	124.929977 	642.000000 	637.985718 	646.697021 
16.300000 	124.929977 	642.000000 	637.985718 	646.697021 
16.400000 	124.929977 	642.000000 	637.985718 	646.697021 
16.500000 	124.929977 	642.000000 	637.985718 	646.697021 
16.600000 	124.929977 	642.000000 	637.985718 	646.697021 
16.700000 	124.929977 	642.000000 	637.985718 	646.697021 
16.800000 	124.929977 	642.000000 	637.985718 	646.697021 
16.900000 	124.929977 	642.000000 	637.985718 	646.697021 
17.000000 	124.984627 	642.000000 	637.989502 	646.715027 
17.100000 	124.984627 	642.000000 	637.989502 	646.715027 
17.200000 	124.984627 	642.000000 	637.989502 	646.715027 
17.300000 	124.984627 	642.000000 	637.989502 	646.715027 
17.400000 	124.984627 	642.000000 	637.989502 	646.715027 
17.500000 	124.984627 	642.000000 	637.989502 	646.715027 
17.600000 	124.984627 	642.000000 	637.989502 	646.715027 
17.700000 	124.984627 	642.000000 	637.989502 	646.715027 
17.800000 	124.984627 	642.000000 	637.989502 	646.715027 
17.900000 	124.984627 	642.000000 	637.989502 	646.715027 
18.000000 	125.027191 	642.000000 	637.993591 	646.732971 
18.100000 	125.027191 	642.000000 	637.993591 	646.732971 
18.200000 	125.027191 	642.000000 	637.993591 	646.732971 
18.300000 	125.027191 	642.000000 	637.993591 	646.732971 
18.400000 	125.027191 	642.000000 	637.993591 	646.732971 
18.500000 	125.027191 	642.000000 	637.993591 	646.732971 
18.600000 	125.027191 	642.000000 	637.993591 	646.732971 
18.700000 	125.027191 	642.000000 	637.993591 	646.732971 
18.800000 	125.027191 	642.000000 	637.993591 	646.732971 
18.900000 	125.027191 	642.000000 	637.993591 	646.732971 
19.000000 	125.059517 	642.000000 	637.997742 	646.750977 
19.100000 	125.059517 	642.000000 	637.997742 	646.750977 
19.200000 	125.059517 	642.000000 	637.997742 	646.750977 
19.300000 	125.059517 	642.000000 	637.997742 	646.750977 
19.400000 	125.059517 	642.000000 	637.997742 	646.750977 
19.500000 	125.059517 	642.000000 	637.997742 	646.750977 
19.600000 	125.059517 	642.000000 	637.997742 	646.750977 
19.700000 	125.059517 	642.000000 	637.997742 	646.750977 
19.800000 	125.059517 	642.000000 	637.997742 	646.750977 
19.900000 	125.059517 	642.000000 	637.997742 	646.750977 
20.000000 	125.082855 	642.000000 	638.001831 	646.768982 
20.100000 	125.082855 	642.000000 	638.001831 	646.768982 
20.200000 	125.082855 	642.000000 	638.001831 	646.768982 
20.300000 	125.082855 	642.000000 	638.001831 	646.768982 
20.400000 	125.082855 	642.000000 	638.001831 	646.768982 
20.500000 	125.082855 	642.000000 	638.001831 	646.768982 
20.600000 	125.082855 	642.000000 	638.001831 	646.768982 
20.700000 	125.082855 	642.000000 	638.001831 	646.768982 
20.800000 	125.082855 	642.000000 	638.001831 	646.768982 
20.900000 	125.082855 	642.000000 	638.001831 	646.768982 
21.000000 	125.098045 	642.000000 	638.005920 	646.786987 
21.100000 	125.098045 	642.000000 	638.005920 	646.786987 
21.200000 	125.098045 	642.000000 	638.005920 	646.786987 
21.300000 	125.098045 	642.000000 	638.005920 	646.786987 
21.400000 	125.098045 	642.000000 	638.005920 	646.786987 
21.500000 	125.098045 	642.000000 	638.005920 	646.786987 
21.600000 	125.098045 	642.000000 	638.005920 	646.786987 
21.700000 	125.098045 	642.000000 	638.005920 	646.786987 
21.800000 	125.098045 	642.000000 	638.005920 	646.786987 
21.900000 	125.098045 	642.000000 	638.005920 	646.786987 
22.000000 	125.105591 	642.000000 	638.009827 	646.804016 
22.100000 	125.105591 	642.000000 	638.009827 	646.804016 
22.200000 	125.105591 	642.000000 	638.009827 	646.804016 
22.300000 	125.105591 	642.000000 	638.009827 	646.804016 
22.400000 	125.105591 	642.000000 	638.009827 	646.804016 
22.500000 	125.105591 	642.000000 	638.009827 	646.804016 
22.600000 	125.105591 	642.000000 	638.009827 	646.804016 
22.700000 	125.105591 	642.000000 	638.009827 	646.804016 
22.800000 	125.105591 	642.000000 	638.009827 	646.804016 
22.900000 	125.105591 	642.000000 	638.009827 	646.804016 
23.000000 	125.105782 	642.000000 	638.013611 	646.822021 
23.100000 	125.105782 	642.000000 	638.013611 	646.822021 
23.200000 	125.105782 	642.000000 	638.013611 	646.822021 
23.300000 	125.105782 	642.000000 	638.013611 	646.822021 
23.400000 	125.105782 	642.000000 	638.013611 	646.822021 
23.500000 	125.105782 	642.000000 	638.013611 	646.822021 
23.600000 	125.105782 	642.000000 	638.013611 	646.822021 
23.700000 	125.105782 	642.000000 	638.013611 	646.822021 
23.800000 	125.105782 	642.000000 	638.013611 	646.822021 
23.900000 	125.105782 	642.000000 	638.013611 	646.822021 
24.000000 	125.098686 	642.000000 	638.017212 	646.838989 
24.100000 	125.098686 	642.000000 	638.017212 	646.838989 
24.200000 	125.098686 	642.000000 	638.017212 	646.838989 
24.300000 	125.098686 	642.000000 	638.017212 	646.838989 
24.400000 	125.098686 	642.000000 	638.017212 	646.838989 
24.500000 	125.098686 	642.000000 	638.017212 	646.838989 
24.600000 	125.098686 	642.000000 	638.017212 	646.838989 
24.700000 	125.098686 	642.000000 	638.017212 	646.838989 
24.800000 	125.098686 	642.000000 	638.017212 	646.838989 
24.900000 	125.098686 	642.000000 	638.017212 	646.838989 
25.000000 	125.084244 	642.000000 	638.020691 	646.856018 
25.100000 	125.084244 	642.000000 	638.020691 	646.856018 
25.200000 	125.084244 	642.000000 	638.020691 	646.856018 
25.300000 	125.084244 	642.000000 	638.020691 	646.856018 
25.400000 	125.084244 	642.000000 	638.020691 	646.856018 
25.500000 	125.084244 	642.000000 	638.020691 	646.856018 
25.600000 	125.084244 	642.000000 	638.020691 	646.856018 
25.700000 	125.084244 	642.000000 	638.020691 	646.856018 
25.800000 	125.084244 	642.000000 	638.020691 	646.856018 
25.900000 	125.084244 	642.000000 	638.020691 	646.856018 
26.000000 	125.062241 	642.000000 	638.023926 	646.872986 
26.100000 	125.062241 	642.000000 	638.023926 	646.872986 
26.200000 	125.062241 	642.000000 	638.023926 	646.872986 
26.300000 	125.062241 	642.000000 	638.023926 	646.872986 
26.400000 	125.062241 	642.000000 	638.023926 	646.872986 
26.500000 	125.062241 	642.000000 	638.023926 	646.872986 
26.600000 	125.062241 	642.000000 	638.023926 	646.872986 
26.700000 	125.062241 	642.000000 	638.023926 	646.872986 
26.800000 	125.062241 	642.000000 	638.023926 	646.872986 
26.900000 	125.062241 	642.000000 	638.023926 	646.872986 
27.000000 	125.032364 	642.000000 	638.027039 	646.890015 
27.100000 	125.032364 	642.000000 	638.027039 	646.890015 
27.200000 	125.032364 	642.000000 	638.027039 	646.890015 
27.300000 	125.032364 	642.000000 	638.027039 	646.890015 
27.400000 	125.032364 	642.000000 	638.027039 	646.890015 
27.500000 	125.032364 	642.000000 	638.027039 	646.890015 
27.600000 	125.032364 	642.000000 	638.027039 	646.890015 
27.700000 	125.032364 	642.000000 	638.027039 	646.890015 
27.800000 	125.032364 	642.000000 	638.027039 	646.890015 
27.900000 	125.032364 	642.000000 	638.027039 	646.890015 
28.000000 	124.994179 	642.000000 	638.029968 	646.906982 
28.100000 	124.994179 	642.000000 	638.029968 	646.906982 
28.200000 	124.994179 	642.000000 	638.029968 	646.906982 
28.300000 	124.994179 	642.000000 	638.029968 	646.906982 
28.400000 	124.994179 	642.000000 	638.029968 	646.906982 
28.500000 	124.994179 	642.000000 	638.029968 	646.906982 
28.600000 	124.994179 	642.000000 	638.029968 	646.906982 
28.700000 	124.994179 	642.000000 	638.029968 	646.906982 
28.800000 	124.994179 	642.000000 	638.029968 	646.906982 
28.900000 	124.994179 	642.000000 	638.029968 	646.906982 
29.000000 	124.947182 	642.000000 	638.032715 	646.922974 
29.100000 	124.947182 	642.000000 	638.032715 	646.922974 
29.200000 	124.947182 	642.000000 	638.032715 	646.922974 
29.300000 	124.947182 	642.000000 	638.032715 	646.922974 
29.400000 	124.947182 	642.000000 	638.032715 	646.922974 
29.500000 	124.947182 	642.000000 	638.032715 	646.922974 
29.600000 	124.947182 	642.000000 	638.032715 	646.922974 
29.700000 	124.947182 	642.000000 	638.032715 	646.922974 
29.800000 	124.947182 	642.000000 	638.032715 	646.922974 
29.900000 	124.947182 	642.000000 	638.032715 	646.922974 
30.000000 	124.890755 	642.000000 	638.035278 	646.939026 
30.100000 	124.890755 	642.000000 	638.035278 	646.939026 
30.200000 	124.890755 	642.000000 	638.035278 	646.939026 
30.300000 	124.890755 	642.000000 	638.035278 	646.939026 
30.400000 	124.890755 	642.000000 	638.035278 	646.939026 
30.500000 	124.890755 	642.000000 	638.035278 	646.939026 
30.600000 	124.890755 	642.000000 	638.035278 	646.939026 
30.700000 	124.890755 	642.000000 	638.035278 	646.939026 
30.800000 	124.890755 	642.000000 	638.035278 	646.939026 
30.900000 	124.890755 	642.000000 	638.035278 	646.939026 
31.000000 	124.824188 	642.000000 	638.037659 	646.953979 
31.100000 	124.824188 	642.000000 	638.037659 	646.953979 
31.200000 	124.824188 	642.000000 	638.037659 	646.953979 
31.300000 	124.824188 	642.000000 	638.037659 	646.953979 
31.400000 	124.824188 	642.000000 	638.037659 	646.953979 
31.500000 	124.824188 	642.000000 	638.037659 	646.953979 
31.600000 	124.824188 	642.000000 	638.037659 	646.953979 
31.700000 	124.824188 	642.000000 	638.037659 	646.953979 
31.800000 	124.824188 	642.000000 	638.037659 	646.953979 
31.900000 	124.824188 	642.000000 	638.037659 	646.953979 
32.000000 	124.746696 	642.000000 	638.039978 	646.969971 
32.100000 	124.746696 	642.000000 	638.039978 	646.969971 
32.200000 	124.746696 	642.000000 	638.039978 	646.969971 
32.300000 	124.746696 	642.000000 	638.039978 	646.969971 
32.400000 	124.746696 	642.000000 	638.039978 	646.969971 
32.500000 	124.746696 	642.000000 	638.039978 	646.969971 
32.600000 	124.746696 	642.000000 	638.039978 	646.969971 
32.700000 	124.746696 	642.000000 	638.039978 	646.969971 
32.800000 	124.746696 	642.000000 	638.039978 	646.969971 
32.900000 	124.746696 	642.000000 	638.039978 	646.969971 
33.000000 	124.657394 	642.000000 	638.042053 	646.984985 
33.100000 	124.657394 	642.000000 	638.042053 	646.984985 
33.200000 	124.657394 	642.000000 	638.042053 	646.984985 
33.300000 	124.657394 	642.000000 	638.042053 	646.984985 
33.400000 	124.657394 	642.000000 	638.042053 	646.984985 
33.500000 	124.657394 	642.000000 	638.042053 	646.984985 
33.600000 	124.657394 	642.000000 	638.042053 	646.984985 
33.700000 	124.657394 	642.000000 	638.042053 	646.984985 
33.800000 	124.657394 	642.000000 	638.042053 	646.984985 
33.900000 	124.657394 	642.000000 	638.042053 	646.984985 
34.000000 	124.555298 	642.000000 	638.044006 	646.999023 
34.100000 	124.555298 	642.000000 	638.044006 	646.999023 
34.200000 	124.555298 	642.000000 	638.044006 	646.999023 
34.300000 	124.555298 	642.000000 	638.044006 	646.999023 
34.400000 	124.555298 	642.000000 	638.044006 	646.999023 
34.500000 	124.555298 	642.000000 	638.044006 	646.999023 
34.600000 	124.555298 	642.000000 	638.044006 	646.999023 
34.700000 	124.555298 	642.000000 	638.044006 	646.999023 
34.800000 	124.555298 	642.000000 	638.044006 	646.999023 
34.900000 	124.555298 	642.000000 	638.044006 	646.999023 
35.000000 	124.439301 	642.000000 	638.045837 	647.013000 
35.100000 	124.439301 	642.000000 	638.045837 	647.013000 
35.200000 	124.439301 	642.000000 	638.045837 	647.013000 
35.300000 	124.439301 	642.000000 	638.045837 	647.013000 
35.400000 	124.439301 	642.000000 	638.045837 	647.013000 
35.500000 	124.439301 	642.000000 	638.045837 	647.013000 
35.600000 	124.439301 	642.000000 	638.045837 	647.013000 
35.700000 	124.439301 	642.000000 	638.045837 	647.013000 
35.800000 	124.439301 	642.000000 	638.045837 	647.013000 
35.900000 	124.439301 	642.000000 	638.045837 	647.013000 
36.000000 	124.308205 	642.000000 	638.047546 	647.049011 
36.100000 	124.308205 	642.000000 	638.047546 	647.049011 
36.200000 	124.308205 	642.000000 	638.047546 	647.049011 
36.300000 	124.308205 	642.000000 	638.047546 	647.049011 
36.400000 	124.308205 	642.000000 	638.047546 	647.049011 
36.500000 	124.308205 	642.000000 	638.047546 	647.049011 
36.600000 	124.308205 	642.000000 	638.047546 	647.049011 
36.700000 	124.308205 	642.000000 	638.047546 	647.049011 
36.800000 	124.308205 	642.000000 	638.047546 	647.049011 
36.900000 	124.308205 	642.000000 	638.047546 	647.049011 
37.000000 	124.160675 	642.000000 	638.049072 	647.062988 
37.100000 	124.160675 	642.000000 	638.049072 	647.062988 
37.200000 	124.160675 	642.000000 	638.049072 	647.062988 
37.300000 	124.160675 	642.000000 	638.049072 	647.062988 
37.400000 	124.160675 	642.000000 	638.049072 	647.062988 
37.500000 	124.160675 	642.000000 	638.049072 	647.062988 
37.600000 	124.160675 	642.000000 	638.049072 	647.062988 
37.700000 	124.160675 	642.000000 	638.049072 	647.062988 
37.800000 	124.160675 	642.000000 	638.049072 	647.062988 
37.900000 	124.160675 	642.000000 	638.049072 	647.062988 
38.000000 	123.995247 	642.000000 	638.050476 	647.077026 
38.100000 	123.995247 	642.000000 	638.050476 	647.077026 
38.200000 	123.995247 	642.000000 	638.050476 	647.077026 
38.300000 	123.995247 	642.000000 	638.050476 	647.077026 
38.400000 	123.995247 	642.000000 	638.050476 	647.077026 
38.500000 	123.995247 	642.000000 	638.050476 	647.077026 
38.600000 	123.995247 	642.000000 	638.050476 	647.077026 
38.700000 	123.995247 	642.000000 	638.050476 	647.077026 
38.800000 	123.995247 	642.000000 	638.050476 	647.077026 
38.900000 	123.995247 	642.000000 	638.050476 	647.077026 
39.000000 	123.810295 	642.000000 	638.051758 	647.091003 
39.100000 	123.810295 	642.000000 	638.051758 	647.091003 
39.200000 	123.810295 	642.000000 	638.051758 	647.091003 
39.300000 	123.810295 	642.000000 	638.051758 	647.091003 
39.400000 	123.810295 	642.000000 	638.051758 	647.091003 
39.500000 	123.810295 	642.000000 	638.051758 	647.091003 
39.600000 	123.810295 	642.000000 	638.051758 	647.091003 
39.700000 	123.810295 	642.000000 	638.051758 	647.091003 
39.800000 	123.810295 	642.000000 	638.051758 	647.091003 
39.900000 	123.810295 	642.000000 	638.051758 	647.091003 
40.000000 	123.604027 	642.000000 	638.052917 	647.103027 
40.100000 	123.604027 	642.000000 	638.052917 	647.103027 
40.200000 	123.604027 	642.000000 	638.052917 	647.103027 
40.300000 	123.604027 	642.000000 	638.052917 	647.103027 
40.400000 	123.604027 	642.000000 	638.052917 	647.103027 
40.500000 	123.604027 	642.000000 	638.052917 	647.103027 
40.600000 	123.604027 	642.000000 	638.052917 	647.103027 
40.700000 	123.604027 	642.000000 	638.052917 	647.103027 
40.800000 	123.604027 	642.000000 	638.052917 	647.103027 
40.900000 	123.604027 	642.000000 	638.052917 	647.103027 
41.000000 	123.374466 	642.000000 	638.053955 	647.116028 
41.100000 	123.374466 	642.000000 	638.053955 	647.116028 
41.200000 	123.374466 	642.000000 	638.053955 	647.116028 
41.300000 	123.374466 	642.000000 	638.053955 	647.116028 
41.400000 	123.374466 	642.000000 	638.053955 	647.116028 
41.500000 	123.374466 	642.000000 	638.053955 	647.116028 
41.600000 	123.374466 	642.000000 	638.053955 	647.116028 
41.700000 	123.374466 	642.000000 	638.053955 	647.116028 
41.800000 	123.374466 	642.000000 	638.053955 	647.116028 
41.900000 	123.374466 	642.000000 	638.053955 	647.116028 
42.000000 	123.119408 	642.000000 	638.054871 	647.127991 
42.100000 	123.119408 	642.000000 	638.054871 	647.127991 
42.200000 	123.119408 	642.000000 	638.054871 	647.127991 
42.300000 	123.119408 	642.000000 	638.054871 	647.127991 
42.400000 	123.119408 	642.000000 	638.054871 	647.127991 
42.500000 	123.119408 	642.000000 	638.054871 	647.127991 
42.600000 	123.119408 	642.000000 	638.054871 	647.127991 
42.700000 	123.119408 	642.000000 	638.054871 	647.127991 
42.800000 	123.119408 	642.000000 	638.054871 	647.127991 
42.900000 	123.119408 	642.000000 	638.054871 	647.127991 
43.000000 	122.836411 	642.000000 	638.055664 	647.138977 
43.100000 	122.836411 	642.000000 	638.055664 	647.138977 
43.200000 	122.836411 	642.000000 	638.055664 	647.138977 
43.300000 	122.836411 	642.000000 	638.055664 	647.138977 
43.400000 	122.836411 	642.000000 	638.055664 	647.138977 
43.500000 	122.836411 	642.000000 	638.055664 	647.138977 
43.600000 	122.836411 	642.000000 	638.055664 	647.138977 
43.700000 	122.836411 	642.000000 	638.055664 	647.138977 
43.800000 	122.836411 	642.000000 	638.055664 	647.138977 
43.900000 	122.836411 	642.000000 	638.055664 	647.138977 
44.000000 	122.522743 	642.000000 	638.056335 	647.150024 
44.100000 	122.522743 	642.000000 	638.056335 	647.150024 
44.200000 	122.522743 	642.000000 	638.056335 	647.150024 
44.300000 	122.522743 	642.000000 	638.056335 	647.150024 
44.400000 	122.522743 	642.000000 	638.056335 	647.150024 
44.500000 	122.522743 	642.000000 	638.056335 	647.150024 
44.600000 	122.522743 	642.000000 	638.056335 	647.150024 
44.700000 	122.522743 	642.000000 	638.056335 	647.150024 
44.800000 	122.522743 	642.000000 	638.056335 	647.150024 
44.900000 	122.522743 	642.000000 	638.056335 	647.150024 
45.000000 	122.175354 	642.000000 	638.056946 	647.159973 
45.100000 	122.175354 	642.000000 	638.056946 	647.159973 
45.200000 	122.175354 	642.000000 	638.056946 	647.159973 
45.300000 	122.175354 	642.000000 	638.056946 	647.159973 
45.400000 	122.175354 	642.000000 	638.056946 	647.159973 
45.500000 	122.175354 	642.000000 	638.056946 	647.159973 
45.600000 	122.175354 	642.000000 	638.056946 	647.159973 
45.700000 	122.175354 	642.000000 	638.056946 	647.159973 
45.800000 	122.175354 	642.000000 	638.056946 	647.159973 
45.900000 	122.175354 	642.000000 	638.056946 	647.159973 
46.000000 	121.790817 	642.000000 	638.057434 	647.169006 
46.100000 	121.790817 	642.000000 	638.057434 	647.169006 
46.200000 	121.790817 	642.000000 	638.057434 	647.169006 
46.300000 	121.790817 	642.000000 	638.057434 	647.169006 
46.400000 	121.790817 	642.000000 	638.057434 	647.169006 
46.500000 	121.790817 	642.000000 	638.057434 	647.169006 
46.600000 	121.790817 	642.000000 	638.057434 	647.169006 
46.700000 	121.790817 	642.000000 	638.057434 	647.169006 
46.800000 	121.790817 	642.000000 	638.057434 	647.169006 
46.900000 	121.790817 	642.000000 	638.057434 	647.169006 
47.000000 	121.365250 	642.000000 	638.057861 	647.177979 
47.100000 	121.365250 	642.000000 	638.057861 	647.177979 
47.200000 	121.365250 	642.000000 	638.057861 	647.177979 
47.300000 	121.365250 	642.000000 	638.057861 	647.177979 
47.400000 	121.365250 	642.000000 	638.057861 	647.177979 
47.500000 	121.365250 	642.000000 	638.057861 	647.177979 
47.600000 	121.365250 	642.000000 	638.057861 	647.177979 
47.700000 	121.365250 	642.000000 	638.057861 	647.177979 
47.800000 	121.365250 	642.000000 	638.057861 	647.177979 
47.900000 	121.365250 	642.000000 	638.057861 	647.177979 
48.000000 	120.894279 	642.000000 	638.058105 	647.185974 
48.100000 	120.894279 	642.000000 	638.058105 	647.185974 
48.200000 	120.894279 	642.000000 	638.058105 	647.185974 
48.300000 	120.894279 	642.000000 	638.058105 	647.185974 
48.400000 	120.894279 	642.000000 	638.058105 	647.185974 
48.500000 	120.894279 	642.000000 	638.058105 	647.185974 
48.600000 	120.894279 	642.000000 	638.058105 	647.185974 
48.700000 	120.894279 	642.000000 	638.058105 	647.185974 
48.800000 	120.894279 	642.000000 	638.058105 	647.185974 
48.900000 	120.894279 	642.000000 	638.058105 	647.185974 
49.000000 	120.372902 	642.000000 	638.058289 	647.193970 
49.100000 	120.372902 	642.000000 	638.058289 	647.193970 
49.200000 	120.372902 	642.000000 	638.058289 	647.193970 
49.300000 	120.372902 	642.000000 	638.058289 	647.193970 
49.400000 	120.372902 	642.000000 	638.058289 	647.193970 
49.500000 	120.372902 	642.000000 	638.058289 	647.193970 
49.600000 	120.372902 	642.000000 	638.058289 	647.193970 
49.700000 	120.372902 	642.000000 	638.058289 	647.193970 
49.800000 	120.372902 	642.000000 	638.058289 	647.193970 
49.900000 	120.372902 	642.000000 	638.058289 	647.193970 
50.000000 	119.795387 	642.000000 	638.058350 	647.200012 
50.100000 	119.795387 	642.000000 	638.058350 	647.200012 
50.200000 	119.795387 	642.000000 	638.058350 	647.200012 
50.300000 	119.795387 	642.000000 	638.058350 	647.200012 
50.400000 	119.795387 	642.000000 	638.058350 	647.200012 
50.500000 	119.795387 	642.000000 	638.058350 	647.200012 
50.600000 	119.795387 	642.000000 	638.058350 	647.200012 
50.700000 	119.795387 	642.000000 	638.058350 	647.200012 
50.800000 	119.795387 	642.000000 	638.058350 	647.200012 
50.900000 	119.795387 	642.000000 	638.058350 	647.200012 
51.000000 	119.155151 	642.000000 	638.058289 	1003.359985 
51.100000 	119.155151 	642.000000 	638.058289 	1003.359985 
51.200000 	119.155151 	642.000000 	638.058289 	1003.359985 
51.300000 	119.155151 	642.000000 	638.058289 	1003.359985 
51.400000 	119.155151 	642.000000 	638.058289 	1003.359985 
51.500000 	119.155151 	642.000000 	638.058289 	1003.359985 
51.600000 	119.155151 	642.000000 	638.058289 	1003.359985 
51.700000 	119.155151 	642.000000 	638.058289 	1003.359985 
51.800000 	119.155151 	642.000000 	638.058289 	1003.359985 
51.900000 	119.155151 	642.000000 	638.058289 	1003.359985 
52.000000 	118.444511 	642.000000 	638.058105 	1003.359985 
52.100000 	118.444511 	642.000000 	638.058105 	1003.359985 
52.200000 	118.444511 	642.000000 	638.058105 	1003.359985 
52.300000 	118.444511 	642.000000 	638.058105 	1003.359985 
52.400000 	118.444511 	642.000000 	638.058105 	1003.359985 
52.500000 	118.444511 	642.000000 	638.058105 	1003.359985 
52.600000 	118.444511 	642.000000 	638.058105 	1003.359985 
52.700000 	118.444511 	642.000000 	638.058105 	1003.359985 
52.800000 	118.444511 	642.000000 	638.058105 	1003.359985 
52.900000 	118.444511 	642.000000 	638.058105 	1003.359985 
53.000000 	117.654533 	642.000000 	638.057800 	1003.359985 
53.100000 	117.654533 	642.000000 	638.057800 	1003.359985 
53.200000 	117.654533 	642.000000 	638.057800 	1003.359985 
53.300000 	117.654533 	642.000000 	638.057800 	1003.359985 
53.400000 	117.654533 	642.000000 	638.057800 	1003.359985 
53.500000 	117.654533 	642.000000 	638.057800 	1003.359985 
53.600000 	117.654533 	642.000000 	638.057800 	1003.359985 
53.700000 	117.654533 	642.000000 	638.057800 	1003.359985 
53.800000 	117.654533 	642.000000 	638.057800 	1003.359985 
53.900000 	117.654533 	642.000000 	638.057800 	1003.359985 
54.000000 	116.774643 	642.000000 	638.057373 	1003.359985 
54.100000 	116.774643 	642.000000 	638.057373 	1003.359985 
54.200000 	116.774643 	642.000000 	638.057373 	1003.359985 
54.300000 	116.774643 	642.000000 	638.057373 	1003.359985 
54.400000 	116.774643 	642.000000 	638.057373 	1003.359985 
54.500000 	116.774643 	642.000000 	638.057373 	1003.359985 
54.600000 	116.774643 	642.000000 	638.057373 	1003.359985 
54.700000 	116.774643 	642.000000 	638.057373 	1003.359985 
54.800000 	116.774643 	642.000000 	638.057373 	1003.359985 
54.900000 	116.774643 	642.000000 	638.057373 	1003.359985 
55.000000 	115.792274 	642.000000 	638.056885 	1003.359985 
55.100000 	115.792274 	642.000000 	638.056885 	1003.359985 
55.200000 	115.792274 	642.000000 	638.056885 	1003.359985 
55.300000 	115.792274 	642.000000 	638.056885 	1003.359985 
55.400000 	115.792274 	642.000000 	638.056885 	1003.359985 
55.500000 	115.792274 	642.000000 	638.056885 	1003.359985 
55.600000 	115.792274 	642.000000 	638.056885 	1003.359985 
55.700000 	115.792274 	642.000000 	638.056885 	1003.359985 
55.800000 	115.792274 	642.000000 	638.056885 	1003.359985 
55.900000 	115.792274 	642.000000 	638.056885 	1003.359985 
56.000000 	114.692307 	642.000000 	638.056213 	1003.359985 
56.100000 	114.692307 	642.000000 	638.056213 	1003.359985 
56.200000 	114.692307 	642.000000 	638.056213 	1003.359985 
56.300000 	114.692307 	642.000000 	638.056213 	1003.359985 
56.400000 	114.692307 	642.000000 	638.056213 	1003.359985 
56.500000 	114.692307 	642.000000 	638.056213 	1003.359985 
56.600000 	114.692307 	642.000000 	638.056213 	1003.359985 
56.700000 	114.692307 	642.000000 	638.056213 	1003.359985 
56.800000 	114.692307 	642.000000 	638.056213 	1003.359985 
56.900000 	114.692307 	642.000000 	638.056213 	1003.359985 
57.000000 	113.456352 	642.000000 	638.055481 	1003.359985 
57.100000 	113.456352 	642.000000 	638.055481 	1003.359985 
57.200000 	113.456352 	642.000000 	638.055481 	1003.359985 
57.300000 	113.456352 	642.000000 	638.055481 	1003.359985 
57.400000 	113.456352 	642.000000 	638.055481 	1003.359985 
57.500000 	113.456352 	642.000000 	638.055481 	1003.359985 
57.600000 	113.456352 	642.000000 	638.055481 	1003.359985 
57.700000 	113.456352 	642.000000 	638.055481 	1003.359985 
57.800000 	113.456352 	642.000000 	638.055481 	1003.359985 
57.900000 	113.456352 	642.000000 	638.055481 	1003.359985 
58.000000 	112.061752 	642.000000 	638.054626 	1003.359985 
58.100000 	112.061752 	642.000000 	638.054626 	1003.359985 
58.200000 	112.061752 	642.000000 	638.054626 	1003.359985 
58.300000 	112.061752 	642.000000 	638.054626 	1003.359985 
58.400000 	112.061752 	642.000000 	638.054626 	1003.359985 
58.500000 	112.061752 	642.000000 	638.054626 	1003.359985 
58.600000 	112.061752 	642.000000 	638.054626 	1003.359985 
58.700000 	112.061752 	642.000000 	638.054626 	1003.359985 
58.800000 	112.061752 	642.000000 	638.054626 	1003.359985 
58.900000 	112.061752 	642.000000 	638.054626 	1003.359985 
59.000000 	110.480133 	642.000000 	638.053589 	1003.359985 
59.100000 	110.480133 	642.000000 	638.053589 	1003.359985 
59.200000 	110.480133 	642.000000 	638.053589 	1003.359985 
59.300000 	110.480133 	642.000000 	638.053589 	1003.359985 
59.400000 	110.480133 	642.000000 	638.053589 	1003.359985 
59.500000 	110.480133 	642.000000 	638.053589 	1003.359985 
59.600000 	110.480133 	642.000000 	638.053589 	1003.359985 
59.700000 	110.480133 	642.000000 	638.053589 	1003.359985 
59.800000 	110.480133 	642.000000 	638.053589 	1003.359985 
59.900000 	110.480133 	642.000000 	638.053589 	1003.359985 
60.000000 	108.675354 	642.000000 	638.052490 	1003.359985 
