0.500000 	0.000000 	481.000000 	0.000000 	469.329987 
0.600000 	132.783325 	481.000000 	327.574036 	476.148010 
0.700000 	122.794174 	481.000000 	416.255157 	479.981995 
0.800000 	114.446838 	481.000000 	448.857269 	482.210999 
0.900000 	108.324982 	481.000000 	463.635986 	483.567993 
1.000000 	104.065964 	481.000000 	471.201996 	484.436005 
1.100000 	104.065964 	481.000000 	471.201996 	484.436005 
1.200000 	104.065964 	481.000000 	471.201996 	484.436005 
1.300000 	104.065964 	481.000000 	471.201996 	484.436005 
1.400000 	104.065964 	481.000000 	471.201996 	484.436005 
1.500000 	104.065964 	481.000000 	471.201996 	484.436005 
1.600000 	104.065964 	481.000000 	471.201996 	484.436005 
1.700000 	104.065964 	481.000000 	471.201996 	484.436005 
1.800000 	104.065964 	481.000000 	471.201996 	484.436005 
1.900000 	104.065964 	481.000000 	471.201996 	484.436005 
2.000000 	101.340134 	481.000000 	475.385162 	486.460999 
2.100000 	101.340134 	481.000000 	475.385162 	486.460999 
2.200000 	101.340134 	481.000000 	475.385162 	486.460999 
2.300000 	101.340134 	481.000000 	475.385162 	486.460999 
2.400000 	101.340134 	481.000000 	475.385162 	486.460999 
2.500000 	101.340134 	481.000000 	475.385162 	486.460999 
2.600000 	101.340134 	481.000000 	475.385162 	486.460999 
2.700000 	101.340134 	481.000000 	475.385162 	486.460999 
2.800000 	101.340134 	481.000000 	475.385162 	486.460999 
2.900000 	101.340134 	481.000000 	475.385162 	486.460999 
3.000000 	106.351013 	481.000000 	480.412567 	486.717010 
3.100000 	106.351013 	481.000000 	480.412567 	486.717010 
3.200000 	106.351013 	481.000000 	480.412567 	486.717010 
3.300000 	106.351013 	481.000000 	480.412567 	486.717010 
3.400000 	106.351013 	481.000000 	480.412567 	486.717010 
3.500000 	106.351013 	481.000000 	480.412567 	486.717010 
3.600000 	106.351013 	481.000000 	480.412567 	486.717010 
3.700000 	106.351013 	481.000000 	480.412567 	486.717010 
3.800000 	106.351013 	481.000000 	480.412567 	486.717010 
3.900000 	106.351013 	481.000000 	480.412567 	486.717010 
4.000000 	114.749260 	481.000000 	479.012604 	486.812012 
4.100000 	114.749260 	481.000000 	479.012604 	486.812012 
4.200000 	114.749260 	481.000000 	479.012604 	486.812012 
4.300000 	114.749260 	481.000000 	479.012604 	486.812012 
4.400000 	114.749260 	481.000000 	479.012604 	486.812012 
4.500000 	114.749260 	481.000000 	479.012604 	486.812012 
4.600000 	114.749260 	481.000000 	479.012604 	486.812012 
4.700000 	114.749260 	481.000000 	479.012604 	486.812012 
4.800000 	114.749260 	481.000000 	479.012604 	486.812012 
4.900000 	114.749260 	481.000000 	479.012604 	486.812012 
5.000000 	118.936501 	481.000000 	478.226746 	486.865997 
5.100000 	118.936501 	481.000000 	478.226746 	486.865997 
5.200000 	118.936501 	481.000000 	478.226746 	486.865997 
5.300000 	118.936501 	481.000000 	478.226746 	486.865997 
5.400000 	118.936501 	481.000000 	478.226746 	486.865997 
5.500000 	118.936501 	481.000000 	478.226746 	486.865997 
5.600000 	118.936501 	481.000000 	478.226746 	486.865997 
5.700000 	118.936501 	481.000000 	478.226746 	486.865997 
5.800000 	118.936501 	481.000000 	478.226746 	486.865997 
5.900000 	118.936501 	481.000000 	478.226746 	486.865997 
6.000000 	121.135841 	481.000000 	477.828247 	486.906006 
6.100000 	121.135841 	481.000000 	477.828247 	486.906006 
6.200000 	121.135841 	481.000000 	477.828247 	486.906006 
6.300000 	121.135841 	481.000000 	477.828247 	486.906006 
6.400000 	121.135841 	481.000000 	477.828247 	486.906006 
6.500000 	121.135841 	481.000000 	477.828247 	486.906006 
6.600000 	121.135841 	481.000000 	477.828247 	486.906006 
6.700000 	121.135841 	481.000000 	477.828247 	486.906006 
6.800000 	121.135841 	481.000000 	477.828247 	486.906006 
6.900000 	121.135841 	481.000000 	477.828247 	486.906006 
7.000000 	122.400993 	481.000000 	477.617676 	486.937988 
7.100000 	122.400993 	481.000000 	477.617676 	486.937988 
7.200000 	122.400993 	481.000000 	477.617676 	486.937988 
7.300000 	122.400993 	481.000000 	477.617676 	486.937988 
7.400000 	122.400993 	481.000000 	477.617676 	486.937988 
7.500000 	122.400993 	481.000000 	477.617676 	486.937988 
7.600000 	122.400993 	481.000000 	477.617676 	486.937988 
7.700000 	122.400993 	481.000000 	477.617676 	486.937988 
7.800000 	122.400993 	481.000000 	477.617676 	486.937988 
7.900000 	122.400993 	481.000000 	477.617676 	486.937988 
8.000000 	123.186394 	481.000000 	477.501648 	486.967010 
8.100000 	123.186394 	481.000000 	477.501648 	486.967010 
8.200000 	123.186394 	481.000000 	477.501648 	486.967010 
8.300000 	123.186394 	481.000000 	477.501648 	486.967010 
8.400000 	123.186394 	481.000000 	477.501648 	486.967010 
8.500000 	123.186394 	481.000000 	477.501648 	486.967010 
8.600000 	123.186394 	481.000000 	477.501648 	486.967010 
8.700000 	123.186394 	481.000000 	477.501648 	486.967010 
8.800000 	123.186394 	481.000000 	477.501648 	486.967010 
8.900000 	123.186394 	481.000000 	477.501648 	486.967010 
9.000000 	123.704163 	481.000000 	477.435974 	486.993988 
9.100000 	123.704163 	481.000000 	477.435974 	486.993988 
9.200000 	123.704163 	481.000000 	477.435974 	486.993988 
9.300000 	123.704163 	481.000000 	477.435974 	486.993988 
9.400000 	123.704163 	481.000000 	477.435974 	486.993988 
9.500000 	123.704163 	481.000000 	477.435974 	486.993988 
9.600000 	123.704163 	481.000000 	477.435974 	486.993988 
9.700000 	123.704163 	481.000000 	477.435974 	486.993988 
9.800000 	123.704163 	481.000000 	477.435974 	486.993988 
9.900000 	123.704163 	481.000000 	477.435974 	486.993988 
10.000000 	124.062088 	481.000000 	477.398590 	487.020996 
10.100000 	124.062088 	481.000000 	477.398590 	487.020996 
10.200000 	124.062088 	481.000000 	477.398590 	487.020996 
10.300000 	124.062088 	481.000000 	477.398590 	487.020996 
10.400000 	124.062088 	481.000000 	477.398590 	487.020996 
10.500000 	124.062088 	481.000000 	477.398590 	487.020996 
10.600000 	124.062088 	481.000000 	477.398590 	487.020996 
10.700000 	124.062088 	481.000000 	477.398590 	487.020996 
10.800000 	124.062088 	481.000000 	477.398590 	487.020996 
10.900000 	124.062088 	481.000000 	477.398590 	487.020996 
11.000000 	124.319023 	481.000000 	477.377747 	487.046997 
11.100000 	124.319023 	481.000000 	477.377747 	487.046997 
11.200000 	124.319023 	481.000000 	477.377747 	487.046997 
11.300000 	124.319023 	481.000000 	477.377747 	487.046997 
11.400000 	124.319023 	481.000000 	477.377747 	487.046997 
11.500000 	124.319023 	481.000000 	477.377747 	487.046997 
11.600000 	124.319023 	481.000000 	477.377747 	487.046997 
11.700000 	124.319023 	481.000000 	477.377747 	487.046997 
11.800000 	124.319023 	481.000000 	477.377747 	487.046997 
11.900000 	124.319023 	481.000000 	477.377747 	487.046997 
12.000000 	124.509094 	481.000000 	477.366913 	487.072998 
12.100000 	124.509094 	481.000000 	477.366913 	487.072998 
12.200000 	124.509094 	481.000000 	477.366913 	487.072998 
12.300000 	124.509094 	481.000000 	477.366913 	487.072998 
12.400000 	124.509094 	481.000000 	477.366913 	487.072998 
12.500000 	124.509094 	481.000000 	477.366913 	487.072998 
12.600000 	124.509094 	481.000000 	477.366913 	487.072998 
12.700000 	124.509094 	481.000000 	477.366913 	487.072998 
12.800000 	124.509094 	481.000000 	477.366913 	487.072998 
12.900000 	124.509094 	481.000000 	477.366913 	487.072998 
13.000000 	124.653061 	481.000000 	477.362244 	487.097992 
13.100000 	124.653061 	481.000000 	477.362244 	487.097992 
13.200000 	124.653061 	481.000000 	477.362244 	487.097992 
13.300000 	124.653061 	481.000000 	477.362244 	487.097992 
13.400000 	124.653061 	481.000000 	477.362244 	487.097992 
13.500000 	124.653061 	481.000000 	477.362244 	487.097992 
13.600000 	124.653061 	481.000000 	477.362244 	487.097992 
13.700000 	124.653061 	481.000000 	477.362244 	487.097992 
13.800000 	124.653061 	481.000000 	477.362244 	487.097992 
13.900000 	124.653061 	481.000000 	477.362244 	487.097992 
14.000000 	124.764061 	481.000000 	477.361481 	487.123993 
14.100000 	124.764061 	481.000000 	477.361481 	487.123993 
14.200000 	124.764061 	481.000000 	477.361481 	487.123993 
14.300000 	124.764061 	481.000000 	477.361481 	487.123993 
14.400000 	124.764061 	481.000000 	477.361481 	487.123993 
14.500000 	124.764061 	481.000000 	477.361481 	487.123993 
14.600000 	124.764061 	481.000000 	477.361481 	487.123993 
14.700000 	124.764061 	481.000000 	477.361481 	487.123993 
14.800000 	124.764061 	481.000000 	477.361481 	487.123993 
14.900000 	124.764061 	481.000000 	477.361481 	487.123993 
15.000000 	124.850662 	481.000000 	477.363129 	487.149994 
15.100000 	124.850662 	481.000000 	477.363129 	487.149994 
15.200000 	124.850662 	481.000000 	477.363129 	487.149994 
15.300000 	124.850662 	481.000000 	477.363129 	487.149994 
15.400000 	124.850662 	481.000000 	477.363129 	487.149994 
15.500000 	124.850662 	481.000000 	477.363129 	487.149994 
15.600000 	124.850662 	481.000000 	477.363129 	487.149994 
15.700000 	124.850662 	481.000000 	477.363129 	487.149994 
15.800000 	124.850662 	481.000000 	477.363129 	487.149994 
15.900000 	124.850662 	481.000000 	477.363129 	487.149994 
16.000000 	124.918610 	481.000000 	477.366333 	487.175995 
16.100000 	124.918610 	481.000000 	477.366333 	487.175995 
16.200000 	124.918610 	481.000000 	477.366333 	487.175995 
16.300000 	124.918610 	481.000000 	477.366333 	487.175995 
16.400000 	124.918610 	481.000000 	477.366333 	487.175995 
16.500000 	124.918610 	481.000000 	477.366333 	487.175995 
16.600000 	124.918610 	481.000000 	477.366333 	487.175995 
16.700000 	124.918610 	481.000000 	477.366333 	487.175995 
16.800000 	124.918610 	481.000000 	477.366333 	487.175995 
16.900000 	124.918610 	481.000000 	477.366333 	487.175995 
17.000000 	124.971817 	481.000000 	477.370483 	487.201996 
17.100000 	124.971817 	481.000000 	477.370483 	487.201996 
17.200000 	124.971817 	481.000000 	477.370483 	487.201996 
17.300000 	124.971817 	481.000000 	477.370483 	487.201996 
17.400000 	124.971817 	481.000000 	477.370483 	487.201996 
17.500000 	124.971817 	481.000000 	477.370483 	487.201996 
17.600000 	124.971817 	481.000000 	477.370483 	487.201996 
17.700000 	124.971817 	481.000000 	477.370483 	487.201996 
17.800000 	124.971817 	481.000000 	477.370483 	487.201996 
17.900000 	124.971817 	481.000000 	477.370483 	487.201996 
18.000000 	125.012970 	481.000000 	477.375153 	487.227997 
18.100000 	125.012970 	481.000000 	477.375153 	487.227997 
18.200000 	125.012970 	481.000000 	477.375153 	487.227997 
18.300000 	125.012970 	481.000000 	477.375153 	487.227997 
18.400000 	125.012970 	481.000000 	477.375153 	487.227997 
18.500000 	125.012970 	481.000000 	477.375153 	487.227997 
18.600000 	125.012970 	481.000000 	477.375153 	487.227997 
18.700000 	125.012970 	481.000000 	477.375153 	487.227997 
18.800000 	125.012970 	481.000000 	477.375153 	487.227997 
18.900000 	125.012970 	481.000000 	477.375153 	487.227997 
19.000000 	125.043930 	481.000000 	477.380157 	487.253998 
19.100000 	125.043930 	481.000000 	477.380157 	487.253998 
19.200000 	125.043930 	481.000000 	477.380157 	487.253998 
19.300000 	125.043930 	481.000000 	477.380157 	487.253998 
19.400000 	125.043930 	481.000000 	477.380157 	487.253998 
19.500000 	125.043930 	481.000000 	477.380157 	487.253998 
19.600000 	125.043930 	481.000000 	477.380157 	487.253998 
19.700000 	125.043930 	481.000000 	477.380157 	487.253998 
19.800000 	125.043930 	481.000000 	477.380157 	487.253998 
19.900000 	125.043930 	481.000000 	477.380157 	487.253998 
20.000000 	125.065948 	481.000000 	477.385254 	487.279999 
20.100000 	125.065948 	481.000000 	477.385254 	487.279999 
20.200000 	125.065948 	481.000000 	477.385254 	487.279999 
20.300000 	125.065948 	481.000000 	477.385254 	487.279999 
20.400000 	125.065948 	481.000000 	477.385254 	487.279999 
20.500000 	125.065948 	481.000000 	477.385254 	487.279999 
20.600000 	125.065948 	481.000000 	477.385254 	487.279999 
20.700000 	125.065948 	481.000000 	477.385254 	487.279999 
20.800000 	125.065948 	481.000000 	477.385254 	487.279999 
20.900000 	125.065948 	481.000000 	477.385254 	487.279999 
21.000000 	125.079872 	481.000000 	477.390350 	487.306000 
21.100000 	125.079872 	481.000000 	477.390350 	487.306000 
21.200000 	125.079872 	481.000000 	477.390350 	487.306000 
21.300000 	125.079872 	481.000000 	477.390350 	487.306000 
21.400000 	125.079872 	481.000000 	477.390350 	487.306000 
21.500000 	125.079872 	481.000000 	477.390350 	487.306000 
21.600000 	125.079872 	481.000000 	477.390350 	487.306000 
21.700000 	125.079872 	481.000000 	477.390350 	487.306000 
21.800000 	125.079872 	481.000000 	477.390350 	487.306000 
21.900000 	125.079872 	481.000000 	477.390350 	487.306000 
22.000000 	125.086205 	481.000000 	477.395386 	487.332001 
22.100000 	125.086205 	481.000000 	477.395386 	487.332001 
22.200000 	125.086205 	481.000000 	477.395386 	487.332001 
22.300000 	125.086205 	481.000000 	477.395386 	487.332001 
22.400000 	125.086205 	481.000000 	477.395386 	487.332001 
22.500000 	125.086205 	481.000000 	477.395386 	487.332001 
22.600000 	125.086205 	481.000000 	477.395386 	487.332001 
22.700000 	125.086205 	481.000000 	477.395386 	487.332001 
22.800000 	125.086205 	481.000000 	477.395386 	487.332001 
22.900000 	125.086205 	481.000000 	477.395386 	487.332001 
23.000000 	125.085236 	481.000000 	477.400299 	487.356995 
23.100000 	125.085236 	481.000000 	477.400299 	487.356995 
23.200000 	125.085236 	481.000000 	477.400299 	487.356995 
23.300000 	125.085236 	481.000000 	477.400299 	487.356995 
23.400000 	125.085236 	481.000000 	477.400299 	487.356995 
23.500000 	125.085236 	481.000000 	477.400299 	487.356995 
23.600000 	125.085236 	481.000000 	477.400299 	487.356995 
23.700000 	125.085236 	481.000000 	477.400299 	487.356995 
23.800000 	125.085236 	481.000000 	477.400299 	487.356995 
23.900000 	125.085236 	481.000000 	477.400299 	487.356995 
24.000000 	125.077026 	481.000000 	477.405060 	487.382996 
24.100000 	125.077026 	481.000000 	477.405060 	487.382996 
24.200000 	125.077026 	481.000000 	477.405060 	487.382996 
24.300000 	125.077026 	481.000000 	477.405060 	487.382996 
24.400000 	125.077026 	481.000000 	477.405060 	487.382996 
24.500000 	125.077026 	481.000000 	477.405060 	487.382996 
24.600000 	125.077026 	481.000000 	477.405060 	487.382996 
24.700000 	125.077026 	481.000000 	477.405060 	487.382996 
24.800000 	125.077026 	481.000000 	477.405060 	487.382996 
24.900000 	125.077026 	481.000000 	477.405060 	487.382996 
25.000000 	125.061516 	481.000000 	477.409637 	487.407990 
25.100000 	125.061516 	481.000000 	477.409637 	487.407990 
25.200000 	125.061516 	481.000000 	477.409637 	487.407990 
25.300000 	125.061516 	481.000000 	477.409637 	487.407990 
25.400000 	125.061516 	481.000000 	477.409637 	487.407990 
25.500000 	125.061516 	481.000000 	477.409637 	487.407990 
25.600000 	125.061516 	481.000000 	477.409637 	487.407990 
25.700000 	125.061516 	481.000000 	477.409637 	487.407990 
25.800000 	125.061516 	481.000000 	477.409637 	487.407990 
25.900000 	125.061516 	481.000000 	477.409637 	487.407990 
26.000000 	125.038483 	481.000000 	477.414032 	487.433990 
26.100000 	125.038483 	481.000000 	477.414032 	487.433990 
26.200000 	125.038483 	481.000000 	477.414032 	487.433990 
26.300000 	125.038483 	481.000000 	477.414032 	487.433990 
26.400000 	125.038483 	481.000000 	477.414032 	487.433990 
26.500000 	125.038483 	481.000000 	477.414032 	487.433990 
26.600000 	125.038483 	481.000000 	477.414032 	487.433990 
26.700000 	125.038483 	481.000000 	477.414032 	487.433990 
26.800000 	125.038483 	481.000000 	477.414032 	487.433990 
26.900000 	125.038483 	481.000000 	477.414032 	487.433990 
27.000000 	125.007622 	481.000000 	477.418213 	487.459015 
27.100000 	125.007622 	481.000000 	477.418213 	487.459015 
27.200000 	125.007622 	481.000000 	477.418213 	487.459015 
27.300000 	125.007622 	481.000000 	477.418213 	487.459015 
27.400000 	125.007622 	481.000000 	477.418213 	487.459015 
27.500000 	125.007622 	481.000000 	477.418213 	487.459015 
27.600000 	125.007622 	481.000000 	477.418213 	487.459015 
27.700000 	125.007622 	481.000000 	477.418213 	487.459015 
27.800000 	125.007622 	481.000000 	477.418213 	487.459015 
27.900000 	125.007622 	481.000000 	477.418213 	487.459015 
28.000000 	124.968483 	481.000000 	477.422241 	487.483002 
28.100000 	124.968483 	481.000000 	477.422241 	487.483002 
28.200000 	124.968483 	481.000000 	477.422241 	487.483002 
28.300000 	124.968483 	481.000000 	477.422241 	487.483002 
28.400000 	124.968483 	481.000000 	477.422241 	487.483002 
28.500000 	124.968483 	481.000000 	477.422241 	487.483002 
28.600000 	124.968483 	481.000000 	477.422241 	487.483002 
28.700000 	124.968483 	481.000000 	477.422241 	487.483002 
28.800000 	124.968483 	481.000000 	477.422241 	487.483002 
28.900000 	124.968483 	481.000000 	477.422241 	487.483002 
29.000000 	124.920563 	481.000000 	477.426056 	487.507996 
29.100000 	124.920563 	481.000000 	477.426056 	487.507996 
29.200000 	124.920563 	481.000000 	477.426056 	487.507996 
29.300000 	124.920563 	481.000000 	477.426056 	487.507996 
29.400000 	124.920563 	481.000000 	477.426056 	487.507996 
29.500000 	124.920563 	481.000000 	477.426056 	487.507996 
29.600000 	124.920563 	481.000000 	477.426056 	487.507996 
29.700000 	124.920563 	481.000000 	477.426056 	487.507996 
29.800000 	124.920563 	481.000000 	477.426056 	487.507996 
29.900000 	124.920563 	481.000000 	477.426056 	487.507996 
30.000000 	124.863243 	481.000000 	477.429688 	487.532013 
30.100000 	124.863243 	481.000000 	477.429688 	487.532013 
30.200000 	124.863243 	481.000000 	477.429688 	487.532013 
30.300000 	124.863243 	481.000000 	477.429688 	487.532013 
30.400000 	124.863243 	481.000000 	477.429688 	487.532013 
30.500000 	124.863243 	481.000000 	477.429688 	487.532013 
30.600000 	124.863243 	481.000000 	477.429688 	487.532013 
30.700000 	124.863243 	481.000000 	477.429688 	487.532013 
30.800000 	124.863243 	481.000000 	477.429688 	487.532013 
30.900000 	124.863243 	481.000000 	477.429688 	487.532013 
31.000000 	124.795807 	481.000000 	477.433136 	487.554993 
31.100000 	124.795807 	481.000000 	477.433136 	487.554993 
31.200000 	124.795807 	481.000000 	477.433136 	487.554993 
31.300000 	124.795807 	481.000000 	477.433136 	487.554993 
31.400000 	124.795807 	481.000000 	477.433136 	487.554993 
31.500000 	124.795807 	481.000000 	477.433136 	487.554993 
31.600000 	124.795807 	481.000000 	477.433136 	487.554993 
31.700000 	124.795807 	481.000000 	477.433136 	487.554993 
31.800000 	124.795807 	481.000000 	477.433136 	487.554993 
31.900000 	124.795807 	481.000000 	477.433136 	487.554993 
32.000000 	124.717476 	481.000000 	477.436401 	487.579010 
32.100000 	124.717476 	481.000000 	477.436401 	487.579010 
32.200000 	124.717476 	481.000000 	477.436401 	487.579010 
32.300000 	124.717476 	481.000000 	477.436401 	487.579010 
32.400000 	124.717476 	481.000000 	477.436401 	487.579010 
32.500000 	124.717476 	481.000000 	477.436401 	487.579010 
32.600000 	124.717476 	481.000000 	477.436401 	487.579010 
32.700000 	124.717476 	481.000000 	477.436401 	487.579010 
32.800000 	124.717476 	481.000000 	477.436401 	487.579010 
32.900000 	124.717476 	481.000000 	477.436401 	487.579010 
33.000000 	124.627350 	481.000000 	477.439484 	487.601013 
33.100000 	124.627350 	481.000000 	477.439484 	487.601013 
33.200000 	124.627350 	481.000000 	477.439484 	487.601013 
33.300000 	124.627350 	481.000000 	477.439484 	487.601013 
33.400000 	124.627350 	481.000000 	477.439484 	487.601013 
33.500000 	124.627350 	481.000000 	477.439484 	487.601013 
33.600000 	124.627350 	481.000000 	477.439484 	487.601013 
33.700000 	124.627350 	481.000000 	477.439484 	487.601013 
33.800000 	124.627350 	481.000000 	477.439484 	487.601013 
33.900000 	124.627350 	481.000000 	477.439484 	487.601013 
34.000000 	124.524437 	481.000000 	477.442413 	487.623993 
34.100000 	124.524437 	481.000000 	477.442413 	487.623993 
34.200000 	124.524437 	481.000000 	477.442413 	487.623993 
34.300000 	124.524437 	481.000000 	477.442413 	487.623993 
34.400000 	124.524437 	481.000000 	477.442413 	487.623993 
34.500000 	124.524437 	481.000000 	477.442413 	487.623993 
34.600000 	124.524437 	481.000000 	477.442413 	487.623993 
34.700000 	124.524437 	481.000000 	477.442413 	487.623993 
34.800000 	124.524437 	481.000000 	477.442413 	487.623993 
34.900000 	124.524437 	481.000000 	477.442413 	487.623993 
35.000000 	124.407654 	481.000000 	477.445190 	487.645996 
35.100000 	124.407654 	481.000000 	477.445190 	487.645996 
35.200000 	124.407654 	481.000000 	477.445190 	487.645996 
35.300000 	124.407654 	481.000000 	477.445190 	487.645996 
35.400000 	124.407654 	481.000000 	477.445190 	487.645996 
35.500000 	124.407654 	481.000000 	477.445190 	487.645996 
35.600000 	124.407654 	481.000000 	477.445190 	487.645996 
35.700000 	124.407654 	481.000000 	477.445190 	487.645996 
35.800000 	124.407654 	481.000000 	477.445190 	487.645996 
35.900000 	124.407654 	481.000000 	477.445190 	487.645996 
36.000000 	124.275772 	481.000000 	477.447815 	487.666992 
36.100000 	124.275772 	481.000000 	477.447815 	487.666992 
36.200000 	124.275772 	481.000000 	477.447815 	487.666992 
36.300000 	124.275772 	481.000000 	477.447815 	487.666992 
36.400000 	124.275772 	481.000000 	477.447815 	487.666992 
36.500000 	124.275772 	481.000000 	477.447815 	487.666992 
36.600000 	124.275772 	481.000000 	477.447815 	487.666992 
36.700000 	124.275772 	481.000000 	477.447815 	487.666992 
36.800000 	124.275772 	481.000000 	477.447815 	487.666992 
36.900000 	124.275772 	481.000000 	477.447815 	487.666992 
37.000000 	124.127472 	481.000000 	477.450287 	487.704987 
37.100000 	124.127472 	481.000000 	477.450287 	487.704987 
37.200000 	124.127472 	481.000000 	477.450287 	487.704987 
37.300000 	124.127472 	481.000000 	477.450287 	487.704987 
37.400000 	124.127472 	481.000000 	477.450287 	487.704987 
37.500000 	124.127472 	481.000000 	477.450287 	487.704987 
37.600000 	124.127472 	481.000000 	477.450287 	487.704987 
37.700000 	124.127472 	481.000000 	477.450287 	487.704987 
37.800000 	124.127472 	481.000000 	477.450287 	487.704987 
37.900000 	124.127472 	481.000000 	477.450287 	487.704987 
38.000000 	123.961273 	481.000000 	477.452606 	487.726013 
38.100000 	123.961273 	481.000000 	477.452606 	487.726013 
38.200000 	123.961273 	481.000000 	477.452606 	487.726013 
38.300000 	123.961273 	481.000000 	477.452606 	487.726013 
38.400000 	123.961273 	481.000000 	477.452606 	487.726013 
38.500000 	123.961273 	481.000000 	477.452606 	487.726013 
38.600000 	123.961273 	481.000000 	477.452606 	487.726013 
38.700000 	123.961273 	481.000000 	477.452606 	487.726013 
38.800000 	123.961273 	481.000000 	477.452606 	487.726013 
38.900000 	123.961273 	481.000000 	477.452606 	487.726013 
39.000000 	123.775566 	481.000000 	477.454773 	487.746002 
39.100000 	123.775566 	481.000000 	477.454773 	487.746002 
39.200000 	123.775566 	481.000000 	477.454773 	487.746002 
39.300000 	123.775566 	481.000000 	477.454773 	487.746002 
39.400000 	123.775566 	481.000000 	477.454773 	487.746002 
39.500000 	123.775566 	481.000000 	477.454773 	487.746002 
39.600000 	123.775566 	481.000000 	477.454773 	487.746002 
39.700000 	123.775566 	481.000000 	477.454773 	487.746002 
39.800000 	123.775566 	481.000000 	477.454773 	487.746002 
39.900000 	123.775566 	481.000000 	477.454773 	487.746002 
40.000000 	123.568535 	481.000000 	477.456848 	487.765991 
40.100000 	123.568535 	481.000000 	477.456848 	487.765991 
40.200000 	123.568535 	481.000000 	477.456848 	487.765991 
40.300000 	123.568535 	481.000000 	477.456848 	487.765991 
40.400000 	123.568535 	481.000000 	477.456848 	487.765991 
40.500000 	123.568535 	481.000000 	477.456848 	487.765991 
40.600000 	123.568535 	481.000000 	477.456848 	487.765991 
40.700000 	123.568535 	481.000000 	477.456848 	487.765991 
40.800000 	123.568535 	481.000000 	477.456848 	487.765991 
40.900000 	123.568535 	481.000000 	477.456848 	487.765991 
41.000000 	123.338219 	481.000000 	477.458740 	487.785004 
41.100000 	123.338219 	481.000000 	477.458740 	487.785004 
41.200000 	123.338219 	481.000000 	477.458740 	487.785004 
41.300000 	123.338219 	481.000000 	477.458740 	487.785004 
41.400000 	123.338219 	481.000000 	477.458740 	487.785004 
41.500000 	123.338219 	481.000000 	477.458740 	487.785004 
41.600000 	123.338219 	481.000000 	477.458740 	487.785004 
41.700000 	123.338219 	481.000000 	477.458740 	487.785004 
41.800000 	123.338219 	481.000000 	477.458740 	487.785004 
41.900000 	123.338219 	481.000000 	477.458740 	487.785004 
42.000000 	123.082397 	481.000000 	477.460541 	487.803986 
42.100000 	123.082397 	481.000000 	477.460541 	487.803986 
42.200000 	123.082397 	481.000000 	477.460541 	487.803986 
42.300000 	123.082397 	481.000000 	477.460541 	487.803986 
42.400000 	123.082397 	481.000000 	477.460541 	487.803986 
42.500000 	123.082397 	481.000000 	477.460541 	487.803986 
42.600000 	123.082397 	481.000000 	477.460541 	487.803986 
42.700000 	123.082397 	481.000000 	477.460541 	487.803986 
42.800000 	123.082397 	481.000000 	477.460541 	487.803986 
42.900000 	123.082397 	481.000000 	477.460541 	487.803986 
43.000000 	122.798630 	481.000000 	477.462219 	487.821991 
43.100000 	122.798630 	481.000000 	477.462219 	487.821991 
43.200000 	122.798630 	481.000000 	477.462219 	487.821991 
43.300000 	122.798630 	481.000000 	477.462219 	487.821991 
43.400000 	122.798630 	481.000000 	477.462219 	487.821991 
43.500000 	122.798630 	481.000000 	477.462219 	487.821991 
43.600000 	122.798630 	481.000000 	477.462219 	487.821991 
43.700000 	122.798630 	481.000000 	477.462219 	487.821991 
43.800000 	122.798630 	481.000000 	477.462219 	487.821991 
43.900000 	122.798630 	481.000000 	477.462219 	487.821991 
44.000000 	122.484184 	481.000000 	477.463776 	487.838989 
44.100000 	122.484184 	481.000000 	477.463776 	487.838989 
44.200000 	122.484184 	481.000000 	477.463776 	487.838989 
44.300000 	122.484184 	481.000000 	477.463776 	487.838989 
44.400000 	122.484184 	481.000000 	477.463776 	487.838989 
44.500000 	122.484184 	481.000000 	477.463776 	487.838989 
44.600000 	122.484184 	481.000000 	477.463776 	487.838989 
44.700000 	122.484184 	481.000000 	477.463776 	487.838989 
44.800000 	122.484184 	481.000000 	477.463776 	487.838989 
44.900000 	122.484184 	481.000000 	477.463776 	487.838989 
45.000000 	122.136009 	481.000000 	477.465210 	487.855011 
45.100000 	122.136009 	481.000000 	477.465210 	487.855011 
45.200000 	122.136009 	481.000000 	477.465210 	487.855011 
45.300000 	122.136009 	481.000000 	477.465210 	487.855011 
45.400000 	122.136009 	481.000000 	477.465210 	487.855011 
45.500000 	122.136009 	481.000000 	477.465210 	487.855011 
45.600000 	122.136009 	481.000000 	477.465210 	487.855011 
45.700000 	122.136009 	481.000000 	477.465210 	487.855011 
45.800000 	122.136009 	481.000000 	477.465210 	487.855011 
45.900000 	122.136009 	481.000000 	477.465210 	487.855011 
46.000000 	121.750671 	481.000000 	477.466553 	487.871002 
46.100000 	121.750671 	481.000000 	477.466553 	487.871002 
46.200000 	121.750671 	481.000000 	477.466553 	487.871002 
46.300000 	121.750671 	481.000000 	477.466553 	487.871002 
46.400000 	121.750671 	481.000000 	477.466553 	487.871002 
46.500000 	121.750671 	481.000000 	477.466553 	487.871002 
46.600000 	121.750671 	481.000000 	477.466553 	487.871002 
46.700000 	121.750671 	481.000000 	477.466553 	487.871002 
46.800000 	121.750671 	481.000000 	477.466553 	487.871002 
46.900000 	121.750671 	481.000000 	477.466553 	487.871002 
47.000000 	121.324287 	481.000000 	477.467743 	487.885010 
47.100000 	121.324287 	481.000000 	477.467743 	487.885010 
47.200000 	121.324287 	481.000000 	477.467743 	487.885010 
47.300000 	121.324287 	481.000000 	477.467743 	487.885010 
47.400000 	121.324287 	481.000000 	477.467743 	487.885010 
47.500000 	121.324287 	481.000000 	477.467743 	487.885010 
47.600000 	121.324287 	481.000000 	477.467743 	487.885010 
47.700000 	121.324287 	481.000000 	477.467743 	487.885010 
47.800000 	121.324287 	481.000000 	477.467743 	487.885010 
47.900000 	121.324287 	481.000000 	477.467743 	487.885010 
48.000000 	120.852478 	481.000000 	477.468842 	487.898987 
48.100000 	120.852478 	481.000000 	477.468842 	487.898987 
48.200000 	120.852478 	481.000000 	477.468842 	487.898987 
48.300000 	120.852478 	481.000000 	477.468842 	487.898987 
48.400000 	120.852478 	481.000000 	477.468842 	487.898987 
48.500000 	120.852478 	481.000000 	477.468842 	487.898987 
48.600000 	120.852478 	481.000000 	477.468842 	487.898987 
48.700000 	120.852478 	481.000000 	477.468842 	487.898987 
48.800000 	120.852478 	481.000000 	477.468842 	487.898987 
48.900000 	120.852478 	481.000000 	477.468842 	487.898987 
49.000000 	120.330238 	481.000000 	477.469849 	487.912994 
49.100000 	120.330238 	481.000000 	477.469849 	487.912994 
49.200000 	120.330238 	481.000000 	477.469849 	487.912994 
49.300000 	120.330238 	481.000000 	477.469849 	487.912994 
49.400000 	120.330238 	481.000000 	477.469849 	487.912994 
49.500000 	120.330238 	481.000000 	477.469849 	487.912994 
49.600000 	120.330238 	481.000000 	477.469849 	487.912994 
49.700000 	120.330238 	481.000000 	477.469849 	487.912994 
49.800000 	120.330238 	481.000000 	477.469849 	487.912994 
49.900000 	120.330238 	481.000000 	477.469849 	487.912994 
50.000000 	119.751839 	481.000000 	477.470734 	487.924988 
50.100000 	119.751839 	481.000000 	477.470734 	487.924988 
50.200000 	119.751839 	481.000000 	477.470734 	487.924988 
50.300000 	119.751839 	481.000000 	477.470734 	487.924988 
50.400000 	119.751839 	481.000000 	477.470734 	487.924988 
50.500000 	119.751839 	481.000000 	477.470734 	487.924988 
50.600000 	119.751839 	481.000000 	477.470734 	487.924988 
50.700000 	119.751839 	481.000000 	477.470734 	487.924988 
50.800000 	119.751839 	481.000000 	477.470734 	487.924988 
50.900000 	119.751839 	481.000000 	477.470734 	487.924988 
51.000000 	119.110680 	481.000000 	477.471527 	1003.359985 
51.100000 	119.110680 	481.000000 	477.471527 	1003.359985 
51.200000 	119.110680 	481.000000 	477.471527 	1003.359985 
51.300000 	119.110680 	481.000000 	477.471527 	1003.359985 
51.400000 	119.110680 	481.000000 	477.471527 	1003.359985 
51.500000 	119.110680 	481.000000 	477.471527 	1003.359985 
51.600000 	119.110680 	481.000000 	477.471527 	1003.359985 
51.700000 	119.110680 	481.000000 	477.471527 	1003.359985 
51.800000 	119.110680 	481.000000 	477.471527 	1003.359985 
51.900000 	119.110680 	481.000000 	477.471527 	1003.359985 
52.000000 	118.399078 	481.000000 	477.472198 	1003.359985 
52.100000 	118.399078 	481.000000 	477.472198 	1003.359985 
52.200000 	118.399078 	481.000000 	477.472198 	1003.359985 
52.300000 	118.399078 	481.000000 	477.472198 	1003.359985 
52.400000 	118.399078 	481.000000 	477.472198 	1003.359985 
52.500000 	118.399078 	481.000000 	477.472198 	1003.359985 
52.600000 	118.399078 	481.000000 	477.472198 	1003.359985 
52.700000 	118.399078 	481.000000 	477.472198 	1003.359985 
52.800000 	118.399078 	481.000000 	477.472198 	1003.359985 
52.900000 	118.399078 	481.000000 	477.472198 	1003.359985 
53.000000 	117.608093 	481.000000 	477.472778 	1003.359985 
53.100000 	117.608093 	481.000000 	477.472778 	1003.359985 
53.200000 	117.608093 	481.000000 	477.472778 	1003.359985 
53.300000 	117.608093 	481.000000 	477.472778 	1003.359985 
53.400000 	117.608093 	481.000000 	477.472778 	1003.359985 
53.500000 	117.608093 	481.000000 	477.472778 	1003.359985 
53.600000 	117.608093 	481.000000 	477.472778 	1003.359985 
53.700000 	117.608093 	481.000000 	477.472778 	1003.359985 
53.800000 	117.608093 	481.000000 	477.472778 	1003.359985 
53.900000 	117.608093 	481.000000 	477.472778 	1003.359985 
54.000000 	116.727142 	481.000000 	477.473267 	1003.359985 
54.100000 	116.727142 	481.000000 	477.473267 	1003.359985 
54.200000 	116.727142 	481.000000 	477.473267 	1003.359985 
54.300000 	116.727142 	481.000000 	477.473267 	1003.359985 
54.400000 	116.727142 	481.000000 	477.473267 	1003.359985 
54.500000 	116.727142 	481.000000 	477.473267 	1003.359985 
54.600000 	116.727142 	481.000000 	477.473267 	1003.359985 
54.700000 	116.727142 	481.000000 	477.473267 	1003.359985 
54.800000 	116.727142 	481.000000 	477.473267 	1003.359985 
54.900000 	116.727142 	481.000000 	477.473267 	1003.359985 
55.000000 	115.743652 	481.000000 	477.473633 	1003.359985 
55.100000 	115.743652 	481.000000 	477.473633 	1003.359985 
55.200000 	115.743652 	481.000000 	477.473633 	1003.359985 
55.300000 	115.743652 	481.000000 	477.473633 	1003.359985 
55.400000 	115.743652 	481.000000 	477.473633 	1003.359985 
55.500000 	115.743652 	481.000000 	477.473633 	1003.359985 
55.600000 	115.743652 	481.000000 	477.473633 	1003.359985 
55.700000 	115.743652 	481.000000 	477.473633 	1003.359985 
55.800000 	115.743652 	481.000000 	477.473633 	1003.359985 
55.900000 	115.743652 	481.000000 	477.473633 	1003.359985 
56.000000 	114.642487 	481.000000 	477.473907 	1003.359985 
56.100000 	114.642487 	481.000000 	477.473907 	1003.359985 
56.200000 	114.642487 	481.000000 	477.473907 	1003.359985 
56.300000 	114.642487 	481.000000 	477.473907 	1003.359985 
56.400000 	114.642487 	481.000000 	477.473907 	1003.359985 
56.500000 	114.642487 	481.000000 	477.473907 	1003.359985 
56.600000 	114.642487 	481.000000 	477.473907 	1003.359985 
56.700000 	114.642487 	481.000000 	477.473907 	1003.359985 
56.800000 	114.642487 	481.000000 	477.473907 	1003.359985 
56.900000 	114.642487 	481.000000 	477.473907 	1003.359985 
57.000000 	113.405251 	481.000000 	477.474060 	1003.359985 
57.100000 	113.405251 	481.000000 	477.474060 	1003.359985 
57.200000 	113.405251 	481.000000 	477.474060 	1003.359985 
57.300000 	113.405251 	481.000000 	477.474060 	1003.359985 
57.400000 	113.405251 	481.000000 	477.474060 	1003.359985 
57.500000 	113.405251 	481.000000 	477.474060 	1003.359985 
57.600000 	113.405251 	481.000000 	477.474060 	1003.359985 
57.700000 	113.405251 	481.000000 	477.474060 	1003.359985 
57.800000 	113.405251 	481.000000 	477.474060 	1003.359985 
57.900000 	113.405251 	481.000000 	477.474060 	1003.359985 
58.000000 	112.009262 	481.000000 	477.474121 	1003.359985 
58.100000 	112.009262 	481.000000 	477.474121 	1003.359985 
58.200000 	112.009262 	481.000000 	477.474121 	1003.359985 
58.300000 	112.009262 	481.000000 	477.474121 	1003.359985 
58.400000 	112.009262 	481.000000 	477.474121 	1003.359985 
58.500000 	112.009262 	481.000000 	477.474121 	1003.359985 
58.600000 	112.009262 	481.000000 	477.474121 	1003.359985 
58.700000 	112.009262 	481.000000 	477.474121 	1003.359985 
58.800000 	112.009262 	481.000000 	477.474121 	1003.359985 
58.900000 	112.009262 	481.000000 	477.474121 	1003.359985 
59.000000 	110.426125 	481.000000 	477.474091 	1003.359985 
59.100000 	110.426125 	481.000000 	477.474091 	1003.359985 
59.200000 	110.426125 	481.000000 	477.474091 	1003.359985 
59.300000 	110.426125 	481.000000 	477.474091 	1003.359985 
59.400000 	110.426125 	481.000000 	477.474091 	1003.359985 
59.500000 	110.426125 	481.000000 	477.474091 	1003.359985 
59.600000 	110.426125 	481.000000 	477.474091 	1003.359985 
59.700000 	110.426125 	481.000000 	477.474091 	1003.359985 
59.800000 	110.426125 	481.000000 	477.474091 	1003.359985 
59.900000 	110.426125 	481.000000 	477.474091 	1003.359985 
60.000000 	108.619667 	481.000000 	477.473938 	1003.359985 
