0.500000 	0.000000 	437.000000 	0.000000 	425.897003 
0.600000 	125.458778 	437.000000 	224.582657 	432.704987 
0.700000 	123.321724 	437.000000 	356.324249 	436.519012 
0.800000 	114.942406 	437.000000 	397.614471 	438.738007 
0.900000 	108.688156 	437.000000 	415.723663 	440.092010 
1.000000 	104.323814 	437.000000 	424.804108 	440.959991 
1.100000 	104.323814 	437.000000 	424.804108 	440.959991 
1.200000 	104.323814 	437.000000 	424.804108 	440.959991 
1.300000 	104.323814 	437.000000 	424.804108 	440.959991 
1.400000 	104.323814 	437.000000 	424.804108 	440.959991 
1.500000 	104.323814 	437.000000 	424.804108 	440.959991 
1.600000 	104.323814 	437.000000 	424.804108 	440.959991 
1.700000 	104.323814 	437.000000 	424.804108 	440.959991 
1.800000 	104.323814 	437.000000 	424.804108 	440.959991 
1.900000 	104.323814 	437.000000 	424.804108 	440.959991 
2.000000 	101.516838 	437.000000 	429.749390 	443.001007 
2.100000 	101.516838 	437.000000 	429.749390 	443.001007 
2.200000 	101.516838 	437.000000 	429.749390 	443.001007 
2.300000 	101.516838 	437.000000 	429.749390 	443.001007 
2.400000 	101.516838 	437.000000 	429.749390 	443.001007 
2.500000 	101.516838 	437.000000 	429.749390 	443.001007 
2.600000 	101.516838 	437.000000 	429.749390 	443.001007 
2.700000 	101.516838 	437.000000 	429.749390 	443.001007 
2.800000 	101.516838 	437.000000 	429.749390 	443.001007 
2.900000 	101.516838 	437.000000 	429.749390 	443.001007 
3.000000 	106.272675 	437.000000 	435.577118 	443.265991 
3.100000 	106.272675 	437.000000 	435.577118 	443.265991 
3.200000 	106.272675 	437.000000 	435.577118 	443.265991 
3.300000 	106.272675 	437.000000 	435.577118 	443.265991 
3.400000 	106.272675 	437.000000 	435.577118 	443.265991 
3.500000 	106.272675 	437.000000 	435.577118 	443.265991 
3.600000 	106.272675 	437.000000 	435.577118 	443.265991 
3.700000 	106.272675 	437.000000 	435.577118 	443.265991 
3.800000 	106.272675 	437.000000 	435.577118 	443.265991 
3.900000 	106.272675 	437.000000 	435.577118 	443.265991 
4.000000 	114.691864 	437.000000 	433.979675 	443.365997 
4.100000 	114.691864 	437.000000 	433.979675 	443.365997 
4.200000 	114.691864 	437.000000 	433.979675 	443.365997 
4.300000 	114.691864 	437.000000 	433.979675 	443.365997 
4.400000 	114.691864 	437.000000 	433.979675 	443.365997 
4.500000 	114.691864 	437.000000 	433.979675 	443.365997 
4.600000 	114.691864 	437.000000 	433.979675 	443.365997 
4.700000 	114.691864 	437.000000 	433.979675 	443.365997 
4.800000 	114.691864 	437.000000 	433.979675 	443.365997 
4.900000 	114.691864 	437.000000 	433.979675 	443.365997 
5.000000 	118.906799 	437.000000 	433.083893 	443.423004 
5.100000 	118.906799 	437.000000 	433.083893 	443.423004 
5.200000 	118.906799 	437.000000 	433.083893 	443.423004 
5.300000 	118.906799 	437.000000 	433.083893 	443.423004 
5.400000 	118.906799 	437.000000 	433.083893 	443.423004 
5.500000 	118.906799 	437.000000 	433.083893 	443.423004 
5.600000 	118.906799 	437.000000 	433.083893 	443.423004 
5.700000 	118.906799 	437.000000 	433.083893 	443.423004 
5.800000 	118.906799 	437.000000 	433.083893 	443.423004 
5.900000 	118.906799 	437.000000 	433.083893 	443.423004 
6.000000 	121.121841 	437.000000 	432.629242 	443.466003 
6.100000 	121.121841 	437.000000 	432.629242 	443.466003 
6.200000 	121.121841 	437.000000 	432.629242 	443.466003 
6.300000 	121.121841 	437.000000 	432.629242 	443.466003 
6.400000 	121.121841 	437.000000 	432.629242 	443.466003 
6.500000 	121.121841 	437.000000 	432.629242 	443.466003 
6.600000 	121.121841 	437.000000 	432.629242 	443.466003 
6.700000 	121.121841 	437.000000 	432.629242 	443.466003 
6.800000 	121.121841 	437.000000 	432.629242 	443.466003 
6.900000 	121.121841 	437.000000 	432.629242 	443.466003 
7.000000 	122.395103 	437.000000 	432.388733 	443.501007 
7.100000 	122.395103 	437.000000 	432.388733 	443.501007 
7.200000 	122.395103 	437.000000 	432.388733 	443.501007 
7.300000 	122.395103 	437.000000 	432.388733 	443.501007 
7.400000 	122.395103 	437.000000 	432.388733 	443.501007 
7.500000 	122.395103 	437.000000 	432.388733 	443.501007 
7.600000 	122.395103 	437.000000 	432.388733 	443.501007 
7.700000 	122.395103 	437.000000 	432.388733 	443.501007 
7.800000 	122.395103 	437.000000 	432.388733 	443.501007 
7.900000 	122.395103 	437.000000 	432.388733 	443.501007 
8.000000 	123.184494 	437.000000 	432.255981 	443.532990 
8.100000 	123.184494 	437.000000 	432.255981 	443.532990 
8.200000 	123.184494 	437.000000 	432.255981 	443.532990 
8.300000 	123.184494 	437.000000 	432.255981 	443.532990 
8.400000 	123.184494 	437.000000 	432.255981 	443.532990 
8.500000 	123.184494 	437.000000 	432.255981 	443.532990 
8.600000 	123.184494 	437.000000 	432.255981 	443.532990 
8.700000 	123.184494 	437.000000 	432.255981 	443.532990 
8.800000 	123.184494 	437.000000 	432.255981 	443.532990 
8.900000 	123.184494 	437.000000 	432.255981 	443.532990 
9.000000 	123.704041 	437.000000 	432.180725 	443.562988 
9.100000 	123.704041 	437.000000 	432.180725 	443.562988 
9.200000 	123.704041 	437.000000 	432.180725 	443.562988 
9.300000 	123.704041 	437.000000 	432.180725 	443.562988 
9.400000 	123.704041 	437.000000 	432.180725 	443.562988 
9.500000 	123.704041 	437.000000 	432.180725 	443.562988 
9.600000 	123.704041 	437.000000 	432.180725 	443.562988 
9.700000 	123.704041 	437.000000 	432.180725 	443.562988 
9.800000 	123.704041 	437.000000 	432.180725 	443.562988 
9.900000 	123.704041 	437.000000 	432.180725 	443.562988 
10.000000 	124.062531 	437.000000 	432.137756 	443.592987 
10.100000 	124.062531 	437.000000 	432.137756 	443.592987 
10.200000 	124.062531 	437.000000 	432.137756 	443.592987 
10.300000 	124.062531 	437.000000 	432.137756 	443.592987 
10.400000 	124.062531 	437.000000 	432.137756 	443.592987 
10.500000 	124.062531 	437.000000 	432.137756 	443.592987 
10.600000 	124.062531 	437.000000 	432.137756 	443.592987 
10.700000 	124.062531 	437.000000 	432.137756 	443.592987 
10.800000 	124.062531 	437.000000 	432.137756 	443.592987 
10.900000 	124.062531 	437.000000 	432.137756 	443.592987 
11.000000 	124.319237 	437.000000 	432.113770 	443.622009 
11.100000 	124.319237 	437.000000 	432.113770 	443.622009 
11.200000 	124.319237 	437.000000 	432.113770 	443.622009 
11.300000 	124.319237 	437.000000 	432.113770 	443.622009 
11.400000 	124.319237 	437.000000 	432.113770 	443.622009 
11.500000 	124.319237 	437.000000 	432.113770 	443.622009 
11.600000 	124.319237 	437.000000 	432.113770 	443.622009 
11.700000 	124.319237 	437.000000 	432.113770 	443.622009 
11.800000 	124.319237 	437.000000 	432.113770 	443.622009 
11.900000 	124.319237 	437.000000 	432.113770 	443.622009 
12.000000 	124.508797 	437.000000 	432.101166 	443.651001 
12.100000 	124.508797 	437.000000 	432.101166 	443.651001 
12.200000 	124.508797 	437.000000 	432.101166 	443.651001 
12.300000 	124.508797 	437.000000 	432.101166 	443.651001 
12.400000 	124.508797 	437.000000 	432.101166 	443.651001 
12.500000 	124.508797 	437.000000 	432.101166 	443.651001 
12.600000 	124.508797 	437.000000 	432.101166 	443.651001 
12.700000 	124.508797 	437.000000 	432.101166 	443.651001 
12.800000 	124.508797 	437.000000 	432.101166 	443.651001 
12.900000 	124.508797 	437.000000 	432.101166 	443.651001 
13.000000 	124.652061 	437.000000 	432.095673 	443.679993 
13.100000 	124.652061 	437.000000 	432.095673 	443.679993 
13.200000 	124.652061 	437.000000 	432.095673 	443.679993 
13.300000 	124.652061 	437.000000 	432.095673 	443.679993 
13.400000 	124.652061 	437.000000 	432.095673 	443.679993 
13.500000 	124.652061 	437.000000 	432.095673 	443.679993 
13.600000 	124.652061 	437.000000 	432.095673 	443.679993 
13.700000 	124.652061 	437.000000 	432.095673 	443.679993 
13.800000 	124.652061 	437.000000 	432.095673 	443.679993 
13.900000 	124.652061 	437.000000 	432.095673 	443.679993 
14.000000 	124.762268 	437.000000 	432.094604 	443.709015 
14.100000 	124.762268 	437.000000 	432.094604 	443.709015 
14.200000 	124.762268 	437.000000 	432.094604 	443.709015 
14.300000 	124.762268 	437.000000 	432.094604 	443.709015 
14.400000 	124.762268 	437.000000 	432.094604 	443.709015 
14.500000 	124.762268 	437.000000 	432.094604 	443.709015 
14.600000 	124.762268 	437.000000 	432.094604 	443.709015 
14.700000 	124.762268 	437.000000 	432.094604 	443.709015 
14.800000 	124.762268 	437.000000 	432.094604 	443.709015 
14.900000 	124.762268 	437.000000 	432.094604 	443.709015 
15.000000 	124.848045 	437.000000 	432.096344 	443.738007 
15.100000 	124.848045 	437.000000 	432.096344 	443.738007 
15.200000 	124.848045 	437.000000 	432.096344 	443.738007 
15.300000 	124.848045 	437.000000 	432.096344 	443.738007 
15.400000 	124.848045 	437.000000 	432.096344 	443.738007 
15.500000 	124.848045 	437.000000 	432.096344 	443.738007 
15.600000 	124.848045 	437.000000 	432.096344 	443.738007 
15.700000 	124.848045 	437.000000 	432.096344 	443.738007 
15.800000 	124.848045 	437.000000 	432.096344 	443.738007 
15.900000 	124.848045 	437.000000 	432.096344 	443.738007 
16.000000 	124.915161 	437.000000 	432.099884 	443.766998 
16.100000 	124.915161 	437.000000 	432.099884 	443.766998 
16.200000 	124.915161 	437.000000 	432.099884 	443.766998 
16.300000 	124.915161 	437.000000 	432.099884 	443.766998 
16.400000 	124.915161 	437.000000 	432.099884 	443.766998 
16.500000 	124.915161 	437.000000 	432.099884 	443.766998 
16.600000 	124.915161 	437.000000 	432.099884 	443.766998 
16.700000 	124.915161 	437.000000 	432.099884 	443.766998 
16.800000 	124.915161 	437.000000 	432.099884 	443.766998 
16.900000 	124.915161 	437.000000 	432.099884 	443.766998 
17.000000 	124.967552 	437.000000 	432.104492 	443.795990 
17.100000 	124.967552 	437.000000 	432.104492 	443.795990 
17.200000 	124.967552 	437.000000 	432.104492 	443.795990 
17.300000 	124.967552 	437.000000 	432.104492 	443.795990 
17.400000 	124.967552 	437.000000 	432.104492 	443.795990 
17.500000 	124.967552 	437.000000 	432.104492 	443.795990 
17.600000 	124.967552 	437.000000 	432.104492 	443.795990 
17.700000 	124.967552 	437.000000 	432.104492 	443.795990 
17.800000 	124.967552 	437.000000 	432.104492 	443.795990 
17.900000 	124.967552 	437.000000 	432.104492 	443.795990 
18.000000 	125.007912 	437.000000 	432.109741 	443.825989 
18.100000 	125.007912 	437.000000 	432.109741 	443.825989 
18.200000 	125.007912 	437.000000 	432.109741 	443.825989 
18.300000 	125.007912 	437.000000 	432.109741 	443.825989 
18.400000 	125.007912 	437.000000 	432.109741 	443.825989 
18.500000 	125.007912 	437.000000 	432.109741 	443.825989 
18.600000 	125.007912 	437.000000 	432.109741 	443.825989 
18.700000 	125.007912 	437.000000 	432.109741 	443.825989 
18.800000 	125.007912 	437.000000 	432.109741 	443.825989 
18.900000 	125.007912 	437.000000 	432.109741 	443.825989 
19.000000 	125.038101 	437.000000 	432.115356 	443.855011 
19.100000 	125.038101 	437.000000 	432.115356 	443.855011 
19.200000 	125.038101 	437.000000 	432.115356 	443.855011 
19.300000 	125.038101 	437.000000 	432.115356 	443.855011 
19.400000 	125.038101 	437.000000 	432.115356 	443.855011 
19.500000 	125.038101 	437.000000 	432.115356 	443.855011 
19.600000 	125.038101 	437.000000 	432.115356 	443.855011 
19.700000 	125.038101 	437.000000 	432.115356 	443.855011 
19.800000 	125.038101 	437.000000 	432.115356 	443.855011 
19.900000 	125.038101 	437.000000 	432.115356 	443.855011 
20.000000 	125.059395 	437.000000 	432.121124 	443.884003 
20.100000 	125.059395 	437.000000 	432.121124 	443.884003 
20.200000 	125.059395 	437.000000 	432.121124 	443.884003 
20.300000 	125.059395 	437.000000 	432.121124 	443.884003 
20.400000 	125.059395 	437.000000 	432.121124 	443.884003 
20.500000 	125.059395 	437.000000 	432.121124 	443.884003 
20.600000 	125.059395 	437.000000 	432.121124 	443.884003 
20.700000 	125.059395 	437.000000 	432.121124 	443.884003 
20.800000 	125.059395 	437.000000 	432.121124 	443.884003 
20.900000 	125.059395 	437.000000 	432.121124 	443.884003 
21.000000 	125.072617 	437.000000 	432.126892 	443.914001 
21.100000 	125.072617 	437.000000 	432.126892 	443.914001 
21.200000 	125.072617 	437.000000 	432.126892 	443.914001 
21.300000 	125.072617 	437.000000 	432.126892 	443.914001 
21.400000 	125.072617 	437.000000 	432.126892 	443.914001 
21.500000 	125.072617 	437.000000 	432.126892 	443.914001 
21.600000 	125.072617 	437.000000 	432.126892 	443.914001 
21.700000 	125.072617 	437.000000 	432.126892 	443.914001 
21.800000 	125.072617 	437.000000 	432.126892 	443.914001 
21.900000 	125.072617 	437.000000 	432.126892 	443.914001 
22.000000 	125.078285 	437.000000 	432.132599 	443.942993 
22.100000 	125.078285 	437.000000 	432.132599 	443.942993 
22.200000 	125.078285 	437.000000 	432.132599 	443.942993 
22.300000 	125.078285 	437.000000 	432.132599 	443.942993 
22.400000 	125.078285 	437.000000 	432.132599 	443.942993 
22.500000 	125.078285 	437.000000 	432.132599 	443.942993 
22.600000 	125.078285 	437.000000 	432.132599 	443.942993 
22.700000 	125.078285 	437.000000 	432.132599 	443.942993 
22.800000 	125.078285 	437.000000 	432.132599 	443.942993 
22.900000 	125.078285 	437.000000 	432.132599 	443.942993 
23.000000 	125.076668 	437.000000 	432.138153 	443.971985 
23.100000 	125.076668 	437.000000 	432.138153 	443.971985 
23.200000 	125.076668 	437.000000 	432.138153 	443.971985 
23.300000 	125.076668 	437.000000 	432.138153 	443.971985 
23.400000 	125.076668 	437.000000 	432.138153 	443.971985 
23.500000 	125.076668 	437.000000 	432.138153 	443.971985 
23.600000 	125.076668 	437.000000 	432.138153 	443.971985 
23.700000 	125.076668 	437.000000 	432.138153 	443.971985 
23.800000 	125.076668 	437.000000 	432.138153 	443.971985 
23.900000 	125.076668 	437.000000 	432.138153 	443.971985 
24.000000 	125.067856 	437.000000 	432.143585 	444.001007 
24.100000 	125.067856 	437.000000 	432.143585 	444.001007 
24.200000 	125.067856 	437.000000 	432.143585 	444.001007 
24.300000 	125.067856 	437.000000 	432.143585 	444.001007 
24.400000 	125.067856 	437.000000 	432.143585 	444.001007 
24.500000 	125.067856 	437.000000 	432.143585 	444.001007 
24.600000 	125.067856 	437.000000 	432.143585 	444.001007 
24.700000 	125.067856 	437.000000 	432.143585 	444.001007 
24.800000 	125.067856 	437.000000 	432.143585 	444.001007 
24.900000 	125.067856 	437.000000 	432.143585 	444.001007 
25.000000 	125.051765 	437.000000 	432.148804 	444.029999 
25.100000 	125.051765 	437.000000 	432.148804 	444.029999 
25.200000 	125.051765 	437.000000 	432.148804 	444.029999 
25.300000 	125.051765 	437.000000 	432.148804 	444.029999 
25.400000 	125.051765 	437.000000 	432.148804 	444.029999 
25.500000 	125.051765 	437.000000 	432.148804 	444.029999 
25.600000 	125.051765 	437.000000 	432.148804 	444.029999 
25.700000 	125.051765 	437.000000 	432.148804 	444.029999 
25.800000 	125.051765 	437.000000 	432.148804 	444.029999 
25.900000 	125.051765 	437.000000 	432.148804 	444.029999 
26.000000 	125.028183 	437.000000 	432.153809 	444.058014 
26.100000 	125.028183 	437.000000 	432.153809 	444.058014 
26.200000 	125.028183 	437.000000 	432.153809 	444.058014 
26.300000 	125.028183 	437.000000 	432.153809 	444.058014 
26.400000 	125.028183 	437.000000 	432.153809 	444.058014 
26.500000 	125.028183 	437.000000 	432.153809 	444.058014 
26.600000 	125.028183 	437.000000 	432.153809 	444.058014 
26.700000 	125.028183 	437.000000 	432.153809 	444.058014 
26.800000 	125.028183 	437.000000 	432.153809 	444.058014 
26.900000 	125.028183 	437.000000 	432.153809 	444.058014 
27.000000 	124.996780 	437.000000 	432.158630 	444.087006 
27.100000 	124.996780 	437.000000 	432.158630 	444.087006 
27.200000 	124.996780 	437.000000 	432.158630 	444.087006 
27.300000 	124.996780 	437.000000 	432.158630 	444.087006 
27.400000 	124.996780 	437.000000 	432.158630 	444.087006 
27.500000 	124.996780 	437.000000 	432.158630 	444.087006 
27.600000 	124.996780 	437.000000 	432.158630 	444.087006 
27.700000 	124.996780 	437.000000 	432.158630 	444.087006 
27.800000 	124.996780 	437.000000 	432.158630 	444.087006 
27.900000 	124.996780 	437.000000 	432.158630 	444.087006 
28.000000 	124.957130 	437.000000 	432.163208 	444.114990 
28.100000 	124.957130 	437.000000 	432.163208 	444.114990 
28.200000 	124.957130 	437.000000 	432.163208 	444.114990 
28.300000 	124.957130 	437.000000 	432.163208 	444.114990 
28.400000 	124.957130 	437.000000 	432.163208 	444.114990 
28.500000 	124.957130 	437.000000 	432.163208 	444.114990 
28.600000 	124.957130 	437.000000 	432.163208 	444.114990 
28.700000 	124.957130 	437.000000 	432.163208 	444.114990 
28.800000 	124.957130 	437.000000 	432.163208 	444.114990 
28.900000 	124.957130 	437.000000 	432.163208 	444.114990 
29.000000 	124.908722 	437.000000 	432.167603 	444.141998 
29.100000 	124.908722 	437.000000 	432.167603 	444.141998 
29.200000 	124.908722 	437.000000 	432.167603 	444.141998 
29.300000 	124.908722 	437.000000 	432.167603 	444.141998 
29.400000 	124.908722 	437.000000 	432.167603 	444.141998 
29.500000 	124.908722 	437.000000 	432.167603 	444.141998 
29.600000 	124.908722 	437.000000 	432.167603 	444.141998 
29.700000 	124.908722 	437.000000 	432.167603 	444.141998 
29.800000 	124.908722 	437.000000 	432.167603 	444.141998 
29.900000 	124.908722 	437.000000 	432.167603 	444.141998 
30.000000 	124.850922 	437.000000 	432.171783 	444.170013 
30.100000 	124.850922 	437.000000 	432.171783 	444.170013 
30.200000 	124.850922 	437.000000 	432.171783 	444.170013 
30.300000 	124.850922 	437.000000 	432.171783 	444.170013 
30.400000 	124.850922 	437.000000 	432.171783 	444.170013 
30.500000 	124.850922 	437.000000 	432.171783 	444.170013 
30.600000 	124.850922 	437.000000 	432.171783 	444.170013 
30.700000 	124.850922 	437.000000 	432.171783 	444.170013 
30.800000 	124.850922 	437.000000 	432.171783 	444.170013 
30.900000 	124.850922 	437.000000 	432.171783 	444.170013 
31.000000 	124.783028 	437.000000 	432.175781 	444.196991 
31.100000 	124.783028 	437.000000 	432.175781 	444.196991 
31.200000 	124.783028 	437.000000 	432.175781 	444.196991 
31.300000 	124.783028 	437.000000 	432.175781 	444.196991 
31.400000 	124.783028 	437.000000 	432.175781 	444.196991 
31.500000 	124.783028 	437.000000 	432.175781 	444.196991 
31.600000 	124.783028 	437.000000 	432.175781 	444.196991 
31.700000 	124.783028 	437.000000 	432.175781 	444.196991 
31.800000 	124.783028 	437.000000 	432.175781 	444.196991 
31.900000 	124.783028 	437.000000 	432.175781 	444.196991 
32.000000 	124.704247 	437.000000 	432.179565 	444.222992 
32.100000 	124.704247 	437.000000 	432.179565 	444.222992 
32.200000 	124.704247 	437.000000 	432.179565 	444.222992 
32.300000 	124.704247 	437.000000 	432.179565 	444.222992 
32.400000 	124.704247 	437.000000 	432.179565 	444.222992 
32.500000 	124.704247 	437.000000 	432.179565 	444.222992 
32.600000 	124.704247 	437.000000 	432.179565 	444.222992 
32.700000 	124.704247 	437.000000 	432.179565 	444.222992 
32.800000 	124.704247 	437.000000 	432.179565 	444.222992 
32.900000 	124.704247 	437.000000 	432.179565 	444.222992 
33.000000 	124.613686 	437.000000 	432.183167 	444.248993 
33.100000 	124.613686 	437.000000 	432.183167 	444.248993 
33.200000 	124.613686 	437.000000 	432.183167 	444.248993 
33.300000 	124.613686 	437.000000 	432.183167 	444.248993 
33.400000 	124.613686 	437.000000 	432.183167 	444.248993 
33.500000 	124.613686 	437.000000 	432.183167 	444.248993 
33.600000 	124.613686 	437.000000 	432.183167 	444.248993 
33.700000 	124.613686 	437.000000 	432.183167 	444.248993 
33.800000 	124.613686 	437.000000 	432.183167 	444.248993 
33.900000 	124.613686 	437.000000 	432.183167 	444.248993 
34.000000 	124.510353 	437.000000 	432.186584 	444.274994 
34.100000 	124.510353 	437.000000 	432.186584 	444.274994 
34.200000 	124.510353 	437.000000 	432.186584 	444.274994 
34.300000 	124.510353 	437.000000 	432.186584 	444.274994 
34.400000 	124.510353 	437.000000 	432.186584 	444.274994 
34.500000 	124.510353 	437.000000 	432.186584 	444.274994 
34.600000 	124.510353 	437.000000 	432.186584 	444.274994 
34.700000 	124.510353 	437.000000 	432.186584 	444.274994 
34.800000 	124.510353 	437.000000 	432.186584 	444.274994 
34.900000 	124.510353 	437.000000 	432.186584 	444.274994 
35.000000 	124.393143 	437.000000 	432.189819 	444.299988 
35.100000 	124.393143 	437.000000 	432.189819 	444.299988 
35.200000 	124.393143 	437.000000 	432.189819 	444.299988 
35.300000 	124.393143 	437.000000 	432.189819 	444.299988 
35.400000 	124.393143 	437.000000 	432.189819 	444.299988 
35.500000 	124.393143 	437.000000 	432.189819 	444.299988 
35.600000 	124.393143 	437.000000 	432.189819 	444.299988 
35.700000 	124.393143 	437.000000 	432.189819 	444.299988 
35.800000 	124.393143 	437.000000 	432.189819 	444.299988 
35.900000 	124.393143 	437.000000 	432.189819 	444.299988 
36.000000 	124.260864 	437.000000 	432.192902 	444.325012 
36.100000 	124.260864 	437.000000 	432.192902 	444.325012 
36.200000 	124.260864 	437.000000 	432.192902 	444.325012 
36.300000 	124.260864 	437.000000 	432.192902 	444.325012 
36.400000 	124.260864 	437.000000 	432.192902 	444.325012 
36.500000 	124.260864 	437.000000 	432.192902 	444.325012 
36.600000 	124.260864 	437.000000 	432.192902 	444.325012 
36.700000 	124.260864 	437.000000 	432.192902 	444.325012 
36.800000 	124.260864 	437.000000 	432.192902 	444.325012 
36.900000 	124.260864 	437.000000 	432.192902 	444.325012 
37.000000 	124.112160 	437.000000 	432.195831 	444.363007 
37.100000 	124.112160 	437.000000 	432.195831 	444.363007 
37.200000 	124.112160 	437.000000 	432.195831 	444.363007 
37.300000 	124.112160 	437.000000 	432.195831 	444.363007 
37.400000 	124.112160 	437.000000 	432.195831 	444.363007 
37.500000 	124.112160 	437.000000 	432.195831 	444.363007 
37.600000 	124.112160 	437.000000 	432.195831 	444.363007 
37.700000 	124.112160 	437.000000 	432.195831 	444.363007 
37.800000 	124.112160 	437.000000 	432.195831 	444.363007 
37.900000 	124.112160 	437.000000 	432.195831 	444.363007 
38.000000 	123.945572 	437.000000 	432.198578 	444.386993 
38.100000 	123.945572 	437.000000 	432.198578 	444.386993 
38.200000 	123.945572 	437.000000 	432.198578 	444.386993 
38.300000 	123.945572 	437.000000 	432.198578 	444.386993 
38.400000 	123.945572 	437.000000 	432.198578 	444.386993 
38.500000 	123.945572 	437.000000 	432.198578 	444.386993 
38.600000 	123.945572 	437.000000 	432.198578 	444.386993 
38.700000 	123.945572 	437.000000 	432.198578 	444.386993 
38.800000 	123.945572 	437.000000 	432.198578 	444.386993 
38.900000 	123.945572 	437.000000 	432.198578 	444.386993 
39.000000 	123.759468 	437.000000 	432.201202 	444.411011 
39.100000 	123.759468 	437.000000 	432.201202 	444.411011 
39.200000 	123.759468 	437.000000 	432.201202 	444.411011 
39.300000 	123.759468 	437.000000 	432.201202 	444.411011 
39.400000 	123.759468 	437.000000 	432.201202 	444.411011 
39.500000 	123.759468 	437.000000 	432.201202 	444.411011 
39.600000 	123.759468 	437.000000 	432.201202 	444.411011 
39.700000 	123.759468 	437.000000 	432.201202 	444.411011 
39.800000 	123.759468 	437.000000 	432.201202 	444.411011 
39.900000 	123.759468 	437.000000 	432.201202 	444.411011 
40.000000 	123.552055 	437.000000 	432.203674 	444.433014 
40.100000 	123.552055 	437.000000 	432.203674 	444.433014 
40.200000 	123.552055 	437.000000 	432.203674 	444.433014 
40.300000 	123.552055 	437.000000 	432.203674 	444.433014 
40.400000 	123.552055 	437.000000 	432.203674 	444.433014 
40.500000 	123.552055 	437.000000 	432.203674 	444.433014 
40.600000 	123.552055 	437.000000 	432.203674 	444.433014 
40.700000 	123.552055 	437.000000 	432.203674 	444.433014 
40.800000 	123.552055 	437.000000 	432.203674 	444.433014 
40.900000 	123.552055 	437.000000 	432.203674 	444.433014 
41.000000 	123.321342 	437.000000 	432.205994 	444.454987 
41.100000 	123.321342 	437.000000 	432.205994 	444.454987 
41.200000 	123.321342 	437.000000 	432.205994 	444.454987 
41.300000 	123.321342 	437.000000 	432.205994 	444.454987 
41.400000 	123.321342 	437.000000 	432.205994 	444.454987 
41.500000 	123.321342 	437.000000 	432.205994 	444.454987 
41.600000 	123.321342 	437.000000 	432.205994 	444.454987 
41.700000 	123.321342 	437.000000 	432.205994 	444.454987 
41.800000 	123.321342 	437.000000 	432.205994 	444.454987 
41.900000 	123.321342 	437.000000 	432.205994 	444.454987 
42.000000 	123.065140 	437.000000 	432.208191 	444.476990 
42.100000 	123.065140 	437.000000 	432.208191 	444.476990 
42.200000 	123.065140 	437.000000 	432.208191 	444.476990 
42.300000 	123.065140 	437.000000 	432.208191 	444.476990 
42.400000 	123.065140 	437.000000 	432.208191 	444.476990 
42.500000 	123.065140 	437.000000 	432.208191 	444.476990 
42.600000 	123.065140 	437.000000 	432.208191 	444.476990 
42.700000 	123.065140 	437.000000 	432.208191 	444.476990 
42.800000 	123.065140 	437.000000 	432.208191 	444.476990 
42.900000 	123.065140 	437.000000 	432.208191 	444.476990 
43.000000 	122.780991 	437.000000 	432.210266 	444.497009 
43.100000 	122.780991 	437.000000 	432.210266 	444.497009 
43.200000 	122.780991 	437.000000 	432.210266 	444.497009 
43.300000 	122.780991 	437.000000 	432.210266 	444.497009 
43.400000 	122.780991 	437.000000 	432.210266 	444.497009 
43.500000 	122.780991 	437.000000 	432.210266 	444.497009 
43.600000 	122.780991 	437.000000 	432.210266 	444.497009 
43.700000 	122.780991 	437.000000 	432.210266 	444.497009 
43.800000 	122.780991 	437.000000 	432.210266 	444.497009 
43.900000 	122.780991 	437.000000 	432.210266 	444.497009 
44.000000 	122.466156 	437.000000 	432.212219 	444.516998 
44.100000 	122.466156 	437.000000 	432.212219 	444.516998 
44.200000 	122.466156 	437.000000 	432.212219 	444.516998 
44.300000 	122.466156 	437.000000 	432.212219 	444.516998 
44.400000 	122.466156 	437.000000 	432.212219 	444.516998 
44.500000 	122.466156 	437.000000 	432.212219 	444.516998 
44.600000 	122.466156 	437.000000 	432.212219 	444.516998 
44.700000 	122.466156 	437.000000 	432.212219 	444.516998 
44.800000 	122.466156 	437.000000 	432.212219 	444.516998 
44.900000 	122.466156 	437.000000 	432.212219 	444.516998 
45.000000 	122.117592 	437.000000 	432.214020 	444.536011 
45.100000 	122.117592 	437.000000 	432.214020 	444.536011 
45.200000 	122.117592 	437.000000 	432.214020 	444.536011 
45.300000 	122.117592 	437.000000 	432.214020 	444.536011 
45.400000 	122.117592 	437.000000 	432.214020 	444.536011 
45.500000 	122.117592 	437.000000 	432.214020 	444.536011 
45.600000 	122.117592 	437.000000 	432.214020 	444.536011 
45.700000 	122.117592 	437.000000 	432.214020 	444.536011 
45.800000 	122.117592 	437.000000 	432.214020 	444.536011 
45.900000 	122.117592 	437.000000 	432.214020 	444.536011 
46.000000 	121.731857 	437.000000 	432.215729 	444.553986 
46.100000 	121.731857 	437.000000 	432.215729 	444.553986 
46.200000 	121.731857 	437.000000 	432.215729 	444.553986 
46.300000 	121.731857 	437.000000 	432.215729 	444.553986 
46.400000 	121.731857 	437.000000 	432.215729 	444.553986 
46.500000 	121.731857 	437.000000 	432.215729 	444.553986 
46.600000 	121.731857 	437.000000 	432.215729 	444.553986 
46.700000 	121.731857 	437.000000 	432.215729 	444.553986 
46.800000 	121.731857 	437.000000 	432.215729 	444.553986 
46.900000 	121.731857 	437.000000 	432.215729 	444.553986 
47.000000 	121.305069 	437.000000 	432.217316 	444.571014 
47.100000 	121.305069 	437.000000 	432.217316 	444.571014 
47.200000 	121.305069 	437.000000 	432.217316 	444.571014 
47.300000 	121.305069 	437.000000 	432.217316 	444.571014 
47.400000 	121.305069 	437.000000 	432.217316 	444.571014 
47.500000 	121.305069 	437.000000 	432.217316 	444.571014 
47.600000 	121.305069 	437.000000 	432.217316 	444.571014 
47.700000 	121.305069 	437.000000 	432.217316 	444.571014 
47.800000 	121.305069 	437.000000 	432.217316 	444.571014 
47.900000 	121.305069 	437.000000 	432.217316 	444.571014 
48.000000 	120.832855 	437.000000 	432.218781 	444.588013 
48.100000 	120.832855 	437.000000 	432.218781 	444.588013 
48.200000 	120.832855 	437.000000 	432.218781 	444.588013 
48.300000 	120.832855 	437.000000 	432.218781 	444.588013 
48.400000 	120.832855 	437.000000 	432.218781 	444.588013 
48.500000 	120.832855 	437.000000 	432.218781 	444.588013 
48.600000 	120.832855 	437.000000 	432.218781 	444.588013 
48.700000 	120.832855 	437.000000 	432.218781 	444.588013 
48.800000 	120.832855 	437.000000 	432.218781 	444.588013 
48.900000 	120.832855 	437.000000 	432.218781 	444.588013 
49.000000 	120.310196 	437.000000 	432.220154 	444.602997 
49.100000 	120.310196 	437.000000 	432.220154 	444.602997 
49.200000 	120.310196 	437.000000 	432.220154 	444.602997 
49.300000 	120.310196 	437.000000 	432.220154 	444.602997 
49.400000 	120.310196 	437.000000 	432.220154 	444.602997 
49.500000 	120.310196 	437.000000 	432.220154 	444.602997 
49.600000 	120.310196 	437.000000 	432.220154 	444.602997 
49.700000 	120.310196 	437.000000 	432.220154 	444.602997 
49.800000 	120.310196 	437.000000 	432.220154 	444.602997 
49.900000 	120.310196 	437.000000 	432.220154 	444.602997 
50.000000 	119.731369 	437.000000 	432.221405 	444.617004 
50.100000 	119.731369 	437.000000 	432.221405 	444.617004 
50.200000 	119.731369 	437.000000 	432.221405 	444.617004 
50.300000 	119.731369 	437.000000 	432.221405 	444.617004 
50.400000 	119.731369 	437.000000 	432.221405 	444.617004 
50.500000 	119.731369 	437.000000 	432.221405 	444.617004 
50.600000 	119.731369 	437.000000 	432.221405 	444.617004 
50.700000 	119.731369 	437.000000 	432.221405 	444.617004 
50.800000 	119.731369 	437.000000 	432.221405 	444.617004 
50.900000 	119.731369 	437.000000 	432.221405 	444.617004 
51.000000 	119.089760 	437.000000 	432.222565 	1003.359985 
51.100000 	119.089760 	437.000000 	432.222565 	1003.359985 
51.200000 	119.089760 	437.000000 	432.222565 	1003.359985 
51.300000 	119.089760 	437.000000 	432.222565 	1003.359985 
51.400000 	119.089760 	437.000000 	432.222565 	1003.359985 
51.500000 	119.089760 	437.000000 	432.222565 	1003.359985 
51.600000 	119.089760 	437.000000 	432.222565 	1003.359985 
51.700000 	119.089760 	437.000000 	432.222565 	1003.359985 
51.800000 	119.089760 	437.000000 	432.222565 	1003.359985 
51.900000 	119.089760 	437.000000 	432.222565 	1003.359985 
52.000000 	118.377708 	437.000000 	432.223602 	1003.359985 
52.100000 	118.377708 	437.000000 	432.223602 	1003.359985 
52.200000 	118.377708 	437.000000 	432.223602 	1003.359985 
52.300000 	118.377708 	437.000000 	432.223602 	1003.359985 
52.400000 	118.377708 	437.000000 	432.223602 	1003.359985 
52.500000 	118.377708 	437.000000 	432.223602 	1003.359985 
52.600000 	118.377708 	437.000000 	432.223602 	1003.359985 
52.700000 	118.377708 	437.000000 	432.223602 	1003.359985 
52.800000 	118.377708 	437.000000 	432.223602 	1003.359985 
52.900000 	118.377708 	437.000000 	432.223602 	1003.359985 
53.000000 	117.586243 	437.000000 	432.224518 	1003.359985 
53.100000 	117.586243 	437.000000 	432.224518 	1003.359985 
53.200000 	117.586243 	437.000000 	432.224518 	1003.359985 
53.300000 	117.586243 	437.000000 	432.224518 	1003.359985 
53.400000 	117.586243 	437.000000 	432.224518 	1003.359985 
53.500000 	117.586243 	437.000000 	432.224518 	1003.359985 
53.600000 	117.586243 	437.000000 	432.224518 	1003.359985 
53.700000 	117.586243 	437.000000 	432.224518 	1003.359985 
53.800000 	117.586243 	437.000000 	432.224518 	1003.359985 
53.900000 	117.586243 	437.000000 	432.224518 	1003.359985 
54.000000 	116.704788 	437.000000 	432.225372 	1003.359985 
54.100000 	116.704788 	437.000000 	432.225372 	1003.359985 
54.200000 	116.704788 	437.000000 	432.225372 	1003.359985 
54.300000 	116.704788 	437.000000 	432.225372 	1003.359985 
54.400000 	116.704788 	437.000000 	432.225372 	1003.359985 
54.500000 	116.704788 	437.000000 	432.225372 	1003.359985 
54.600000 	116.704788 	437.000000 	432.225372 	1003.359985 
54.700000 	116.704788 	437.000000 	432.225372 	1003.359985 
54.800000 	116.704788 	437.000000 	432.225372 	1003.359985 
54.900000 	116.704788 	437.000000 	432.225372 	1003.359985 
55.000000 	115.720764 	437.000000 	432.226074 	1003.359985 
55.100000 	115.720764 	437.000000 	432.226074 	1003.359985 
55.200000 	115.720764 	437.000000 	432.226074 	1003.359985 
55.300000 	115.720764 	437.000000 	432.226074 	1003.359985 
55.400000 	115.720764 	437.000000 	432.226074 	1003.359985 
55.500000 	115.720764 	437.000000 	432.226074 	1003.359985 
55.600000 	115.720764 	437.000000 	432.226074 	1003.359985 
55.700000 	115.720764 	437.000000 	432.226074 	1003.359985 
55.800000 	115.720764 	437.000000 	432.226074 	1003.359985 
55.900000 	115.720764 	437.000000 	432.226074 	1003.359985 
56.000000 	114.619041 	437.000000 	432.226715 	1003.359985 
56.100000 	114.619041 	437.000000 	432.226715 	1003.359985 
56.200000 	114.619041 	437.000000 	432.226715 	1003.359985 
56.300000 	114.619041 	437.000000 	432.226715 	1003.359985 
56.400000 	114.619041 	437.000000 	432.226715 	1003.359985 
56.500000 	114.619041 	437.000000 	432.226715 	1003.359985 
56.600000 	114.619041 	437.000000 	432.226715 	1003.359985 
56.700000 	114.619041 	437.000000 	432.226715 	1003.359985 
56.800000 	114.619041 	437.000000 	432.226715 	1003.359985 
56.900000 	114.619041 	437.000000 	432.226715 	1003.359985 
57.000000 	113.381203 	437.000000 	432.227234 	1003.359985 
57.100000 	113.381203 	437.000000 	432.227234 	1003.359985 
57.200000 	113.381203 	437.000000 	432.227234 	1003.359985 
57.300000 	113.381203 	437.000000 	432.227234 	1003.359985 
57.400000 	113.381203 	437.000000 	432.227234 	1003.359985 
57.500000 	113.381203 	437.000000 	432.227234 	1003.359985 
57.600000 	113.381203 	437.000000 	432.227234 	1003.359985 
57.700000 	113.381203 	437.000000 	432.227234 	1003.359985 
57.800000 	113.381203 	437.000000 	432.227234 	1003.359985 
57.900000 	113.381203 	437.000000 	432.227234 	1003.359985 
58.000000 	111.984566 	437.000000 	432.227631 	1003.359985 
58.100000 	111.984566 	437.000000 	432.227631 	1003.359985 
58.200000 	111.984566 	437.000000 	432.227631 	1003.359985 
58.300000 	111.984566 	437.000000 	432.227631 	1003.359985 
58.400000 	111.984566 	437.000000 	432.227631 	1003.359985 
58.500000 	111.984566 	437.000000 	432.227631 	1003.359985 
58.600000 	111.984566 	437.000000 	432.227631 	1003.359985 
58.700000 	111.984566 	437.000000 	432.227631 	1003.359985 
58.800000 	111.984566 	437.000000 	432.227631 	1003.359985 
58.900000 	111.984566 	437.000000 	432.227631 	1003.359985 
59.000000 	110.400726 	437.000000 	432.227936 	1003.359985 
59.100000 	110.400726 	437.000000 	432.227936 	1003.359985 
59.200000 	110.400726 	437.000000 	432.227936 	1003.359985 
59.300000 	110.400726 	437.000000 	432.227936 	1003.359985 
59.400000 	110.400726 	437.000000 	432.227936 	1003.359985 
59.500000 	110.400726 	437.000000 	432.227936 	1003.359985 
59.600000 	110.400726 	437.000000 	432.227936 	1003.359985 
59.700000 	110.400726 	437.000000 	432.227936 	1003.359985 
59.800000 	110.400726 	437.000000 	432.227936 	1003.359985 
59.900000 	110.400726 	437.000000 	432.227936 	1003.359985 
60.000000 	108.593498 	437.000000 	432.228149 	1003.359985 
