0.500000 	0.000000 	863.000000 	0.000000 	845.557007 
0.600000 	129.945129 	863.000000 	789.503967 	853.825012 
0.700000 	119.987335 	863.000000 	823.245361 	858.523010 
0.800000 	112.457657 	863.000000 	838.860107 	861.219971 
0.900000 	106.898224 	863.000000 	847.030640 	862.830994 
1.000000 	103.040527 	863.000000 	851.688843 	863.836975 
1.100000 	103.040527 	863.000000 	851.688843 	863.836975 
1.200000 	103.040527 	863.000000 	851.688843 	863.836975 
1.300000 	103.040527 	863.000000 	851.688843 	863.836975 
1.400000 	103.040527 	863.000000 	851.688843 	863.836975 
1.500000 	103.040527 	863.000000 	851.688843 	863.836975 
1.600000 	103.040527 	863.000000 	851.688843 	863.836975 
1.700000 	103.040527 	863.000000 	851.688843 	863.836975 
1.800000 	103.040527 	863.000000 	851.688843 	863.836975 
1.900000 	103.040527 	863.000000 	851.688843 	863.836975 
2.000000 	100.620041 	863.000000 	854.507568 	866.039001 
2.100000 	100.620041 	863.000000 	854.507568 	866.039001 
2.200000 	100.620041 	863.000000 	854.507568 	866.039001 
2.300000 	100.620041 	863.000000 	854.507568 	866.039001 
2.400000 	100.620041 	863.000000 	854.507568 	866.039001 
2.500000 	100.620041 	863.000000 	854.507568 	866.039001 
2.600000 	100.620041 	863.000000 	854.507568 	866.039001 
2.700000 	100.620041 	863.000000 	854.507568 	866.039001 
2.800000 	100.620041 	863.000000 	854.507568 	866.039001 
2.900000 	100.620041 	863.000000 	854.507568 	866.039001 
3.000000 	106.605759 	863.000000 	859.355103 	866.271973 
3.100000 	106.605759 	863.000000 	859.355103 	866.271973 
3.200000 	106.605759 	863.000000 	859.355103 	866.271973 
3.300000 	106.605759 	863.000000 	859.355103 	866.271973 
3.400000 	106.605759 	863.000000 	859.355103 	866.271973 
3.500000 	106.605759 	863.000000 	859.355103 	866.271973 
3.600000 	106.605759 	863.000000 	859.355103 	866.271973 
3.700000 	106.605759 	863.000000 	859.355103 	866.271973 
3.800000 	106.605759 	863.000000 	859.355103 	866.271973 
3.900000 	106.605759 	863.000000 	859.355103 	866.271973 
4.000000 	114.949486 	863.000000 	858.993408 	866.348999 
4.100000 	114.949486 	863.000000 	858.993408 	866.348999 
4.200000 	114.949486 	863.000000 	858.993408 	866.348999 
4.300000 	114.949486 	863.000000 	858.993408 	866.348999 
4.400000 	114.949486 	863.000000 	858.993408 	866.348999 
4.500000 	114.949486 	863.000000 	858.993408 	866.348999 
4.600000 	114.949486 	863.000000 	858.993408 	866.348999 
4.700000 	114.949486 	863.000000 	858.993408 	866.348999 
4.800000 	114.949486 	863.000000 	858.993408 	866.348999 
4.900000 	114.949486 	863.000000 	858.993408 	866.348999 
5.000000 	119.050827 	863.000000 	858.710693 	866.388000 
5.100000 	119.050827 	863.000000 	858.710693 	866.388000 
5.200000 	119.050827 	863.000000 	858.710693 	866.388000 
5.300000 	119.050827 	863.000000 	858.710693 	866.388000 
5.400000 	119.050827 	863.000000 	858.710693 	866.388000 
5.500000 	119.050827 	863.000000 	858.710693 	866.388000 
5.600000 	119.050827 	863.000000 	858.710693 	866.388000 
5.700000 	119.050827 	863.000000 	858.710693 	866.388000 
5.800000 	119.050827 	863.000000 	858.710693 	866.388000 
5.900000 	119.050827 	863.000000 	858.710693 	866.388000 
6.000000 	121.200081 	863.000000 	858.563599 	866.414978 
6.100000 	121.200081 	863.000000 	858.563599 	866.414978 
6.200000 	121.200081 	863.000000 	858.563599 	866.414978 
6.300000 	121.200081 	863.000000 	858.563599 	866.414978 
6.400000 	121.200081 	863.000000 	858.563599 	866.414978 
6.500000 	121.200081 	863.000000 	858.563599 	866.414978 
6.600000 	121.200081 	863.000000 	858.563599 	866.414978 
6.700000 	121.200081 	863.000000 	858.563599 	866.414978 
6.800000 	121.200081 	863.000000 	858.563599 	866.414978 
6.900000 	121.200081 	863.000000 	858.563599 	866.414978 
7.000000 	122.438789 	863.000000 	858.488159 	866.434998 
7.100000 	122.438789 	863.000000 	858.488159 	866.434998 
7.200000 	122.438789 	863.000000 	858.488159 	866.434998 
7.300000 	122.438789 	863.000000 	858.488159 	866.434998 
7.400000 	122.438789 	863.000000 	858.488159 	866.434998 
7.500000 	122.438789 	863.000000 	858.488159 	866.434998 
7.600000 	122.438789 	863.000000 	858.488159 	866.434998 
7.700000 	122.438789 	863.000000 	858.488159 	866.434998 
7.800000 	122.438789 	863.000000 	858.488159 	866.434998 
7.900000 	122.438789 	863.000000 	858.488159 	866.434998 
8.000000 	123.210716 	863.000000 	858.449280 	866.452026 
8.100000 	123.210716 	863.000000 	858.449280 	866.452026 
8.200000 	123.210716 	863.000000 	858.449280 	866.452026 
8.300000 	123.210716 	863.000000 	858.449280 	866.452026 
8.400000 	123.210716 	863.000000 	858.449280 	866.452026 
8.500000 	123.210716 	863.000000 	858.449280 	866.452026 
8.600000 	123.210716 	863.000000 	858.449280 	866.452026 
8.700000 	123.210716 	863.000000 	858.449280 	866.452026 
8.800000 	123.210716 	863.000000 	858.449280 	866.452026 
8.900000 	123.210716 	863.000000 	858.449280 	866.452026 
9.000000 	123.722069 	863.000000 	858.429749 	866.466980 
9.100000 	123.722069 	863.000000 	858.429749 	866.466980 
9.200000 	123.722069 	863.000000 	858.429749 	866.466980 
9.300000 	123.722069 	863.000000 	858.429749 	866.466980 
9.400000 	123.722069 	863.000000 	858.429749 	866.466980 
9.500000 	123.722069 	863.000000 	858.429749 	866.466980 
9.600000 	123.722069 	863.000000 	858.429749 	866.466980 
9.700000 	123.722069 	863.000000 	858.429749 	866.466980 
9.800000 	123.722069 	863.000000 	858.429749 	866.466980 
9.900000 	123.722069 	863.000000 	858.429749 	866.466980 
10.000000 	124.077461 	863.000000 	858.420715 	866.481018 
10.100000 	124.077461 	863.000000 	858.420715 	866.481018 
10.200000 	124.077461 	863.000000 	858.420715 	866.481018 
10.300000 	124.077461 	863.000000 	858.420715 	866.481018 
10.400000 	124.077461 	863.000000 	858.420715 	866.481018 
10.500000 	124.077461 	863.000000 	858.420715 	866.481018 
10.600000 	124.077461 	863.000000 	858.420715 	866.481018 
10.700000 	124.077461 	863.000000 	858.420715 	866.481018 
10.800000 	124.077461 	863.000000 	858.420715 	866.481018 
10.900000 	124.077461 	863.000000 	858.420715 	866.481018 
11.000000 	124.334061 	863.000000 	858.417664 	866.494995 
11.100000 	124.334061 	863.000000 	858.417664 	866.494995 
11.200000 	124.334061 	863.000000 	858.417664 	866.494995 
11.300000 	124.334061 	863.000000 	858.417664 	866.494995 
11.400000 	124.334061 	863.000000 	858.417664 	866.494995 
11.500000 	124.334061 	863.000000 	858.417664 	866.494995 
11.600000 	124.334061 	863.000000 	858.417664 	866.494995 
11.700000 	124.334061 	863.000000 	858.417664 	866.494995 
11.800000 	124.334061 	863.000000 	858.417664 	866.494995 
11.900000 	124.334061 	863.000000 	858.417664 	866.494995 
12.000000 	124.525024 	863.000000 	858.418030 	866.507996 
12.100000 	124.525024 	863.000000 	858.418030 	866.507996 
12.200000 	124.525024 	863.000000 	858.418030 	866.507996 
12.300000 	124.525024 	863.000000 	858.418030 	866.507996 
12.400000 	124.525024 	863.000000 	858.418030 	866.507996 
12.500000 	124.525024 	863.000000 	858.418030 	866.507996 
12.600000 	124.525024 	863.000000 	858.418030 	866.507996 
12.700000 	124.525024 	863.000000 	858.418030 	866.507996 
12.800000 	124.525024 	863.000000 	858.418030 	866.507996 
12.900000 	124.525024 	863.000000 	858.418030 	866.507996 
13.000000 	124.670570 	863.000000 	858.420349 	866.520996 
13.100000 	124.670570 	863.000000 	858.420349 	866.520996 
13.200000 	124.670570 	863.000000 	858.420349 	866.520996 
13.300000 	124.670570 	863.000000 	858.420349 	866.520996 
13.400000 	124.670570 	863.000000 	858.420349 	866.520996 
13.500000 	124.670570 	863.000000 	858.420349 	866.520996 
13.600000 	124.670570 	863.000000 	858.420349 	866.520996 
13.700000 	124.670570 	863.000000 	858.420349 	866.520996 
13.800000 	124.670570 	863.000000 	858.420349 	866.520996 
13.900000 	124.670570 	863.000000 	858.420349 	866.520996 
14.000000 	124.783508 	863.000000 	858.423767 	866.533997 
14.100000 	124.783508 	863.000000 	858.423767 	866.533997 
14.200000 	124.783508 	863.000000 	858.423767 	866.533997 
14.300000 	124.783508 	863.000000 	858.423767 	866.533997 
14.400000 	124.783508 	863.000000 	858.423767 	866.533997 
14.500000 	124.783508 	863.000000 	858.423767 	866.533997 
14.600000 	124.783508 	863.000000 	858.423767 	866.533997 
14.700000 	124.783508 	863.000000 	858.423767 	866.533997 
14.800000 	124.783508 	863.000000 	858.423767 	866.533997 
14.900000 	124.783508 	863.000000 	858.423767 	866.533997 
15.000000 	124.872231 	863.000000 	858.427734 	866.546021 
15.100000 	124.872231 	863.000000 	858.427734 	866.546021 
15.200000 	124.872231 	863.000000 	858.427734 	866.546021 
15.300000 	124.872231 	863.000000 	858.427734 	866.546021 
15.400000 	124.872231 	863.000000 	858.427734 	866.546021 
15.500000 	124.872231 	863.000000 	858.427734 	866.546021 
15.600000 	124.872231 	863.000000 	858.427734 	866.546021 
15.700000 	124.872231 	863.000000 	858.427734 	866.546021 
15.800000 	124.872231 	863.000000 	858.427734 	866.546021 
15.900000 	124.872231 	863.000000 	858.427734 	866.546021 
16.000000 	124.942368 	863.000000 	858.431946 	866.559021 
16.100000 	124.942368 	863.000000 	858.431946 	866.559021 
16.200000 	124.942368 	863.000000 	858.431946 	866.559021 
16.300000 	124.942368 	863.000000 	858.431946 	866.559021 
16.400000 	124.942368 	863.000000 	858.431946 	866.559021 
16.500000 	124.942368 	863.000000 	858.431946 	866.559021 
16.600000 	124.942368 	863.000000 	858.431946 	866.559021 
16.700000 	124.942368 	863.000000 	858.431946 	866.559021 
16.800000 	124.942368 	863.000000 	858.431946 	866.559021 
16.900000 	124.942368 	863.000000 	858.431946 	866.559021 
17.000000 	124.997757 	863.000000 	858.436218 	866.570984 
17.100000 	124.997757 	863.000000 	858.436218 	866.570984 
17.200000 	124.997757 	863.000000 	858.436218 	866.570984 
17.300000 	124.997757 	863.000000 	858.436218 	866.570984 
17.400000 	124.997757 	863.000000 	858.436218 	866.570984 
17.500000 	124.997757 	863.000000 	858.436218 	866.570984 
17.600000 	124.997757 	863.000000 	858.436218 	866.570984 
17.700000 	124.997757 	863.000000 	858.436218 	866.570984 
17.800000 	124.997757 	863.000000 	858.436218 	866.570984 
17.900000 	124.997757 	863.000000 	858.436218 	866.570984 
18.000000 	125.041054 	863.000000 	858.440491 	866.583008 
18.100000 	125.041054 	863.000000 	858.440491 	866.583008 
18.200000 	125.041054 	863.000000 	858.440491 	866.583008 
18.300000 	125.041054 	863.000000 	858.440491 	866.583008 
18.400000 	125.041054 	863.000000 	858.440491 	866.583008 
18.500000 	125.041054 	863.000000 	858.440491 	866.583008 
18.600000 	125.041054 	863.000000 	858.440491 	866.583008 
18.700000 	125.041054 	863.000000 	858.440491 	866.583008 
18.800000 	125.041054 	863.000000 	858.440491 	866.583008 
18.900000 	125.041054 	863.000000 	858.440491 	866.583008 
19.000000 	125.074089 	863.000000 	858.444580 	866.594971 
19.100000 	125.074089 	863.000000 	858.444580 	866.594971 
19.200000 	125.074089 	863.000000 	858.444580 	866.594971 
19.300000 	125.074089 	863.000000 	858.444580 	866.594971 
19.400000 	125.074089 	863.000000 	858.444580 	866.594971 
19.500000 	125.074089 	863.000000 	858.444580 	866.594971 
19.600000 	125.074089 	863.000000 	858.444580 	866.594971 
19.700000 	125.074089 	863.000000 	858.444580 	866.594971 
19.800000 	125.074089 	863.000000 	858.444580 	866.594971 
19.900000 	125.074089 	863.000000 	858.444580 	866.594971 
20.000000 	125.098114 	863.000000 	858.448486 	866.606995 
20.100000 	125.098114 	863.000000 	858.448486 	866.606995 
20.200000 	125.098114 	863.000000 	858.448486 	866.606995 
20.300000 	125.098114 	863.000000 	858.448486 	866.606995 
20.400000 	125.098114 	863.000000 	858.448486 	866.606995 
20.500000 	125.098114 	863.000000 	858.448486 	866.606995 
20.600000 	125.098114 	863.000000 	858.448486 	866.606995 
20.700000 	125.098114 	863.000000 	858.448486 	866.606995 
20.800000 	125.098114 	863.000000 	858.448486 	866.606995 
20.900000 	125.098114 	863.000000 	858.448486 	866.606995 
21.000000 	125.113960 	863.000000 	858.452209 	866.619019 
21.100000 	125.113960 	863.000000 	858.452209 	866.619019 
21.200000 	125.113960 	863.000000 	858.452209 	866.619019 
21.300000 	125.113960 	863.000000 	858.452209 	866.619019 
21.400000 	125.113960 	863.000000 	858.452209 	866.619019 
21.500000 	125.113960 	863.000000 	858.452209 	866.619019 
21.600000 	125.113960 	863.000000 	858.452209 	866.619019 
21.700000 	125.113960 	863.000000 	858.452209 	866.619019 
21.800000 	125.113960 	863.000000 	858.452209 	866.619019 
21.900000 	125.113960 	863.000000 	858.452209 	866.619019 
22.000000 	125.122147 	863.000000 	858.455811 	866.630005 
22.100000 	125.122147 	863.000000 	858.455811 	866.630005 
22.200000 	125.122147 	863.000000 	858.455811 	866.630005 
22.300000 	125.122147 	863.000000 	858.455811 	866.630005 
22.400000 	125.122147 	863.000000 	858.455811 	866.630005 
22.500000 	125.122147 	863.000000 	858.455811 	866.630005 
22.600000 	125.122147 	863.000000 	858.455811 	866.630005 
22.700000 	125.122147 	863.000000 	858.455811 	866.630005 
22.800000 	125.122147 	863.000000 	858.455811 	866.630005 
22.900000 	125.122147 	863.000000 	858.455811 	866.630005 
23.000000 	125.122948 	863.000000 	858.459167 	866.642029 
23.100000 	125.122948 	863.000000 	858.459167 	866.642029 
23.200000 	125.122948 	863.000000 	858.459167 	866.642029 
23.300000 	125.122948 	863.000000 	858.459167 	866.642029 
23.400000 	125.122948 	863.000000 	858.459167 	866.642029 
23.500000 	125.122948 	863.000000 	858.459167 	866.642029 
23.600000 	125.122948 	863.000000 	858.459167 	866.642029 
23.700000 	125.122948 	863.000000 	858.459167 	866.642029 
23.800000 	125.122948 	863.000000 	858.459167 	866.642029 
23.900000 	125.122948 	863.000000 	858.459167 	866.642029 
24.000000 	125.116440 	863.000000 	858.462341 	866.653015 
24.100000 	125.116440 	863.000000 	858.462341 	866.653015 
24.200000 	125.116440 	863.000000 	858.462341 	866.653015 
24.300000 	125.116440 	863.000000 	858.462341 	866.653015 
24.400000 	125.116440 	863.000000 	858.462341 	866.653015 
24.500000 	125.116440 	863.000000 	858.462341 	866.653015 
24.600000 	125.116440 	863.000000 	858.462341 	866.653015 
24.700000 	125.116440 	863.000000 	858.462341 	866.653015 
24.800000 	125.116440 	863.000000 	858.462341 	866.653015 
24.900000 	125.116440 	863.000000 	858.462341 	866.653015 
25.000000 	125.102562 	863.000000 	858.465332 	866.664001 
25.100000 	125.102562 	863.000000 	858.465332 	866.664001 
25.200000 	125.102562 	863.000000 	858.465332 	866.664001 
25.300000 	125.102562 	863.000000 	858.465332 	866.664001 
25.400000 	125.102562 	863.000000 	858.465332 	866.664001 
25.500000 	125.102562 	863.000000 	858.465332 	866.664001 
25.600000 	125.102562 	863.000000 	858.465332 	866.664001 
25.700000 	125.102562 	863.000000 	858.465332 	866.664001 
25.800000 	125.102562 	863.000000 	858.465332 	866.664001 
25.900000 	125.102562 	863.000000 	858.465332 	866.664001 
26.000000 	125.081108 	863.000000 	858.468079 	866.674988 
26.100000 	125.081108 	863.000000 	858.468079 	866.674988 
26.200000 	125.081108 	863.000000 	858.468079 	866.674988 
26.300000 	125.081108 	863.000000 	858.468079 	866.674988 
26.400000 	125.081108 	863.000000 	858.468079 	866.674988 
26.500000 	125.081108 	863.000000 	858.468079 	866.674988 
26.600000 	125.081108 	863.000000 	858.468079 	866.674988 
26.700000 	125.081108 	863.000000 	858.468079 	866.674988 
26.800000 	125.081108 	863.000000 	858.468079 	866.674988 
26.900000 	125.081108 	863.000000 	858.468079 	866.674988 
27.000000 	125.051758 	863.000000 	858.470703 	866.685974 
27.100000 	125.051758 	863.000000 	858.470703 	866.685974 
27.200000 	125.051758 	863.000000 	858.470703 	866.685974 
27.300000 	125.051758 	863.000000 	858.470703 	866.685974 
27.400000 	125.051758 	863.000000 	858.470703 	866.685974 
27.500000 	125.051758 	863.000000 	858.470703 	866.685974 
27.600000 	125.051758 	863.000000 	858.470703 	866.685974 
27.700000 	125.051758 	863.000000 	858.470703 	866.685974 
27.800000 	125.051758 	863.000000 	858.470703 	866.685974 
27.900000 	125.051758 	863.000000 	858.470703 	866.685974 
28.000000 	125.014091 	863.000000 	858.473083 	866.695984 
28.100000 	125.014091 	863.000000 	858.473083 	866.695984 
28.200000 	125.014091 	863.000000 	858.473083 	866.695984 
28.300000 	125.014091 	863.000000 	858.473083 	866.695984 
28.400000 	125.014091 	863.000000 	858.473083 	866.695984 
28.500000 	125.014091 	863.000000 	858.473083 	866.695984 
28.600000 	125.014091 	863.000000 	858.473083 	866.695984 
28.700000 	125.014091 	863.000000 	858.473083 	866.695984 
28.800000 	125.014091 	863.000000 	858.473083 	866.695984 
28.900000 	125.014091 	863.000000 	858.473083 	866.695984 
29.000000 	124.967583 	863.000000 	858.475281 	866.705994 
29.100000 	124.967583 	863.000000 	858.475281 	866.705994 
29.200000 	124.967583 	863.000000 	858.475281 	866.705994 
29.300000 	124.967583 	863.000000 	858.475281 	866.705994 
29.400000 	124.967583 	863.000000 	858.475281 	866.705994 
29.500000 	124.967583 	863.000000 	858.475281 	866.705994 
29.600000 	124.967583 	863.000000 	858.475281 	866.705994 
29.700000 	124.967583 	863.000000 	858.475281 	866.705994 
29.800000 	124.967583 	863.000000 	858.475281 	866.705994 
29.900000 	124.967583 	863.000000 	858.475281 	866.705994 
30.000000 	124.911636 	863.000000 	858.477295 	866.716003 
30.100000 	124.911636 	863.000000 	858.477295 	866.716003 
30.200000 	124.911636 	863.000000 	858.477295 	866.716003 
30.300000 	124.911636 	863.000000 	858.477295 	866.716003 
30.400000 	124.911636 	863.000000 	858.477295 	866.716003 
30.500000 	124.911636 	863.000000 	858.477295 	866.716003 
30.600000 	124.911636 	863.000000 	858.477295 	866.716003 
30.700000 	124.911636 	863.000000 	858.477295 	866.716003 
30.800000 	124.911636 	863.000000 	858.477295 	866.716003 
30.900000 	124.911636 	863.000000 	858.477295 	866.716003 
31.000000 	124.845551 	863.000000 	858.479187 	866.724976 
31.100000 	124.845551 	863.000000 	858.479187 	866.724976 
31.200000 	124.845551 	863.000000 	858.479187 	866.724976 
31.300000 	124.845551 	863.000000 	858.479187 	866.724976 
31.400000 	124.845551 	863.000000 	858.479187 	866.724976 
31.500000 	124.845551 	863.000000 	858.479187 	866.724976 
31.600000 	124.845551 	863.000000 	858.479187 	866.724976 
31.700000 	124.845551 	863.000000 	858.479187 	866.724976 
31.800000 	124.845551 	863.000000 	858.479187 	866.724976 
31.900000 	124.845551 	863.000000 	858.479187 	866.724976 
32.000000 	124.768524 	863.000000 	858.480896 	866.734985 
32.100000 	124.768524 	863.000000 	858.480896 	866.734985 
32.200000 	124.768524 	863.000000 	858.480896 	866.734985 
32.300000 	124.768524 	863.000000 	858.480896 	866.734985 
32.400000 	124.768524 	863.000000 	858.480896 	866.734985 
32.500000 	124.768524 	863.000000 	858.480896 	866.734985 
32.600000 	124.768524 	863.000000 	858.480896 	866.734985 
32.700000 	124.768524 	863.000000 	858.480896 	866.734985 
32.800000 	124.768524 	863.000000 	858.480896 	866.734985 
32.900000 	124.768524 	863.000000 	858.480896 	866.734985 
33.000000 	124.679680 	863.000000 	858.482483 	866.770996 
33.100000 	124.679680 	863.000000 	858.482483 	866.770996 
33.200000 	124.679680 	863.000000 	858.482483 	866.770996 
33.300000 	124.679680 	863.000000 	858.482483 	866.770996 
33.400000 	124.679680 	863.000000 	858.482483 	866.770996 
33.500000 	124.679680 	863.000000 	858.482483 	866.770996 
33.600000 	124.679680 	863.000000 	858.482483 	866.770996 
33.700000 	124.679680 	863.000000 	858.482483 	866.770996 
33.800000 	124.679680 	863.000000 	858.482483 	866.770996 
33.900000 	124.679680 	863.000000 	858.482483 	866.770996 
34.000000 	124.578026 	863.000000 	858.483887 	866.781006 
34.100000 	124.578026 	863.000000 	858.483887 	866.781006 
34.200000 	124.578026 	863.000000 	858.483887 	866.781006 
34.300000 	124.578026 	863.000000 	858.483887 	866.781006 
34.400000 	124.578026 	863.000000 	858.483887 	866.781006 
34.500000 	124.578026 	863.000000 	858.483887 	866.781006 
34.600000 	124.578026 	863.000000 	858.483887 	866.781006 
34.700000 	124.578026 	863.000000 	858.483887 	866.781006 
34.800000 	124.578026 	863.000000 	858.483887 	866.781006 
34.900000 	124.578026 	863.000000 	858.483887 	866.781006 
35.000000 	124.462479 	863.000000 	858.485107 	866.789978 
35.100000 	124.462479 	863.000000 	858.485107 	866.789978 
35.200000 	124.462479 	863.000000 	858.485107 	866.789978 
35.300000 	124.462479 	863.000000 	858.485107 	866.789978 
35.400000 	124.462479 	863.000000 	858.485107 	866.789978 
35.500000 	124.462479 	863.000000 	858.485107 	866.789978 
35.600000 	124.462479 	863.000000 	858.485107 	866.789978 
35.700000 	124.462479 	863.000000 	858.485107 	866.789978 
35.800000 	124.462479 	863.000000 	858.485107 	866.789978 
35.900000 	124.462479 	863.000000 	858.485107 	866.789978 
36.000000 	124.331825 	863.000000 	858.486267 	866.799011 
36.100000 	124.331825 	863.000000 	858.486267 	866.799011 
36.200000 	124.331825 	863.000000 	858.486267 	866.799011 
36.300000 	124.331825 	863.000000 	858.486267 	866.799011 
36.400000 	124.331825 	863.000000 	858.486267 	866.799011 
36.500000 	124.331825 	863.000000 	858.486267 	866.799011 
36.600000 	124.331825 	863.000000 	858.486267 	866.799011 
36.700000 	124.331825 	863.000000 	858.486267 	866.799011 
36.800000 	124.331825 	863.000000 	858.486267 	866.799011 
36.900000 	124.331825 	863.000000 	858.486267 	866.799011 
37.000000 	124.184738 	863.000000 	858.487244 	866.807983 
37.100000 	124.184738 	863.000000 	858.487244 	866.807983 
37.200000 	124.184738 	863.000000 	858.487244 	866.807983 
37.300000 	124.184738 	863.000000 	858.487244 	866.807983 
37.400000 	124.184738 	863.000000 	858.487244 	866.807983 
37.500000 	124.184738 	863.000000 	858.487244 	866.807983 
37.600000 	124.184738 	863.000000 	858.487244 	866.807983 
37.700000 	124.184738 	863.000000 	858.487244 	866.807983 
37.800000 	124.184738 	863.000000 	858.487244 	866.807983 
37.900000 	124.184738 	863.000000 	858.487244 	866.807983 
38.000000 	124.019753 	863.000000 	858.488098 	866.817017 
38.100000 	124.019753 	863.000000 	858.488098 	866.817017 
38.200000 	124.019753 	863.000000 	858.488098 	866.817017 
38.300000 	124.019753 	863.000000 	858.488098 	866.817017 
38.400000 	124.019753 	863.000000 	858.488098 	866.817017 
38.500000 	124.019753 	863.000000 	858.488098 	866.817017 
38.600000 	124.019753 	863.000000 	858.488098 	866.817017 
38.700000 	124.019753 	863.000000 	858.488098 	866.817017 
38.800000 	124.019753 	863.000000 	858.488098 	866.817017 
38.900000 	124.019753 	863.000000 	858.488098 	866.817017 
39.000000 	123.835243 	863.000000 	858.488770 	866.825012 
39.100000 	123.835243 	863.000000 	858.488770 	866.825012 
39.200000 	123.835243 	863.000000 	858.488770 	866.825012 
39.300000 	123.835243 	863.000000 	858.488770 	866.825012 
39.400000 	123.835243 	863.000000 	858.488770 	866.825012 
39.500000 	123.835243 	863.000000 	858.488770 	866.825012 
39.600000 	123.835243 	863.000000 	858.488770 	866.825012 
39.700000 	123.835243 	863.000000 	858.488770 	866.825012 
39.800000 	123.835243 	863.000000 	858.488770 	866.825012 
39.900000 	123.835243 	863.000000 	858.488770 	866.825012 
40.000000 	123.629417 	863.000000 	858.489380 	866.831970 
40.100000 	123.629417 	863.000000 	858.489380 	866.831970 
40.200000 	123.629417 	863.000000 	858.489380 	866.831970 
40.300000 	123.629417 	863.000000 	858.489380 	866.831970 
40.400000 	123.629417 	863.000000 	858.489380 	866.831970 
40.500000 	123.629417 	863.000000 	858.489380 	866.831970 
40.600000 	123.629417 	863.000000 	858.489380 	866.831970 
40.700000 	123.629417 	863.000000 	858.489380 	866.831970 
40.800000 	123.629417 	863.000000 	858.489380 	866.831970 
40.900000 	123.629417 	863.000000 	858.489380 	866.831970 
41.000000 	123.400307 	863.000000 	858.489868 	866.840027 
41.100000 	123.400307 	863.000000 	858.489868 	866.840027 
41.200000 	123.400307 	863.000000 	858.489868 	866.840027 
41.300000 	123.400307 	863.000000 	858.489868 	866.840027 
41.400000 	123.400307 	863.000000 	858.489868 	866.840027 
41.500000 	123.400307 	863.000000 	858.489868 	866.840027 
41.600000 	123.400307 	863.000000 	858.489868 	866.840027 
41.700000 	123.400307 	863.000000 	858.489868 	866.840027 
41.800000 	123.400307 	863.000000 	858.489868 	866.840027 
41.900000 	123.400307 	863.000000 	858.489868 	866.840027 
42.000000 	123.145699 	863.000000 	858.490173 	866.846008 
42.100000 	123.145699 	863.000000 	858.490173 	866.846008 
42.200000 	123.145699 	863.000000 	858.490173 	866.846008 
42.300000 	123.145699 	863.000000 	858.490173 	866.846008 
42.400000 	123.145699 	863.000000 	858.490173 	866.846008 
42.500000 	123.145699 	863.000000 	858.490173 	866.846008 
42.600000 	123.145699 	863.000000 	858.490173 	866.846008 
42.700000 	123.145699 	863.000000 	858.490173 	866.846008 
42.800000 	123.145699 	863.000000 	858.490173 	866.846008 
42.900000 	123.145699 	863.000000 	858.490173 	866.846008 
43.000000 	122.863159 	863.000000 	858.490356 	866.853027 
43.100000 	122.863159 	863.000000 	858.490356 	866.853027 
43.200000 	122.863159 	863.000000 	858.490356 	866.853027 
43.300000 	122.863159 	863.000000 	858.490356 	866.853027 
43.400000 	122.863159 	863.000000 	858.490356 	866.853027 
43.500000 	122.863159 	863.000000 	858.490356 	866.853027 
43.600000 	122.863159 	863.000000 	858.490356 	866.853027 
43.700000 	122.863159 	863.000000 	858.490356 	866.853027 
43.800000 	122.863159 	863.000000 	858.490356 	866.853027 
43.900000 	122.863159 	863.000000 	858.490356 	866.853027 
44.000000 	122.549965 	863.000000 	858.490479 	866.857971 
44.100000 	122.549965 	863.000000 	858.490479 	866.857971 
44.200000 	122.549965 	863.000000 	858.490479 	866.857971 
44.300000 	122.549965 	863.000000 	858.490479 	866.857971 
44.400000 	122.549965 	863.000000 	858.490479 	866.857971 
44.500000 	122.549965 	863.000000 	858.490479 	866.857971 
44.600000 	122.549965 	863.000000 	858.490479 	866.857971 
44.700000 	122.549965 	863.000000 	858.490479 	866.857971 
44.800000 	122.549965 	863.000000 	858.490479 	866.857971 
44.900000 	122.549965 	863.000000 	858.490479 	866.857971 
45.000000 	122.203049 	863.000000 	858.490417 	866.864014 
45.100000 	122.203049 	863.000000 	858.490417 	866.864014 
45.200000 	122.203049 	863.000000 	858.490417 	866.864014 
45.300000 	122.203049 	863.000000 	858.490417 	866.864014 
45.400000 	122.203049 	863.000000 	858.490417 	866.864014 
45.500000 	122.203049 	863.000000 	858.490417 	866.864014 
45.600000 	122.203049 	863.000000 	858.490417 	866.864014 
45.700000 	122.203049 	863.000000 	858.490417 	866.864014 
45.800000 	122.203049 	863.000000 	858.490417 	866.864014 
45.900000 	122.203049 	863.000000 	858.490417 	866.864014 
46.000000 	121.819000 	863.000000 	858.490234 	866.869019 
46.100000 	121.819000 	863.000000 	858.490234 	866.869019 
46.200000 	121.819000 	863.000000 	858.490234 	866.869019 
46.300000 	121.819000 	863.000000 	858.490234 	866.869019 
46.400000 	121.819000 	863.000000 	858.490234 	866.869019 
46.500000 	121.819000 	863.000000 	858.490234 	866.869019 
46.600000 	121.819000 	863.000000 	858.490234 	866.869019 
46.700000 	121.819000 	863.000000 	858.490234 	866.869019 
46.800000 	121.819000 	863.000000 	858.490234 	866.869019 
46.900000 	121.819000 	863.000000 	858.490234 	866.869019 
47.000000 	121.393944 	863.000000 	858.489929 	866.872986 
47.100000 	121.393944 	863.000000 	858.489929 	866.872986 
47.200000 	121.393944 	863.000000 	858.489929 	866.872986 
47.300000 	121.393944 	863.000000 	858.489929 	866.872986 
47.400000 	121.393944 	863.000000 	858.489929 	866.872986 
47.500000 	121.393944 	863.000000 	858.489929 	866.872986 
47.600000 	121.393944 	863.000000 	858.489929 	866.872986 
47.700000 	121.393944 	863.000000 	858.489929 	866.872986 
47.800000 	121.393944 	863.000000 	858.489929 	866.872986 
47.900000 	121.393944 	863.000000 	858.489929 	866.872986 
48.000000 	120.923492 	863.000000 	858.489502 	866.877014 
48.100000 	120.923492 	863.000000 	858.489502 	866.877014 
48.200000 	120.923492 	863.000000 	858.489502 	866.877014 
48.300000 	120.923492 	863.000000 	858.489502 	866.877014 
48.400000 	120.923492 	863.000000 	858.489502 	866.877014 
48.500000 	120.923492 	863.000000 	858.489502 	866.877014 
48.600000 	120.923492 	863.000000 	858.489502 	866.877014 
48.700000 	120.923492 	863.000000 	858.489502 	866.877014 
48.800000 	120.923492 	863.000000 	858.489502 	866.877014 
48.900000 	120.923492 	863.000000 	858.489502 	866.877014 
49.000000 	120.402649 	863.000000 	858.488953 	866.880005 
49.100000 	120.402649 	863.000000 	858.488953 	866.880005 
49.200000 	120.402649 	863.000000 	858.488953 	866.880005 
49.300000 	120.402649 	863.000000 	858.488953 	866.880005 
49.400000 	120.402649 	863.000000 	858.488953 	866.880005 
49.500000 	120.402649 	863.000000 	858.488953 	866.880005 
49.600000 	120.402649 	863.000000 	858.488953 	866.880005 
49.700000 	120.402649 	863.000000 	858.488953 	866.880005 
49.800000 	120.402649 	863.000000 	858.488953 	866.880005 
49.900000 	120.402649 	863.000000 	858.488953 	866.880005 
50.000000 	119.825706 	863.000000 	858.488281 	866.882019 
50.100000 	119.825706 	863.000000 	858.488281 	866.882019 
50.200000 	119.825706 	863.000000 	858.488281 	866.882019 
50.300000 	119.825706 	863.000000 	858.488281 	866.882019 
50.400000 	119.825706 	863.000000 	858.488281 	866.882019 
50.500000 	119.825706 	863.000000 	858.488281 	866.882019 
50.600000 	119.825706 	863.000000 	858.488281 	866.882019 
50.700000 	119.825706 	863.000000 	858.488281 	866.882019 
50.800000 	119.825706 	863.000000 	858.488281 	866.882019 
50.900000 	119.825706 	863.000000 	858.488281 	866.882019 
51.000000 	119.186050 	863.000000 	858.487427 	1003.359985 
51.100000 	119.186050 	863.000000 	858.487427 	1003.359985 
51.200000 	119.186050 	863.000000 	858.487427 	1003.359985 
51.300000 	119.186050 	863.000000 	858.487427 	1003.359985 
51.400000 	119.186050 	863.000000 	858.487427 	1003.359985 
51.500000 	119.186050 	863.000000 	858.487427 	1003.359985 
51.600000 	119.186050 	863.000000 	858.487427 	1003.359985 
51.700000 	119.186050 	863.000000 	858.487427 	1003.359985 
51.800000 	119.186050 	863.000000 	858.487427 	1003.359985 
51.900000 	119.186050 	863.000000 	858.487427 	1003.359985 
52.000000 	118.476036 	863.000000 	858.486511 	1003.359985 
52.100000 	118.476036 	863.000000 	858.486511 	1003.359985 
52.200000 	118.476036 	863.000000 	858.486511 	1003.359985 
52.300000 	118.476036 	863.000000 	858.486511 	1003.359985 
52.400000 	118.476036 	863.000000 	858.486511 	1003.359985 
52.500000 	118.476036 	863.000000 	858.486511 	1003.359985 
52.600000 	118.476036 	863.000000 	858.486511 	1003.359985 
52.700000 	118.476036 	863.000000 	858.486511 	1003.359985 
52.800000 	118.476036 	863.000000 	858.486511 	1003.359985 
52.900000 	118.476036 	863.000000 	858.486511 	1003.359985 
53.000000 	117.686707 	863.000000 	858.485413 	1003.359985 
53.100000 	117.686707 	863.000000 	858.485413 	1003.359985 
53.200000 	117.686707 	863.000000 	858.485413 	1003.359985 
53.300000 	117.686707 	863.000000 	858.485413 	1003.359985 
53.400000 	117.686707 	863.000000 	858.485413 	1003.359985 
53.500000 	117.686707 	863.000000 	858.485413 	1003.359985 
53.600000 	117.686707 	863.000000 	858.485413 	1003.359985 
53.700000 	117.686707 	863.000000 	858.485413 	1003.359985 
53.800000 	117.686707 	863.000000 	858.485413 	1003.359985 
53.900000 	117.686707 	863.000000 	858.485413 	1003.359985 
54.000000 	116.807510 	863.000000 	858.484192 	1003.359985 
54.100000 	116.807510 	863.000000 	858.484192 	1003.359985 
54.200000 	116.807510 	863.000000 	858.484192 	1003.359985 
54.300000 	116.807510 	863.000000 	858.484192 	1003.359985 
54.400000 	116.807510 	863.000000 	858.484192 	1003.359985 
54.500000 	116.807510 	863.000000 	858.484192 	1003.359985 
54.600000 	116.807510 	863.000000 	858.484192 	1003.359985 
54.700000 	116.807510 	863.000000 	858.484192 	1003.359985 
54.800000 	116.807510 	863.000000 	858.484192 	1003.359985 
54.900000 	116.807510 	863.000000 	858.484192 	1003.359985 
55.000000 	115.825867 	863.000000 	858.482849 	1003.359985 
55.100000 	115.825867 	863.000000 	858.482849 	1003.359985 
55.200000 	115.825867 	863.000000 	858.482849 	1003.359985 
55.300000 	115.825867 	863.000000 	858.482849 	1003.359985 
55.400000 	115.825867 	863.000000 	858.482849 	1003.359985 
55.500000 	115.825867 	863.000000 	858.482849 	1003.359985 
55.600000 	115.825867 	863.000000 	858.482849 	1003.359985 
55.700000 	115.825867 	863.000000 	858.482849 	1003.359985 
55.800000 	115.825867 	863.000000 	858.482849 	1003.359985 
55.900000 	115.825867 	863.000000 	858.482849 	1003.359985 
56.000000 	114.726692 	863.000000 	858.481323 	1003.359985 
56.100000 	114.726692 	863.000000 	858.481323 	1003.359985 
56.200000 	114.726692 	863.000000 	858.481323 	1003.359985 
56.300000 	114.726692 	863.000000 	858.481323 	1003.359985 
56.400000 	114.726692 	863.000000 	858.481323 	1003.359985 
56.500000 	114.726692 	863.000000 	858.481323 	1003.359985 
56.600000 	114.726692 	863.000000 	858.481323 	1003.359985 
56.700000 	114.726692 	863.000000 	858.481323 	1003.359985 
56.800000 	114.726692 	863.000000 	858.481323 	1003.359985 
56.900000 	114.726692 	863.000000 	858.481323 	1003.359985 
57.000000 	113.491600 	863.000000 	858.479675 	1003.359985 
57.100000 	113.491600 	863.000000 	858.479675 	1003.359985 
57.200000 	113.491600 	863.000000 	858.479675 	1003.359985 
57.300000 	113.491600 	863.000000 	858.479675 	1003.359985 
57.400000 	113.491600 	863.000000 	858.479675 	1003.359985 
57.500000 	113.491600 	863.000000 	858.479675 	1003.359985 
57.600000 	113.491600 	863.000000 	858.479675 	1003.359985 
57.700000 	113.491600 	863.000000 	858.479675 	1003.359985 
57.800000 	113.491600 	863.000000 	858.479675 	1003.359985 
57.900000 	113.491600 	863.000000 	858.479675 	1003.359985 
58.000000 	112.097923 	863.000000 	858.477844 	1003.359985 
58.100000 	112.097923 	863.000000 	858.477844 	1003.359985 
58.200000 	112.097923 	863.000000 	858.477844 	1003.359985 
58.300000 	112.097923 	863.000000 	858.477844 	1003.359985 
58.400000 	112.097923 	863.000000 	858.477844 	1003.359985 
58.500000 	112.097923 	863.000000 	858.477844 	1003.359985 
58.600000 	112.097923 	863.000000 	858.477844 	1003.359985 
58.700000 	112.097923 	863.000000 	858.477844 	1003.359985 
58.800000 	112.097923 	863.000000 	858.477844 	1003.359985 
58.900000 	112.097923 	863.000000 	858.477844 	1003.359985 
59.000000 	110.517326 	863.000000 	858.475891 	1003.359985 
59.100000 	110.517326 	863.000000 	858.475891 	1003.359985 
59.200000 	110.517326 	863.000000 	858.475891 	1003.359985 
59.300000 	110.517326 	863.000000 	858.475891 	1003.359985 
59.400000 	110.517326 	863.000000 	858.475891 	1003.359985 
59.500000 	110.517326 	863.000000 	858.475891 	1003.359985 
59.600000 	110.517326 	863.000000 	858.475891 	1003.359985 
59.700000 	110.517326 	863.000000 	858.475891 	1003.359985 
59.800000 	110.517326 	863.000000 	858.475891 	1003.359985 
59.900000 	110.517326 	863.000000 	858.475891 	1003.359985 
60.000000 	108.713684 	863.000000 	858.473816 	1003.359985 
