0.500000 	0.000000 	792.000000 	0.000000 	775.721985 
0.600000 	130.463562 	792.000000 	714.996704 	783.614014 
0.700000 	120.334572 	792.000000 	752.016541 	788.093994 
0.800000 	112.704239 	792.000000 	768.648865 	790.671021 
0.900000 	107.079620 	792.000000 	777.183105 	792.215027 
1.000000 	103.175209 	792.000000 	781.977722 	793.182983 
1.100000 	103.175209 	792.000000 	781.977722 	793.182983 
1.200000 	103.175209 	792.000000 	781.977722 	793.182983 
1.300000 	103.175209 	792.000000 	781.977722 	793.182983 
1.400000 	103.175209 	792.000000 	781.977722 	793.182983 
1.500000 	103.175209 	792.000000 	781.977722 	793.182983 
1.600000 	103.175209 	792.000000 	781.977722 	793.182983 
1.700000 	103.175209 	792.000000 	781.977722 	793.182983 
1.800000 	103.175209 	792.000000 	781.977722 	793.182983 
1.900000 	103.175209 	792.000000 	781.977722 	793.182983 
2.000000 	100.718933 	792.000000 	784.843384 	795.320984 
2.100000 	100.718933 	792.000000 	784.843384 	795.320984 
2.200000 	100.718933 	792.000000 	784.843384 	795.320984 
2.300000 	100.718933 	792.000000 	784.843384 	795.320984 
2.400000 	100.718933 	792.000000 	784.843384 	795.320984 
2.500000 	100.718933 	792.000000 	784.843384 	795.320984 
2.600000 	100.718933 	792.000000 	784.843384 	795.320984 
2.700000 	100.718933 	792.000000 	784.843384 	795.320984 
2.800000 	100.718933 	792.000000 	784.843384 	795.320984 
2.900000 	100.718933 	792.000000 	784.843384 	795.320984 
3.000000 	106.586723 	792.000000 	789.510010 	795.552979 
3.100000 	106.586723 	792.000000 	789.510010 	795.552979 
3.200000 	106.586723 	792.000000 	789.510010 	795.552979 
3.300000 	106.586723 	792.000000 	789.510010 	795.552979 
3.400000 	106.586723 	792.000000 	789.510010 	795.552979 
3.500000 	106.586723 	792.000000 	789.510010 	795.552979 
3.600000 	106.586723 	792.000000 	789.510010 	795.552979 
3.700000 	106.586723 	792.000000 	789.510010 	795.552979 
3.800000 	106.586723 	792.000000 	789.510010 	795.552979 
3.900000 	106.586723 	792.000000 	789.510010 	795.552979 
4.000000 	114.931137 	792.000000 	789.015564 	795.630981 
4.100000 	114.931137 	792.000000 	789.015564 	795.630981 
4.200000 	114.931137 	792.000000 	789.015564 	795.630981 
4.300000 	114.931137 	792.000000 	789.015564 	795.630981 
4.400000 	114.931137 	792.000000 	789.015564 	795.630981 
4.500000 	114.931137 	792.000000 	789.015564 	795.630981 
4.600000 	114.931137 	792.000000 	789.015564 	795.630981 
4.700000 	114.931137 	792.000000 	789.015564 	795.630981 
4.800000 	114.931137 	792.000000 	789.015564 	795.630981 
4.900000 	114.931137 	792.000000 	789.015564 	795.630981 
5.000000 	119.039215 	792.000000 	788.672241 	795.671997 
5.100000 	119.039215 	792.000000 	788.672241 	795.671997 
5.200000 	119.039215 	792.000000 	788.672241 	795.671997 
5.300000 	119.039215 	792.000000 	788.672241 	795.671997 
5.400000 	119.039215 	792.000000 	788.672241 	795.671997 
5.500000 	119.039215 	792.000000 	788.672241 	795.671997 
5.600000 	119.039215 	792.000000 	788.672241 	795.671997 
5.700000 	119.039215 	792.000000 	788.672241 	795.671997 
5.800000 	119.039215 	792.000000 	788.672241 	795.671997 
5.900000 	119.039215 	792.000000 	788.672241 	795.671997 
6.000000 	121.192642 	792.000000 	788.494995 	795.698975 
6.100000 	121.192642 	792.000000 	788.494995 	795.698975 
6.200000 	121.192642 	792.000000 	788.494995 	795.698975 
6.300000 	121.192642 	792.000000 	788.494995 	795.698975 
6.400000 	121.192642 	792.000000 	788.494995 	795.698975 
6.500000 	121.192642 	792.000000 	788.494995 	795.698975 
6.600000 	121.192642 	792.000000 	788.494995 	795.698975 
6.700000 	121.192642 	792.000000 	788.494995 	795.698975 
6.800000 	121.192642 	792.000000 	788.494995 	795.698975 
6.900000 	121.192642 	792.000000 	788.494995 	795.698975 
7.000000 	122.433617 	792.000000 	788.403198 	795.721008 
7.100000 	122.433617 	792.000000 	788.403198 	795.721008 
7.200000 	122.433617 	792.000000 	788.403198 	795.721008 
7.300000 	122.433617 	792.000000 	788.403198 	795.721008 
7.400000 	122.433617 	792.000000 	788.403198 	795.721008 
7.500000 	122.433617 	792.000000 	788.403198 	795.721008 
7.600000 	122.433617 	792.000000 	788.403198 	795.721008 
7.700000 	122.433617 	792.000000 	788.403198 	795.721008 
7.800000 	122.433617 	792.000000 	788.403198 	795.721008 
7.900000 	122.433617 	792.000000 	788.403198 	795.721008 
8.000000 	123.206726 	792.000000 	788.354736 	795.739014 
8.100000 	123.206726 	792.000000 	788.354736 	795.739014 
8.200000 	123.206726 	792.000000 	788.354736 	795.739014 
8.300000 	123.206726 	792.000000 	788.354736 	795.739014 
8.400000 	123.206726 	792.000000 	788.354736 	795.739014 
8.500000 	123.206726 	792.000000 	788.354736 	795.739014 
8.600000 	123.206726 	792.000000 	788.354736 	795.739014 
8.700000 	123.206726 	792.000000 	788.354736 	795.739014 
8.800000 	123.206726 	792.000000 	788.354736 	795.739014 
8.900000 	123.206726 	792.000000 	788.354736 	795.739014 
9.000000 	123.718666 	792.000000 	788.329346 	795.755005 
9.100000 	123.718666 	792.000000 	788.329346 	795.755005 
9.200000 	123.718666 	792.000000 	788.329346 	795.755005 
9.300000 	123.718666 	792.000000 	788.329346 	795.755005 
9.400000 	123.718666 	792.000000 	788.329346 	795.755005 
9.500000 	123.718666 	792.000000 	788.329346 	795.755005 
9.600000 	123.718666 	792.000000 	788.329346 	795.755005 
9.700000 	123.718666 	792.000000 	788.329346 	795.755005 
9.800000 	123.718666 	792.000000 	788.329346 	795.755005 
9.900000 	123.718666 	792.000000 	788.329346 	795.755005 
10.000000 	124.074318 	792.000000 	788.316589 	795.770996 
10.100000 	124.074318 	792.000000 	788.316589 	795.770996 
10.200000 	124.074318 	792.000000 	788.316589 	795.770996 
10.300000 	124.074318 	792.000000 	788.316589 	795.770996 
10.400000 	124.074318 	792.000000 	788.316589 	795.770996 
10.500000 	124.074318 	792.000000 	788.316589 	795.770996 
10.600000 	124.074318 	792.000000 	788.316589 	795.770996 
10.700000 	124.074318 	792.000000 	788.316589 	795.770996 
10.800000 	124.074318 	792.000000 	788.316589 	795.770996 
10.900000 	124.074318 	792.000000 	788.316589 	795.770996 
11.000000 	124.330986 	792.000000 	788.311035 	795.786011 
11.100000 	124.330986 	792.000000 	788.311035 	795.786011 
11.200000 	124.330986 	792.000000 	788.311035 	795.786011 
11.300000 	124.330986 	792.000000 	788.311035 	795.786011 
11.400000 	124.330986 	792.000000 	788.311035 	795.786011 
11.500000 	124.330986 	792.000000 	788.311035 	795.786011 
11.600000 	124.330986 	792.000000 	788.311035 	795.786011 
11.700000 	124.330986 	792.000000 	788.311035 	795.786011 
11.800000 	124.330986 	792.000000 	788.311035 	795.786011 
11.900000 	124.330986 	792.000000 	788.311035 	795.786011 
12.000000 	124.521904 	792.000000 	788.309753 	795.799988 
12.100000 	124.521904 	792.000000 	788.309753 	795.799988 
12.200000 	124.521904 	792.000000 	788.309753 	795.799988 
12.300000 	124.521904 	792.000000 	788.309753 	795.799988 
12.400000 	124.521904 	792.000000 	788.309753 	795.799988 
12.500000 	124.521904 	792.000000 	788.309753 	795.799988 
12.600000 	124.521904 	792.000000 	788.309753 	795.799988 
12.700000 	124.521904 	792.000000 	788.309753 	795.799988 
12.800000 	124.521904 	792.000000 	788.309753 	795.799988 
12.900000 	124.521904 	792.000000 	788.309753 	795.799988 
13.000000 	124.667343 	792.000000 	788.310913 	795.814026 
13.100000 	124.667343 	792.000000 	788.310913 	795.814026 
13.200000 	124.667343 	792.000000 	788.310913 	795.814026 
13.300000 	124.667343 	792.000000 	788.310913 	795.814026 
13.400000 	124.667343 	792.000000 	788.310913 	795.814026 
13.500000 	124.667343 	792.000000 	788.310913 	795.814026 
13.600000 	124.667343 	792.000000 	788.310913 	795.814026 
13.700000 	124.667343 	792.000000 	788.310913 	795.814026 
13.800000 	124.667343 	792.000000 	788.310913 	795.814026 
13.900000 	124.667343 	792.000000 	788.310913 	795.814026 
14.000000 	124.780144 	792.000000 	788.313538 	795.828003 
14.100000 	124.780144 	792.000000 	788.313538 	795.828003 
14.200000 	124.780144 	792.000000 	788.313538 	795.828003 
14.300000 	124.780144 	792.000000 	788.313538 	795.828003 
14.400000 	124.780144 	792.000000 	788.313538 	795.828003 
14.500000 	124.780144 	792.000000 	788.313538 	795.828003 
14.600000 	124.780144 	792.000000 	788.313538 	795.828003 
14.700000 	124.780144 	792.000000 	788.313538 	795.828003 
14.800000 	124.780144 	792.000000 	788.313538 	795.828003 
14.900000 	124.780144 	792.000000 	788.313538 	795.828003 
15.000000 	124.868713 	792.000000 	788.317017 	795.841980 
15.100000 	124.868713 	792.000000 	788.317017 	795.841980 
15.200000 	124.868713 	792.000000 	788.317017 	795.841980 
15.300000 	124.868713 	792.000000 	788.317017 	795.841980 
15.400000 	124.868713 	792.000000 	788.317017 	795.841980 
15.500000 	124.868713 	792.000000 	788.317017 	795.841980 
15.600000 	124.868713 	792.000000 	788.317017 	795.841980 
15.700000 	124.868713 	792.000000 	788.317017 	795.841980 
15.800000 	124.868713 	792.000000 	788.317017 	795.841980 
15.900000 	124.868713 	792.000000 	788.317017 	795.841980 
16.000000 	124.938690 	792.000000 	788.320923 	795.856018 
16.100000 	124.938690 	792.000000 	788.320923 	795.856018 
16.200000 	124.938690 	792.000000 	788.320923 	795.856018 
16.300000 	124.938690 	792.000000 	788.320923 	795.856018 
16.400000 	124.938690 	792.000000 	788.320923 	795.856018 
16.500000 	124.938690 	792.000000 	788.320923 	795.856018 
16.600000 	124.938690 	792.000000 	788.320923 	795.856018 
16.700000 	124.938690 	792.000000 	788.320923 	795.856018 
16.800000 	124.938690 	792.000000 	788.320923 	795.856018 
16.900000 	124.938690 	792.000000 	788.320923 	795.856018 
17.000000 	124.993912 	792.000000 	788.324951 	795.869995 
17.100000 	124.993912 	792.000000 	788.324951 	795.869995 
17.200000 	124.993912 	792.000000 	788.324951 	795.869995 
17.300000 	124.993912 	792.000000 	788.324951 	795.869995 
17.400000 	124.993912 	792.000000 	788.324951 	795.869995 
17.500000 	124.993912 	792.000000 	788.324951 	795.869995 
17.600000 	124.993912 	792.000000 	788.324951 	795.869995 
17.700000 	124.993912 	792.000000 	788.324951 	795.869995 
17.800000 	124.993912 	792.000000 	788.324951 	795.869995 
17.900000 	124.993912 	792.000000 	788.324951 	795.869995 
18.000000 	125.037048 	792.000000 	788.329102 	795.882996 
18.100000 	125.037048 	792.000000 	788.329102 	795.882996 
18.200000 	125.037048 	792.000000 	788.329102 	795.882996 
18.300000 	125.037048 	792.000000 	788.329102 	795.882996 
18.400000 	125.037048 	792.000000 	788.329102 	795.882996 
18.500000 	125.037048 	792.000000 	788.329102 	795.882996 
18.600000 	125.037048 	792.000000 	788.329102 	795.882996 
18.700000 	125.037048 	792.000000 	788.329102 	795.882996 
18.800000 	125.037048 	792.000000 	788.329102 	795.882996 
18.900000 	125.037048 	792.000000 	788.329102 	795.882996 
19.000000 	125.069931 	792.000000 	788.333130 	795.896973 
19.100000 	125.069931 	792.000000 	788.333130 	795.896973 
19.200000 	125.069931 	792.000000 	788.333130 	795.896973 
19.300000 	125.069931 	792.000000 	788.333130 	795.896973 
19.400000 	125.069931 	792.000000 	788.333130 	795.896973 
19.500000 	125.069931 	792.000000 	788.333130 	795.896973 
19.600000 	125.069931 	792.000000 	788.333130 	795.896973 
19.700000 	125.069931 	792.000000 	788.333130 	795.896973 
19.800000 	125.069931 	792.000000 	788.333130 	795.896973 
19.900000 	125.069931 	792.000000 	788.333130 	795.896973 
20.000000 	125.093803 	792.000000 	788.337097 	795.909973 
20.100000 	125.093803 	792.000000 	788.337097 	795.909973 
20.200000 	125.093803 	792.000000 	788.337097 	795.909973 
20.300000 	125.093803 	792.000000 	788.337097 	795.909973 
20.400000 	125.093803 	792.000000 	788.337097 	795.909973 
20.500000 	125.093803 	792.000000 	788.337097 	795.909973 
20.600000 	125.093803 	792.000000 	788.337097 	795.909973 
20.700000 	125.093803 	792.000000 	788.337097 	795.909973 
20.800000 	125.093803 	792.000000 	788.337097 	795.909973 
20.900000 	125.093803 	792.000000 	788.337097 	795.909973 
21.000000 	125.109505 	792.000000 	788.340881 	795.924011 
21.100000 	125.109505 	792.000000 	788.340881 	795.924011 
21.200000 	125.109505 	792.000000 	788.340881 	795.924011 
21.300000 	125.109505 	792.000000 	788.340881 	795.924011 
21.400000 	125.109505 	792.000000 	788.340881 	795.924011 
21.500000 	125.109505 	792.000000 	788.340881 	795.924011 
21.600000 	125.109505 	792.000000 	788.340881 	795.924011 
21.700000 	125.109505 	792.000000 	788.340881 	795.924011 
21.800000 	125.109505 	792.000000 	788.340881 	795.924011 
21.900000 	125.109505 	792.000000 	788.340881 	795.924011 
22.000000 	125.117546 	792.000000 	788.344482 	795.937012 
22.100000 	125.117546 	792.000000 	788.344482 	795.937012 
22.200000 	125.117546 	792.000000 	788.344482 	795.937012 
22.300000 	125.117546 	792.000000 	788.344482 	795.937012 
22.400000 	125.117546 	792.000000 	788.344482 	795.937012 
22.500000 	125.117546 	792.000000 	788.344482 	795.937012 
22.600000 	125.117546 	792.000000 	788.344482 	795.937012 
22.700000 	125.117546 	792.000000 	788.344482 	795.937012 
22.800000 	125.117546 	792.000000 	788.344482 	795.937012 
22.900000 	125.117546 	792.000000 	788.344482 	795.937012 
23.000000 	125.118210 	792.000000 	788.347839 	795.950012 
23.100000 	125.118210 	792.000000 	788.347839 	795.950012 
23.200000 	125.118210 	792.000000 	788.347839 	795.950012 
23.300000 	125.118210 	792.000000 	788.347839 	795.950012 
23.400000 	125.118210 	792.000000 	788.347839 	795.950012 
23.500000 	125.118210 	792.000000 	788.347839 	795.950012 
23.600000 	125.118210 	792.000000 	788.347839 	795.950012 
23.700000 	125.118210 	792.000000 	788.347839 	795.950012 
23.800000 	125.118210 	792.000000 	788.347839 	795.950012 
23.900000 	125.118210 	792.000000 	788.347839 	795.950012 
24.000000 	125.111572 	792.000000 	788.351074 	795.963013 
24.100000 	125.111572 	792.000000 	788.351074 	795.963013 
24.200000 	125.111572 	792.000000 	788.351074 	795.963013 
24.300000 	125.111572 	792.000000 	788.351074 	795.963013 
24.400000 	125.111572 	792.000000 	788.351074 	795.963013 
24.500000 	125.111572 	792.000000 	788.351074 	795.963013 
24.600000 	125.111572 	792.000000 	788.351074 	795.963013 
24.700000 	125.111572 	792.000000 	788.351074 	795.963013 
24.800000 	125.111572 	792.000000 	788.351074 	795.963013 
24.900000 	125.111572 	792.000000 	788.351074 	795.963013 
25.000000 	125.097565 	792.000000 	788.354065 	795.974976 
25.100000 	125.097565 	792.000000 	788.354065 	795.974976 
25.200000 	125.097565 	792.000000 	788.354065 	795.974976 
25.300000 	125.097565 	792.000000 	788.354065 	795.974976 
25.400000 	125.097565 	792.000000 	788.354065 	795.974976 
25.500000 	125.097565 	792.000000 	788.354065 	795.974976 
25.600000 	125.097565 	792.000000 	788.354065 	795.974976 
25.700000 	125.097565 	792.000000 	788.354065 	795.974976 
25.800000 	125.097565 	792.000000 	788.354065 	795.974976 
25.900000 	125.097565 	792.000000 	788.354065 	795.974976 
26.000000 	125.075989 	792.000000 	788.356934 	795.987976 
26.100000 	125.075989 	792.000000 	788.356934 	795.987976 
26.200000 	125.075989 	792.000000 	788.356934 	795.987976 
26.300000 	125.075989 	792.000000 	788.356934 	795.987976 
26.400000 	125.075989 	792.000000 	788.356934 	795.987976 
26.500000 	125.075989 	792.000000 	788.356934 	795.987976 
26.600000 	125.075989 	792.000000 	788.356934 	795.987976 
26.700000 	125.075989 	792.000000 	788.356934 	795.987976 
26.800000 	125.075989 	792.000000 	788.356934 	795.987976 
26.900000 	125.075989 	792.000000 	788.356934 	795.987976 
27.000000 	125.046516 	792.000000 	788.359558 	796.000000 
27.100000 	125.046516 	792.000000 	788.359558 	796.000000 
27.200000 	125.046516 	792.000000 	788.359558 	796.000000 
27.300000 	125.046516 	792.000000 	788.359558 	796.000000 
27.400000 	125.046516 	792.000000 	788.359558 	796.000000 
27.500000 	125.046516 	792.000000 	788.359558 	796.000000 
27.600000 	125.046516 	792.000000 	788.359558 	796.000000 
27.700000 	125.046516 	792.000000 	788.359558 	796.000000 
27.800000 	125.046516 	792.000000 	788.359558 	796.000000 
27.900000 	125.046516 	792.000000 	788.359558 	796.000000 
28.000000 	125.008736 	792.000000 	788.361938 	796.012024 
28.100000 	125.008736 	792.000000 	788.361938 	796.012024 
28.200000 	125.008736 	792.000000 	788.361938 	796.012024 
28.300000 	125.008736 	792.000000 	788.361938 	796.012024 
28.400000 	125.008736 	792.000000 	788.361938 	796.012024 
28.500000 	125.008736 	792.000000 	788.361938 	796.012024 
28.600000 	125.008736 	792.000000 	788.361938 	796.012024 
28.700000 	125.008736 	792.000000 	788.361938 	796.012024 
28.800000 	125.008736 	792.000000 	788.361938 	796.012024 
28.900000 	125.008736 	792.000000 	788.361938 	796.012024 
29.000000 	124.962120 	792.000000 	788.364197 	796.023987 
29.100000 	124.962120 	792.000000 	788.364197 	796.023987 
29.200000 	124.962120 	792.000000 	788.364197 	796.023987 
29.300000 	124.962120 	792.000000 	788.364197 	796.023987 
29.400000 	124.962120 	792.000000 	788.364197 	796.023987 
29.500000 	124.962120 	792.000000 	788.364197 	796.023987 
29.600000 	124.962120 	792.000000 	788.364197 	796.023987 
29.700000 	124.962120 	792.000000 	788.364197 	796.023987 
29.800000 	124.962120 	792.000000 	788.364197 	796.023987 
29.900000 	124.962120 	792.000000 	788.364197 	796.023987 
30.000000 	124.906059 	792.000000 	788.366333 	796.034973 
30.100000 	124.906059 	792.000000 	788.366333 	796.034973 
30.200000 	124.906059 	792.000000 	788.366333 	796.034973 
30.300000 	124.906059 	792.000000 	788.366333 	796.034973 
30.400000 	124.906059 	792.000000 	788.366333 	796.034973 
30.500000 	124.906059 	792.000000 	788.366333 	796.034973 
30.600000 	124.906059 	792.000000 	788.366333 	796.034973 
30.700000 	124.906059 	792.000000 	788.366333 	796.034973 
30.800000 	124.906059 	792.000000 	788.366333 	796.034973 
30.900000 	124.906059 	792.000000 	788.366333 	796.034973 
31.000000 	124.839867 	792.000000 	788.368347 	796.046021 
31.100000 	124.839867 	792.000000 	788.368347 	796.046021 
31.200000 	124.839867 	792.000000 	788.368347 	796.046021 
31.300000 	124.839867 	792.000000 	788.368347 	796.046021 
31.400000 	124.839867 	792.000000 	788.368347 	796.046021 
31.500000 	124.839867 	792.000000 	788.368347 	796.046021 
31.600000 	124.839867 	792.000000 	788.368347 	796.046021 
31.700000 	124.839867 	792.000000 	788.368347 	796.046021 
31.800000 	124.839867 	792.000000 	788.368347 	796.046021 
31.900000 	124.839867 	792.000000 	788.368347 	796.046021 
32.000000 	124.762733 	792.000000 	788.370178 	796.057007 
32.100000 	124.762733 	792.000000 	788.370178 	796.057007 
32.200000 	124.762733 	792.000000 	788.370178 	796.057007 
32.300000 	124.762733 	792.000000 	788.370178 	796.057007 
32.400000 	124.762733 	792.000000 	788.370178 	796.057007 
32.500000 	124.762733 	792.000000 	788.370178 	796.057007 
32.600000 	124.762733 	792.000000 	788.370178 	796.057007 
32.700000 	124.762733 	792.000000 	788.370178 	796.057007 
32.800000 	124.762733 	792.000000 	788.370178 	796.057007 
32.900000 	124.762733 	792.000000 	788.370178 	796.057007 
33.000000 	124.673790 	792.000000 	788.371887 	796.067993 
33.100000 	124.673790 	792.000000 	788.371887 	796.067993 
33.200000 	124.673790 	792.000000 	788.371887 	796.067993 
33.300000 	124.673790 	792.000000 	788.371887 	796.067993 
33.400000 	124.673790 	792.000000 	788.371887 	796.067993 
33.500000 	124.673790 	792.000000 	788.371887 	796.067993 
33.600000 	124.673790 	792.000000 	788.371887 	796.067993 
33.700000 	124.673790 	792.000000 	788.371887 	796.067993 
33.800000 	124.673790 	792.000000 	788.371887 	796.067993 
33.900000 	124.673790 	792.000000 	788.371887 	796.067993 
34.000000 	124.572029 	792.000000 	788.373413 	796.104004 
34.100000 	124.572029 	792.000000 	788.373413 	796.104004 
34.200000 	124.572029 	792.000000 	788.373413 	796.104004 
34.300000 	124.572029 	792.000000 	788.373413 	796.104004 
34.400000 	124.572029 	792.000000 	788.373413 	796.104004 
34.500000 	124.572029 	792.000000 	788.373413 	796.104004 
34.600000 	124.572029 	792.000000 	788.373413 	796.104004 
34.700000 	124.572029 	792.000000 	788.373413 	796.104004 
34.800000 	124.572029 	792.000000 	788.373413 	796.104004 
34.900000 	124.572029 	792.000000 	788.373413 	796.104004 
35.000000 	124.456383 	792.000000 	788.374817 	796.114990 
35.100000 	124.456383 	792.000000 	788.374817 	796.114990 
35.200000 	124.456383 	792.000000 	788.374817 	796.114990 
35.300000 	124.456383 	792.000000 	788.374817 	796.114990 
35.400000 	124.456383 	792.000000 	788.374817 	796.114990 
35.500000 	124.456383 	792.000000 	788.374817 	796.114990 
35.600000 	124.456383 	792.000000 	788.374817 	796.114990 
35.700000 	124.456383 	792.000000 	788.374817 	796.114990 
35.800000 	124.456383 	792.000000 	788.374817 	796.114990 
35.900000 	124.456383 	792.000000 	788.374817 	796.114990 
36.000000 	124.325623 	792.000000 	788.376099 	796.125000 
36.100000 	124.325623 	792.000000 	788.376099 	796.125000 
36.200000 	124.325623 	792.000000 	788.376099 	796.125000 
36.300000 	124.325623 	792.000000 	788.376099 	796.125000 
36.400000 	124.325623 	792.000000 	788.376099 	796.125000 
36.500000 	124.325623 	792.000000 	788.376099 	796.125000 
36.600000 	124.325623 	792.000000 	788.376099 	796.125000 
36.700000 	124.325623 	792.000000 	788.376099 	796.125000 
36.800000 	124.325623 	792.000000 	788.376099 	796.125000 
36.900000 	124.325623 	792.000000 	788.376099 	796.125000 
37.000000 	124.178436 	792.000000 	788.377258 	796.135010 
37.100000 	124.178436 	792.000000 	788.377258 	796.135010 
37.200000 	124.178436 	792.000000 	788.377258 	796.135010 
37.300000 	124.178436 	792.000000 	788.377258 	796.135010 
37.400000 	124.178436 	792.000000 	788.377258 	796.135010 
37.500000 	124.178436 	792.000000 	788.377258 	796.135010 
37.600000 	124.178436 	792.000000 	788.377258 	796.135010 
37.700000 	124.178436 	792.000000 	788.377258 	796.135010 
37.800000 	124.178436 	792.000000 	788.377258 	796.135010 
37.900000 	124.178436 	792.000000 	788.377258 	796.135010 
38.000000 	124.013344 	792.000000 	788.378235 	796.145020 
38.100000 	124.013344 	792.000000 	788.378235 	796.145020 
38.200000 	124.013344 	792.000000 	788.378235 	796.145020 
38.300000 	124.013344 	792.000000 	788.378235 	796.145020 
38.400000 	124.013344 	792.000000 	788.378235 	796.145020 
38.500000 	124.013344 	792.000000 	788.378235 	796.145020 
38.600000 	124.013344 	792.000000 	788.378235 	796.145020 
38.700000 	124.013344 	792.000000 	788.378235 	796.145020 
38.800000 	124.013344 	792.000000 	788.378235 	796.145020 
38.900000 	124.013344 	792.000000 	788.378235 	796.145020 
39.000000 	123.828735 	792.000000 	788.379089 	796.155029 
39.100000 	123.828735 	792.000000 	788.379089 	796.155029 
39.200000 	123.828735 	792.000000 	788.379089 	796.155029 
39.300000 	123.828735 	792.000000 	788.379089 	796.155029 
39.400000 	123.828735 	792.000000 	788.379089 	796.155029 
39.500000 	123.828735 	792.000000 	788.379089 	796.155029 
39.600000 	123.828735 	792.000000 	788.379089 	796.155029 
39.700000 	123.828735 	792.000000 	788.379089 	796.155029 
39.800000 	123.828735 	792.000000 	788.379089 	796.155029 
39.900000 	123.828735 	792.000000 	788.379089 	796.155029 
40.000000 	123.622810 	792.000000 	788.379822 	796.163025 
40.100000 	123.622810 	792.000000 	788.379822 	796.163025 
40.200000 	123.622810 	792.000000 	788.379822 	796.163025 
40.300000 	123.622810 	792.000000 	788.379822 	796.163025 
40.400000 	123.622810 	792.000000 	788.379822 	796.163025 
40.500000 	123.622810 	792.000000 	788.379822 	796.163025 
40.600000 	123.622810 	792.000000 	788.379822 	796.163025 
40.700000 	123.622810 	792.000000 	788.379822 	796.163025 
40.800000 	123.622810 	792.000000 	788.379822 	796.163025 
40.900000 	123.622810 	792.000000 	788.379822 	796.163025 
41.000000 	123.393585 	792.000000 	788.380432 	796.171997 
41.100000 	123.393585 	792.000000 	788.380432 	796.171997 
41.200000 	123.393585 	792.000000 	788.380432 	796.171997 
41.300000 	123.393585 	792.000000 	788.380432 	796.171997 
41.400000 	123.393585 	792.000000 	788.380432 	796.171997 
41.500000 	123.393585 	792.000000 	788.380432 	796.171997 
41.600000 	123.393585 	792.000000 	788.380432 	796.171997 
41.700000 	123.393585 	792.000000 	788.380432 	796.171997 
41.800000 	123.393585 	792.000000 	788.380432 	796.171997 
41.900000 	123.393585 	792.000000 	788.380432 	796.171997 
42.000000 	123.138878 	792.000000 	788.380920 	796.179993 
42.100000 	123.138878 	792.000000 	788.380920 	796.179993 
42.200000 	123.138878 	792.000000 	788.380920 	796.179993 
42.300000 	123.138878 	792.000000 	788.380920 	796.179993 
42.400000 	123.138878 	792.000000 	788.380920 	796.179993 
42.500000 	123.138878 	792.000000 	788.380920 	796.179993 
42.600000 	123.138878 	792.000000 	788.380920 	796.179993 
42.700000 	123.138878 	792.000000 	788.380920 	796.179993 
42.800000 	123.138878 	792.000000 	788.380920 	796.179993 
42.900000 	123.138878 	792.000000 	788.380920 	796.179993 
43.000000 	122.856232 	792.000000 	788.381287 	796.187012 
43.100000 	122.856232 	792.000000 	788.381287 	796.187012 
43.200000 	122.856232 	792.000000 	788.381287 	796.187012 
43.300000 	122.856232 	792.000000 	788.381287 	796.187012 
43.400000 	122.856232 	792.000000 	788.381287 	796.187012 
43.500000 	122.856232 	792.000000 	788.381287 	796.187012 
43.600000 	122.856232 	792.000000 	788.381287 	796.187012 
43.700000 	122.856232 	792.000000 	788.381287 	796.187012 
43.800000 	122.856232 	792.000000 	788.381287 	796.187012 
43.900000 	122.856232 	792.000000 	788.381287 	796.187012 
44.000000 	122.542923 	792.000000 	788.381531 	796.193970 
44.100000 	122.542923 	792.000000 	788.381531 	796.193970 
44.200000 	122.542923 	792.000000 	788.381531 	796.193970 
44.300000 	122.542923 	792.000000 	788.381531 	796.193970 
44.400000 	122.542923 	792.000000 	788.381531 	796.193970 
44.500000 	122.542923 	792.000000 	788.381531 	796.193970 
44.600000 	122.542923 	792.000000 	788.381531 	796.193970 
44.700000 	122.542923 	792.000000 	788.381531 	796.193970 
44.800000 	122.542923 	792.000000 	788.381531 	796.193970 
44.900000 	122.542923 	792.000000 	788.381531 	796.193970 
45.000000 	122.195892 	792.000000 	788.381653 	796.200989 
45.100000 	122.195892 	792.000000 	788.381653 	796.200989 
45.200000 	122.195892 	792.000000 	788.381653 	796.200989 
45.300000 	122.195892 	792.000000 	788.381653 	796.200989 
45.400000 	122.195892 	792.000000 	788.381653 	796.200989 
45.500000 	122.195892 	792.000000 	788.381653 	796.200989 
45.600000 	122.195892 	792.000000 	788.381653 	796.200989 
45.700000 	122.195892 	792.000000 	788.381653 	796.200989 
45.800000 	122.195892 	792.000000 	788.381653 	796.200989 
45.900000 	122.195892 	792.000000 	788.381653 	796.200989 
46.000000 	121.811729 	792.000000 	788.381653 	796.206970 
46.100000 	121.811729 	792.000000 	788.381653 	796.206970 
46.200000 	121.811729 	792.000000 	788.381653 	796.206970 
46.300000 	121.811729 	792.000000 	788.381653 	796.206970 
46.400000 	121.811729 	792.000000 	788.381653 	796.206970 
46.500000 	121.811729 	792.000000 	788.381653 	796.206970 
46.600000 	121.811729 	792.000000 	788.381653 	796.206970 
46.700000 	121.811729 	792.000000 	788.381653 	796.206970 
46.800000 	121.811729 	792.000000 	788.381653 	796.206970 
46.900000 	121.811729 	792.000000 	788.381653 	796.206970 
47.000000 	121.386551 	792.000000 	788.381592 	796.211975 
47.100000 	121.386551 	792.000000 	788.381592 	796.211975 
47.200000 	121.386551 	792.000000 	788.381592 	796.211975 
47.300000 	121.386551 	792.000000 	788.381592 	796.211975 
47.400000 	121.386551 	792.000000 	788.381592 	796.211975 
47.500000 	121.386551 	792.000000 	788.381592 	796.211975 
47.600000 	121.386551 	792.000000 	788.381592 	796.211975 
47.700000 	121.386551 	792.000000 	788.381592 	796.211975 
47.800000 	121.386551 	792.000000 	788.381592 	796.211975 
47.900000 	121.386551 	792.000000 	788.381592 	796.211975 
48.000000 	120.915970 	792.000000 	788.381348 	796.216980 
48.100000 	120.915970 	792.000000 	788.381348 	796.216980 
48.200000 	120.915970 	792.000000 	788.381348 	796.216980 
48.300000 	120.915970 	792.000000 	788.381348 	796.216980 
48.400000 	120.915970 	792.000000 	788.381348 	796.216980 
48.500000 	120.915970 	792.000000 	788.381348 	796.216980 
48.600000 	120.915970 	792.000000 	788.381348 	796.216980 
48.700000 	120.915970 	792.000000 	788.381348 	796.216980 
48.800000 	120.915970 	792.000000 	788.381348 	796.216980 
48.900000 	120.915970 	792.000000 	788.381348 	796.216980 
49.000000 	120.395004 	792.000000 	788.380981 	796.221008 
49.100000 	120.395004 	792.000000 	788.380981 	796.221008 
49.200000 	120.395004 	792.000000 	788.380981 	796.221008 
49.300000 	120.395004 	792.000000 	788.380981 	796.221008 
49.400000 	120.395004 	792.000000 	788.380981 	796.221008 
49.500000 	120.395004 	792.000000 	788.380981 	796.221008 
49.600000 	120.395004 	792.000000 	788.380981 	796.221008 
49.700000 	120.395004 	792.000000 	788.380981 	796.221008 
49.800000 	120.395004 	792.000000 	788.380981 	796.221008 
49.900000 	120.395004 	792.000000 	788.380981 	796.221008 
50.000000 	119.817917 	792.000000 	788.380493 	796.224976 
50.100000 	119.817917 	792.000000 	788.380493 	796.224976 
50.200000 	119.817917 	792.000000 	788.380493 	796.224976 
50.300000 	119.817917 	792.000000 	788.380493 	796.224976 
50.400000 	119.817917 	792.000000 	788.380493 	796.224976 
50.500000 	119.817917 	792.000000 	788.380493 	796.224976 
50.600000 	119.817917 	792.000000 	788.380493 	796.224976 
50.700000 	119.817917 	792.000000 	788.380493 	796.224976 
50.800000 	119.817917 	792.000000 	788.380493 	796.224976 
50.900000 	119.817917 	792.000000 	788.380493 	796.224976 
51.000000 	119.178123 	792.000000 	788.379883 	1003.359985 
51.100000 	119.178123 	792.000000 	788.379883 	1003.359985 
51.200000 	119.178123 	792.000000 	788.379883 	1003.359985 
51.300000 	119.178123 	792.000000 	788.379883 	1003.359985 
51.400000 	119.178123 	792.000000 	788.379883 	1003.359985 
51.500000 	119.178123 	792.000000 	788.379883 	1003.359985 
51.600000 	119.178123 	792.000000 	788.379883 	1003.359985 
51.700000 	119.178123 	792.000000 	788.379883 	1003.359985 
51.800000 	119.178123 	792.000000 	788.379883 	1003.359985 
51.900000 	119.178123 	792.000000 	788.379883 	1003.359985 
52.000000 	118.467957 	792.000000 	788.379150 	1003.359985 
52.100000 	118.467957 	792.000000 	788.379150 	1003.359985 
52.200000 	118.467957 	792.000000 	788.379150 	1003.359985 
52.300000 	118.467957 	792.000000 	788.379150 	1003.359985 
52.400000 	118.467957 	792.000000 	788.379150 	1003.359985 
52.500000 	118.467957 	792.000000 	788.379150 	1003.359985 
52.600000 	118.467957 	792.000000 	788.379150 	1003.359985 
52.700000 	118.467957 	792.000000 	788.379150 	1003.359985 
52.800000 	118.467957 	792.000000 	788.379150 	1003.359985 
52.900000 	118.467957 	792.000000 	788.379150 	1003.359985 
53.000000 	117.678474 	792.000000 	788.378296 	1003.359985 
53.100000 	117.678474 	792.000000 	788.378296 	1003.359985 
53.200000 	117.678474 	792.000000 	788.378296 	1003.359985 
53.300000 	117.678474 	792.000000 	788.378296 	1003.359985 
53.400000 	117.678474 	792.000000 	788.378296 	1003.359985 
53.500000 	117.678474 	792.000000 	788.378296 	1003.359985 
53.600000 	117.678474 	792.000000 	788.378296 	1003.359985 
53.700000 	117.678474 	792.000000 	788.378296 	1003.359985 
53.800000 	117.678474 	792.000000 	788.378296 	1003.359985 
53.900000 	117.678474 	792.000000 	788.378296 	1003.359985 
54.000000 	116.799103 	792.000000 	788.377258 	1003.359985 
54.100000 	116.799103 	792.000000 	788.377258 	1003.359985 
54.200000 	116.799103 	792.000000 	788.377258 	1003.359985 
54.300000 	116.799103 	792.000000 	788.377258 	1003.359985 
54.400000 	116.799103 	792.000000 	788.377258 	1003.359985 
54.500000 	116.799103 	792.000000 	788.377258 	1003.359985 
54.600000 	116.799103 	792.000000 	788.377258 	1003.359985 
54.700000 	116.799103 	792.000000 	788.377258 	1003.359985 
54.800000 	116.799103 	792.000000 	788.377258 	1003.359985 
54.900000 	116.799103 	792.000000 	788.377258 	1003.359985 
55.000000 	115.817284 	792.000000 	788.376160 	1003.359985 
55.100000 	115.817284 	792.000000 	788.376160 	1003.359985 
55.200000 	115.817284 	792.000000 	788.376160 	1003.359985 
55.300000 	115.817284 	792.000000 	788.376160 	1003.359985 
55.400000 	115.817284 	792.000000 	788.376160 	1003.359985 
55.500000 	115.817284 	792.000000 	788.376160 	1003.359985 
55.600000 	115.817284 	792.000000 	788.376160 	1003.359985 
55.700000 	115.817284 	792.000000 	788.376160 	1003.359985 
55.800000 	115.817284 	792.000000 	788.376160 	1003.359985 
55.900000 	115.817284 	792.000000 	788.376160 	1003.359985 
56.000000 	114.717918 	792.000000 	788.374878 	1003.359985 
56.100000 	114.717918 	792.000000 	788.374878 	1003.359985 
56.200000 	114.717918 	792.000000 	788.374878 	1003.359985 
56.300000 	114.717918 	792.000000 	788.374878 	1003.359985 
56.400000 	114.717918 	792.000000 	788.374878 	1003.359985 
56.500000 	114.717918 	792.000000 	788.374878 	1003.359985 
56.600000 	114.717918 	792.000000 	788.374878 	1003.359985 
56.700000 	114.717918 	792.000000 	788.374878 	1003.359985 
56.800000 	114.717918 	792.000000 	788.374878 	1003.359985 
56.900000 	114.717918 	792.000000 	788.374878 	1003.359985 
57.000000 	113.482613 	792.000000 	788.373474 	1003.359985 
57.100000 	113.482613 	792.000000 	788.373474 	1003.359985 
57.200000 	113.482613 	792.000000 	788.373474 	1003.359985 
57.300000 	113.482613 	792.000000 	788.373474 	1003.359985 
57.400000 	113.482613 	792.000000 	788.373474 	1003.359985 
57.500000 	113.482613 	792.000000 	788.373474 	1003.359985 
57.600000 	113.482613 	792.000000 	788.373474 	1003.359985 
57.700000 	113.482613 	792.000000 	788.373474 	1003.359985 
57.800000 	113.482613 	792.000000 	788.373474 	1003.359985 
57.900000 	113.482613 	792.000000 	788.373474 	1003.359985 
58.000000 	112.088707 	792.000000 	788.371948 	1003.359985 
58.100000 	112.088707 	792.000000 	788.371948 	1003.359985 
58.200000 	112.088707 	792.000000 	788.371948 	1003.359985 
58.300000 	112.088707 	792.000000 	788.371948 	1003.359985 
58.400000 	112.088707 	792.000000 	788.371948 	1003.359985 
58.500000 	112.088707 	792.000000 	788.371948 	1003.359985 
58.600000 	112.088707 	792.000000 	788.371948 	1003.359985 
58.700000 	112.088707 	792.000000 	788.371948 	1003.359985 
58.800000 	112.088707 	792.000000 	788.371948 	1003.359985 
58.900000 	112.088707 	792.000000 	788.371948 	1003.359985 
59.000000 	110.507858 	792.000000 	788.370239 	1003.359985 
59.100000 	110.507858 	792.000000 	788.370239 	1003.359985 
59.200000 	110.507858 	792.000000 	788.370239 	1003.359985 
59.300000 	110.507858 	792.000000 	788.370239 	1003.359985 
59.400000 	110.507858 	792.000000 	788.370239 	1003.359985 
59.500000 	110.507858 	792.000000 	788.370239 	1003.359985 
59.600000 	110.507858 	792.000000 	788.370239 	1003.359985 
59.700000 	110.507858 	792.000000 	788.370239 	1003.359985 
59.800000 	110.507858 	792.000000 	788.370239 	1003.359985 
59.900000 	110.507858 	792.000000 	788.370239 	1003.359985 
60.000000 	108.703926 	792.000000 	788.368408 	1003.359985 
