0.500000 	124.083153 	430.000000 	425.634125 
0.600000 	130.672760 	430.000000 	414.115143 
0.700000 	123.778061 	430.000000 	449.934784 
0.800000 	123.655708 	430.000000 	468.614929 
0.900000 	124.251175 	430.000000 	466.103516 
1.000000 	123.890419 	430.000000 	461.763702 
1.100000 	123.575615 	430.000000 	457.687195 
1.200000 	123.416618 	430.000000 	454.876160 
1.300000 	123.424339 	430.000000 	452.244446 
1.400000 	123.363708 	430.000000 	449.969086 
1.500000 	123.500023 	430.000000 	448.035187 
1.600000 	123.384109 	430.000000 	446.309418 
1.700000 	123.496658 	430.000000 	444.829315 
1.800000 	123.521355 	430.000000 	443.511414 
1.900000 	123.561668 	430.000000 	442.344055 
2.000000 	123.527580 	430.000000 	441.293884 
2.100000 	123.707062 	430.000000 	440.378082 
2.200000 	123.756508 	430.000000 	439.591431 
2.300000 	124.040764 	430.000000 	438.914307 
2.400000 	124.147469 	430.000000 	438.291107 
2.500000 	124.080032 	430.000000 	437.715454 
2.600000 	123.704529 	430.000000 	437.173431 
2.700000 	123.737434 	430.000000 	436.718475 
2.800000 	123.758560 	430.000000 	436.306183 
2.900000 	123.793335 	430.000000 	435.932800 
3.000000 	123.863792 	430.000000 	435.594452 
3.100000 	123.874725 	430.000000 	435.281525 
3.200000 	123.832909 	430.000000 	434.991760 
3.300000 	123.862358 	430.000000 	434.728058 
3.400000 	123.855141 	430.000000 	434.482941 
3.500000 	123.932358 	430.000000 	434.258606 
3.600000 	123.868256 	430.000000 	434.045776 
3.700000 	123.896118 	430.000000 	433.850372 
3.800000 	123.904472 	430.000000 	433.667603 
3.900000 	123.897110 	430.000000 	433.496552 
4.000000 	123.877365 	430.000000 	433.336365 
4.100000 	123.950226 	430.000000 	433.188019 
4.200000 	123.912308 	430.000000 	433.047028 
4.300000 	123.965904 	430.000000 	432.916168 
4.400000 	123.919357 	430.000000 	432.791748 
4.500000 	123.962708 	430.000000 	432.676025 
4.600000 	124.639565 	430.000000 	432.575073 
4.700000 	124.508926 	430.000000 	432.469971 
4.800000 	124.382538 	430.000000 	432.371033 
4.900000 	124.261276 	430.000000 	432.277832 
5.000000 	124.145805 	430.000000 	432.189911 
5.100000 	124.036667 	430.000000 	432.106964 
5.200000 	123.934288 	430.000000 	432.028625 
5.300000 	124.530815 	430.000000 	431.961029 
5.400000 	124.444542 	430.000000 	431.890717 
5.500000 	124.365547 	430.000000 	431.824127 
5.600000 	124.293869 	430.000000 	431.761017 
5.700000 	124.229477 	430.000000 	431.701172 
5.800000 	124.172287 	430.000000 	431.644379 
5.900000 	124.122162 	430.000000 	431.590393 
6.000000 	124.078926 	430.000000 	431.539093 
6.100000 	124.042358 	430.000000 	431.490265 
6.200000 	124.012215 	430.000000 	431.443787 
6.300000 	123.988228 	430.000000 	431.399506 
6.400000 	123.970100 	430.000000 	431.357269 
6.500000 	123.957535 	430.000000 	431.316986 
6.600000 	123.950203 	430.000000 	431.278534 
6.700000 	123.947800 	430.000000 	431.241791 
6.800000 	123.949982 	430.000000 	431.206635 
6.900000 	123.956429 	430.000000 	431.173035 
7.000000 	123.966805 	430.000000 	431.140869 
7.100000 	123.980797 	430.000000 	431.110077 
7.200000 	123.998070 	430.000000 	431.080536 
7.300000 	124.018303 	430.000000 	431.052216 
7.400000 	124.041229 	430.000000 	431.025055 
7.500000 	124.066513 	430.000000 	430.998993 
7.600000 	124.093903 	430.000000 	430.973938 
7.700000 	124.123100 	430.000000 	430.949890 
7.800000 	124.153893 	430.000000 	430.926758 
7.900000 	124.185982 	430.000000 	430.904510 
8.000000 	124.219177 	430.000000 	430.883118 
8.100000 	124.253227 	430.000000 	430.862488 
8.200000 	124.288010 	430.000000 	430.842682 
8.300000 	124.323204 	430.000000 	430.823517 
8.400000 	124.358757 	430.000000 	430.805054 
8.500000 	124.394569 	430.000000 	430.787354 
8.600000 	124.430206 	430.000000 	430.770050 
8.700000 	124.466232 	430.000000 	430.753784 
8.800000 	124.503105 	430.000000 	430.737518 
8.900000 	124.542839 	430.000000 	430.722168 
9.000000 	124.581322 	430.000000 	430.707336 
9.100000 	124.618736 	430.000000 	430.693115 
9.200000 	124.654747 	430.000000 	430.679108 
9.300000 	123.988235 	430.000000 	430.662354 
9.400000 	124.022354 	430.000000 	430.649323 
9.500000 	124.055588 	430.000000 	430.636841 
