0.500000 	124.011261 	370.000000 	365.776459 
0.600000 	129.181396 	370.000000 	349.783813 
0.700000 	124.022301 	370.000000 	399.437195 
0.800000 	123.833542 	370.000000 	419.527405 
0.900000 	123.976974 	370.000000 	414.654510 
1.000000 	123.826958 	370.000000 	409.155273 
1.100000 	123.506409 	370.000000 	403.992950 
1.200000 	123.623077 	370.000000 	400.578461 
1.300000 	123.389351 	370.000000 	397.227325 
1.400000 	123.403206 	370.000000 	394.449493 
1.500000 	123.483421 	370.000000 	392.062714 
1.600000 	123.440956 	370.000000 	389.964722 
1.700000 	123.475052 	370.000000 	388.142303 
1.800000 	123.458878 	370.000000 	386.528656 
1.900000 	123.659241 	370.000000 	385.131287 
2.000000 	123.592651 	370.000000 	383.848083 
2.100000 	123.636177 	370.000000 	382.713989 
2.200000 	123.861748 	370.000000 	381.776245 
2.300000 	123.836006 	370.000000 	380.906982 
2.400000 	124.040260 	370.000000 	380.156219 
2.500000 	124.090157 	370.000000 	379.464142 
2.600000 	123.953430 	370.000000 	378.823944 
2.700000 	124.370728 	370.000000 	378.296722 
2.800000 	123.770737 	370.000000 	377.734589 
2.900000 	123.763298 	370.000000 	377.272064 
3.000000 	123.771416 	370.000000 	376.851654 
3.100000 	123.815125 	370.000000 	376.469238 
3.200000 	123.806152 	370.000000 	376.115021 
3.300000 	123.856461 	370.000000 	375.791748 
3.400000 	123.869522 	370.000000 	375.491211 
3.500000 	123.850784 	370.000000 	375.211548 
3.600000 	123.909676 	370.000000 	374.954773 
3.700000 	123.842224 	370.000000 	374.711578 
3.800000 	123.859360 	370.000000 	374.487640 
3.900000 	123.860374 	370.000000 	374.278076 
4.000000 	123.945290 	370.000000 	374.084198 
4.100000 	123.921860 	370.000000 	373.900116 
4.200000 	123.891266 	370.000000 	373.727478 
4.300000 	123.945435 	370.000000 	373.567230 
4.400000 	124.623466 	370.000000 	373.428009 
4.500000 	124.498718 	370.000000 	373.282715 
4.600000 	124.375420 	370.000000 	373.146179 
4.700000 	124.254814 	370.000000 	373.017761 
4.800000 	124.137932 	370.000000 	372.896881 
4.900000 	124.025688 	370.000000 	372.782990 
5.000000 	123.918762 	370.000000 	372.675598 
5.100000 	124.504684 	370.000000 	372.583191 
5.200000 	124.412018 	370.000000 	372.487091 
5.300000 	124.325912 	370.000000 	372.396271 
5.400000 	124.246605 	370.000000 	372.310303 
5.500000 	124.174225 	370.000000 	372.228912 
5.600000 	124.108841 	370.000000 	372.151794 
5.700000 	124.050430 	370.000000 	372.078613 
5.800000 	123.998932 	370.000000 	372.009155 
5.900000 	123.954231 	370.000000 	371.943176 
6.000000 	124.512222 	370.000000 	371.886566 
6.100000 	124.481377 	370.000000 	371.826752 
6.200000 	124.456635 	370.000000 	371.769806 
6.300000 	124.437752 	370.000000 	371.715576 
6.400000 	124.424431 	370.000000 	371.663818 
6.500000 	124.416405 	370.000000 	371.614471 
6.600000 	124.413353 	370.000000 	371.567352 
6.700000 	124.414986 	370.000000 	371.522308 
6.800000 	124.420975 	370.000000 	371.479279 
6.900000 	124.431015 	370.000000 	371.438110 
7.000000 	124.444786 	370.000000 	371.398682 
7.100000 	124.461975 	370.000000 	371.360962 
7.200000 	124.482269 	370.000000 	371.324768 
7.300000 	124.505379 	370.000000 	371.290100 
7.400000 	124.530998 	370.000000 	371.256805 
7.500000 	123.958656 	370.000000 	371.220093 
7.600000 	123.988617 	370.000000 	371.189484 
7.700000 	124.020279 	370.000000 	371.160034 
7.800000 	124.053459 	370.000000 	371.131775 
7.900000 	124.087814 	370.000000 	371.104523 
8.000000 	124.123215 	370.000000 	371.078369 
8.100000 	124.159416 	370.000000 	371.053162 
8.200000 	124.196190 	370.000000 	371.028870 
8.300000 	124.233429 	370.000000 	371.005524 
8.400000 	124.270813 	370.000000 	370.982880 
8.500000 	124.308083 	370.000000 	370.960785 
8.600000 	124.346054 	370.000000 	370.940247 
8.700000 	124.383476 	370.000000 	370.919983 
8.800000 	124.422241 	370.000000 	370.900360 
8.900000 	124.463509 	370.000000 	370.881531 
9.000000 	124.503616 	370.000000 	370.863464 
9.100000 	124.542297 	370.000000 	370.845825 
9.200000 	124.580238 	370.000000 	370.829224 
9.300000 	124.616280 	370.000000 	370.812408 
9.400000 	124.651550 	370.000000 	370.796417 
9.500000 	123.985336 	370.000000 	370.777008 
