0.500000 	94.751198 	945.000000 	949.703979 	946.825989 
0.600000 	94.751198 	945.000000 	949.703979 	946.825989 
0.700000 	94.751198 	945.000000 	949.703979 	946.825989 
0.800000 	94.751198 	945.000000 	949.703979 	946.825989 
0.900000 	94.751198 	945.000000 	949.703979 	946.825989 
1.000000 	94.751198 	945.000000 	949.703979 	946.825989 
1.100000 	94.751198 	945.000000 	949.703979 	946.825989 
1.200000 	94.751198 	945.000000 	949.703979 	946.825989 
1.300000 	94.751198 	945.000000 	949.703979 	946.825989 
1.400000 	94.751198 	945.000000 	949.703979 	946.825989 
1.500000 	104.875000 	945.000000 	948.080017 	948.364014 
1.600000 	104.875000 	945.000000 	948.080017 	948.364014 
1.700000 	104.875000 	945.000000 	948.080017 	948.364014 
1.800000 	104.875000 	945.000000 	948.080017 	948.364014 
1.900000 	104.875000 	945.000000 	948.080017 	948.364014 
2.000000 	104.875000 	945.000000 	948.080017 	948.364014 
2.100000 	104.875000 	945.000000 	948.080017 	948.364014 
2.200000 	104.875000 	945.000000 	948.080017 	948.364014 
2.300000 	104.875000 	945.000000 	948.080017 	948.364014 
2.400000 	104.875000 	945.000000 	948.080017 	948.364014 
2.500000 	114.398003 	945.000000 	946.682983 	948.510986 
2.600000 	114.398003 	945.000000 	946.682983 	948.510986 
2.700000 	114.398003 	945.000000 	946.682983 	948.510986 
2.800000 	114.398003 	945.000000 	946.682983 	948.510986 
2.900000 	114.398003 	945.000000 	946.682983 	948.510986 
3.000000 	114.398003 	945.000000 	946.682983 	948.510986 
3.100000 	114.398003 	945.000000 	946.682983 	948.510986 
3.200000 	114.398003 	945.000000 	946.682983 	948.510986 
3.300000 	114.398003 	945.000000 	946.682983 	948.510986 
3.400000 	114.398003 	945.000000 	946.682983 	948.510986 
3.500000 	118.962997 	945.000000 	945.997009 	948.512024 
3.600000 	118.962997 	945.000000 	945.997009 	948.512024 
3.700000 	118.962997 	945.000000 	945.997009 	948.512024 
3.800000 	118.962997 	945.000000 	945.997009 	948.512024 
3.900000 	118.962997 	945.000000 	945.997009 	948.512024 
4.000000 	118.962997 	945.000000 	945.997009 	948.512024 
4.100000 	118.962997 	945.000000 	945.997009 	948.512024 
4.200000 	118.962997 	945.000000 	945.997009 	948.512024 
4.300000 	118.962997 	945.000000 	945.997009 	948.512024 
4.400000 	118.962997 	945.000000 	945.997009 	948.512024 
4.500000 	121.345001 	945.000000 	945.633972 	948.510010 
4.600000 	121.345001 	945.000000 	945.633972 	948.510010 
4.700000 	121.345001 	945.000000 	945.633972 	948.510010 
4.800000 	121.345001 	945.000000 	945.633972 	948.510010 
4.900000 	121.345001 	945.000000 	945.633972 	948.510010 
5.000000 	121.345001 	945.000000 	945.633972 	948.510010 
5.100000 	121.345001 	945.000000 	945.633972 	948.510010 
5.200000 	121.345001 	945.000000 	945.633972 	948.510010 
5.300000 	121.345001 	945.000000 	945.633972 	948.510010 
5.400000 	121.345001 	945.000000 	945.633972 	948.510010 
5.500000 	122.720001 	945.000000 	945.421021 	948.508972 
5.600000 	122.720001 	945.000000 	945.421021 	948.508972 
5.700000 	122.720001 	945.000000 	945.421021 	948.508972 
5.800000 	122.720001 	945.000000 	945.421021 	948.508972 
5.900000 	122.720001 	945.000000 	945.421021 	948.508972 
6.000000 	122.720001 	945.000000 	945.421021 	948.508972 
6.100000 	122.720001 	945.000000 	945.421021 	948.508972 
6.200000 	122.720001 	945.000000 	945.421021 	948.508972 
6.300000 	122.720001 	945.000000 	945.421021 	948.508972 
6.400000 	122.720001 	945.000000 	945.421021 	948.508972 
6.500000 	123.580002 	945.000000 	945.286987 	948.510010 
6.600000 	123.580002 	945.000000 	945.286987 	948.510010 
6.700000 	123.580002 	945.000000 	945.286987 	948.510010 
6.800000 	123.580002 	945.000000 	945.286987 	948.510010 
6.900000 	123.580002 	945.000000 	945.286987 	948.510010 
7.000000 	123.580002 	945.000000 	945.286987 	948.510010 
7.100000 	123.580002 	945.000000 	945.286987 	948.510010 
7.200000 	123.580002 	945.000000 	945.286987 	948.510010 
7.300000 	123.580002 	945.000000 	945.286987 	948.510010 
7.400000 	123.580002 	945.000000 	945.286987 	948.510010 
7.500000 	124.152000 	945.000000 	945.197021 	948.513000 
7.600000 	124.152000 	945.000000 	945.197021 	948.513000 
7.700000 	124.152000 	945.000000 	945.197021 	948.513000 
7.800000 	124.152000 	945.000000 	945.197021 	948.513000 
7.900000 	124.152000 	945.000000 	945.197021 	948.513000 
8.000000 	124.152000 	945.000000 	945.197021 	948.513000 
8.100000 	124.152000 	945.000000 	945.197021 	948.513000 
8.200000 	124.152000 	945.000000 	945.197021 	948.513000 
8.300000 	124.152000 	945.000000 	945.197021 	948.513000 
8.400000 	124.152000 	945.000000 	945.197021 	948.513000 
8.500000 	124.551003 	945.000000 	945.133972 	948.515991 
8.600000 	124.551003 	945.000000 	945.133972 	948.515991 
8.700000 	124.551003 	945.000000 	945.133972 	948.515991 
8.800000 	124.551003 	945.000000 	945.133972 	948.515991 
8.900000 	124.551003 	945.000000 	945.133972 	948.515991 
9.000000 	124.551003 	945.000000 	945.133972 	948.515991 
9.100000 	124.551003 	945.000000 	945.133972 	948.515991 
9.200000 	124.551003 	945.000000 	945.133972 	948.515991 
9.300000 	124.551003 	945.000000 	945.133972 	948.515991 
9.400000 	124.551003 	945.000000 	945.133972 	948.515991 
9.500000 	124.842003 	945.000000 	945.085999 	948.520020 
9.600000 	124.842003 	945.000000 	945.085999 	948.520020 
9.700000 	124.842003 	945.000000 	945.085999 	948.520020 
9.800000 	124.842003 	945.000000 	945.085999 	948.520020 
9.900000 	124.842003 	945.000000 	945.085999 	948.520020 
10.000000 	124.842003 	945.000000 	945.085999 	948.520020 
10.100000 	124.842003 	945.000000 	945.085999 	948.520020 
10.200000 	124.842003 	945.000000 	945.085999 	948.520020 
10.300000 	124.842003 	945.000000 	945.085999 	948.520020 
10.400000 	124.842003 	945.000000 	945.085999 	948.520020 
10.500000 	125.058998 	945.000000 	945.049988 	948.525024 
10.600000 	125.058998 	945.000000 	945.049988 	948.525024 
10.700000 	125.058998 	945.000000 	945.049988 	948.525024 
10.800000 	125.058998 	945.000000 	945.049988 	948.525024 
10.900000 	125.058998 	945.000000 	945.049988 	948.525024 
11.000000 	125.058998 	945.000000 	945.049988 	948.525024 
11.100000 	125.058998 	945.000000 	945.049988 	948.525024 
11.200000 	125.058998 	945.000000 	945.049988 	948.525024 
11.300000 	125.058998 	945.000000 	945.049988 	948.525024 
11.400000 	125.058998 	945.000000 	945.049988 	948.525024 
11.500000 	125.226997 	945.000000 	945.020996 	948.531006 
11.600000 	125.226997 	945.000000 	945.020996 	948.531006 
11.700000 	125.226997 	945.000000 	945.020996 	948.531006 
11.800000 	125.226997 	945.000000 	945.020996 	948.531006 
11.900000 	125.226997 	945.000000 	945.020996 	948.531006 
12.000000 	125.226997 	945.000000 	945.020996 	948.531006 
12.100000 	125.226997 	945.000000 	945.020996 	948.531006 
12.200000 	125.226997 	945.000000 	945.020996 	948.531006 
12.300000 	125.226997 	945.000000 	945.020996 	948.531006 
12.400000 	125.226997 	945.000000 	945.020996 	948.531006 
12.500000 	125.359001 	945.000000 	944.997009 	948.536987 
12.600000 	125.359001 	945.000000 	944.997009 	948.536987 
12.700000 	125.359001 	945.000000 	944.997009 	948.536987 
12.800000 	125.359001 	945.000000 	944.997009 	948.536987 
12.900000 	125.359001 	945.000000 	944.997009 	948.536987 
13.000000 	125.359001 	945.000000 	944.997009 	948.536987 
13.100000 	125.359001 	945.000000 	944.997009 	948.536987 
13.200000 	125.359001 	945.000000 	944.997009 	948.536987 
13.300000 	125.359001 	945.000000 	944.997009 	948.536987 
13.400000 	125.359001 	945.000000 	944.997009 	948.536987 
13.500000 	125.464996 	945.000000 	944.976990 	948.544006 
13.600000 	125.464996 	945.000000 	944.976990 	948.544006 
13.700000 	125.464996 	945.000000 	944.976990 	948.544006 
13.800000 	125.464996 	945.000000 	944.976990 	948.544006 
13.900000 	125.464996 	945.000000 	944.976990 	948.544006 
14.000000 	125.464996 	945.000000 	944.976990 	948.544006 
14.100000 	125.464996 	945.000000 	944.976990 	948.544006 
14.200000 	125.464996 	945.000000 	944.976990 	948.544006 
14.300000 	125.464996 	945.000000 	944.976990 	948.544006 
14.400000 	125.464996 	945.000000 	944.976990 	948.544006 
14.500000 	125.552002 	945.000000 	944.960022 	948.551025 
14.600000 	125.552002 	945.000000 	944.960022 	948.551025 
14.700000 	125.552002 	945.000000 	944.960022 	948.551025 
14.800000 	125.552002 	945.000000 	944.960022 	948.551025 
14.900000 	125.552002 	945.000000 	944.960022 	948.551025 
15.000000 	125.552002 	945.000000 	944.960022 	948.551025 
15.100000 	125.552002 	945.000000 	944.960022 	948.551025 
15.200000 	125.552002 	945.000000 	944.960022 	948.551025 
15.300000 	125.552002 	945.000000 	944.960022 	948.551025 
15.400000 	125.552002 	945.000000 	944.960022 	948.551025 
15.500000 	125.625000 	945.000000 	944.943970 	948.559021 
15.600000 	125.625000 	945.000000 	944.943970 	948.559021 
15.700000 	125.625000 	945.000000 	944.943970 	948.559021 
15.800000 	125.625000 	945.000000 	944.943970 	948.559021 
15.900000 	125.625000 	945.000000 	944.943970 	948.559021 
16.000000 	125.625000 	945.000000 	944.943970 	948.559021 
16.100000 	125.625000 	945.000000 	944.943970 	948.559021 
16.200000 	125.625000 	945.000000 	944.943970 	948.559021 
16.300000 	125.625000 	945.000000 	944.943970 	948.559021 
16.400000 	125.625000 	945.000000 	944.943970 	948.559021 
16.500000 	125.685997 	945.000000 	944.929016 	948.567017 
16.600000 	125.685997 	945.000000 	944.929016 	948.567017 
16.700000 	125.685997 	945.000000 	944.929016 	948.567017 
16.800000 	125.685997 	945.000000 	944.929016 	948.567017 
16.900000 	125.685997 	945.000000 	944.929016 	948.567017 
17.000000 	125.685997 	945.000000 	944.929016 	948.567017 
17.100000 	125.685997 	945.000000 	944.929016 	948.567017 
17.200000 	125.685997 	945.000000 	944.929016 	948.567017 
17.300000 	125.685997 	945.000000 	944.929016 	948.567017 
17.400000 	125.685997 	945.000000 	944.929016 	948.567017 
17.500000 	125.737999 	945.000000 	944.916016 	948.575012 
17.600000 	125.737999 	945.000000 	944.916016 	948.575012 
17.700000 	125.737999 	945.000000 	944.916016 	948.575012 
17.800000 	125.737999 	945.000000 	944.916016 	948.575012 
17.900000 	125.737999 	945.000000 	944.916016 	948.575012 
18.000000 	125.737999 	945.000000 	944.916016 	948.575012 
18.100000 	125.737999 	945.000000 	944.916016 	948.575012 
18.200000 	125.737999 	945.000000 	944.916016 	948.575012 
18.300000 	125.737999 	945.000000 	944.916016 	948.575012 
18.400000 	125.737999 	945.000000 	944.916016 	948.575012 
18.500000 	125.782997 	945.000000 	944.903015 	948.583008 
18.600000 	125.782997 	945.000000 	944.903015 	948.583008 
18.700000 	125.782997 	945.000000 	944.903015 	948.583008 
18.800000 	125.782997 	945.000000 	944.903015 	948.583008 
18.900000 	125.782997 	945.000000 	944.903015 	948.583008 
19.000000 	125.782997 	945.000000 	944.903015 	948.583008 
19.100000 	125.782997 	945.000000 	944.903015 	948.583008 
19.200000 	125.782997 	945.000000 	944.903015 	948.583008 
19.300000 	125.782997 	945.000000 	944.903015 	948.583008 
19.400000 	125.782997 	945.000000 	944.903015 	948.583008 
19.500000 	125.821999 	945.000000 	944.890991 	948.591980 
19.600000 	125.821999 	945.000000 	944.890991 	948.591980 
19.700000 	125.821999 	945.000000 	944.890991 	948.591980 
19.800000 	125.821999 	945.000000 	944.890991 	948.591980 
19.900000 	125.821999 	945.000000 	944.890991 	948.591980 
20.000000 	125.821999 	945.000000 	944.890991 	948.591980 
20.100000 	125.821999 	945.000000 	944.890991 	948.591980 
20.200000 	125.821999 	945.000000 	944.890991 	948.591980 
20.300000 	125.821999 	945.000000 	944.890991 	948.591980 
20.400000 	125.821999 	945.000000 	944.890991 	948.591980 
20.500000 	125.857002 	945.000000 	944.877991 	948.601013 
20.600000 	125.857002 	945.000000 	944.877991 	948.601013 
20.700000 	125.857002 	945.000000 	944.877991 	948.601013 
20.800000 	125.857002 	945.000000 	944.877991 	948.601013 
20.900000 	125.857002 	945.000000 	944.877991 	948.601013 
21.000000 	125.857002 	945.000000 	944.877991 	948.601013 
21.100000 	125.857002 	945.000000 	944.877991 	948.601013 
21.200000 	125.857002 	945.000000 	944.877991 	948.601013 
21.300000 	125.857002 	945.000000 	944.877991 	948.601013 
21.400000 	125.857002 	945.000000 	944.877991 	948.601013 
21.500000 	125.888000 	945.000000 	944.866028 	948.609009 
21.600000 	125.888000 	945.000000 	944.866028 	948.609009 
21.700000 	125.888000 	945.000000 	944.866028 	948.609009 
21.800000 	125.888000 	945.000000 	944.866028 	948.609009 
21.900000 	125.888000 	945.000000 	944.866028 	948.609009 
22.000000 	125.888000 	945.000000 	944.866028 	948.609009 
22.100000 	125.888000 	945.000000 	944.866028 	948.609009 
22.200000 	125.888000 	945.000000 	944.866028 	948.609009 
22.300000 	125.888000 	945.000000 	944.866028 	948.609009 
22.400000 	125.888000 	945.000000 	944.866028 	948.609009 
22.500000 	125.915001 	945.000000 	944.854004 	948.617981 
22.600000 	125.915001 	945.000000 	944.854004 	948.617981 
22.700000 	125.915001 	945.000000 	944.854004 	948.617981 
22.800000 	125.915001 	945.000000 	944.854004 	948.617981 
22.900000 	125.915001 	945.000000 	944.854004 	948.617981 
23.000000 	125.915001 	945.000000 	944.854004 	948.617981 
23.100000 	125.915001 	945.000000 	944.854004 	948.617981 
23.200000 	125.915001 	945.000000 	944.854004 	948.617981 
23.300000 	125.915001 	945.000000 	944.854004 	948.617981 
23.400000 	125.915001 	945.000000 	944.854004 	948.617981 
23.500000 	125.941002 	945.000000 	944.841003 	948.625977 
23.600000 	125.941002 	945.000000 	944.841003 	948.625977 
23.700000 	125.941002 	945.000000 	944.841003 	948.625977 
23.800000 	125.941002 	945.000000 	944.841003 	948.625977 
23.900000 	125.941002 	945.000000 	944.841003 	948.625977 
24.000000 	125.941002 	945.000000 	944.841003 	948.625977 
24.100000 	125.941002 	945.000000 	944.841003 	948.625977 
24.200000 	125.941002 	945.000000 	944.841003 	948.625977 
24.300000 	125.941002 	945.000000 	944.841003 	948.625977 
24.400000 	125.941002 	945.000000 	944.841003 	948.625977 
24.500000 	125.963997 	945.000000 	944.828003 	948.633972 
24.600000 	125.963997 	945.000000 	944.828003 	948.633972 
24.700000 	125.963997 	945.000000 	944.828003 	948.633972 
24.800000 	125.963997 	945.000000 	944.828003 	948.633972 
24.900000 	125.963997 	945.000000 	944.828003 	948.633972 
25.000000 	125.963997 	945.000000 	944.828003 	948.633972 
25.100000 	125.963997 	945.000000 	944.828003 	948.633972 
25.200000 	125.963997 	945.000000 	944.828003 	948.633972 
25.300000 	125.963997 	945.000000 	944.828003 	948.633972 
25.400000 	125.963997 	945.000000 	944.828003 	948.633972 
25.500000 	125.985001 	945.000000 	944.815002 	948.642029 
25.600000 	125.985001 	945.000000 	944.815002 	948.642029 
25.700000 	125.985001 	945.000000 	944.815002 	948.642029 
25.800000 	125.985001 	945.000000 	944.815002 	948.642029 
25.900000 	125.985001 	945.000000 	944.815002 	948.642029 
26.000000 	125.985001 	945.000000 	944.815002 	948.642029 
26.100000 	125.985001 	945.000000 	944.815002 	948.642029 
26.200000 	125.985001 	945.000000 	944.815002 	948.642029 
26.300000 	125.985001 	945.000000 	944.815002 	948.642029 
26.400000 	125.985001 	945.000000 	944.815002 	948.642029 
26.500000 	126.004997 	945.000000 	944.801025 	948.650024 
26.600000 	126.004997 	945.000000 	944.801025 	948.650024 
26.700000 	126.004997 	945.000000 	944.801025 	948.650024 
26.800000 	126.004997 	945.000000 	944.801025 	948.650024 
26.900000 	126.004997 	945.000000 	944.801025 	948.650024 
27.000000 	126.004997 	945.000000 	944.801025 	948.650024 
27.100000 	126.004997 	945.000000 	944.801025 	948.650024 
27.200000 	126.004997 	945.000000 	944.801025 	948.650024 
27.300000 	126.004997 	945.000000 	944.801025 	948.650024 
27.400000 	126.004997 	945.000000 	944.801025 	948.650024 
27.500000 	126.023003 	945.000000 	944.786011 	948.656982 
27.600000 	126.023003 	945.000000 	944.786011 	948.656982 
27.700000 	126.023003 	945.000000 	944.786011 	948.656982 
27.800000 	126.023003 	945.000000 	944.786011 	948.656982 
27.900000 	126.023003 	945.000000 	944.786011 	948.656982 
28.000000 	126.023003 	945.000000 	944.786011 	948.656982 
28.100000 	126.023003 	945.000000 	944.786011 	948.656982 
28.200000 	126.023003 	945.000000 	944.786011 	948.656982 
28.300000 	126.023003 	945.000000 	944.786011 	948.656982 
28.400000 	126.023003 	945.000000 	944.786011 	948.656982 
28.500000 	126.040001 	945.000000 	944.770996 	948.664001 
28.600000 	126.040001 	945.000000 	944.770996 	948.664001 
28.700000 	126.040001 	945.000000 	944.770996 	948.664001 
28.800000 	126.040001 	945.000000 	944.770996 	948.664001 
28.900000 	126.040001 	945.000000 	944.770996 	948.664001 
29.000000 	126.040001 	945.000000 	944.770996 	948.664001 
29.100000 	126.040001 	945.000000 	944.770996 	948.664001 
29.200000 	126.040001 	945.000000 	944.770996 	948.664001 
29.300000 	126.040001 	945.000000 	944.770996 	948.664001 
29.400000 	126.040001 	945.000000 	944.770996 	948.664001 
29.500000 	126.056999 	945.000000 	944.755005 	948.669006 
29.600000 	126.056999 	945.000000 	944.755005 	948.669006 
29.700000 	126.056999 	945.000000 	944.755005 	948.669006 
29.800000 	126.056999 	945.000000 	944.755005 	948.669006 
29.900000 	126.056999 	945.000000 	944.755005 	948.669006 
30.000000 	126.056999 	945.000000 	944.755005 	948.669006 
30.100000 	126.056999 	945.000000 	944.755005 	948.669006 
30.200000 	126.056999 	945.000000 	944.755005 	948.669006 
30.300000 	126.056999 	945.000000 	944.755005 	948.669006 
30.400000 	126.056999 	945.000000 	944.755005 	948.669006 
30.500000 	126.071999 	945.000000 	944.739014 	948.674988 
30.600000 	126.071999 	945.000000 	944.739014 	948.674988 
30.700000 	126.071999 	945.000000 	944.739014 	948.674988 
30.800000 	126.071999 	945.000000 	944.739014 	948.674988 
30.900000 	126.071999 	945.000000 	944.739014 	948.674988 
31.000000 	126.071999 	945.000000 	944.739014 	948.674988 
31.100000 	126.071999 	945.000000 	944.739014 	948.674988 
31.200000 	126.071999 	945.000000 	944.739014 	948.674988 
31.300000 	126.071999 	945.000000 	944.739014 	948.674988 
31.400000 	126.071999 	945.000000 	944.739014 	948.674988 
31.500000 	126.086998 	945.000000 	944.721008 	948.679016 
31.600000 	126.086998 	945.000000 	944.721008 	948.679016 
31.700000 	126.086998 	945.000000 	944.721008 	948.679016 
31.800000 	126.086998 	945.000000 	944.721008 	948.679016 
31.900000 	126.086998 	945.000000 	944.721008 	948.679016 
32.000000 	126.086998 	945.000000 	944.721008 	948.679016 
32.100000 	126.086998 	945.000000 	944.721008 	948.679016 
32.200000 	126.086998 	945.000000 	944.721008 	948.679016 
32.300000 	126.086998 	945.000000 	944.721008 	948.679016 
32.400000 	126.086998 	945.000000 	944.721008 	948.679016 
32.500000 	126.101997 	945.000000 	944.702026 	948.682007 
32.600000 	126.101997 	945.000000 	944.702026 	948.682007 
32.700000 	126.101997 	945.000000 	944.702026 	948.682007 
32.800000 	126.101997 	945.000000 	944.702026 	948.682007 
32.900000 	126.101997 	945.000000 	944.702026 	948.682007 
33.000000 	126.101997 	945.000000 	944.702026 	948.682007 
33.100000 	126.101997 	945.000000 	944.702026 	948.682007 
33.200000 	126.101997 	945.000000 	944.702026 	948.682007 
33.300000 	126.101997 	945.000000 	944.702026 	948.682007 
33.400000 	126.101997 	945.000000 	944.702026 	948.682007 
33.500000 	126.115997 	945.000000 	944.682983 	948.684021 
33.600000 	126.115997 	945.000000 	944.682983 	948.684021 
33.700000 	126.115997 	945.000000 	944.682983 	948.684021 
33.800000 	126.115997 	945.000000 	944.682983 	948.684021 
33.900000 	126.115997 	945.000000 	944.682983 	948.684021 
34.000000 	126.115997 	945.000000 	944.682983 	948.684021 
34.100000 	126.115997 	945.000000 	944.682983 	948.684021 
34.200000 	126.115997 	945.000000 	944.682983 	948.684021 
34.300000 	126.115997 	945.000000 	944.682983 	948.684021 
34.400000 	126.115997 	945.000000 	944.682983 	948.684021 
34.500000 	126.128998 	945.000000 	944.661987 	948.684998 
34.600000 	126.128998 	945.000000 	944.661987 	948.684998 
34.700000 	126.128998 	945.000000 	944.661987 	948.684998 
34.800000 	126.128998 	945.000000 	944.661987 	948.684998 
34.900000 	126.128998 	945.000000 	944.661987 	948.684998 
35.000000 	126.128998 	945.000000 	944.661987 	948.684998 
35.100000 	126.128998 	945.000000 	944.661987 	948.684998 
35.200000 	126.128998 	945.000000 	944.661987 	948.684998 
35.300000 	126.128998 	945.000000 	944.661987 	948.684998 
35.400000 	126.128998 	945.000000 	944.661987 	948.684998 
35.500000 	126.142998 	945.000000 	944.640015 	948.684998 
35.600000 	126.142998 	945.000000 	944.640015 	948.684998 
35.700000 	126.142998 	945.000000 	944.640015 	948.684998 
35.800000 	126.142998 	945.000000 	944.640015 	948.684998 
35.900000 	126.142998 	945.000000 	944.640015 	948.684998 
36.000000 	126.142998 	945.000000 	944.640015 	948.684998 
36.100000 	126.142998 	945.000000 	944.640015 	948.684998 
36.200000 	126.142998 	945.000000 	944.640015 	948.684998 
36.300000 	126.142998 	945.000000 	944.640015 	948.684998 
36.400000 	126.142998 	945.000000 	944.640015 	948.684998 
36.500000 	126.155998 	945.000000 	944.617004 	948.682983 
36.600000 	126.155998 	945.000000 	944.617004 	948.682983 
36.700000 	126.155998 	945.000000 	944.617004 	948.682983 
36.800000 	126.155998 	945.000000 	944.617004 	948.682983 
36.900000 	126.155998 	945.000000 	944.617004 	948.682983 
37.000000 	126.155998 	945.000000 	944.617004 	948.682983 
37.100000 	126.155998 	945.000000 	944.617004 	948.682983 
37.200000 	126.155998 	945.000000 	944.617004 	948.682983 
37.300000 	126.155998 	945.000000 	944.617004 	948.682983 
37.400000 	126.155998 	945.000000 	944.617004 	948.682983 
37.500000 	126.167999 	945.000000 	944.593018 	948.679993 
37.600000 	126.167999 	945.000000 	944.593018 	948.679993 
37.700000 	126.167999 	945.000000 	944.593018 	948.679993 
37.800000 	126.167999 	945.000000 	944.593018 	948.679993 
37.900000 	126.167999 	945.000000 	944.593018 	948.679993 
38.000000 	126.167999 	945.000000 	944.593018 	948.679993 
38.100000 	126.167999 	945.000000 	944.593018 	948.679993 
38.200000 	126.167999 	945.000000 	944.593018 	948.679993 
38.300000 	126.167999 	945.000000 	944.593018 	948.679993 
38.400000 	126.167999 	945.000000 	944.593018 	948.679993 
38.500000 	126.181000 	945.000000 	944.567017 	948.674988 
38.600000 	126.181000 	945.000000 	944.567017 	948.674988 
38.700000 	126.181000 	945.000000 	944.567017 	948.674988 
38.800000 	126.181000 	945.000000 	944.567017 	948.674988 
38.900000 	126.181000 	945.000000 	944.567017 	948.674988 
39.000000 	126.181000 	945.000000 	944.567017 	948.674988 
39.100000 	126.181000 	945.000000 	944.567017 	948.674988 
39.200000 	126.181000 	945.000000 	944.567017 	948.674988 
39.300000 	126.181000 	945.000000 	944.567017 	948.674988 
39.400000 	126.181000 	945.000000 	944.567017 	948.674988 
39.500000 	126.193001 	945.000000 	944.539978 	948.668030 
39.600000 	126.193001 	945.000000 	944.539978 	948.668030 
39.700000 	126.193001 	945.000000 	944.539978 	948.668030 
39.800000 	126.193001 	945.000000 	944.539978 	948.668030 
39.900000 	126.193001 	945.000000 	944.539978 	948.668030 
40.000000 	126.193001 	945.000000 	944.539978 	948.668030 
40.100000 	126.193001 	945.000000 	944.539978 	948.668030 
40.200000 	126.193001 	945.000000 	944.539978 	948.668030 
40.300000 	126.193001 	945.000000 	944.539978 	948.668030 
40.400000 	126.193001 	945.000000 	944.539978 	948.668030 
40.500000 	126.206001 	945.000000 	944.510986 	948.658997 
40.600000 	126.206001 	945.000000 	944.510986 	948.658997 
40.700000 	126.206001 	945.000000 	944.510986 	948.658997 
40.800000 	126.206001 	945.000000 	944.510986 	948.658997 
40.900000 	126.206001 	945.000000 	944.510986 	948.658997 
41.000000 	126.206001 	945.000000 	944.510986 	948.658997 
41.100000 	126.206001 	945.000000 	944.510986 	948.658997 
41.200000 	126.206001 	945.000000 	944.510986 	948.658997 
41.300000 	126.206001 	945.000000 	944.510986 	948.658997 
41.400000 	126.206001 	945.000000 	944.510986 	948.658997 
41.500000 	126.218002 	945.000000 	944.481018 	948.648010 
41.600000 	126.218002 	945.000000 	944.481018 	948.648010 
41.700000 	126.218002 	945.000000 	944.481018 	948.648010 
41.800000 	126.218002 	945.000000 	944.481018 	948.648010 
41.900000 	126.218002 	945.000000 	944.481018 	948.648010 
42.000000 	126.218002 	945.000000 	944.481018 	948.648010 
42.100000 	126.218002 	945.000000 	944.481018 	948.648010 
42.200000 	126.218002 	945.000000 	944.481018 	948.648010 
42.300000 	126.218002 	945.000000 	944.481018 	948.648010 
42.400000 	126.218002 	945.000000 	944.481018 	948.648010 
42.500000 	126.230003 	945.000000 	944.447998 	948.635010 
42.600000 	126.230003 	945.000000 	944.447998 	948.635010 
42.700000 	126.230003 	945.000000 	944.447998 	948.635010 
42.800000 	126.230003 	945.000000 	944.447998 	948.635010 
42.900000 	126.230003 	945.000000 	944.447998 	948.635010 
43.000000 	126.230003 	945.000000 	944.447998 	948.635010 
43.100000 	126.230003 	945.000000 	944.447998 	948.635010 
43.200000 	126.230003 	945.000000 	944.447998 	948.635010 
43.300000 	126.230003 	945.000000 	944.447998 	948.635010 
43.400000 	126.230003 	945.000000 	944.447998 	948.635010 
43.500000 	126.242996 	945.000000 	944.414001 	948.619019 
43.600000 	126.242996 	945.000000 	944.414001 	948.619019 
43.700000 	126.242996 	945.000000 	944.414001 	948.619019 
43.800000 	126.242996 	945.000000 	944.414001 	948.619019 
43.900000 	126.242996 	945.000000 	944.414001 	948.619019 
44.000000 	126.242996 	945.000000 	944.414001 	948.619019 
44.100000 	126.242996 	945.000000 	944.414001 	948.619019 
44.200000 	126.242996 	945.000000 	944.414001 	948.619019 
44.300000 	126.242996 	945.000000 	944.414001 	948.619019 
44.400000 	126.242996 	945.000000 	944.414001 	948.619019 
44.500000 	126.254997 	945.000000 	944.379028 	948.599976 
44.600000 	126.254997 	945.000000 	944.379028 	948.599976 
44.700000 	126.254997 	945.000000 	944.379028 	948.599976 
44.800000 	126.254997 	945.000000 	944.379028 	948.599976 
44.900000 	126.254997 	945.000000 	944.379028 	948.599976 
45.000000 	126.254997 	945.000000 	944.379028 	948.599976 
45.100000 	126.254997 	945.000000 	944.379028 	948.599976 
45.200000 	126.254997 	945.000000 	944.379028 	948.599976 
45.300000 	126.254997 	945.000000 	944.379028 	948.599976 
45.400000 	126.254997 	945.000000 	944.379028 	948.599976 
45.500000 	126.266998 	945.000000 	944.341003 	948.578979 
45.600000 	126.266998 	945.000000 	944.341003 	948.578979 
45.700000 	126.266998 	945.000000 	944.341003 	948.578979 
45.800000 	126.266998 	945.000000 	944.341003 	948.578979 
45.900000 	126.266998 	945.000000 	944.341003 	948.578979 
46.000000 	126.266998 	945.000000 	944.341003 	948.578979 
46.100000 	126.266998 	945.000000 	944.341003 	948.578979 
46.200000 	126.266998 	945.000000 	944.341003 	948.578979 
46.300000 	126.266998 	945.000000 	944.341003 	948.578979 
46.400000 	126.266998 	945.000000 	944.341003 	948.578979 
46.500000 	126.278999 	945.000000 	944.301025 	948.554016 
46.600000 	126.278999 	945.000000 	944.301025 	948.554016 
46.700000 	126.278999 	945.000000 	944.301025 	948.554016 
46.800000 	126.278999 	945.000000 	944.301025 	948.554016 
46.900000 	126.278999 	945.000000 	944.301025 	948.554016 
47.000000 	126.278999 	945.000000 	944.301025 	948.554016 
47.100000 	126.278999 	945.000000 	944.301025 	948.554016 
47.200000 	126.278999 	945.000000 	944.301025 	948.554016 
47.300000 	126.278999 	945.000000 	944.301025 	948.554016 
47.400000 	126.278999 	945.000000 	944.301025 	948.554016 
47.500000 	126.292000 	945.000000 	944.258972 	948.336975 
47.600000 	126.292000 	945.000000 	944.258972 	948.336975 
47.700000 	126.292000 	945.000000 	944.258972 	948.336975 
47.800000 	126.292000 	945.000000 	944.258972 	948.336975 
47.900000 	126.292000 	945.000000 	944.258972 	948.336975 
48.000000 	126.292000 	945.000000 	944.258972 	948.336975 
48.100000 	126.292000 	945.000000 	944.258972 	948.336975 
48.200000 	126.292000 	945.000000 	944.258972 	948.336975 
48.300000 	126.292000 	945.000000 	944.258972 	948.336975 
48.400000 	126.292000 	945.000000 	944.258972 	948.336975 
48.500000 	126.304001 	945.000000 	944.213989 	948.301025 
48.600000 	126.304001 	945.000000 	944.213989 	948.301025 
48.700000 	126.304001 	945.000000 	944.213989 	948.301025 
48.800000 	126.304001 	945.000000 	944.213989 	948.301025 
48.900000 	126.304001 	945.000000 	944.213989 	948.301025 
49.000000 	126.304001 	945.000000 	944.213989 	948.301025 
49.100000 	126.304001 	945.000000 	944.213989 	948.301025 
49.200000 	126.304001 	945.000000 	944.213989 	948.301025 
49.300000 	126.304001 	945.000000 	944.213989 	948.301025 
49.400000 	126.304001 	945.000000 	944.213989 	948.301025 
49.500000 	126.317001 	945.000000 	944.166992 	948.260986 
49.600000 	126.317001 	945.000000 	944.166992 	948.260986 
49.700000 	126.317001 	945.000000 	944.166992 	948.260986 
49.800000 	126.317001 	945.000000 	944.166992 	948.260986 
49.900000 	126.317001 	945.000000 	944.166992 	948.260986 
50.000000 	126.317001 	945.000000 	944.166992 	948.260986 
50.100000 	126.317001 	945.000000 	944.166992 	948.260986 
50.200000 	126.317001 	945.000000 	944.166992 	948.260986 
50.300000 	126.317001 	945.000000 	944.166992 	948.260986 
50.400000 	126.317001 	945.000000 	944.166992 	948.260986 
50.500000 	126.329002 	945.000000 	944.117981 	948.218018 
50.600000 	126.329002 	945.000000 	944.117981 	948.218018 
50.700000 	126.329002 	945.000000 	944.117981 	948.218018 
50.800000 	126.329002 	945.000000 	944.117981 	948.218018 
50.900000 	126.329002 	945.000000 	944.117981 	948.218018 
51.000000 	126.329002 	945.000000 	944.117981 	948.218018 
51.100000 	126.329002 	945.000000 	944.117981 	948.218018 
51.200000 	126.329002 	945.000000 	944.117981 	948.218018 
51.300000 	126.329002 	945.000000 	944.117981 	948.218018 
51.400000 	126.329002 	945.000000 	944.117981 	948.218018 
51.500000 	126.342003 	945.000000 	944.065979 	948.169983 
51.600000 	126.342003 	945.000000 	944.065979 	948.169983 
51.700000 	126.342003 	945.000000 	944.065979 	948.169983 
51.800000 	126.342003 	945.000000 	944.065979 	948.169983 
51.900000 	126.342003 	945.000000 	944.065979 	948.169983 
52.000000 	126.342003 	945.000000 	944.065979 	948.169983 
52.100000 	126.342003 	945.000000 	944.065979 	948.169983 
52.200000 	126.342003 	945.000000 	944.065979 	948.169983 
52.300000 	126.342003 	945.000000 	944.065979 	948.169983 
52.400000 	126.342003 	945.000000 	944.065979 	948.169983 
52.500000 	126.355003 	945.000000 	944.010986 	948.117981 
52.600000 	126.355003 	945.000000 	944.010986 	948.117981 
52.700000 	126.355003 	945.000000 	944.010986 	948.117981 
52.800000 	126.355003 	945.000000 	944.010986 	948.117981 
52.900000 	126.355003 	945.000000 	944.010986 	948.117981 
53.000000 	126.355003 	945.000000 	944.010986 	948.117981 
53.100000 	126.355003 	945.000000 	944.010986 	948.117981 
53.200000 	126.355003 	945.000000 	944.010986 	948.117981 
53.300000 	126.355003 	945.000000 	944.010986 	948.117981 
53.400000 	126.355003 	945.000000 	944.010986 	948.117981 
53.500000 	126.367996 	945.000000 	943.953003 	948.062012 
53.600000 	126.367996 	945.000000 	943.953003 	948.062012 
53.700000 	126.367996 	945.000000 	943.953003 	948.062012 
53.800000 	126.367996 	945.000000 	943.953003 	948.062012 
53.900000 	126.367996 	945.000000 	943.953003 	948.062012 
54.000000 	126.367996 	945.000000 	943.953003 	948.062012 
54.100000 	126.367996 	945.000000 	943.953003 	948.062012 
54.200000 	126.367996 	945.000000 	943.953003 	948.062012 
54.300000 	126.367996 	945.000000 	943.953003 	948.062012 
54.400000 	126.367996 	945.000000 	943.953003 	948.062012 
54.500000 	126.382004 	945.000000 	943.892029 	948.000977 
54.600000 	126.382004 	945.000000 	943.892029 	948.000977 
54.700000 	126.382004 	945.000000 	943.892029 	948.000977 
54.800000 	126.382004 	945.000000 	943.892029 	948.000977 
54.900000 	126.382004 	945.000000 	943.892029 	948.000977 
55.000000 	126.382004 	945.000000 	943.892029 	948.000977 
55.100000 	126.382004 	945.000000 	943.892029 	948.000977 
55.200000 	126.382004 	945.000000 	943.892029 	948.000977 
55.300000 	126.382004 	945.000000 	943.892029 	948.000977 
55.400000 	126.382004 	945.000000 	943.892029 	948.000977 
55.500000 	126.394997 	945.000000 	943.828003 	947.934998 
55.600000 	126.394997 	945.000000 	943.828003 	947.934998 
55.700000 	126.394997 	945.000000 	943.828003 	947.934998 
55.800000 	126.394997 	945.000000 	943.828003 	947.934998 
55.900000 	126.394997 	945.000000 	943.828003 	947.934998 
56.000000 	126.394997 	945.000000 	943.828003 	947.934998 
56.100000 	126.394997 	945.000000 	943.828003 	947.934998 
56.200000 	126.394997 	945.000000 	943.828003 	947.934998 
56.300000 	126.394997 	945.000000 	943.828003 	947.934998 
56.400000 	126.394997 	945.000000 	943.828003 	947.934998 
56.500000 	126.408997 	945.000000 	943.760986 	947.864014 
56.600000 	126.408997 	945.000000 	943.760986 	947.864014 
56.700000 	126.408997 	945.000000 	943.760986 	947.864014 
56.800000 	126.408997 	945.000000 	943.760986 	947.864014 
56.900000 	126.408997 	945.000000 	943.760986 	947.864014 
57.000000 	126.408997 	945.000000 	943.760986 	947.864014 
57.100000 	126.408997 	945.000000 	943.760986 	947.864014 
57.200000 	126.408997 	945.000000 	943.760986 	947.864014 
57.300000 	126.408997 	945.000000 	943.760986 	947.864014 
57.400000 	126.408997 	945.000000 	943.760986 	947.864014 
57.500000 	126.421997 	945.000000 	943.690002 	947.788025 
57.600000 	126.421997 	945.000000 	943.690002 	947.788025 
57.700000 	126.421997 	945.000000 	943.690002 	947.788025 
57.800000 	126.421997 	945.000000 	943.690002 	947.788025 
57.900000 	126.421997 	945.000000 	943.690002 	947.788025 
58.000000 	126.421997 	945.000000 	943.690002 	947.788025 
58.100000 	126.421997 	945.000000 	943.690002 	947.788025 
58.200000 	126.421997 	945.000000 	943.690002 	947.788025 
58.300000 	126.421997 	945.000000 	943.690002 	947.788025 
58.400000 	126.421997 	945.000000 	943.690002 	947.788025 
58.500000 	126.435997 	945.000000 	943.616028 	947.705994 
58.600000 	126.435997 	945.000000 	943.616028 	947.705994 
58.700000 	126.435997 	945.000000 	943.616028 	947.705994 
58.800000 	126.435997 	945.000000 	943.616028 	947.705994 
58.900000 	126.435997 	945.000000 	943.616028 	947.705994 
59.000000 	126.435997 	945.000000 	943.616028 	947.705994 
59.100000 	126.435997 	945.000000 	943.616028 	947.705994 
59.200000 	126.435997 	945.000000 	943.616028 	947.705994 
59.300000 	126.435997 	945.000000 	943.616028 	947.705994 
59.400000 	126.435997 	945.000000 	943.616028 	947.705994 
59.500000 	126.450996 	945.000000 	943.536987 	947.617981 
59.600000 	126.450996 	945.000000 	943.536987 	947.617981 
59.700000 	126.450996 	945.000000 	943.536987 	947.617981 
59.800000 	126.450996 	945.000000 	943.536987 	947.617981 
59.900000 	126.450996 	945.000000 	943.536987 	947.617981 
60.000000 	126.450996 	945.000000 	943.536987 	947.617981 
