0.500000 	94.684601 	830.000000 	836.747986 	832.724976 
0.600000 	94.684601 	830.000000 	836.747986 	832.724976 
0.700000 	94.684601 	830.000000 	836.747986 	832.724976 
0.800000 	94.684601 	830.000000 	836.747986 	832.724976 
0.900000 	94.684601 	830.000000 	836.747986 	832.724976 
1.000000 	94.684601 	830.000000 	836.747986 	832.724976 
1.100000 	94.684601 	830.000000 	836.747986 	832.724976 
1.200000 	94.684601 	830.000000 	836.747986 	832.724976 
1.300000 	94.684601 	830.000000 	836.747986 	832.724976 
1.400000 	94.684601 	830.000000 	836.747986 	832.724976 
1.500000 	104.758003 	830.000000 	833.786987 	833.981995 
1.600000 	104.758003 	830.000000 	833.786987 	833.981995 
1.700000 	104.758003 	830.000000 	833.786987 	833.981995 
1.800000 	104.758003 	830.000000 	833.786987 	833.981995 
1.900000 	104.758003 	830.000000 	833.786987 	833.981995 
2.000000 	104.758003 	830.000000 	833.786987 	833.981995 
2.100000 	104.758003 	830.000000 	833.786987 	833.981995 
2.200000 	104.758003 	830.000000 	833.786987 	833.981995 
2.300000 	104.758003 	830.000000 	833.786987 	833.981995 
2.400000 	104.758003 	830.000000 	833.786987 	833.981995 
2.500000 	114.315002 	830.000000 	832.049011 	833.991028 
2.600000 	114.315002 	830.000000 	832.049011 	833.991028 
2.700000 	114.315002 	830.000000 	832.049011 	833.991028 
2.800000 	114.315002 	830.000000 	832.049011 	833.991028 
2.900000 	114.315002 	830.000000 	832.049011 	833.991028 
3.000000 	114.315002 	830.000000 	832.049011 	833.991028 
3.100000 	114.315002 	830.000000 	832.049011 	833.991028 
3.200000 	114.315002 	830.000000 	832.049011 	833.991028 
3.300000 	114.315002 	830.000000 	832.049011 	833.991028 
3.400000 	114.315002 	830.000000 	832.049011 	833.991028 
3.500000 	118.905998 	830.000000 	831.221008 	833.979980 
3.600000 	118.905998 	830.000000 	831.221008 	833.979980 
3.700000 	118.905998 	830.000000 	831.221008 	833.979980 
3.800000 	118.905998 	830.000000 	831.221008 	833.979980 
3.900000 	118.905998 	830.000000 	831.221008 	833.979980 
4.000000 	118.905998 	830.000000 	831.221008 	833.979980 
4.100000 	118.905998 	830.000000 	831.221008 	833.979980 
4.200000 	118.905998 	830.000000 	831.221008 	833.979980 
4.300000 	118.905998 	830.000000 	831.221008 	833.979980 
4.400000 	118.905998 	830.000000 	831.221008 	833.979980 
4.500000 	121.303001 	830.000000 	830.784973 	833.973022 
4.600000 	121.303001 	830.000000 	830.784973 	833.973022 
4.700000 	121.303001 	830.000000 	830.784973 	833.973022 
4.800000 	121.303001 	830.000000 	830.784973 	833.973022 
4.900000 	121.303001 	830.000000 	830.784973 	833.973022 
5.000000 	121.303001 	830.000000 	830.784973 	833.973022 
5.100000 	121.303001 	830.000000 	830.784973 	833.973022 
5.200000 	121.303001 	830.000000 	830.784973 	833.973022 
5.300000 	121.303001 	830.000000 	830.784973 	833.973022 
5.400000 	121.303001 	830.000000 	830.784973 	833.973022 
5.500000 	122.688004 	830.000000 	830.533020 	833.969971 
5.600000 	122.688004 	830.000000 	830.533020 	833.969971 
5.700000 	122.688004 	830.000000 	830.533020 	833.969971 
5.800000 	122.688004 	830.000000 	830.533020 	833.969971 
5.900000 	122.688004 	830.000000 	830.533020 	833.969971 
6.000000 	122.688004 	830.000000 	830.533020 	833.969971 
6.100000 	122.688004 	830.000000 	830.533020 	833.969971 
6.200000 	122.688004 	830.000000 	830.533020 	833.969971 
6.300000 	122.688004 	830.000000 	830.533020 	833.969971 
6.400000 	122.688004 	830.000000 	830.533020 	833.969971 
6.500000 	123.554001 	830.000000 	830.374023 	833.971008 
6.600000 	123.554001 	830.000000 	830.374023 	833.971008 
6.700000 	123.554001 	830.000000 	830.374023 	833.971008 
6.800000 	123.554001 	830.000000 	830.374023 	833.971008 
6.900000 	123.554001 	830.000000 	830.374023 	833.971008 
7.000000 	123.554001 	830.000000 	830.374023 	833.971008 
7.100000 	123.554001 	830.000000 	830.374023 	833.971008 
7.200000 	123.554001 	830.000000 	830.374023 	833.971008 
7.300000 	123.554001 	830.000000 	830.374023 	833.971008 
7.400000 	123.554001 	830.000000 	830.374023 	833.971008 
7.500000 	124.129997 	830.000000 	830.267029 	833.973999 
7.600000 	124.129997 	830.000000 	830.267029 	833.973999 
7.700000 	124.129997 	830.000000 	830.267029 	833.973999 
7.800000 	124.129997 	830.000000 	830.267029 	833.973999 
7.900000 	124.129997 	830.000000 	830.267029 	833.973999 
8.000000 	124.129997 	830.000000 	830.267029 	833.973999 
8.100000 	124.129997 	830.000000 	830.267029 	833.973999 
8.200000 	124.129997 	830.000000 	830.267029 	833.973999 
8.300000 	124.129997 	830.000000 	830.267029 	833.973999 
8.400000 	124.129997 	830.000000 	830.267029 	833.973999 
8.500000 	124.532997 	830.000000 	830.192017 	833.978027 
8.600000 	124.532997 	830.000000 	830.192017 	833.978027 
8.700000 	124.532997 	830.000000 	830.192017 	833.978027 
8.800000 	124.532997 	830.000000 	830.192017 	833.978027 
8.900000 	124.532997 	830.000000 	830.192017 	833.978027 
9.000000 	124.532997 	830.000000 	830.192017 	833.978027 
9.100000 	124.532997 	830.000000 	830.192017 	833.978027 
9.200000 	124.532997 	830.000000 	830.192017 	833.978027 
9.300000 	124.532997 	830.000000 	830.192017 	833.978027 
9.400000 	124.532997 	830.000000 	830.192017 	833.978027 
9.500000 	124.824997 	830.000000 	830.137024 	833.984009 
9.600000 	124.824997 	830.000000 	830.137024 	833.984009 
9.700000 	124.824997 	830.000000 	830.137024 	833.984009 
9.800000 	124.824997 	830.000000 	830.137024 	833.984009 
9.900000 	124.824997 	830.000000 	830.137024 	833.984009 
10.000000 	124.824997 	830.000000 	830.137024 	833.984009 
10.100000 	124.824997 	830.000000 	830.137024 	833.984009 
10.200000 	124.824997 	830.000000 	830.137024 	833.984009 
10.300000 	124.824997 	830.000000 	830.137024 	833.984009 
10.400000 	124.824997 	830.000000 	830.137024 	833.984009 
10.500000 	125.044998 	830.000000 	830.094971 	833.992004 
10.600000 	125.044998 	830.000000 	830.094971 	833.992004 
10.700000 	125.044998 	830.000000 	830.094971 	833.992004 
10.800000 	125.044998 	830.000000 	830.094971 	833.992004 
10.900000 	125.044998 	830.000000 	830.094971 	833.992004 
11.000000 	125.044998 	830.000000 	830.094971 	833.992004 
11.100000 	125.044998 	830.000000 	830.094971 	833.992004 
11.200000 	125.044998 	830.000000 	830.094971 	833.992004 
11.300000 	125.044998 	830.000000 	830.094971 	833.992004 
11.400000 	125.044998 	830.000000 	830.094971 	833.992004 
11.500000 	125.213997 	830.000000 	830.062012 	834.000000 
11.600000 	125.213997 	830.000000 	830.062012 	834.000000 
11.700000 	125.213997 	830.000000 	830.062012 	834.000000 
11.800000 	125.213997 	830.000000 	830.062012 	834.000000 
11.900000 	125.213997 	830.000000 	830.062012 	834.000000 
12.000000 	125.213997 	830.000000 	830.062012 	834.000000 
12.100000 	125.213997 	830.000000 	830.062012 	834.000000 
12.200000 	125.213997 	830.000000 	830.062012 	834.000000 
12.300000 	125.213997 	830.000000 	830.062012 	834.000000 
12.400000 	125.213997 	830.000000 	830.062012 	834.000000 
12.500000 	125.347000 	830.000000 	830.034973 	834.008972 
12.600000 	125.347000 	830.000000 	830.034973 	834.008972 
12.700000 	125.347000 	830.000000 	830.034973 	834.008972 
12.800000 	125.347000 	830.000000 	830.034973 	834.008972 
12.900000 	125.347000 	830.000000 	830.034973 	834.008972 
13.000000 	125.347000 	830.000000 	830.034973 	834.008972 
13.100000 	125.347000 	830.000000 	830.034973 	834.008972 
13.200000 	125.347000 	830.000000 	830.034973 	834.008972 
13.300000 	125.347000 	830.000000 	830.034973 	834.008972 
13.400000 	125.347000 	830.000000 	830.034973 	834.008972 
13.500000 	125.455002 	830.000000 	830.013000 	834.018982 
13.600000 	125.455002 	830.000000 	830.013000 	834.018982 
13.700000 	125.455002 	830.000000 	830.013000 	834.018982 
13.800000 	125.455002 	830.000000 	830.013000 	834.018982 
13.900000 	125.455002 	830.000000 	830.013000 	834.018982 
14.000000 	125.455002 	830.000000 	830.013000 	834.018982 
14.100000 	125.455002 	830.000000 	830.013000 	834.018982 
14.200000 	125.455002 	830.000000 	830.013000 	834.018982 
14.300000 	125.455002 	830.000000 	830.013000 	834.018982 
14.400000 	125.455002 	830.000000 	830.013000 	834.018982 
14.500000 	125.542999 	830.000000 	829.994019 	834.030029 
14.600000 	125.542999 	830.000000 	829.994019 	834.030029 
14.700000 	125.542999 	830.000000 	829.994019 	834.030029 
14.800000 	125.542999 	830.000000 	829.994019 	834.030029 
14.900000 	125.542999 	830.000000 	829.994019 	834.030029 
15.000000 	125.542999 	830.000000 	829.994019 	834.030029 
15.100000 	125.542999 	830.000000 	829.994019 	834.030029 
15.200000 	125.542999 	830.000000 	829.994019 	834.030029 
15.300000 	125.542999 	830.000000 	829.994019 	834.030029 
15.400000 	125.542999 	830.000000 	829.994019 	834.030029 
15.500000 	125.615997 	830.000000 	829.976990 	834.041992 
15.600000 	125.615997 	830.000000 	829.976990 	834.041992 
15.700000 	125.615997 	830.000000 	829.976990 	834.041992 
15.800000 	125.615997 	830.000000 	829.976990 	834.041992 
15.900000 	125.615997 	830.000000 	829.976990 	834.041992 
16.000000 	125.615997 	830.000000 	829.976990 	834.041992 
16.100000 	125.615997 	830.000000 	829.976990 	834.041992 
16.200000 	125.615997 	830.000000 	829.976990 	834.041992 
16.300000 	125.615997 	830.000000 	829.976990 	834.041992 
16.400000 	125.615997 	830.000000 	829.976990 	834.041992 
16.500000 	125.677002 	830.000000 	829.961975 	834.054016 
16.600000 	125.677002 	830.000000 	829.961975 	834.054016 
16.700000 	125.677002 	830.000000 	829.961975 	834.054016 
16.800000 	125.677002 	830.000000 	829.961975 	834.054016 
16.900000 	125.677002 	830.000000 	829.961975 	834.054016 
17.000000 	125.677002 	830.000000 	829.961975 	834.054016 
17.100000 	125.677002 	830.000000 	829.961975 	834.054016 
17.200000 	125.677002 	830.000000 	829.961975 	834.054016 
17.300000 	125.677002 	830.000000 	829.961975 	834.054016 
17.400000 	125.677002 	830.000000 	829.961975 	834.054016 
17.500000 	125.730003 	830.000000 	829.947998 	834.067017 
17.600000 	125.730003 	830.000000 	829.947998 	834.067017 
17.700000 	125.730003 	830.000000 	829.947998 	834.067017 
17.800000 	125.730003 	830.000000 	829.947998 	834.067017 
17.900000 	125.730003 	830.000000 	829.947998 	834.067017 
18.000000 	125.730003 	830.000000 	829.947998 	834.067017 
18.100000 	125.730003 	830.000000 	829.947998 	834.067017 
18.200000 	125.730003 	830.000000 	829.947998 	834.067017 
18.300000 	125.730003 	830.000000 	829.947998 	834.067017 
18.400000 	125.730003 	830.000000 	829.947998 	834.067017 
18.500000 	125.776001 	830.000000 	829.934998 	834.080017 
18.600000 	125.776001 	830.000000 	829.934998 	834.080017 
18.700000 	125.776001 	830.000000 	829.934998 	834.080017 
18.800000 	125.776001 	830.000000 	829.934998 	834.080017 
18.900000 	125.776001 	830.000000 	829.934998 	834.080017 
19.000000 	125.776001 	830.000000 	829.934998 	834.080017 
19.100000 	125.776001 	830.000000 	829.934998 	834.080017 
19.200000 	125.776001 	830.000000 	829.934998 	834.080017 
19.300000 	125.776001 	830.000000 	829.934998 	834.080017 
19.400000 	125.776001 	830.000000 	829.934998 	834.080017 
19.500000 	125.815002 	830.000000 	829.921997 	834.093994 
19.600000 	125.815002 	830.000000 	829.921997 	834.093994 
19.700000 	125.815002 	830.000000 	829.921997 	834.093994 
19.800000 	125.815002 	830.000000 	829.921997 	834.093994 
19.900000 	125.815002 	830.000000 	829.921997 	834.093994 
20.000000 	125.815002 	830.000000 	829.921997 	834.093994 
20.100000 	125.815002 	830.000000 	829.921997 	834.093994 
20.200000 	125.815002 	830.000000 	829.921997 	834.093994 
20.300000 	125.815002 	830.000000 	829.921997 	834.093994 
20.400000 	125.815002 	830.000000 	829.921997 	834.093994 
20.500000 	125.850998 	830.000000 	829.909973 	834.107971 
20.600000 	125.850998 	830.000000 	829.909973 	834.107971 
20.700000 	125.850998 	830.000000 	829.909973 	834.107971 
20.800000 	125.850998 	830.000000 	829.909973 	834.107971 
20.900000 	125.850998 	830.000000 	829.909973 	834.107971 
21.000000 	125.850998 	830.000000 	829.909973 	834.107971 
21.100000 	125.850998 	830.000000 	829.909973 	834.107971 
21.200000 	125.850998 	830.000000 	829.909973 	834.107971 
21.300000 	125.850998 	830.000000 	829.909973 	834.107971 
21.400000 	125.850998 	830.000000 	829.909973 	834.107971 
21.500000 	125.882004 	830.000000 	829.898010 	834.122986 
21.600000 	125.882004 	830.000000 	829.898010 	834.122986 
21.700000 	125.882004 	830.000000 	829.898010 	834.122986 
21.800000 	125.882004 	830.000000 	829.898010 	834.122986 
21.900000 	125.882004 	830.000000 	829.898010 	834.122986 
22.000000 	125.882004 	830.000000 	829.898010 	834.122986 
22.100000 	125.882004 	830.000000 	829.898010 	834.122986 
22.200000 	125.882004 	830.000000 	829.898010 	834.122986 
22.300000 	125.882004 	830.000000 	829.898010 	834.122986 
22.400000 	125.882004 	830.000000 	829.898010 	834.122986 
22.500000 	125.910004 	830.000000 	829.887024 	834.138000 
22.600000 	125.910004 	830.000000 	829.887024 	834.138000 
22.700000 	125.910004 	830.000000 	829.887024 	834.138000 
22.800000 	125.910004 	830.000000 	829.887024 	834.138000 
22.900000 	125.910004 	830.000000 	829.887024 	834.138000 
23.000000 	125.910004 	830.000000 	829.887024 	834.138000 
23.100000 	125.910004 	830.000000 	829.887024 	834.138000 
23.200000 	125.910004 	830.000000 	829.887024 	834.138000 
23.300000 	125.910004 	830.000000 	829.887024 	834.138000 
23.400000 	125.910004 	830.000000 	829.887024 	834.138000 
23.500000 	125.935997 	830.000000 	829.875000 	834.153015 
23.600000 	125.935997 	830.000000 	829.875000 	834.153015 
23.700000 	125.935997 	830.000000 	829.875000 	834.153015 
23.800000 	125.935997 	830.000000 	829.875000 	834.153015 
23.900000 	125.935997 	830.000000 	829.875000 	834.153015 
24.000000 	125.935997 	830.000000 	829.875000 	834.153015 
24.100000 	125.935997 	830.000000 	829.875000 	834.153015 
24.200000 	125.935997 	830.000000 	829.875000 	834.153015 
24.300000 	125.935997 	830.000000 	829.875000 	834.153015 
24.400000 	125.935997 	830.000000 	829.875000 	834.153015 
24.500000 	125.959000 	830.000000 	829.862976 	834.169006 
24.600000 	125.959000 	830.000000 	829.862976 	834.169006 
24.700000 	125.959000 	830.000000 	829.862976 	834.169006 
24.800000 	125.959000 	830.000000 	829.862976 	834.169006 
24.900000 	125.959000 	830.000000 	829.862976 	834.169006 
25.000000 	125.959000 	830.000000 	829.862976 	834.169006 
25.100000 	125.959000 	830.000000 	829.862976 	834.169006 
25.200000 	125.959000 	830.000000 	829.862976 	834.169006 
25.300000 	125.959000 	830.000000 	829.862976 	834.169006 
25.400000 	125.959000 	830.000000 	829.862976 	834.169006 
25.500000 	125.981003 	830.000000 	829.851013 	834.184021 
25.600000 	125.981003 	830.000000 	829.851013 	834.184021 
25.700000 	125.981003 	830.000000 	829.851013 	834.184021 
25.800000 	125.981003 	830.000000 	829.851013 	834.184021 
25.900000 	125.981003 	830.000000 	829.851013 	834.184021 
26.000000 	125.981003 	830.000000 	829.851013 	834.184021 
26.100000 	125.981003 	830.000000 	829.851013 	834.184021 
26.200000 	125.981003 	830.000000 	829.851013 	834.184021 
26.300000 	125.981003 	830.000000 	829.851013 	834.184021 
26.400000 	125.981003 	830.000000 	829.851013 	834.184021 
26.500000 	126.000999 	830.000000 	829.838013 	834.200012 
26.600000 	126.000999 	830.000000 	829.838013 	834.200012 
26.700000 	126.000999 	830.000000 	829.838013 	834.200012 
26.800000 	126.000999 	830.000000 	829.838013 	834.200012 
26.900000 	126.000999 	830.000000 	829.838013 	834.200012 
27.000000 	126.000999 	830.000000 	829.838013 	834.200012 
27.100000 	126.000999 	830.000000 	829.838013 	834.200012 
27.200000 	126.000999 	830.000000 	829.838013 	834.200012 
27.300000 	126.000999 	830.000000 	829.838013 	834.200012 
27.400000 	126.000999 	830.000000 	829.838013 	834.200012 
27.500000 	126.019997 	830.000000 	829.825012 	834.215027 
27.600000 	126.019997 	830.000000 	829.825012 	834.215027 
27.700000 	126.019997 	830.000000 	829.825012 	834.215027 
27.800000 	126.019997 	830.000000 	829.825012 	834.215027 
27.900000 	126.019997 	830.000000 	829.825012 	834.215027 
28.000000 	126.019997 	830.000000 	829.825012 	834.215027 
28.100000 	126.019997 	830.000000 	829.825012 	834.215027 
28.200000 	126.019997 	830.000000 	829.825012 	834.215027 
28.300000 	126.019997 	830.000000 	829.825012 	834.215027 
28.400000 	126.019997 	830.000000 	829.825012 	834.215027 
28.500000 	126.038002 	830.000000 	829.810974 	834.231018 
28.600000 	126.038002 	830.000000 	829.810974 	834.231018 
28.700000 	126.038002 	830.000000 	829.810974 	834.231018 
28.800000 	126.038002 	830.000000 	829.810974 	834.231018 
28.900000 	126.038002 	830.000000 	829.810974 	834.231018 
29.000000 	126.038002 	830.000000 	829.810974 	834.231018 
29.100000 	126.038002 	830.000000 	829.810974 	834.231018 
29.200000 	126.038002 	830.000000 	829.810974 	834.231018 
29.300000 	126.038002 	830.000000 	829.810974 	834.231018 
29.400000 	126.038002 	830.000000 	829.810974 	834.231018 
29.500000 	126.055000 	830.000000 	829.796997 	834.245972 
29.600000 	126.055000 	830.000000 	829.796997 	834.245972 
29.700000 	126.055000 	830.000000 	829.796997 	834.245972 
29.800000 	126.055000 	830.000000 	829.796997 	834.245972 
29.900000 	126.055000 	830.000000 	829.796997 	834.245972 
30.000000 	126.055000 	830.000000 	829.796997 	834.245972 
30.100000 	126.055000 	830.000000 	829.796997 	834.245972 
30.200000 	126.055000 	830.000000 	829.796997 	834.245972 
30.300000 	126.055000 	830.000000 	829.796997 	834.245972 
30.400000 	126.055000 	830.000000 	829.796997 	834.245972 
30.500000 	126.070999 	830.000000 	829.781982 	834.260986 
30.600000 	126.070999 	830.000000 	829.781982 	834.260986 
30.700000 	126.070999 	830.000000 	829.781982 	834.260986 
30.800000 	126.070999 	830.000000 	829.781982 	834.260986 
30.900000 	126.070999 	830.000000 	829.781982 	834.260986 
31.000000 	126.070999 	830.000000 	829.781982 	834.260986 
31.100000 	126.070999 	830.000000 	829.781982 	834.260986 
31.200000 	126.070999 	830.000000 	829.781982 	834.260986 
31.300000 	126.070999 	830.000000 	829.781982 	834.260986 
31.400000 	126.070999 	830.000000 	829.781982 	834.260986 
31.500000 	126.086998 	830.000000 	829.767029 	834.276001 
31.600000 	126.086998 	830.000000 	829.767029 	834.276001 
31.700000 	126.086998 	830.000000 	829.767029 	834.276001 
31.800000 	126.086998 	830.000000 	829.767029 	834.276001 
31.900000 	126.086998 	830.000000 	829.767029 	834.276001 
32.000000 	126.086998 	830.000000 	829.767029 	834.276001 
32.100000 	126.086998 	830.000000 	829.767029 	834.276001 
32.200000 	126.086998 	830.000000 	829.767029 	834.276001 
32.300000 	126.086998 	830.000000 	829.767029 	834.276001 
32.400000 	126.086998 	830.000000 	829.767029 	834.276001 
32.500000 	126.101997 	830.000000 	829.750000 	834.289978 
32.600000 	126.101997 	830.000000 	829.750000 	834.289978 
32.700000 	126.101997 	830.000000 	829.750000 	834.289978 
32.800000 	126.101997 	830.000000 	829.750000 	834.289978 
32.900000 	126.101997 	830.000000 	829.750000 	834.289978 
33.000000 	126.101997 	830.000000 	829.750000 	834.289978 
33.100000 	126.101997 	830.000000 	829.750000 	834.289978 
33.200000 	126.101997 	830.000000 	829.750000 	834.289978 
33.300000 	126.101997 	830.000000 	829.750000 	834.289978 
33.400000 	126.101997 	830.000000 	829.750000 	834.289978 
33.500000 	126.115997 	830.000000 	829.732971 	834.304016 
33.600000 	126.115997 	830.000000 	829.732971 	834.304016 
33.700000 	126.115997 	830.000000 	829.732971 	834.304016 
33.800000 	126.115997 	830.000000 	829.732971 	834.304016 
33.900000 	126.115997 	830.000000 	829.732971 	834.304016 
34.000000 	126.115997 	830.000000 	829.732971 	834.304016 
34.100000 	126.115997 	830.000000 	829.732971 	834.304016 
34.200000 	126.115997 	830.000000 	829.732971 	834.304016 
34.300000 	126.115997 	830.000000 	829.732971 	834.304016 
34.400000 	126.115997 	830.000000 	829.732971 	834.304016 
34.500000 	126.129997 	830.000000 	829.715027 	834.317017 
34.600000 	126.129997 	830.000000 	829.715027 	834.317017 
34.700000 	126.129997 	830.000000 	829.715027 	834.317017 
34.800000 	126.129997 	830.000000 	829.715027 	834.317017 
34.900000 	126.129997 	830.000000 	829.715027 	834.317017 
35.000000 	126.129997 	830.000000 	829.715027 	834.317017 
35.100000 	126.129997 	830.000000 	829.715027 	834.317017 
35.200000 	126.129997 	830.000000 	829.715027 	834.317017 
35.300000 	126.129997 	830.000000 	829.715027 	834.317017 
35.400000 	126.129997 	830.000000 	829.715027 	834.317017 
35.500000 	126.143997 	830.000000 	829.695984 	834.328979 
35.600000 	126.143997 	830.000000 	829.695984 	834.328979 
35.700000 	126.143997 	830.000000 	829.695984 	834.328979 
35.800000 	126.143997 	830.000000 	829.695984 	834.328979 
35.900000 	126.143997 	830.000000 	829.695984 	834.328979 
36.000000 	126.143997 	830.000000 	829.695984 	834.328979 
36.100000 	126.143997 	830.000000 	829.695984 	834.328979 
36.200000 	126.143997 	830.000000 	829.695984 	834.328979 
36.300000 	126.143997 	830.000000 	829.695984 	834.328979 
36.400000 	126.143997 	830.000000 	829.695984 	834.328979 
36.500000 	126.156998 	830.000000 	829.676025 	834.340027 
36.600000 	126.156998 	830.000000 	829.676025 	834.340027 
36.700000 	126.156998 	830.000000 	829.676025 	834.340027 
36.800000 	126.156998 	830.000000 	829.676025 	834.340027 
36.900000 	126.156998 	830.000000 	829.676025 	834.340027 
37.000000 	126.156998 	830.000000 	829.676025 	834.340027 
37.100000 	126.156998 	830.000000 	829.676025 	834.340027 
37.200000 	126.156998 	830.000000 	829.676025 	834.340027 
37.300000 	126.156998 	830.000000 	829.676025 	834.340027 
37.400000 	126.156998 	830.000000 	829.676025 	834.340027 
37.500000 	126.170998 	830.000000 	829.653992 	834.351013 
37.600000 	126.170998 	830.000000 	829.653992 	834.351013 
37.700000 	126.170998 	830.000000 	829.653992 	834.351013 
37.800000 	126.170998 	830.000000 	829.653992 	834.351013 
37.900000 	126.170998 	830.000000 	829.653992 	834.351013 
38.000000 	126.170998 	830.000000 	829.653992 	834.351013 
38.100000 	126.170998 	830.000000 	829.653992 	834.351013 
38.200000 	126.170998 	830.000000 	829.653992 	834.351013 
38.300000 	126.170998 	830.000000 	829.653992 	834.351013 
38.400000 	126.170998 	830.000000 	829.653992 	834.351013 
38.500000 	126.183998 	830.000000 	829.632019 	834.359985 
38.600000 	126.183998 	830.000000 	829.632019 	834.359985 
38.700000 	126.183998 	830.000000 	829.632019 	834.359985 
38.800000 	126.183998 	830.000000 	829.632019 	834.359985 
38.900000 	126.183998 	830.000000 	829.632019 	834.359985 
39.000000 	126.183998 	830.000000 	829.632019 	834.359985 
39.100000 	126.183998 	830.000000 	829.632019 	834.359985 
39.200000 	126.183998 	830.000000 	829.632019 	834.359985 
39.300000 	126.183998 	830.000000 	829.632019 	834.359985 
39.400000 	126.183998 	830.000000 	829.632019 	834.359985 
39.500000 	126.196999 	830.000000 	829.607971 	834.367981 
39.600000 	126.196999 	830.000000 	829.607971 	834.367981 
39.700000 	126.196999 	830.000000 	829.607971 	834.367981 
39.800000 	126.196999 	830.000000 	829.607971 	834.367981 
39.900000 	126.196999 	830.000000 	829.607971 	834.367981 
40.000000 	126.196999 	830.000000 	829.607971 	834.367981 
40.100000 	126.196999 	830.000000 	829.607971 	834.367981 
40.200000 	126.196999 	830.000000 	829.607971 	834.367981 
40.300000 	126.196999 	830.000000 	829.607971 	834.367981 
40.400000 	126.196999 	830.000000 	829.607971 	834.367981 
40.500000 	126.209999 	830.000000 	829.583008 	834.375000 
40.600000 	126.209999 	830.000000 	829.583008 	834.375000 
40.700000 	126.209999 	830.000000 	829.583008 	834.375000 
40.800000 	126.209999 	830.000000 	829.583008 	834.375000 
40.900000 	126.209999 	830.000000 	829.583008 	834.375000 
41.000000 	126.209999 	830.000000 	829.583008 	834.375000 
41.100000 	126.209999 	830.000000 	829.583008 	834.375000 
41.200000 	126.209999 	830.000000 	829.583008 	834.375000 
41.300000 	126.209999 	830.000000 	829.583008 	834.375000 
41.400000 	126.209999 	830.000000 	829.583008 	834.375000 
41.500000 	126.223000 	830.000000 	829.557007 	834.380981 
41.600000 	126.223000 	830.000000 	829.557007 	834.380981 
41.700000 	126.223000 	830.000000 	829.557007 	834.380981 
41.800000 	126.223000 	830.000000 	829.557007 	834.380981 
41.900000 	126.223000 	830.000000 	829.557007 	834.380981 
42.000000 	126.223000 	830.000000 	829.557007 	834.380981 
42.100000 	126.223000 	830.000000 	829.557007 	834.380981 
42.200000 	126.223000 	830.000000 	829.557007 	834.380981 
42.300000 	126.223000 	830.000000 	829.557007 	834.380981 
42.400000 	126.223000 	830.000000 	829.557007 	834.380981 
42.500000 	126.235001 	830.000000 	829.528992 	834.385010 
42.600000 	126.235001 	830.000000 	829.528992 	834.385010 
42.700000 	126.235001 	830.000000 	829.528992 	834.385010 
42.800000 	126.235001 	830.000000 	829.528992 	834.385010 
42.900000 	126.235001 	830.000000 	829.528992 	834.385010 
43.000000 	126.235001 	830.000000 	829.528992 	834.385010 
43.100000 	126.235001 	830.000000 	829.528992 	834.385010 
43.200000 	126.235001 	830.000000 	829.528992 	834.385010 
43.300000 	126.235001 	830.000000 	829.528992 	834.385010 
43.400000 	126.235001 	830.000000 	829.528992 	834.385010 
43.500000 	126.248001 	830.000000 	829.499023 	834.387024 
43.600000 	126.248001 	830.000000 	829.499023 	834.387024 
43.700000 	126.248001 	830.000000 	829.499023 	834.387024 
43.800000 	126.248001 	830.000000 	829.499023 	834.387024 
43.900000 	126.248001 	830.000000 	829.499023 	834.387024 
44.000000 	126.248001 	830.000000 	829.499023 	834.387024 
44.100000 	126.248001 	830.000000 	829.499023 	834.387024 
44.200000 	126.248001 	830.000000 	829.499023 	834.387024 
44.300000 	126.248001 	830.000000 	829.499023 	834.387024 
44.400000 	126.248001 	830.000000 	829.499023 	834.387024 
44.500000 	126.261002 	830.000000 	829.468018 	834.387024 
44.600000 	126.261002 	830.000000 	829.468018 	834.387024 
44.700000 	126.261002 	830.000000 	829.468018 	834.387024 
44.800000 	126.261002 	830.000000 	829.468018 	834.387024 
44.900000 	126.261002 	830.000000 	829.468018 	834.387024 
45.000000 	126.261002 	830.000000 	829.468018 	834.387024 
45.100000 	126.261002 	830.000000 	829.468018 	834.387024 
45.200000 	126.261002 	830.000000 	829.468018 	834.387024 
45.300000 	126.261002 	830.000000 	829.468018 	834.387024 
45.400000 	126.261002 	830.000000 	829.468018 	834.387024 
45.500000 	126.274002 	830.000000 	829.434998 	834.385986 
45.600000 	126.274002 	830.000000 	829.434998 	834.385986 
45.700000 	126.274002 	830.000000 	829.434998 	834.385986 
45.800000 	126.274002 	830.000000 	829.434998 	834.385986 
45.900000 	126.274002 	830.000000 	829.434998 	834.385986 
46.000000 	126.274002 	830.000000 	829.434998 	834.385986 
46.100000 	126.274002 	830.000000 	829.434998 	834.385986 
46.200000 	126.274002 	830.000000 	829.434998 	834.385986 
46.300000 	126.274002 	830.000000 	829.434998 	834.385986 
46.400000 	126.274002 	830.000000 	829.434998 	834.385986 
46.500000 	126.287003 	830.000000 	829.401001 	834.382019 
46.600000 	126.287003 	830.000000 	829.401001 	834.382019 
46.700000 	126.287003 	830.000000 	829.401001 	834.382019 
46.800000 	126.287003 	830.000000 	829.401001 	834.382019 
46.900000 	126.287003 	830.000000 	829.401001 	834.382019 
47.000000 	126.287003 	830.000000 	829.401001 	834.382019 
47.100000 	126.287003 	830.000000 	829.401001 	834.382019 
47.200000 	126.287003 	830.000000 	829.401001 	834.382019 
47.300000 	126.287003 	830.000000 	829.401001 	834.382019 
47.400000 	126.287003 	830.000000 	829.401001 	834.382019 
47.500000 	126.300003 	830.000000 	829.364014 	834.375977 
47.600000 	126.300003 	830.000000 	829.364014 	834.375977 
47.700000 	126.300003 	830.000000 	829.364014 	834.375977 
47.800000 	126.300003 	830.000000 	829.364014 	834.375977 
47.900000 	126.300003 	830.000000 	829.364014 	834.375977 
48.000000 	126.300003 	830.000000 	829.364014 	834.375977 
48.100000 	126.300003 	830.000000 	829.364014 	834.375977 
48.200000 	126.300003 	830.000000 	829.364014 	834.375977 
48.300000 	126.300003 	830.000000 	829.364014 	834.375977 
48.400000 	126.300003 	830.000000 	829.364014 	834.375977 
48.500000 	126.313004 	830.000000 	829.325989 	834.367004 
48.600000 	126.313004 	830.000000 	829.325989 	834.367004 
48.700000 	126.313004 	830.000000 	829.325989 	834.367004 
48.800000 	126.313004 	830.000000 	829.325989 	834.367004 
48.900000 	126.313004 	830.000000 	829.325989 	834.367004 
49.000000 	126.313004 	830.000000 	829.325989 	834.367004 
49.100000 	126.313004 	830.000000 	829.325989 	834.367004 
49.200000 	126.313004 	830.000000 	829.325989 	834.367004 
49.300000 	126.313004 	830.000000 	829.325989 	834.367004 
49.400000 	126.313004 	830.000000 	829.325989 	834.367004 
49.500000 	126.327003 	830.000000 	829.284973 	834.356018 
49.600000 	126.327003 	830.000000 	829.284973 	834.356018 
49.700000 	126.327003 	830.000000 	829.284973 	834.356018 
49.800000 	126.327003 	830.000000 	829.284973 	834.356018 
49.900000 	126.327003 	830.000000 	829.284973 	834.356018 
50.000000 	126.327003 	830.000000 	829.284973 	834.356018 
50.100000 	126.327003 	830.000000 	829.284973 	834.356018 
50.200000 	126.327003 	830.000000 	829.284973 	834.356018 
50.300000 	126.327003 	830.000000 	829.284973 	834.356018 
50.400000 	126.327003 	830.000000 	829.284973 	834.356018 
50.500000 	126.339996 	830.000000 	829.242004 	834.343018 
50.600000 	126.339996 	830.000000 	829.242004 	834.343018 
50.700000 	126.339996 	830.000000 	829.242004 	834.343018 
50.800000 	126.339996 	830.000000 	829.242004 	834.343018 
50.900000 	126.339996 	830.000000 	829.242004 	834.343018 
51.000000 	126.339996 	830.000000 	829.242004 	834.343018 
51.100000 	126.339996 	830.000000 	829.242004 	834.343018 
51.200000 	126.339996 	830.000000 	829.242004 	834.343018 
51.300000 	126.339996 	830.000000 	829.242004 	834.343018 
51.400000 	126.339996 	830.000000 	829.242004 	834.343018 
51.500000 	126.353996 	830.000000 	829.197021 	834.325989 
51.600000 	126.353996 	830.000000 	829.197021 	834.325989 
51.700000 	126.353996 	830.000000 	829.197021 	834.325989 
51.800000 	126.353996 	830.000000 	829.197021 	834.325989 
51.900000 	126.353996 	830.000000 	829.197021 	834.325989 
52.000000 	126.353996 	830.000000 	829.197021 	834.325989 
52.100000 	126.353996 	830.000000 	829.197021 	834.325989 
52.200000 	126.353996 	830.000000 	829.197021 	834.325989 
52.300000 	126.353996 	830.000000 	829.197021 	834.325989 
52.400000 	126.353996 	830.000000 	829.197021 	834.325989 
52.500000 	126.366997 	830.000000 	829.150024 	834.306030 
52.600000 	126.366997 	830.000000 	829.150024 	834.306030 
52.700000 	126.366997 	830.000000 	829.150024 	834.306030 
52.800000 	126.366997 	830.000000 	829.150024 	834.306030 
52.900000 	126.366997 	830.000000 	829.150024 	834.306030 
53.000000 	126.366997 	830.000000 	829.150024 	834.306030 
53.100000 	126.366997 	830.000000 	829.150024 	834.306030 
53.200000 	126.366997 	830.000000 	829.150024 	834.306030 
53.300000 	126.366997 	830.000000 	829.150024 	834.306030 
53.400000 	126.366997 	830.000000 	829.150024 	834.306030 
53.500000 	126.380997 	830.000000 	829.099976 	834.283020 
53.600000 	126.380997 	830.000000 	829.099976 	834.283020 
53.700000 	126.380997 	830.000000 	829.099976 	834.283020 
53.800000 	126.380997 	830.000000 	829.099976 	834.283020 
53.900000 	126.380997 	830.000000 	829.099976 	834.283020 
54.000000 	126.380997 	830.000000 	829.099976 	834.283020 
54.100000 	126.380997 	830.000000 	829.099976 	834.283020 
54.200000 	126.380997 	830.000000 	829.099976 	834.283020 
54.300000 	126.380997 	830.000000 	829.099976 	834.283020 
54.400000 	126.380997 	830.000000 	829.099976 	834.283020 
54.500000 	126.394997 	830.000000 	829.046997 	834.255981 
54.600000 	126.394997 	830.000000 	829.046997 	834.255981 
54.700000 	126.394997 	830.000000 	829.046997 	834.255981 
54.800000 	126.394997 	830.000000 	829.046997 	834.255981 
54.900000 	126.394997 	830.000000 	829.046997 	834.255981 
55.000000 	126.394997 	830.000000 	829.046997 	834.255981 
55.100000 	126.394997 	830.000000 	829.046997 	834.255981 
55.200000 	126.394997 	830.000000 	829.046997 	834.255981 
55.300000 	126.394997 	830.000000 	829.046997 	834.255981 
55.400000 	126.394997 	830.000000 	829.046997 	834.255981 
55.500000 	126.408997 	830.000000 	828.992004 	834.226013 
55.600000 	126.408997 	830.000000 	828.992004 	834.226013 
55.700000 	126.408997 	830.000000 	828.992004 	834.226013 
55.800000 	126.408997 	830.000000 	828.992004 	834.226013 
55.900000 	126.408997 	830.000000 	828.992004 	834.226013 
56.000000 	126.408997 	830.000000 	828.992004 	834.226013 
56.100000 	126.408997 	830.000000 	828.992004 	834.226013 
56.200000 	126.408997 	830.000000 	828.992004 	834.226013 
56.300000 	126.408997 	830.000000 	828.992004 	834.226013 
56.400000 	126.408997 	830.000000 	828.992004 	834.226013 
56.500000 	126.424004 	830.000000 	828.934021 	834.190979 
56.600000 	126.424004 	830.000000 	828.934021 	834.190979 
56.700000 	126.424004 	830.000000 	828.934021 	834.190979 
56.800000 	126.424004 	830.000000 	828.934021 	834.190979 
56.900000 	126.424004 	830.000000 	828.934021 	834.190979 
57.000000 	126.424004 	830.000000 	828.934021 	834.190979 
57.100000 	126.424004 	830.000000 	828.934021 	834.190979 
57.200000 	126.424004 	830.000000 	828.934021 	834.190979 
57.300000 	126.424004 	830.000000 	828.934021 	834.190979 
57.400000 	126.424004 	830.000000 	828.934021 	834.190979 
57.500000 	126.438004 	830.000000 	828.872009 	834.153015 
57.600000 	126.438004 	830.000000 	828.872009 	834.153015 
57.700000 	126.438004 	830.000000 	828.872009 	834.153015 
57.800000 	126.438004 	830.000000 	828.872009 	834.153015 
57.900000 	126.438004 	830.000000 	828.872009 	834.153015 
58.000000 	126.438004 	830.000000 	828.872009 	834.153015 
58.100000 	126.438004 	830.000000 	828.872009 	834.153015 
58.200000 	126.438004 	830.000000 	828.872009 	834.153015 
58.300000 	126.438004 	830.000000 	828.872009 	834.153015 
58.400000 	126.438004 	830.000000 	828.872009 	834.153015 
58.500000 	126.453003 	830.000000 	828.807983 	834.109009 
58.600000 	126.453003 	830.000000 	828.807983 	834.109009 
58.700000 	126.453003 	830.000000 	828.807983 	834.109009 
58.800000 	126.453003 	830.000000 	828.807983 	834.109009 
58.900000 	126.453003 	830.000000 	828.807983 	834.109009 
59.000000 	126.453003 	830.000000 	828.807983 	834.109009 
59.100000 	126.453003 	830.000000 	828.807983 	834.109009 
59.200000 	126.453003 	830.000000 	828.807983 	834.109009 
59.300000 	126.453003 	830.000000 	828.807983 	834.109009 
59.400000 	126.453003 	830.000000 	828.807983 	834.109009 
59.500000 	126.468002 	830.000000 	828.739990 	834.060974 
59.600000 	126.468002 	830.000000 	828.739990 	834.060974 
59.700000 	126.468002 	830.000000 	828.739990 	834.060974 
59.800000 	126.468002 	830.000000 	828.739990 	834.060974 
59.900000 	126.468002 	830.000000 	828.739990 	834.060974 
60.000000 	126.468002 	830.000000 	828.739990 	834.060974 
