0.500000 	90.293503 	242.000000 	277.975006 	251.800003 
0.600000 	90.293503 	242.000000 	277.975006 	251.800003 
0.700000 	90.293503 	242.000000 	277.975006 	251.800003 
0.800000 	90.293503 	242.000000 	277.975006 	251.800003 
0.900000 	90.293503 	242.000000 	277.975006 	251.800003 
1.000000 	90.293503 	242.000000 	277.975006 	251.800003 
1.100000 	90.293503 	242.000000 	277.975006 	251.800003 
1.200000 	90.293503 	242.000000 	277.975006 	251.800003 
1.300000 	90.293503 	242.000000 	277.975006 	251.800003 
1.400000 	90.293503 	242.000000 	277.975006 	251.800003 
1.500000 	99.705597 	242.000000 	259.373993 	254.125000 
1.600000 	99.705597 	242.000000 	259.373993 	254.125000 
1.700000 	99.705597 	242.000000 	259.373993 	254.125000 
1.800000 	99.705597 	242.000000 	259.373993 	254.125000 
1.900000 	99.705597 	242.000000 	259.373993 	254.125000 
2.000000 	99.705597 	242.000000 	259.373993 	254.125000 
2.100000 	99.705597 	242.000000 	259.373993 	254.125000 
2.200000 	99.705597 	242.000000 	259.373993 	254.125000 
2.300000 	99.705597 	242.000000 	259.373993 	254.125000 
2.400000 	99.705597 	242.000000 	259.373993 	254.125000 
2.500000 	110.669998 	242.000000 	251.912003 	254.531998 
2.600000 	110.669998 	242.000000 	251.912003 	254.531998 
2.700000 	110.669998 	242.000000 	251.912003 	254.531998 
2.800000 	110.669998 	242.000000 	251.912003 	254.531998 
2.900000 	110.669998 	242.000000 	251.912003 	254.531998 
3.000000 	110.669998 	242.000000 	251.912003 	254.531998 
3.100000 	110.669998 	242.000000 	251.912003 	254.531998 
3.200000 	110.669998 	242.000000 	251.912003 	254.531998 
3.300000 	110.669998 	242.000000 	251.912003 	254.531998 
3.400000 	110.669998 	242.000000 	251.912003 	254.531998 
3.500000 	116.379997 	242.000000 	248.264999 	254.679993 
3.600000 	116.379997 	242.000000 	248.264999 	254.679993 
3.700000 	116.379997 	242.000000 	248.264999 	254.679993 
3.800000 	116.379997 	242.000000 	248.264999 	254.679993 
3.900000 	116.379997 	242.000000 	248.264999 	254.679993 
4.000000 	116.379997 	242.000000 	248.264999 	254.679993 
4.100000 	116.379997 	242.000000 	248.264999 	254.679993 
4.200000 	116.379997 	242.000000 	248.264999 	254.679993 
4.300000 	116.379997 	242.000000 	248.264999 	254.679993 
4.400000 	116.379997 	242.000000 	248.264999 	254.679993 
4.500000 	119.494003 	242.000000 	246.289001 	254.759995 
4.600000 	119.494003 	242.000000 	246.289001 	254.759995 
4.700000 	119.494003 	242.000000 	246.289001 	254.759995 
4.800000 	119.494003 	242.000000 	246.289001 	254.759995 
4.900000 	119.494003 	242.000000 	246.289001 	254.759995 
5.000000 	119.494003 	242.000000 	246.289001 	254.759995 
5.100000 	119.494003 	242.000000 	246.289001 	254.759995 
5.200000 	119.494003 	242.000000 	246.289001 	254.759995 
5.300000 	119.494003 	242.000000 	246.289001 	254.759995 
5.400000 	119.494003 	242.000000 	246.289001 	254.759995 
5.500000 	121.336998 	242.000000 	245.119995 	254.820007 
5.600000 	121.336998 	242.000000 	245.119995 	254.820007 
5.700000 	121.336998 	242.000000 	245.119995 	254.820007 
5.800000 	121.336998 	242.000000 	245.119995 	254.820007 
5.900000 	121.336998 	242.000000 	245.119995 	254.820007 
6.000000 	121.336998 	242.000000 	245.119995 	254.820007 
6.100000 	121.336998 	242.000000 	245.119995 	254.820007 
6.200000 	121.336998 	242.000000 	245.119995 	254.820007 
6.300000 	121.336998 	242.000000 	245.119995 	254.820007 
6.400000 	121.336998 	242.000000 	245.119995 	254.820007 
6.500000 	122.508003 	242.000000 	244.378998 	254.873993 
6.600000 	122.508003 	242.000000 	244.378998 	254.873993 
6.700000 	122.508003 	242.000000 	244.378998 	254.873993 
6.800000 	122.508003 	242.000000 	244.378998 	254.873993 
6.900000 	122.508003 	242.000000 	244.378998 	254.873993 
7.000000 	122.508003 	242.000000 	244.378998 	254.873993 
7.100000 	122.508003 	242.000000 	244.378998 	254.873993 
7.200000 	122.508003 	242.000000 	244.378998 	254.873993 
7.300000 	122.508003 	242.000000 	244.378998 	254.873993 
7.400000 	122.508003 	242.000000 	244.378998 	254.873993 
7.500000 	123.295998 	242.000000 	243.880997 	254.927002 
7.600000 	123.295998 	242.000000 	243.880997 	254.927002 
7.700000 	123.295998 	242.000000 	243.880997 	254.927002 
7.800000 	123.295998 	242.000000 	243.880997 	254.927002 
7.900000 	123.295998 	242.000000 	243.880997 	254.927002 
8.000000 	123.295998 	242.000000 	243.880997 	254.927002 
8.100000 	123.295998 	242.000000 	243.880997 	254.927002 
8.200000 	123.295998 	242.000000 	243.880997 	254.927002 
8.300000 	123.295998 	242.000000 	243.880997 	254.927002 
8.400000 	123.295998 	242.000000 	243.880997 	254.927002 
8.500000 	123.849998 	242.000000 	243.531006 	254.983994 
8.600000 	123.849998 	242.000000 	243.531006 	254.983994 
8.700000 	123.849998 	242.000000 	243.531006 	254.983994 
8.800000 	123.849998 	242.000000 	243.531006 	254.983994 
8.900000 	123.849998 	242.000000 	243.531006 	254.983994 
9.000000 	123.849998 	242.000000 	243.531006 	254.983994 
9.100000 	123.849998 	242.000000 	243.531006 	254.983994 
9.200000 	123.849998 	242.000000 	243.531006 	254.983994 
9.300000 	123.849998 	242.000000 	243.531006 	254.983994 
9.400000 	123.849998 	242.000000 	243.531006 	254.983994 
9.500000 	124.254997 	242.000000 	243.276993 	255.046005 
9.600000 	124.254997 	242.000000 	243.276993 	255.046005 
9.700000 	124.254997 	242.000000 	243.276993 	255.046005 
9.800000 	124.254997 	242.000000 	243.276993 	255.046005 
9.900000 	124.254997 	242.000000 	243.276993 	255.046005 
10.000000 	124.254997 	242.000000 	243.276993 	255.046005 
10.100000 	124.254997 	242.000000 	243.276993 	255.046005 
10.200000 	124.254997 	242.000000 	243.276993 	255.046005 
10.300000 	124.254997 	242.000000 	243.276993 	255.046005 
10.400000 	124.254997 	242.000000 	243.276993 	255.046005 
10.500000 	124.559998 	242.000000 	243.085999 	255.110992 
10.600000 	124.559998 	242.000000 	243.085999 	255.110992 
10.700000 	124.559998 	242.000000 	243.085999 	255.110992 
10.800000 	124.559998 	242.000000 	243.085999 	255.110992 
10.900000 	124.559998 	242.000000 	243.085999 	255.110992 
11.000000 	124.559998 	242.000000 	243.085999 	255.110992 
11.100000 	124.559998 	242.000000 	243.085999 	255.110992 
11.200000 	124.559998 	242.000000 	243.085999 	255.110992 
11.300000 	124.559998 	242.000000 	243.085999 	255.110992 
11.400000 	124.559998 	242.000000 	243.085999 	255.110992 
11.500000 	124.796997 	242.000000 	242.940002 	255.182007 
11.600000 	124.796997 	242.000000 	242.940002 	255.182007 
11.700000 	124.796997 	242.000000 	242.940002 	255.182007 
11.800000 	124.796997 	242.000000 	242.940002 	255.182007 
11.900000 	124.796997 	242.000000 	242.940002 	255.182007 
12.000000 	124.796997 	242.000000 	242.940002 	255.182007 
12.100000 	124.796997 	242.000000 	242.940002 	255.182007 
12.200000 	124.796997 	242.000000 	242.940002 	255.182007 
12.300000 	124.796997 	242.000000 	242.940002 	255.182007 
12.400000 	124.796997 	242.000000 	242.940002 	255.182007 
12.500000 	124.984001 	242.000000 	242.824997 	255.257996 
12.600000 	124.984001 	242.000000 	242.824997 	255.257996 
12.700000 	124.984001 	242.000000 	242.824997 	255.257996 
12.800000 	124.984001 	242.000000 	242.824997 	255.257996 
12.900000 	124.984001 	242.000000 	242.824997 	255.257996 
13.000000 	124.984001 	242.000000 	242.824997 	255.257996 
13.100000 	124.984001 	242.000000 	242.824997 	255.257996 
13.200000 	124.984001 	242.000000 	242.824997 	255.257996 
13.300000 	124.984001 	242.000000 	242.824997 	255.257996 
13.400000 	124.984001 	242.000000 	242.824997 	255.257996 
13.500000 	125.135002 	242.000000 	242.733002 	255.339996 
13.600000 	125.135002 	242.000000 	242.733002 	255.339996 
13.700000 	125.135002 	242.000000 	242.733002 	255.339996 
13.800000 	125.135002 	242.000000 	242.733002 	255.339996 
13.900000 	125.135002 	242.000000 	242.733002 	255.339996 
14.000000 	125.135002 	242.000000 	242.733002 	255.339996 
14.100000 	125.135002 	242.000000 	242.733002 	255.339996 
14.200000 	125.135002 	242.000000 	242.733002 	255.339996 
14.300000 	125.135002 	242.000000 	242.733002 	255.339996 
14.400000 	125.135002 	242.000000 	242.733002 	255.339996 
14.500000 	125.259003 	242.000000 	242.658005 	255.427994 
14.600000 	125.259003 	242.000000 	242.658005 	255.427994 
14.700000 	125.259003 	242.000000 	242.658005 	255.427994 
14.800000 	125.259003 	242.000000 	242.658005 	255.427994 
14.900000 	125.259003 	242.000000 	242.658005 	255.427994 
15.000000 	125.259003 	242.000000 	242.658005 	255.427994 
15.100000 	125.259003 	242.000000 	242.658005 	255.427994 
15.200000 	125.259003 	242.000000 	242.658005 	255.427994 
15.300000 	125.259003 	242.000000 	242.658005 	255.427994 
15.400000 	125.259003 	242.000000 	242.658005 	255.427994 
15.500000 	125.362999 	242.000000 	242.597000 	255.522003 
15.600000 	125.362999 	242.000000 	242.597000 	255.522003 
15.700000 	125.362999 	242.000000 	242.597000 	255.522003 
15.800000 	125.362999 	242.000000 	242.597000 	255.522003 
15.900000 	125.362999 	242.000000 	242.597000 	255.522003 
16.000000 	125.362999 	242.000000 	242.597000 	255.522003 
16.100000 	125.362999 	242.000000 	242.597000 	255.522003 
16.200000 	125.362999 	242.000000 	242.597000 	255.522003 
16.300000 	125.362999 	242.000000 	242.597000 	255.522003 
16.400000 	125.362999 	242.000000 	242.597000 	255.522003 
16.500000 	125.449997 	242.000000 	242.544998 	255.621002 
16.600000 	125.449997 	242.000000 	242.544998 	255.621002 
16.700000 	125.449997 	242.000000 	242.544998 	255.621002 
16.800000 	125.449997 	242.000000 	242.544998 	255.621002 
16.900000 	125.449997 	242.000000 	242.544998 	255.621002 
17.000000 	125.449997 	242.000000 	242.544998 	255.621002 
17.100000 	125.449997 	242.000000 	242.544998 	255.621002 
17.200000 	125.449997 	242.000000 	242.544998 	255.621002 
17.300000 	125.449997 	242.000000 	242.544998 	255.621002 
17.400000 	125.449997 	242.000000 	242.544998 	255.621002 
17.500000 	125.526001 	242.000000 	242.501999 	255.727005 
17.600000 	125.526001 	242.000000 	242.501999 	255.727005 
17.700000 	125.526001 	242.000000 	242.501999 	255.727005 
17.800000 	125.526001 	242.000000 	242.501999 	255.727005 
17.900000 	125.526001 	242.000000 	242.501999 	255.727005 
18.000000 	125.526001 	242.000000 	242.501999 	255.727005 
18.100000 	125.526001 	242.000000 	242.501999 	255.727005 
18.200000 	125.526001 	242.000000 	242.501999 	255.727005 
18.300000 	125.526001 	242.000000 	242.501999 	255.727005 
18.400000 	125.526001 	242.000000 	242.501999 	255.727005 
18.500000 	125.592003 	242.000000 	242.464996 	255.837997 
18.600000 	125.592003 	242.000000 	242.464996 	255.837997 
18.700000 	125.592003 	242.000000 	242.464996 	255.837997 
18.800000 	125.592003 	242.000000 	242.464996 	255.837997 
18.900000 	125.592003 	242.000000 	242.464996 	255.837997 
19.000000 	125.592003 	242.000000 	242.464996 	255.837997 
19.100000 	125.592003 	242.000000 	242.464996 	255.837997 
19.200000 	125.592003 	242.000000 	242.464996 	255.837997 
19.300000 	125.592003 	242.000000 	242.464996 	255.837997 
19.400000 	125.592003 	242.000000 	242.464996 	255.837997 
19.500000 	125.649002 	242.000000 	242.434006 	255.955002 
19.600000 	125.649002 	242.000000 	242.434006 	255.955002 
19.700000 	125.649002 	242.000000 	242.434006 	255.955002 
19.800000 	125.649002 	242.000000 	242.434006 	255.955002 
19.900000 	125.649002 	242.000000 	242.434006 	255.955002 
20.000000 	125.649002 	242.000000 	242.434006 	255.955002 
20.100000 	125.649002 	242.000000 	242.434006 	255.955002 
20.200000 	125.649002 	242.000000 	242.434006 	255.955002 
20.300000 	125.649002 	242.000000 	242.434006 	255.955002 
20.400000 	125.649002 	242.000000 	242.434006 	255.955002 
20.500000 	125.700996 	242.000000 	242.406006 	256.078003 
20.600000 	125.700996 	242.000000 	242.406006 	256.078003 
20.700000 	125.700996 	242.000000 	242.406006 	256.078003 
20.800000 	125.700996 	242.000000 	242.406006 	256.078003 
20.900000 	125.700996 	242.000000 	242.406006 	256.078003 
21.000000 	125.700996 	242.000000 	242.406006 	256.078003 
21.100000 	125.700996 	242.000000 	242.406006 	256.078003 
21.200000 	125.700996 	242.000000 	242.406006 	256.078003 
21.300000 	125.700996 	242.000000 	242.406006 	256.078003 
21.400000 	125.700996 	242.000000 	242.406006 	256.078003 
21.500000 	125.747002 	242.000000 	242.382004 	256.207001 
21.600000 	125.747002 	242.000000 	242.382004 	256.207001 
21.700000 	125.747002 	242.000000 	242.382004 	256.207001 
21.800000 	125.747002 	242.000000 	242.382004 	256.207001 
21.900000 	125.747002 	242.000000 	242.382004 	256.207001 
22.000000 	125.747002 	242.000000 	242.382004 	256.207001 
22.100000 	125.747002 	242.000000 	242.382004 	256.207001 
22.200000 	125.747002 	242.000000 	242.382004 	256.207001 
22.300000 	125.747002 	242.000000 	242.382004 	256.207001 
22.400000 	125.747002 	242.000000 	242.382004 	256.207001 
22.500000 	125.789001 	242.000000 	242.360992 	256.342010 
22.600000 	125.789001 	242.000000 	242.360992 	256.342010 
22.700000 	125.789001 	242.000000 	242.360992 	256.342010 
22.800000 	125.789001 	242.000000 	242.360992 	256.342010 
22.900000 	125.789001 	242.000000 	242.360992 	256.342010 
23.000000 	125.789001 	242.000000 	242.360992 	256.342010 
23.100000 	125.789001 	242.000000 	242.360992 	256.342010 
23.200000 	125.789001 	242.000000 	242.360992 	256.342010 
23.300000 	125.789001 	242.000000 	242.360992 	256.342010 
23.400000 	125.789001 	242.000000 	242.360992 	256.342010 
23.500000 	125.827003 	242.000000 	242.341995 	256.483002 
23.600000 	125.827003 	242.000000 	242.341995 	256.483002 
23.700000 	125.827003 	242.000000 	242.341995 	256.483002 
23.800000 	125.827003 	242.000000 	242.341995 	256.483002 
23.900000 	125.827003 	242.000000 	242.341995 	256.483002 
24.000000 	125.827003 	242.000000 	242.341995 	256.483002 
24.100000 	125.827003 	242.000000 	242.341995 	256.483002 
24.200000 	125.827003 	242.000000 	242.341995 	256.483002 
24.300000 	125.827003 	242.000000 	242.341995 	256.483002 
24.400000 	125.827003 	242.000000 	242.341995 	256.483002 
24.500000 	125.862999 	242.000000 	242.324997 	256.628998 
24.600000 	125.862999 	242.000000 	242.324997 	256.628998 
24.700000 	125.862999 	242.000000 	242.324997 	256.628998 
24.800000 	125.862999 	242.000000 	242.324997 	256.628998 
24.900000 	125.862999 	242.000000 	242.324997 	256.628998 
25.000000 	125.862999 	242.000000 	242.324997 	256.628998 
25.100000 	125.862999 	242.000000 	242.324997 	256.628998 
25.200000 	125.862999 	242.000000 	242.324997 	256.628998 
25.300000 	125.862999 	242.000000 	242.324997 	256.628998 
25.400000 	125.862999 	242.000000 	242.324997 	256.628998 
25.500000 	125.896004 	242.000000 	242.309998 	256.781006 
25.600000 	125.896004 	242.000000 	242.309998 	256.781006 
25.700000 	125.896004 	242.000000 	242.309998 	256.781006 
25.800000 	125.896004 	242.000000 	242.309998 	256.781006 
25.900000 	125.896004 	242.000000 	242.309998 	256.781006 
26.000000 	125.896004 	242.000000 	242.309998 	256.781006 
26.100000 	125.896004 	242.000000 	242.309998 	256.781006 
26.200000 	125.896004 	242.000000 	242.309998 	256.781006 
26.300000 	125.896004 	242.000000 	242.309998 	256.781006 
26.400000 	125.896004 	242.000000 	242.309998 	256.781006 
26.500000 	125.926003 	242.000000 	242.296005 	256.940002 
26.600000 	125.926003 	242.000000 	242.296005 	256.940002 
26.700000 	125.926003 	242.000000 	242.296005 	256.940002 
26.800000 	125.926003 	242.000000 	242.296005 	256.940002 
26.900000 	125.926003 	242.000000 	242.296005 	256.940002 
27.000000 	125.926003 	242.000000 	242.296005 	256.940002 
27.100000 	125.926003 	242.000000 	242.296005 	256.940002 
27.200000 	125.926003 	242.000000 	242.296005 	256.940002 
27.300000 	125.926003 	242.000000 	242.296005 	256.940002 
27.400000 	125.926003 	242.000000 	242.296005 	256.940002 
27.500000 	125.956001 	242.000000 	242.283997 	257.102997 
27.600000 	125.956001 	242.000000 	242.283997 	257.102997 
27.700000 	125.956001 	242.000000 	242.283997 	257.102997 
27.800000 	125.956001 	242.000000 	242.283997 	257.102997 
27.900000 	125.956001 	242.000000 	242.283997 	257.102997 
28.000000 	125.956001 	242.000000 	242.283997 	257.102997 
28.100000 	125.956001 	242.000000 	242.283997 	257.102997 
28.200000 	125.956001 	242.000000 	242.283997 	257.102997 
28.300000 	125.956001 	242.000000 	242.283997 	257.102997 
28.400000 	125.956001 	242.000000 	242.283997 	257.102997 
28.500000 	125.983002 	242.000000 	242.272003 	257.273010 
28.600000 	125.983002 	242.000000 	242.272003 	257.273010 
28.700000 	125.983002 	242.000000 	242.272003 	257.273010 
28.800000 	125.983002 	242.000000 	242.272003 	257.273010 
28.900000 	125.983002 	242.000000 	242.272003 	257.273010 
29.000000 	125.983002 	242.000000 	242.272003 	257.273010 
29.100000 	125.983002 	242.000000 	242.272003 	257.273010 
29.200000 	125.983002 	242.000000 	242.272003 	257.273010 
29.300000 	125.983002 	242.000000 	242.272003 	257.273010 
29.400000 	125.983002 	242.000000 	242.272003 	257.273010 
29.500000 	126.010002 	242.000000 	242.261002 	257.449005 
29.600000 	126.010002 	242.000000 	242.261002 	257.449005 
29.700000 	126.010002 	242.000000 	242.261002 	257.449005 
29.800000 	126.010002 	242.000000 	242.261002 	257.449005 
29.900000 	126.010002 	242.000000 	242.261002 	257.449005 
30.000000 	126.010002 	242.000000 	242.261002 	257.449005 
30.100000 	126.010002 	242.000000 	242.261002 	257.449005 
30.200000 	126.010002 	242.000000 	242.261002 	257.449005 
30.300000 	126.010002 	242.000000 	242.261002 	257.449005 
30.400000 	126.010002 	242.000000 	242.261002 	257.449005 
30.500000 	126.036003 	242.000000 	242.251007 	257.630005 
30.600000 	126.036003 	242.000000 	242.251007 	257.630005 
30.700000 	126.036003 	242.000000 	242.251007 	257.630005 
30.800000 	126.036003 	242.000000 	242.251007 	257.630005 
30.900000 	126.036003 	242.000000 	242.251007 	257.630005 
31.000000 	126.036003 	242.000000 	242.251007 	257.630005 
31.100000 	126.036003 	242.000000 	242.251007 	257.630005 
31.200000 	126.036003 	242.000000 	242.251007 	257.630005 
31.300000 	126.036003 	242.000000 	242.251007 	257.630005 
31.400000 	126.036003 	242.000000 	242.251007 	257.630005 
31.500000 	126.059998 	242.000000 	242.240997 	257.816010 
31.600000 	126.059998 	242.000000 	242.240997 	257.816010 
31.700000 	126.059998 	242.000000 	242.240997 	257.816010 
31.800000 	126.059998 	242.000000 	242.240997 	257.816010 
31.900000 	126.059998 	242.000000 	242.240997 	257.816010 
32.000000 	126.059998 	242.000000 	242.240997 	257.816010 
32.100000 	126.059998 	242.000000 	242.240997 	257.816010 
32.200000 	126.059998 	242.000000 	242.240997 	257.816010 
32.300000 	126.059998 	242.000000 	242.240997 	257.816010 
32.400000 	126.059998 	242.000000 	242.240997 	257.816010 
32.500000 	126.084999 	242.000000 	242.231995 	258.009003 
32.600000 	126.084999 	242.000000 	242.231995 	258.009003 
32.700000 	126.084999 	242.000000 	242.231995 	258.009003 
32.800000 	126.084999 	242.000000 	242.231995 	258.009003 
32.900000 	126.084999 	242.000000 	242.231995 	258.009003 
33.000000 	126.084999 	242.000000 	242.231995 	258.009003 
33.100000 	126.084999 	242.000000 	242.231995 	258.009003 
33.200000 	126.084999 	242.000000 	242.231995 	258.009003 
33.300000 	126.084999 	242.000000 	242.231995 	258.009003 
33.400000 	126.084999 	242.000000 	242.231995 	258.009003 
33.500000 	126.108002 	242.000000 	242.223999 	258.207001 
33.600000 	126.108002 	242.000000 	242.223999 	258.207001 
33.700000 	126.108002 	242.000000 	242.223999 	258.207001 
33.800000 	126.108002 	242.000000 	242.223999 	258.207001 
33.900000 	126.108002 	242.000000 	242.223999 	258.207001 
34.000000 	126.108002 	242.000000 	242.223999 	258.207001 
34.100000 	126.108002 	242.000000 	242.223999 	258.207001 
34.200000 	126.108002 	242.000000 	242.223999 	258.207001 
34.300000 	126.108002 	242.000000 	242.223999 	258.207001 
34.400000 	126.108002 	242.000000 	242.223999 	258.207001 
34.500000 	126.130997 	242.000000 	242.214996 	258.410004 
34.600000 	126.130997 	242.000000 	242.214996 	258.410004 
34.700000 	126.130997 	242.000000 	242.214996 	258.410004 
34.800000 	126.130997 	242.000000 	242.214996 	258.410004 
34.900000 	126.130997 	242.000000 	242.214996 	258.410004 
35.000000 	126.130997 	242.000000 	242.214996 	258.410004 
35.100000 	126.130997 	242.000000 	242.214996 	258.410004 
35.200000 	126.130997 	242.000000 	242.214996 	258.410004 
35.300000 	126.130997 	242.000000 	242.214996 	258.410004 
35.400000 	126.130997 	242.000000 	242.214996 	258.410004 
35.500000 	126.153999 	242.000000 	242.207001 	258.618988 
35.600000 	126.153999 	242.000000 	242.207001 	258.618988 
35.700000 	126.153999 	242.000000 	242.207001 	258.618988 
35.800000 	126.153999 	242.000000 	242.207001 	258.618988 
35.900000 	126.153999 	242.000000 	242.207001 	258.618988 
36.000000 	126.153999 	242.000000 	242.207001 	258.618988 
36.100000 	126.153999 	242.000000 	242.207001 	258.618988 
36.200000 	126.153999 	242.000000 	242.207001 	258.618988 
36.300000 	126.153999 	242.000000 	242.207001 	258.618988 
36.400000 	126.153999 	242.000000 	242.207001 	258.618988 
36.500000 	126.176003 	242.000000 	242.199005 	258.834015 
36.600000 	126.176003 	242.000000 	242.199005 	258.834015 
36.700000 	126.176003 	242.000000 	242.199005 	258.834015 
36.800000 	126.176003 	242.000000 	242.199005 	258.834015 
36.900000 	126.176003 	242.000000 	242.199005 	258.834015 
37.000000 	126.176003 	242.000000 	242.199005 	258.834015 
37.100000 	126.176003 	242.000000 	242.199005 	258.834015 
37.200000 	126.176003 	242.000000 	242.199005 	258.834015 
37.300000 	126.176003 	242.000000 	242.199005 	258.834015 
37.400000 	126.176003 	242.000000 	242.199005 	258.834015 
37.500000 	126.198997 	242.000000 	242.192001 	259.053986 
37.600000 	126.198997 	242.000000 	242.192001 	259.053986 
37.700000 	126.198997 	242.000000 	242.192001 	259.053986 
37.800000 	126.198997 	242.000000 	242.192001 	259.053986 
37.900000 	126.198997 	242.000000 	242.192001 	259.053986 
38.000000 	126.198997 	242.000000 	242.192001 	259.053986 
38.100000 	126.198997 	242.000000 	242.192001 	259.053986 
38.200000 	126.198997 	242.000000 	242.192001 	259.053986 
38.300000 	126.198997 	242.000000 	242.192001 	259.053986 
38.400000 	126.198997 	242.000000 	242.192001 	259.053986 
38.500000 	126.221001 	242.000000 	242.184006 	259.278992 
38.600000 	126.221001 	242.000000 	242.184006 	259.278992 
38.700000 	126.221001 	242.000000 	242.184006 	259.278992 
38.800000 	126.221001 	242.000000 	242.184006 	259.278992 
38.900000 	126.221001 	242.000000 	242.184006 	259.278992 
39.000000 	126.221001 	242.000000 	242.184006 	259.278992 
39.100000 	126.221001 	242.000000 	242.184006 	259.278992 
39.200000 	126.221001 	242.000000 	242.184006 	259.278992 
39.300000 	126.221001 	242.000000 	242.184006 	259.278992 
39.400000 	126.221001 	242.000000 	242.184006 	259.278992 
39.500000 	126.242996 	242.000000 	242.175995 	259.510010 
39.600000 	126.242996 	242.000000 	242.175995 	259.510010 
39.700000 	126.242996 	242.000000 	242.175995 	259.510010 
39.800000 	126.242996 	242.000000 	242.175995 	259.510010 
39.900000 	126.242996 	242.000000 	242.175995 	259.510010 
40.000000 	126.242996 	242.000000 	242.175995 	259.510010 
40.100000 	126.242996 	242.000000 	242.175995 	259.510010 
40.200000 	126.242996 	242.000000 	242.175995 	259.510010 
40.300000 	126.242996 	242.000000 	242.175995 	259.510010 
40.400000 	126.242996 	242.000000 	242.175995 	259.510010 
40.500000 	126.264999 	242.000000 	242.167999 	259.746002 
40.600000 	126.264999 	242.000000 	242.167999 	259.746002 
40.700000 	126.264999 	242.000000 	242.167999 	259.746002 
40.800000 	126.264999 	242.000000 	242.167999 	259.746002 
40.900000 	126.264999 	242.000000 	242.167999 	259.746002 
41.000000 	126.264999 	242.000000 	242.167999 	259.746002 
41.100000 	126.264999 	242.000000 	242.167999 	259.746002 
41.200000 	126.264999 	242.000000 	242.167999 	259.746002 
41.300000 	126.264999 	242.000000 	242.167999 	259.746002 
41.400000 	126.264999 	242.000000 	242.167999 	259.746002 
41.500000 	126.287003 	242.000000 	242.160995 	259.987000 
41.600000 	126.287003 	242.000000 	242.160995 	259.987000 
41.700000 	126.287003 	242.000000 	242.160995 	259.987000 
41.800000 	126.287003 	242.000000 	242.160995 	259.987000 
41.900000 	126.287003 	242.000000 	242.160995 	259.987000 
42.000000 	126.287003 	242.000000 	242.160995 	259.987000 
42.100000 	126.287003 	242.000000 	242.160995 	259.987000 
42.200000 	126.287003 	242.000000 	242.160995 	259.987000 
42.300000 	126.287003 	242.000000 	242.160995 	259.987000 
42.400000 	126.287003 	242.000000 	242.160995 	259.987000 
42.500000 	126.308998 	242.000000 	242.153000 	260.234009 
42.600000 	126.308998 	242.000000 	242.153000 	260.234009 
42.700000 	126.308998 	242.000000 	242.153000 	260.234009 
42.800000 	126.308998 	242.000000 	242.153000 	260.234009 
42.900000 	126.308998 	242.000000 	242.153000 	260.234009 
43.000000 	126.308998 	242.000000 	242.153000 	260.234009 
43.100000 	126.308998 	242.000000 	242.153000 	260.234009 
43.200000 	126.308998 	242.000000 	242.153000 	260.234009 
43.300000 	126.308998 	242.000000 	242.153000 	260.234009 
43.400000 	126.308998 	242.000000 	242.153000 	260.234009 
43.500000 	126.331001 	242.000000 	242.145004 	260.484985 
43.600000 	126.331001 	242.000000 	242.145004 	260.484985 
43.700000 	126.331001 	242.000000 	242.145004 	260.484985 
43.800000 	126.331001 	242.000000 	242.145004 	260.484985 
43.900000 	126.331001 	242.000000 	242.145004 	260.484985 
44.000000 	126.331001 	242.000000 	242.145004 	260.484985 
44.100000 	126.331001 	242.000000 	242.145004 	260.484985 
44.200000 	126.331001 	242.000000 	242.145004 	260.484985 
44.300000 	126.331001 	242.000000 	242.145004 	260.484985 
44.400000 	126.331001 	242.000000 	242.145004 	260.484985 
44.500000 	126.352997 	242.000000 	242.136002 	260.742004 
44.600000 	126.352997 	242.000000 	242.136002 	260.742004 
44.700000 	126.352997 	242.000000 	242.136002 	260.742004 
44.800000 	126.352997 	242.000000 	242.136002 	260.742004 
44.900000 	126.352997 	242.000000 	242.136002 	260.742004 
45.000000 	126.352997 	242.000000 	242.136002 	260.742004 
45.100000 	126.352997 	242.000000 	242.136002 	260.742004 
45.200000 	126.352997 	242.000000 	242.136002 	260.742004 
45.300000 	126.352997 	242.000000 	242.136002 	260.742004 
45.400000 	126.352997 	242.000000 	242.136002 	260.742004 
45.500000 	126.375999 	242.000000 	242.128006 	261.003998 
45.600000 	126.375999 	242.000000 	242.128006 	261.003998 
45.700000 	126.375999 	242.000000 	242.128006 	261.003998 
45.800000 	126.375999 	242.000000 	242.128006 	261.003998 
45.900000 	126.375999 	242.000000 	242.128006 	261.003998 
46.000000 	126.375999 	242.000000 	242.128006 	261.003998 
46.100000 	126.375999 	242.000000 	242.128006 	261.003998 
46.200000 	126.375999 	242.000000 	242.128006 	261.003998 
46.300000 	126.375999 	242.000000 	242.128006 	261.003998 
46.400000 	126.375999 	242.000000 	242.128006 	261.003998 
46.500000 	126.398003 	242.000000 	242.119003 	261.270996 
46.600000 	126.398003 	242.000000 	242.119003 	261.270996 
46.700000 	126.398003 	242.000000 	242.119003 	261.270996 
46.800000 	126.398003 	242.000000 	242.119003 	261.270996 
46.900000 	126.398003 	242.000000 	242.119003 	261.270996 
47.000000 	126.398003 	242.000000 	242.119003 	261.270996 
47.100000 	126.398003 	242.000000 	242.119003 	261.270996 
47.200000 	126.398003 	242.000000 	242.119003 	261.270996 
47.300000 	126.398003 	242.000000 	242.119003 	261.270996 
47.400000 	126.398003 	242.000000 	242.119003 	261.270996 
47.500000 	126.420998 	242.000000 	242.110001 	261.542999 
47.600000 	126.420998 	242.000000 	242.110001 	261.542999 
47.700000 	126.420998 	242.000000 	242.110001 	261.542999 
47.800000 	126.420998 	242.000000 	242.110001 	261.542999 
47.900000 	126.420998 	242.000000 	242.110001 	261.542999 
48.000000 	126.420998 	242.000000 	242.110001 	261.542999 
48.100000 	126.420998 	242.000000 	242.110001 	261.542999 
48.200000 	126.420998 	242.000000 	242.110001 	261.542999 
48.300000 	126.420998 	242.000000 	242.110001 	261.542999 
48.400000 	126.420998 	242.000000 	242.110001 	261.542999 
48.500000 	126.444000 	242.000000 	242.100998 	261.820007 
48.600000 	126.444000 	242.000000 	242.100998 	261.820007 
48.700000 	126.444000 	242.000000 	242.100998 	261.820007 
48.800000 	126.444000 	242.000000 	242.100998 	261.820007 
48.900000 	126.444000 	242.000000 	242.100998 	261.820007 
49.000000 	126.444000 	242.000000 	242.100998 	261.820007 
49.100000 	126.444000 	242.000000 	242.100998 	261.820007 
49.200000 	126.444000 	242.000000 	242.100998 	261.820007 
49.300000 	126.444000 	242.000000 	242.100998 	261.820007 
49.400000 	126.444000 	242.000000 	242.100998 	261.820007 
49.500000 	126.467003 	242.000000 	242.091003 	262.101990 
49.600000 	126.467003 	242.000000 	242.091003 	262.101990 
49.700000 	126.467003 	242.000000 	242.091003 	262.101990 
49.800000 	126.467003 	242.000000 	242.091003 	262.101990 
49.900000 	126.467003 	242.000000 	242.091003 	262.101990 
50.000000 	126.467003 	242.000000 	242.091003 	262.101990 
50.100000 	126.467003 	242.000000 	242.091003 	262.101990 
50.200000 	126.467003 	242.000000 	242.091003 	262.101990 
50.300000 	126.467003 	242.000000 	242.091003 	262.101990 
50.400000 	126.467003 	242.000000 	242.091003 	262.101990 
50.500000 	126.490997 	242.000000 	242.080994 	262.389008 
50.600000 	126.490997 	242.000000 	242.080994 	262.389008 
50.700000 	126.490997 	242.000000 	242.080994 	262.389008 
50.800000 	126.490997 	242.000000 	242.080994 	262.389008 
50.900000 	126.490997 	242.000000 	242.080994 	262.389008 
51.000000 	126.490997 	242.000000 	242.080994 	262.389008 
51.100000 	126.490997 	242.000000 	242.080994 	262.389008 
51.200000 	126.490997 	242.000000 	242.080994 	262.389008 
51.300000 	126.490997 	242.000000 	242.080994 	262.389008 
51.400000 	126.490997 	242.000000 	242.080994 	262.389008 
51.500000 	126.514999 	242.000000 	242.070999 	262.681000 
51.600000 	126.514999 	242.000000 	242.070999 	262.681000 
51.700000 	126.514999 	242.000000 	242.070999 	262.681000 
51.800000 	126.514999 	242.000000 	242.070999 	262.681000 
51.900000 	126.514999 	242.000000 	242.070999 	262.681000 
52.000000 	126.514999 	242.000000 	242.070999 	262.681000 
52.100000 	126.514999 	242.000000 	242.070999 	262.681000 
52.200000 	126.514999 	242.000000 	242.070999 	262.681000 
52.300000 	126.514999 	242.000000 	242.070999 	262.681000 
52.400000 	126.514999 	242.000000 	242.070999 	262.681000 
52.500000 	126.539001 	242.000000 	242.059998 	262.976990 
52.600000 	126.539001 	242.000000 	242.059998 	262.976990 
52.700000 	126.539001 	242.000000 	242.059998 	262.976990 
52.800000 	126.539001 	242.000000 	242.059998 	262.976990 
52.900000 	126.539001 	242.000000 	242.059998 	262.976990 
53.000000 	126.539001 	242.000000 	242.059998 	262.976990 
53.100000 	126.539001 	242.000000 	242.059998 	262.976990 
53.200000 	126.539001 	242.000000 	242.059998 	262.976990 
53.300000 	126.539001 	242.000000 	242.059998 	262.976990 
53.400000 	126.539001 	242.000000 	242.059998 	262.976990 
53.500000 	126.563004 	242.000000 	242.048996 	263.278015 
53.600000 	126.563004 	242.000000 	242.048996 	263.278015 
53.700000 	126.563004 	242.000000 	242.048996 	263.278015 
53.800000 	126.563004 	242.000000 	242.048996 	263.278015 
53.900000 	126.563004 	242.000000 	242.048996 	263.278015 
54.000000 	126.563004 	242.000000 	242.048996 	263.278015 
54.100000 	126.563004 	242.000000 	242.048996 	263.278015 
54.200000 	126.563004 	242.000000 	242.048996 	263.278015 
54.300000 	126.563004 	242.000000 	242.048996 	263.278015 
54.400000 	126.563004 	242.000000 	242.048996 	263.278015 
54.500000 	126.587997 	242.000000 	242.037003 	263.583008 
54.600000 	126.587997 	242.000000 	242.037003 	263.583008 
54.700000 	126.587997 	242.000000 	242.037003 	263.583008 
54.800000 	126.587997 	242.000000 	242.037003 	263.583008 
54.900000 	126.587997 	242.000000 	242.037003 	263.583008 
55.000000 	126.587997 	242.000000 	242.037003 	263.583008 
55.100000 	126.587997 	242.000000 	242.037003 	263.583008 
55.200000 	126.587997 	242.000000 	242.037003 	263.583008 
55.300000 	126.587997 	242.000000 	242.037003 	263.583008 
55.400000 	126.587997 	242.000000 	242.037003 	263.583008 
55.500000 	126.612999 	242.000000 	242.024994 	263.894012 
55.600000 	126.612999 	242.000000 	242.024994 	263.894012 
55.700000 	126.612999 	242.000000 	242.024994 	263.894012 
55.800000 	126.612999 	242.000000 	242.024994 	263.894012 
55.900000 	126.612999 	242.000000 	242.024994 	263.894012 
56.000000 	126.612999 	242.000000 	242.024994 	263.894012 
56.100000 	126.612999 	242.000000 	242.024994 	263.894012 
56.200000 	126.612999 	242.000000 	242.024994 	263.894012 
56.300000 	126.612999 	242.000000 	242.024994 	263.894012 
56.400000 	126.612999 	242.000000 	242.024994 	263.894012 
56.500000 	126.638000 	242.000000 	242.011993 	264.208008 
56.600000 	126.638000 	242.000000 	242.011993 	264.208008 
56.700000 	126.638000 	242.000000 	242.011993 	264.208008 
56.800000 	126.638000 	242.000000 	242.011993 	264.208008 
56.900000 	126.638000 	242.000000 	242.011993 	264.208008 
57.000000 	126.638000 	242.000000 	242.011993 	264.208008 
57.100000 	126.638000 	242.000000 	242.011993 	264.208008 
57.200000 	126.638000 	242.000000 	242.011993 	264.208008 
57.300000 	126.638000 	242.000000 	242.011993 	264.208008 
57.400000 	126.638000 	242.000000 	242.011993 	264.208008 
57.500000 	126.664001 	242.000000 	241.998993 	264.527008 
57.600000 	126.664001 	242.000000 	241.998993 	264.527008 
57.700000 	126.664001 	242.000000 	241.998993 	264.527008 
57.800000 	126.664001 	242.000000 	241.998993 	264.527008 
57.900000 	126.664001 	242.000000 	241.998993 	264.527008 
58.000000 	126.664001 	242.000000 	241.998993 	264.527008 
58.100000 	126.664001 	242.000000 	241.998993 	264.527008 
58.200000 	126.664001 	242.000000 	241.998993 	264.527008 
58.300000 	126.664001 	242.000000 	241.998993 	264.527008 
58.400000 	126.664001 	242.000000 	241.998993 	264.527008 
58.500000 	126.690002 	242.000000 	241.985001 	264.851013 
58.600000 	126.690002 	242.000000 	241.985001 	264.851013 
58.700000 	126.690002 	242.000000 	241.985001 	264.851013 
58.800000 	126.690002 	242.000000 	241.985001 	264.851013 
58.900000 	126.690002 	242.000000 	241.985001 	264.851013 
59.000000 	126.690002 	242.000000 	241.985001 	264.851013 
59.100000 	126.690002 	242.000000 	241.985001 	264.851013 
59.200000 	126.690002 	242.000000 	241.985001 	264.851013 
59.300000 	126.690002 	242.000000 	241.985001 	264.851013 
59.400000 	126.690002 	242.000000 	241.985001 	264.851013 
59.500000 	126.716003 	242.000000 	241.970001 	265.178986 
59.600000 	126.716003 	242.000000 	241.970001 	265.178986 
59.700000 	126.716003 	242.000000 	241.970001 	265.178986 
59.800000 	126.716003 	242.000000 	241.970001 	265.178986 
59.900000 	126.716003 	242.000000 	241.970001 	265.178986 
60.000000 	126.716003 	242.000000 	241.970001 	265.178986 
