0.500000 	94.497902 	656.000000 	666.953979 	660.460022 
0.600000 	94.497902 	656.000000 	666.953979 	660.460022 
0.700000 	94.497902 	656.000000 	666.953979 	660.460022 
0.800000 	94.497902 	656.000000 	666.953979 	660.460022 
0.900000 	94.497902 	656.000000 	666.953979 	660.460022 
1.000000 	94.497902 	656.000000 	666.953979 	660.460022 
1.100000 	94.497902 	656.000000 	666.953979 	660.460022 
1.200000 	94.497902 	656.000000 	666.953979 	660.460022 
1.300000 	94.497902 	656.000000 	666.953979 	660.460022 
1.400000 	94.497902 	656.000000 	666.953979 	660.460022 
1.500000 	104.472000 	656.000000 	661.317993 	661.090027 
1.600000 	104.472000 	656.000000 	661.317993 	661.090027 
1.700000 	104.472000 	656.000000 	661.317993 	661.090027 
1.800000 	104.472000 	656.000000 	661.317993 	661.090027 
1.900000 	104.472000 	656.000000 	661.317993 	661.090027 
2.000000 	104.472000 	656.000000 	661.317993 	661.090027 
2.100000 	104.472000 	656.000000 	661.317993 	661.090027 
2.200000 	104.472000 	656.000000 	661.317993 	661.090027 
2.300000 	104.472000 	656.000000 	661.317993 	661.090027 
2.400000 	104.472000 	656.000000 	661.317993 	661.090027 
2.500000 	114.114998 	656.000000 	658.848999 	661.028015 
2.600000 	114.114998 	656.000000 	658.848999 	661.028015 
2.700000 	114.114998 	656.000000 	658.848999 	661.028015 
2.800000 	114.114998 	656.000000 	658.848999 	661.028015 
2.900000 	114.114998 	656.000000 	658.848999 	661.028015 
3.000000 	114.114998 	656.000000 	658.848999 	661.028015 
3.100000 	114.114998 	656.000000 	658.848999 	661.028015 
3.200000 	114.114998 	656.000000 	658.848999 	661.028015 
3.300000 	114.114998 	656.000000 	658.848999 	661.028015 
3.400000 	114.114998 	656.000000 	658.848999 	661.028015 
3.500000 	118.767998 	656.000000 	657.708984 	660.992981 
3.600000 	118.767998 	656.000000 	657.708984 	660.992981 
3.700000 	118.767998 	656.000000 	657.708984 	660.992981 
3.800000 	118.767998 	656.000000 	657.708984 	660.992981 
3.900000 	118.767998 	656.000000 	657.708984 	660.992981 
4.000000 	118.767998 	656.000000 	657.708984 	660.992981 
4.100000 	118.767998 	656.000000 	657.708984 	660.992981 
4.200000 	118.767998 	656.000000 	657.708984 	660.992981 
4.300000 	118.767998 	656.000000 	657.708984 	660.992981 
4.400000 	118.767998 	656.000000 	657.708984 	660.992981 
4.500000 	121.204002 	656.000000 	657.114990 	660.976013 
4.600000 	121.204002 	656.000000 	657.114990 	660.976013 
4.700000 	121.204002 	656.000000 	657.114990 	660.976013 
4.800000 	121.204002 	656.000000 	657.114990 	660.976013 
4.900000 	121.204002 	656.000000 	657.114990 	660.976013 
5.000000 	121.204002 	656.000000 	657.114990 	660.976013 
5.100000 	121.204002 	656.000000 	657.114990 	660.976013 
5.200000 	121.204002 	656.000000 	657.114990 	660.976013 
5.300000 	121.204002 	656.000000 	657.114990 	660.976013 
5.400000 	121.204002 	656.000000 	657.114990 	660.976013 
5.500000 	122.612999 	656.000000 	656.771973 	660.969971 
5.600000 	122.612999 	656.000000 	656.771973 	660.969971 
5.700000 	122.612999 	656.000000 	656.771973 	660.969971 
5.800000 	122.612999 	656.000000 	656.771973 	660.969971 
5.900000 	122.612999 	656.000000 	656.771973 	660.969971 
6.000000 	122.612999 	656.000000 	656.771973 	660.969971 
6.100000 	122.612999 	656.000000 	656.771973 	660.969971 
6.200000 	122.612999 	656.000000 	656.771973 	660.969971 
6.300000 	122.612999 	656.000000 	656.771973 	660.969971 
6.400000 	122.612999 	656.000000 	656.771973 	660.969971 
6.500000 	123.494003 	656.000000 	656.557983 	660.969971 
6.600000 	123.494003 	656.000000 	656.557983 	660.969971 
6.700000 	123.494003 	656.000000 	656.557983 	660.969971 
6.800000 	123.494003 	656.000000 	656.557983 	660.969971 
6.900000 	123.494003 	656.000000 	656.557983 	660.969971 
7.000000 	123.494003 	656.000000 	656.557983 	660.969971 
7.100000 	123.494003 	656.000000 	656.557983 	660.969971 
7.200000 	123.494003 	656.000000 	656.557983 	660.969971 
7.300000 	123.494003 	656.000000 	656.557983 	660.969971 
7.400000 	123.494003 	656.000000 	656.557983 	660.969971 
7.500000 	124.081001 	656.000000 	656.414978 	660.973999 
7.600000 	124.081001 	656.000000 	656.414978 	660.973999 
7.700000 	124.081001 	656.000000 	656.414978 	660.973999 
7.800000 	124.081001 	656.000000 	656.414978 	660.973999 
7.900000 	124.081001 	656.000000 	656.414978 	660.973999 
8.000000 	124.081001 	656.000000 	656.414978 	660.973999 
8.100000 	124.081001 	656.000000 	656.414978 	660.973999 
8.200000 	124.081001 	656.000000 	656.414978 	660.973999 
8.300000 	124.081001 	656.000000 	656.414978 	660.973999 
8.400000 	124.081001 	656.000000 	656.414978 	660.973999 
8.500000 	124.491997 	656.000000 	656.315002 	660.981018 
8.600000 	124.491997 	656.000000 	656.315002 	660.981018 
8.700000 	124.491997 	656.000000 	656.315002 	660.981018 
8.800000 	124.491997 	656.000000 	656.315002 	660.981018 
8.900000 	124.491997 	656.000000 	656.315002 	660.981018 
9.000000 	124.491997 	656.000000 	656.315002 	660.981018 
9.100000 	124.491997 	656.000000 	656.315002 	660.981018 
9.200000 	124.491997 	656.000000 	656.315002 	660.981018 
9.300000 	124.491997 	656.000000 	656.315002 	660.981018 
9.400000 	124.491997 	656.000000 	656.315002 	660.981018 
9.500000 	124.790001 	656.000000 	656.242004 	660.991028 
9.600000 	124.790001 	656.000000 	656.242004 	660.991028 
9.700000 	124.790001 	656.000000 	656.242004 	660.991028 
9.800000 	124.790001 	656.000000 	656.242004 	660.991028 
9.900000 	124.790001 	656.000000 	656.242004 	660.991028 
10.000000 	124.790001 	656.000000 	656.242004 	660.991028 
10.100000 	124.790001 	656.000000 	656.242004 	660.991028 
10.200000 	124.790001 	656.000000 	656.242004 	660.991028 
10.300000 	124.790001 	656.000000 	656.242004 	660.991028 
10.400000 	124.790001 	656.000000 	656.242004 	660.991028 
10.500000 	125.014000 	656.000000 	656.187012 	661.002991 
10.600000 	125.014000 	656.000000 	656.187012 	661.002991 
10.700000 	125.014000 	656.000000 	656.187012 	661.002991 
10.800000 	125.014000 	656.000000 	656.187012 	661.002991 
10.900000 	125.014000 	656.000000 	656.187012 	661.002991 
11.000000 	125.014000 	656.000000 	656.187012 	661.002991 
11.100000 	125.014000 	656.000000 	656.187012 	661.002991 
11.200000 	125.014000 	656.000000 	656.187012 	661.002991 
11.300000 	125.014000 	656.000000 	656.187012 	661.002991 
11.400000 	125.014000 	656.000000 	656.187012 	661.002991 
11.500000 	125.185997 	656.000000 	656.143982 	661.015991 
11.600000 	125.185997 	656.000000 	656.143982 	661.015991 
11.700000 	125.185997 	656.000000 	656.143982 	661.015991 
11.800000 	125.185997 	656.000000 	656.143982 	661.015991 
11.900000 	125.185997 	656.000000 	656.143982 	661.015991 
12.000000 	125.185997 	656.000000 	656.143982 	661.015991 
12.100000 	125.185997 	656.000000 	656.143982 	661.015991 
12.200000 	125.185997 	656.000000 	656.143982 	661.015991 
12.300000 	125.185997 	656.000000 	656.143982 	661.015991 
12.400000 	125.185997 	656.000000 	656.143982 	661.015991 
12.500000 	125.321999 	656.000000 	656.109985 	661.031982 
12.600000 	125.321999 	656.000000 	656.109985 	661.031982 
12.700000 	125.321999 	656.000000 	656.109985 	661.031982 
12.800000 	125.321999 	656.000000 	656.109985 	661.031982 
12.900000 	125.321999 	656.000000 	656.109985 	661.031982 
13.000000 	125.321999 	656.000000 	656.109985 	661.031982 
13.100000 	125.321999 	656.000000 	656.109985 	661.031982 
13.200000 	125.321999 	656.000000 	656.109985 	661.031982 
13.300000 	125.321999 	656.000000 	656.109985 	661.031982 
13.400000 	125.321999 	656.000000 	656.109985 	661.031982 
13.500000 	125.431999 	656.000000 	656.081970 	661.049011 
13.600000 	125.431999 	656.000000 	656.081970 	661.049011 
13.700000 	125.431999 	656.000000 	656.081970 	661.049011 
13.800000 	125.431999 	656.000000 	656.081970 	661.049011 
13.900000 	125.431999 	656.000000 	656.081970 	661.049011 
14.000000 	125.431999 	656.000000 	656.081970 	661.049011 
14.100000 	125.431999 	656.000000 	656.081970 	661.049011 
14.200000 	125.431999 	656.000000 	656.081970 	661.049011 
14.300000 	125.431999 	656.000000 	656.081970 	661.049011 
14.400000 	125.431999 	656.000000 	656.081970 	661.049011 
14.500000 	125.522003 	656.000000 	656.059021 	661.067017 
14.600000 	125.522003 	656.000000 	656.059021 	661.067017 
14.700000 	125.522003 	656.000000 	656.059021 	661.067017 
14.800000 	125.522003 	656.000000 	656.059021 	661.067017 
14.900000 	125.522003 	656.000000 	656.059021 	661.067017 
15.000000 	125.522003 	656.000000 	656.059021 	661.067017 
15.100000 	125.522003 	656.000000 	656.059021 	661.067017 
15.200000 	125.522003 	656.000000 	656.059021 	661.067017 
15.300000 	125.522003 	656.000000 	656.059021 	661.067017 
15.400000 	125.522003 	656.000000 	656.059021 	661.067017 
15.500000 	125.597000 	656.000000 	656.038025 	661.086975 
15.600000 	125.597000 	656.000000 	656.038025 	661.086975 
15.700000 	125.597000 	656.000000 	656.038025 	661.086975 
15.800000 	125.597000 	656.000000 	656.038025 	661.086975 
15.900000 	125.597000 	656.000000 	656.038025 	661.086975 
16.000000 	125.597000 	656.000000 	656.038025 	661.086975 
16.100000 	125.597000 	656.000000 	656.038025 	661.086975 
16.200000 	125.597000 	656.000000 	656.038025 	661.086975 
16.300000 	125.597000 	656.000000 	656.038025 	661.086975 
16.400000 	125.597000 	656.000000 	656.038025 	661.086975 
16.500000 	125.660004 	656.000000 	656.020996 	661.109009 
16.600000 	125.660004 	656.000000 	656.020996 	661.109009 
16.700000 	125.660004 	656.000000 	656.020996 	661.109009 
16.800000 	125.660004 	656.000000 	656.020996 	661.109009 
16.900000 	125.660004 	656.000000 	656.020996 	661.109009 
17.000000 	125.660004 	656.000000 	656.020996 	661.109009 
17.100000 	125.660004 	656.000000 	656.020996 	661.109009 
17.200000 	125.660004 	656.000000 	656.020996 	661.109009 
17.300000 	125.660004 	656.000000 	656.020996 	661.109009 
17.400000 	125.660004 	656.000000 	656.020996 	661.109009 
17.500000 	125.713997 	656.000000 	656.005005 	661.130981 
17.600000 	125.713997 	656.000000 	656.005005 	661.130981 
17.700000 	125.713997 	656.000000 	656.005005 	661.130981 
17.800000 	125.713997 	656.000000 	656.005005 	661.130981 
17.900000 	125.713997 	656.000000 	656.005005 	661.130981 
18.000000 	125.713997 	656.000000 	656.005005 	661.130981 
18.100000 	125.713997 	656.000000 	656.005005 	661.130981 
18.200000 	125.713997 	656.000000 	656.005005 	661.130981 
18.300000 	125.713997 	656.000000 	656.005005 	661.130981 
18.400000 	125.713997 	656.000000 	656.005005 	661.130981 
18.500000 	125.761002 	656.000000 	655.991028 	661.155029 
18.600000 	125.761002 	656.000000 	655.991028 	661.155029 
18.700000 	125.761002 	656.000000 	655.991028 	661.155029 
18.800000 	125.761002 	656.000000 	655.991028 	661.155029 
18.900000 	125.761002 	656.000000 	655.991028 	661.155029 
19.000000 	125.761002 	656.000000 	655.991028 	661.155029 
19.100000 	125.761002 	656.000000 	655.991028 	661.155029 
19.200000 	125.761002 	656.000000 	655.991028 	661.155029 
19.300000 	125.761002 	656.000000 	655.991028 	661.155029 
19.400000 	125.761002 	656.000000 	655.991028 	661.155029 
19.500000 	125.802002 	656.000000 	655.978027 	661.179993 
19.600000 	125.802002 	656.000000 	655.978027 	661.179993 
19.700000 	125.802002 	656.000000 	655.978027 	661.179993 
19.800000 	125.802002 	656.000000 	655.978027 	661.179993 
19.900000 	125.802002 	656.000000 	655.978027 	661.179993 
20.000000 	125.802002 	656.000000 	655.978027 	661.179993 
20.100000 	125.802002 	656.000000 	655.978027 	661.179993 
20.200000 	125.802002 	656.000000 	655.978027 	661.179993 
20.300000 	125.802002 	656.000000 	655.978027 	661.179993 
20.400000 	125.802002 	656.000000 	655.978027 	661.179993 
20.500000 	125.837997 	656.000000 	655.966003 	661.205994 
20.600000 	125.837997 	656.000000 	655.966003 	661.205994 
20.700000 	125.837997 	656.000000 	655.966003 	661.205994 
20.800000 	125.837997 	656.000000 	655.966003 	661.205994 
20.900000 	125.837997 	656.000000 	655.966003 	661.205994 
21.000000 	125.837997 	656.000000 	655.966003 	661.205994 
21.100000 	125.837997 	656.000000 	655.966003 	661.205994 
21.200000 	125.837997 	656.000000 	655.966003 	661.205994 
21.300000 	125.837997 	656.000000 	655.966003 	661.205994 
21.400000 	125.837997 	656.000000 	655.966003 	661.205994 
21.500000 	125.871002 	656.000000 	655.955017 	661.234009 
21.600000 	125.871002 	656.000000 	655.955017 	661.234009 
21.700000 	125.871002 	656.000000 	655.955017 	661.234009 
21.800000 	125.871002 	656.000000 	655.955017 	661.234009 
21.900000 	125.871002 	656.000000 	655.955017 	661.234009 
22.000000 	125.871002 	656.000000 	655.955017 	661.234009 
22.100000 	125.871002 	656.000000 	655.955017 	661.234009 
22.200000 	125.871002 	656.000000 	655.955017 	661.234009 
22.300000 	125.871002 	656.000000 	655.955017 	661.234009 
22.400000 	125.871002 	656.000000 	655.955017 	661.234009 
22.500000 	125.900002 	656.000000 	655.942993 	661.262024 
22.600000 	125.900002 	656.000000 	655.942993 	661.262024 
22.700000 	125.900002 	656.000000 	655.942993 	661.262024 
22.800000 	125.900002 	656.000000 	655.942993 	661.262024 
22.900000 	125.900002 	656.000000 	655.942993 	661.262024 
23.000000 	125.900002 	656.000000 	655.942993 	661.262024 
23.100000 	125.900002 	656.000000 	655.942993 	661.262024 
23.200000 	125.900002 	656.000000 	655.942993 	661.262024 
23.300000 	125.900002 	656.000000 	655.942993 	661.262024 
23.400000 	125.900002 	656.000000 	655.942993 	661.262024 
23.500000 	125.927002 	656.000000 	655.932007 	661.291016 
23.600000 	125.927002 	656.000000 	655.932007 	661.291016 
23.700000 	125.927002 	656.000000 	655.932007 	661.291016 
23.800000 	125.927002 	656.000000 	655.932007 	661.291016 
23.900000 	125.927002 	656.000000 	655.932007 	661.291016 
24.000000 	125.927002 	656.000000 	655.932007 	661.291016 
24.100000 	125.927002 	656.000000 	655.932007 	661.291016 
24.200000 	125.927002 	656.000000 	655.932007 	661.291016 
24.300000 	125.927002 	656.000000 	655.932007 	661.291016 
24.400000 	125.927002 	656.000000 	655.932007 	661.291016 
24.500000 	125.950996 	656.000000 	655.921021 	661.322021 
24.600000 	125.950996 	656.000000 	655.921021 	661.322021 
24.700000 	125.950996 	656.000000 	655.921021 	661.322021 
24.800000 	125.950996 	656.000000 	655.921021 	661.322021 
24.900000 	125.950996 	656.000000 	655.921021 	661.322021 
25.000000 	125.950996 	656.000000 	655.921021 	661.322021 
25.100000 	125.950996 	656.000000 	655.921021 	661.322021 
25.200000 	125.950996 	656.000000 	655.921021 	661.322021 
25.300000 	125.950996 	656.000000 	655.921021 	661.322021 
25.400000 	125.950996 	656.000000 	655.921021 	661.322021 
25.500000 	125.973999 	656.000000 	655.911011 	661.353027 
25.600000 	125.973999 	656.000000 	655.911011 	661.353027 
25.700000 	125.973999 	656.000000 	655.911011 	661.353027 
25.800000 	125.973999 	656.000000 	655.911011 	661.353027 
25.900000 	125.973999 	656.000000 	655.911011 	661.353027 
26.000000 	125.973999 	656.000000 	655.911011 	661.353027 
26.100000 	125.973999 	656.000000 	655.911011 	661.353027 
26.200000 	125.973999 	656.000000 	655.911011 	661.353027 
26.300000 	125.973999 	656.000000 	655.911011 	661.353027 
26.400000 	125.973999 	656.000000 	655.911011 	661.353027 
26.500000 	125.995003 	656.000000 	655.900024 	661.385010 
26.600000 	125.995003 	656.000000 	655.900024 	661.385010 
26.700000 	125.995003 	656.000000 	655.900024 	661.385010 
26.800000 	125.995003 	656.000000 	655.900024 	661.385010 
26.900000 	125.995003 	656.000000 	655.900024 	661.385010 
27.000000 	125.995003 	656.000000 	655.900024 	661.385010 
27.100000 	125.995003 	656.000000 	655.900024 	661.385010 
27.200000 	125.995003 	656.000000 	655.900024 	661.385010 
27.300000 	125.995003 	656.000000 	655.900024 	661.385010 
27.400000 	125.995003 	656.000000 	655.900024 	661.385010 
27.500000 	126.014999 	656.000000 	655.888977 	661.418030 
27.600000 	126.014999 	656.000000 	655.888977 	661.418030 
27.700000 	126.014999 	656.000000 	655.888977 	661.418030 
27.800000 	126.014999 	656.000000 	655.888977 	661.418030 
27.900000 	126.014999 	656.000000 	655.888977 	661.418030 
28.000000 	126.014999 	656.000000 	655.888977 	661.418030 
28.100000 	126.014999 	656.000000 	655.888977 	661.418030 
28.200000 	126.014999 	656.000000 	655.888977 	661.418030 
28.300000 	126.014999 	656.000000 	655.888977 	661.418030 
28.400000 	126.014999 	656.000000 	655.888977 	661.418030 
28.500000 	126.033997 	656.000000 	655.877014 	661.450989 
28.600000 	126.033997 	656.000000 	655.877014 	661.450989 
28.700000 	126.033997 	656.000000 	655.877014 	661.450989 
28.800000 	126.033997 	656.000000 	655.877014 	661.450989 
28.900000 	126.033997 	656.000000 	655.877014 	661.450989 
29.000000 	126.033997 	656.000000 	655.877014 	661.450989 
29.100000 	126.033997 	656.000000 	655.877014 	661.450989 
29.200000 	126.033997 	656.000000 	655.877014 	661.450989 
29.300000 	126.033997 	656.000000 	655.877014 	661.450989 
29.400000 	126.033997 	656.000000 	655.877014 	661.450989 
29.500000 	126.052002 	656.000000 	655.864990 	661.484985 
29.600000 	126.052002 	656.000000 	655.864990 	661.484985 
29.700000 	126.052002 	656.000000 	655.864990 	661.484985 
29.800000 	126.052002 	656.000000 	655.864990 	661.484985 
29.900000 	126.052002 	656.000000 	655.864990 	661.484985 
30.000000 	126.052002 	656.000000 	655.864990 	661.484985 
30.100000 	126.052002 	656.000000 	655.864990 	661.484985 
30.200000 	126.052002 	656.000000 	655.864990 	661.484985 
30.300000 	126.052002 	656.000000 	655.864990 	661.484985 
30.400000 	126.052002 	656.000000 	655.864990 	661.484985 
30.500000 	126.069000 	656.000000 	655.853027 	661.520020 
30.600000 	126.069000 	656.000000 	655.853027 	661.520020 
30.700000 	126.069000 	656.000000 	655.853027 	661.520020 
30.800000 	126.069000 	656.000000 	655.853027 	661.520020 
30.900000 	126.069000 	656.000000 	655.853027 	661.520020 
31.000000 	126.069000 	656.000000 	655.853027 	661.520020 
31.100000 	126.069000 	656.000000 	655.853027 	661.520020 
31.200000 	126.069000 	656.000000 	655.853027 	661.520020 
31.300000 	126.069000 	656.000000 	655.853027 	661.520020 
31.400000 	126.069000 	656.000000 	655.853027 	661.520020 
31.500000 	126.085999 	656.000000 	655.841003 	661.556030 
31.600000 	126.085999 	656.000000 	655.841003 	661.556030 
31.700000 	126.085999 	656.000000 	655.841003 	661.556030 
31.800000 	126.085999 	656.000000 	655.841003 	661.556030 
31.900000 	126.085999 	656.000000 	655.841003 	661.556030 
32.000000 	126.085999 	656.000000 	655.841003 	661.556030 
32.100000 	126.085999 	656.000000 	655.841003 	661.556030 
32.200000 	126.085999 	656.000000 	655.841003 	661.556030 
32.300000 	126.085999 	656.000000 	655.841003 	661.556030 
32.400000 	126.085999 	656.000000 	655.841003 	661.556030 
32.500000 	126.101997 	656.000000 	655.828003 	661.591003 
32.600000 	126.101997 	656.000000 	655.828003 	661.591003 
32.700000 	126.101997 	656.000000 	655.828003 	661.591003 
32.800000 	126.101997 	656.000000 	655.828003 	661.591003 
32.900000 	126.101997 	656.000000 	655.828003 	661.591003 
33.000000 	126.101997 	656.000000 	655.828003 	661.591003 
33.100000 	126.101997 	656.000000 	655.828003 	661.591003 
33.200000 	126.101997 	656.000000 	655.828003 	661.591003 
33.300000 	126.101997 	656.000000 	655.828003 	661.591003 
33.400000 	126.101997 	656.000000 	655.828003 	661.591003 
33.500000 	126.116997 	656.000000 	655.814026 	661.627991 
33.600000 	126.116997 	656.000000 	655.814026 	661.627991 
33.700000 	126.116997 	656.000000 	655.814026 	661.627991 
33.800000 	126.116997 	656.000000 	655.814026 	661.627991 
33.900000 	126.116997 	656.000000 	655.814026 	661.627991 
34.000000 	126.116997 	656.000000 	655.814026 	661.627991 
34.100000 	126.116997 	656.000000 	655.814026 	661.627991 
34.200000 	126.116997 	656.000000 	655.814026 	661.627991 
34.300000 	126.116997 	656.000000 	655.814026 	661.627991 
34.400000 	126.116997 	656.000000 	655.814026 	661.627991 
34.500000 	126.132004 	656.000000 	655.799988 	661.664001 
34.600000 	126.132004 	656.000000 	655.799988 	661.664001 
34.700000 	126.132004 	656.000000 	655.799988 	661.664001 
34.800000 	126.132004 	656.000000 	655.799988 	661.664001 
34.900000 	126.132004 	656.000000 	655.799988 	661.664001 
35.000000 	126.132004 	656.000000 	655.799988 	661.664001 
35.100000 	126.132004 	656.000000 	655.799988 	661.664001 
35.200000 	126.132004 	656.000000 	655.799988 	661.664001 
35.300000 	126.132004 	656.000000 	655.799988 	661.664001 
35.400000 	126.132004 	656.000000 	655.799988 	661.664001 
35.500000 	126.147003 	656.000000 	655.784973 	661.700989 
35.600000 	126.147003 	656.000000 	655.784973 	661.700989 
35.700000 	126.147003 	656.000000 	655.784973 	661.700989 
35.800000 	126.147003 	656.000000 	655.784973 	661.700989 
35.900000 	126.147003 	656.000000 	655.784973 	661.700989 
36.000000 	126.147003 	656.000000 	655.784973 	661.700989 
36.100000 	126.147003 	656.000000 	655.784973 	661.700989 
36.200000 	126.147003 	656.000000 	655.784973 	661.700989 
36.300000 	126.147003 	656.000000 	655.784973 	661.700989 
36.400000 	126.147003 	656.000000 	655.784973 	661.700989 
36.500000 	126.162003 	656.000000 	655.768982 	661.737976 
36.600000 	126.162003 	656.000000 	655.768982 	661.737976 
36.700000 	126.162003 	656.000000 	655.768982 	661.737976 
36.800000 	126.162003 	656.000000 	655.768982 	661.737976 
36.900000 	126.162003 	656.000000 	655.768982 	661.737976 
37.000000 	126.162003 	656.000000 	655.768982 	661.737976 
37.100000 	126.162003 	656.000000 	655.768982 	661.737976 
37.200000 	126.162003 	656.000000 	655.768982 	661.737976 
37.300000 	126.162003 	656.000000 	655.768982 	661.737976 
37.400000 	126.162003 	656.000000 	655.768982 	661.737976 
37.500000 	126.176003 	656.000000 	655.752014 	661.775024 
37.600000 	126.176003 	656.000000 	655.752014 	661.775024 
37.700000 	126.176003 	656.000000 	655.752014 	661.775024 
37.800000 	126.176003 	656.000000 	655.752014 	661.775024 
37.900000 	126.176003 	656.000000 	655.752014 	661.775024 
38.000000 	126.176003 	656.000000 	655.752014 	661.775024 
38.100000 	126.176003 	656.000000 	655.752014 	661.775024 
38.200000 	126.176003 	656.000000 	655.752014 	661.775024 
38.300000 	126.176003 	656.000000 	655.752014 	661.775024 
38.400000 	126.176003 	656.000000 	655.752014 	661.775024 
38.500000 	126.190002 	656.000000 	655.734985 	661.812988 
38.600000 	126.190002 	656.000000 	655.734985 	661.812988 
38.700000 	126.190002 	656.000000 	655.734985 	661.812988 
38.800000 	126.190002 	656.000000 	655.734985 	661.812988 
38.900000 	126.190002 	656.000000 	655.734985 	661.812988 
39.000000 	126.190002 	656.000000 	655.734985 	661.812988 
39.100000 	126.190002 	656.000000 	655.734985 	661.812988 
39.200000 	126.190002 	656.000000 	655.734985 	661.812988 
39.300000 	126.190002 	656.000000 	655.734985 	661.812988 
39.400000 	126.190002 	656.000000 	655.734985 	661.812988 
39.500000 	126.205002 	656.000000 	655.716003 	661.849976 
39.600000 	126.205002 	656.000000 	655.716003 	661.849976 
39.700000 	126.205002 	656.000000 	655.716003 	661.849976 
39.800000 	126.205002 	656.000000 	655.716003 	661.849976 
39.900000 	126.205002 	656.000000 	655.716003 	661.849976 
40.000000 	126.205002 	656.000000 	655.716003 	661.849976 
40.100000 	126.205002 	656.000000 	655.716003 	661.849976 
40.200000 	126.205002 	656.000000 	655.716003 	661.849976 
40.300000 	126.205002 	656.000000 	655.716003 	661.849976 
40.400000 	126.205002 	656.000000 	655.716003 	661.849976 
40.500000 	126.219002 	656.000000 	655.697021 	661.887024 
40.600000 	126.219002 	656.000000 	655.697021 	661.887024 
40.700000 	126.219002 	656.000000 	655.697021 	661.887024 
40.800000 	126.219002 	656.000000 	655.697021 	661.887024 
40.900000 	126.219002 	656.000000 	655.697021 	661.887024 
41.000000 	126.219002 	656.000000 	655.697021 	661.887024 
41.100000 	126.219002 	656.000000 	655.697021 	661.887024 
41.200000 	126.219002 	656.000000 	655.697021 	661.887024 
41.300000 	126.219002 	656.000000 	655.697021 	661.887024 
41.400000 	126.219002 	656.000000 	655.697021 	661.887024 
41.500000 	126.233002 	656.000000 	655.677002 	661.924011 
41.600000 	126.233002 	656.000000 	655.677002 	661.924011 
41.700000 	126.233002 	656.000000 	655.677002 	661.924011 
41.800000 	126.233002 	656.000000 	655.677002 	661.924011 
41.900000 	126.233002 	656.000000 	655.677002 	661.924011 
42.000000 	126.233002 	656.000000 	655.677002 	661.924011 
42.100000 	126.233002 	656.000000 	655.677002 	661.924011 
42.200000 	126.233002 	656.000000 	655.677002 	661.924011 
42.300000 	126.233002 	656.000000 	655.677002 	661.924011 
42.400000 	126.233002 	656.000000 	655.677002 	661.924011 
42.500000 	126.247002 	656.000000 	655.655029 	661.960022 
42.600000 	126.247002 	656.000000 	655.655029 	661.960022 
42.700000 	126.247002 	656.000000 	655.655029 	661.960022 
42.800000 	126.247002 	656.000000 	655.655029 	661.960022 
42.900000 	126.247002 	656.000000 	655.655029 	661.960022 
43.000000 	126.247002 	656.000000 	655.655029 	661.960022 
43.100000 	126.247002 	656.000000 	655.655029 	661.960022 
43.200000 	126.247002 	656.000000 	655.655029 	661.960022 
43.300000 	126.247002 	656.000000 	655.655029 	661.960022 
43.400000 	126.247002 	656.000000 	655.655029 	661.960022 
43.500000 	126.261002 	656.000000 	655.632996 	661.997009 
43.600000 	126.261002 	656.000000 	655.632996 	661.997009 
43.700000 	126.261002 	656.000000 	655.632996 	661.997009 
43.800000 	126.261002 	656.000000 	655.632996 	661.997009 
43.900000 	126.261002 	656.000000 	655.632996 	661.997009 
44.000000 	126.261002 	656.000000 	655.632996 	661.997009 
44.100000 	126.261002 	656.000000 	655.632996 	661.997009 
44.200000 	126.261002 	656.000000 	655.632996 	661.997009 
44.300000 	126.261002 	656.000000 	655.632996 	661.997009 
44.400000 	126.261002 	656.000000 	655.632996 	661.997009 
44.500000 	126.275002 	656.000000 	655.609009 	662.031982 
44.600000 	126.275002 	656.000000 	655.609009 	662.031982 
44.700000 	126.275002 	656.000000 	655.609009 	662.031982 
44.800000 	126.275002 	656.000000 	655.609009 	662.031982 
44.900000 	126.275002 	656.000000 	655.609009 	662.031982 
45.000000 	126.275002 	656.000000 	655.609009 	662.031982 
45.100000 	126.275002 	656.000000 	655.609009 	662.031982 
45.200000 	126.275002 	656.000000 	655.609009 	662.031982 
45.300000 	126.275002 	656.000000 	655.609009 	662.031982 
45.400000 	126.275002 	656.000000 	655.609009 	662.031982 
45.500000 	126.289001 	656.000000 	655.583008 	662.067017 
45.600000 	126.289001 	656.000000 	655.583008 	662.067017 
45.700000 	126.289001 	656.000000 	655.583008 	662.067017 
45.800000 	126.289001 	656.000000 	655.583008 	662.067017 
45.900000 	126.289001 	656.000000 	655.583008 	662.067017 
46.000000 	126.289001 	656.000000 	655.583008 	662.067017 
46.100000 	126.289001 	656.000000 	655.583008 	662.067017 
46.200000 	126.289001 	656.000000 	655.583008 	662.067017 
46.300000 	126.289001 	656.000000 	655.583008 	662.067017 
46.400000 	126.289001 	656.000000 	655.583008 	662.067017 
46.500000 	126.304001 	656.000000 	655.557007 	662.101990 
46.600000 	126.304001 	656.000000 	655.557007 	662.101990 
46.700000 	126.304001 	656.000000 	655.557007 	662.101990 
46.800000 	126.304001 	656.000000 	655.557007 	662.101990 
46.900000 	126.304001 	656.000000 	655.557007 	662.101990 
47.000000 	126.304001 	656.000000 	655.557007 	662.101990 
47.100000 	126.304001 	656.000000 	655.557007 	662.101990 
47.200000 	126.304001 	656.000000 	655.557007 	662.101990 
47.300000 	126.304001 	656.000000 	655.557007 	662.101990 
47.400000 	126.304001 	656.000000 	655.557007 	662.101990 
47.500000 	126.318001 	656.000000 	655.528992 	662.135010 
47.600000 	126.318001 	656.000000 	655.528992 	662.135010 
47.700000 	126.318001 	656.000000 	655.528992 	662.135010 
47.800000 	126.318001 	656.000000 	655.528992 	662.135010 
47.900000 	126.318001 	656.000000 	655.528992 	662.135010 
48.000000 	126.318001 	656.000000 	655.528992 	662.135010 
48.100000 	126.318001 	656.000000 	655.528992 	662.135010 
48.200000 	126.318001 	656.000000 	655.528992 	662.135010 
48.300000 	126.318001 	656.000000 	655.528992 	662.135010 
48.400000 	126.318001 	656.000000 	655.528992 	662.135010 
48.500000 	126.333000 	656.000000 	655.500000 	662.168030 
48.600000 	126.333000 	656.000000 	655.500000 	662.168030 
48.700000 	126.333000 	656.000000 	655.500000 	662.168030 
48.800000 	126.333000 	656.000000 	655.500000 	662.168030 
48.900000 	126.333000 	656.000000 	655.500000 	662.168030 
49.000000 	126.333000 	656.000000 	655.500000 	662.168030 
49.100000 	126.333000 	656.000000 	655.500000 	662.168030 
49.200000 	126.333000 	656.000000 	655.500000 	662.168030 
49.300000 	126.333000 	656.000000 	655.500000 	662.168030 
49.400000 	126.333000 	656.000000 	655.500000 	662.168030 
49.500000 	126.347000 	656.000000 	655.468994 	662.200012 
49.600000 	126.347000 	656.000000 	655.468994 	662.200012 
49.700000 	126.347000 	656.000000 	655.468994 	662.200012 
49.800000 	126.347000 	656.000000 	655.468994 	662.200012 
49.900000 	126.347000 	656.000000 	655.468994 	662.200012 
50.000000 	126.347000 	656.000000 	655.468994 	662.200012 
50.100000 	126.347000 	656.000000 	655.468994 	662.200012 
50.200000 	126.347000 	656.000000 	655.468994 	662.200012 
50.300000 	126.347000 	656.000000 	655.468994 	662.200012 
50.400000 	126.347000 	656.000000 	655.468994 	662.200012 
50.500000 	126.362000 	656.000000 	655.435974 	662.229980 
50.600000 	126.362000 	656.000000 	655.435974 	662.229980 
50.700000 	126.362000 	656.000000 	655.435974 	662.229980 
50.800000 	126.362000 	656.000000 	655.435974 	662.229980 
50.900000 	126.362000 	656.000000 	655.435974 	662.229980 
51.000000 	126.362000 	656.000000 	655.435974 	662.229980 
51.100000 	126.362000 	656.000000 	655.435974 	662.229980 
51.200000 	126.362000 	656.000000 	655.435974 	662.229980 
51.300000 	126.362000 	656.000000 	655.435974 	662.229980 
51.400000 	126.362000 	656.000000 	655.435974 	662.229980 
51.500000 	126.376999 	656.000000 	655.401001 	662.260010 
51.600000 	126.376999 	656.000000 	655.401001 	662.260010 
51.700000 	126.376999 	656.000000 	655.401001 	662.260010 
51.800000 	126.376999 	656.000000 	655.401001 	662.260010 
51.900000 	126.376999 	656.000000 	655.401001 	662.260010 
52.000000 	126.376999 	656.000000 	655.401001 	662.260010 
52.100000 	126.376999 	656.000000 	655.401001 	662.260010 
52.200000 	126.376999 	656.000000 	655.401001 	662.260010 
52.300000 	126.376999 	656.000000 	655.401001 	662.260010 
52.400000 	126.376999 	656.000000 	655.401001 	662.260010 
52.500000 	126.391998 	656.000000 	655.364990 	662.288025 
52.600000 	126.391998 	656.000000 	655.364990 	662.288025 
52.700000 	126.391998 	656.000000 	655.364990 	662.288025 
52.800000 	126.391998 	656.000000 	655.364990 	662.288025 
52.900000 	126.391998 	656.000000 	655.364990 	662.288025 
53.000000 	126.391998 	656.000000 	655.364990 	662.288025 
53.100000 	126.391998 	656.000000 	655.364990 	662.288025 
53.200000 	126.391998 	656.000000 	655.364990 	662.288025 
53.300000 	126.391998 	656.000000 	655.364990 	662.288025 
53.400000 	126.391998 	656.000000 	655.364990 	662.288025 
53.500000 	126.407997 	656.000000 	655.327026 	662.314026 
53.600000 	126.407997 	656.000000 	655.327026 	662.314026 
53.700000 	126.407997 	656.000000 	655.327026 	662.314026 
53.800000 	126.407997 	656.000000 	655.327026 	662.314026 
53.900000 	126.407997 	656.000000 	655.327026 	662.314026 
54.000000 	126.407997 	656.000000 	655.327026 	662.314026 
54.100000 	126.407997 	656.000000 	655.327026 	662.314026 
54.200000 	126.407997 	656.000000 	655.327026 	662.314026 
54.300000 	126.407997 	656.000000 	655.327026 	662.314026 
54.400000 	126.407997 	656.000000 	655.327026 	662.314026 
54.500000 	126.422997 	656.000000 	655.286987 	662.338989 
54.600000 	126.422997 	656.000000 	655.286987 	662.338989 
54.700000 	126.422997 	656.000000 	655.286987 	662.338989 
54.800000 	126.422997 	656.000000 	655.286987 	662.338989 
54.900000 	126.422997 	656.000000 	655.286987 	662.338989 
55.000000 	126.422997 	656.000000 	655.286987 	662.338989 
55.100000 	126.422997 	656.000000 	655.286987 	662.338989 
55.200000 	126.422997 	656.000000 	655.286987 	662.338989 
55.300000 	126.422997 	656.000000 	655.286987 	662.338989 
55.400000 	126.422997 	656.000000 	655.286987 	662.338989 
55.500000 	126.439003 	656.000000 	655.244995 	662.362000 
55.600000 	126.439003 	656.000000 	655.244995 	662.362000 
55.700000 	126.439003 	656.000000 	655.244995 	662.362000 
55.800000 	126.439003 	656.000000 	655.244995 	662.362000 
55.900000 	126.439003 	656.000000 	655.244995 	662.362000 
56.000000 	126.439003 	656.000000 	655.244995 	662.362000 
56.100000 	126.439003 	656.000000 	655.244995 	662.362000 
56.200000 	126.439003 	656.000000 	655.244995 	662.362000 
56.300000 	126.439003 	656.000000 	655.244995 	662.362000 
56.400000 	126.439003 	656.000000 	655.244995 	662.362000 
56.500000 	126.455002 	656.000000 	655.200012 	662.382996 
56.600000 	126.455002 	656.000000 	655.200012 	662.382996 
56.700000 	126.455002 	656.000000 	655.200012 	662.382996 
56.800000 	126.455002 	656.000000 	655.200012 	662.382996 
56.900000 	126.455002 	656.000000 	655.200012 	662.382996 
57.000000 	126.455002 	656.000000 	655.200012 	662.382996 
57.100000 	126.455002 	656.000000 	655.200012 	662.382996 
57.200000 	126.455002 	656.000000 	655.200012 	662.382996 
57.300000 	126.455002 	656.000000 	655.200012 	662.382996 
57.400000 	126.455002 	656.000000 	655.200012 	662.382996 
57.500000 	126.472000 	656.000000 	655.153992 	662.403015 
57.600000 	126.472000 	656.000000 	655.153992 	662.403015 
57.700000 	126.472000 	656.000000 	655.153992 	662.403015 
57.800000 	126.472000 	656.000000 	655.153992 	662.403015 
57.900000 	126.472000 	656.000000 	655.153992 	662.403015 
58.000000 	126.472000 	656.000000 	655.153992 	662.403015 
58.100000 	126.472000 	656.000000 	655.153992 	662.403015 
58.200000 	126.472000 	656.000000 	655.153992 	662.403015 
58.300000 	126.472000 	656.000000 	655.153992 	662.403015 
58.400000 	126.472000 	656.000000 	655.153992 	662.403015 
58.500000 	126.487999 	656.000000 	655.104980 	662.419983 
58.600000 	126.487999 	656.000000 	655.104980 	662.419983 
58.700000 	126.487999 	656.000000 	655.104980 	662.419983 
58.800000 	126.487999 	656.000000 	655.104980 	662.419983 
58.900000 	126.487999 	656.000000 	655.104980 	662.419983 
59.000000 	126.487999 	656.000000 	655.104980 	662.419983 
59.100000 	126.487999 	656.000000 	655.104980 	662.419983 
59.200000 	126.487999 	656.000000 	655.104980 	662.419983 
59.300000 	126.487999 	656.000000 	655.104980 	662.419983 
59.400000 	126.487999 	656.000000 	655.104980 	662.419983 
59.500000 	126.504997 	656.000000 	655.052979 	662.434021 
59.600000 	126.504997 	656.000000 	655.052979 	662.434021 
59.700000 	126.504997 	656.000000 	655.052979 	662.434021 
59.800000 	126.504997 	656.000000 	655.052979 	662.434021 
59.900000 	126.504997 	656.000000 	655.052979 	662.434021 
60.000000 	126.504997 	656.000000 	655.052979 	662.434021 
