0.500000 	94.536499 	682.000000 	692.205994 	686.159973 
0.600000 	94.536499 	682.000000 	692.205994 	686.159973 
0.700000 	94.536499 	682.000000 	692.205994 	686.159973 
0.800000 	94.536499 	682.000000 	692.205994 	686.159973 
0.900000 	94.536499 	682.000000 	692.205994 	686.159973 
1.000000 	94.536499 	682.000000 	692.205994 	686.159973 
1.100000 	94.536499 	682.000000 	692.205994 	686.159973 
1.200000 	94.536499 	682.000000 	692.205994 	686.159973 
1.300000 	94.536499 	682.000000 	692.205994 	686.159973 
1.400000 	94.536499 	682.000000 	692.205994 	686.159973 
1.500000 	104.528000 	682.000000 	687.039001 	686.890015 
1.600000 	104.528000 	682.000000 	687.039001 	686.890015 
1.700000 	104.528000 	682.000000 	687.039001 	686.890015 
1.800000 	104.528000 	682.000000 	687.039001 	686.890015 
1.900000 	104.528000 	682.000000 	687.039001 	686.890015 
2.000000 	104.528000 	682.000000 	687.039001 	686.890015 
2.100000 	104.528000 	682.000000 	687.039001 	686.890015 
2.200000 	104.528000 	682.000000 	687.039001 	686.890015 
2.300000 	104.528000 	682.000000 	687.039001 	686.890015 
2.400000 	104.528000 	682.000000 	687.039001 	686.890015 
2.500000 	114.153000 	682.000000 	684.703003 	686.840027 
2.600000 	114.153000 	682.000000 	684.703003 	686.840027 
2.700000 	114.153000 	682.000000 	684.703003 	686.840027 
2.800000 	114.153000 	682.000000 	684.703003 	686.840027 
2.900000 	114.153000 	682.000000 	684.703003 	686.840027 
3.000000 	114.153000 	682.000000 	684.703003 	686.840027 
3.100000 	114.153000 	682.000000 	684.703003 	686.840027 
3.200000 	114.153000 	682.000000 	684.703003 	686.840027 
3.300000 	114.153000 	682.000000 	684.703003 	686.840027 
3.400000 	114.153000 	682.000000 	684.703003 	686.840027 
3.500000 	118.794998 	682.000000 	683.619995 	686.809021 
3.600000 	118.794998 	682.000000 	683.619995 	686.809021 
3.700000 	118.794998 	682.000000 	683.619995 	686.809021 
3.800000 	118.794998 	682.000000 	683.619995 	686.809021 
3.900000 	118.794998 	682.000000 	683.619995 	686.809021 
4.000000 	118.794998 	682.000000 	683.619995 	686.809021 
4.100000 	118.794998 	682.000000 	683.619995 	686.809021 
4.200000 	118.794998 	682.000000 	683.619995 	686.809021 
4.300000 	118.794998 	682.000000 	683.619995 	686.809021 
4.400000 	118.794998 	682.000000 	683.619995 	686.809021 
4.500000 	121.223000 	682.000000 	683.054993 	686.794006 
4.600000 	121.223000 	682.000000 	683.054993 	686.794006 
4.700000 	121.223000 	682.000000 	683.054993 	686.794006 
4.800000 	121.223000 	682.000000 	683.054993 	686.794006 
4.900000 	121.223000 	682.000000 	683.054993 	686.794006 
5.000000 	121.223000 	682.000000 	683.054993 	686.794006 
5.100000 	121.223000 	682.000000 	683.054993 	686.794006 
5.200000 	121.223000 	682.000000 	683.054993 	686.794006 
5.300000 	121.223000 	682.000000 	683.054993 	686.794006 
5.400000 	121.223000 	682.000000 	683.054993 	686.794006 
5.500000 	122.626999 	682.000000 	682.729004 	686.788025 
5.600000 	122.626999 	682.000000 	682.729004 	686.788025 
5.700000 	122.626999 	682.000000 	682.729004 	686.788025 
5.800000 	122.626999 	682.000000 	682.729004 	686.788025 
5.900000 	122.626999 	682.000000 	682.729004 	686.788025 
6.000000 	122.626999 	682.000000 	682.729004 	686.788025 
6.100000 	122.626999 	682.000000 	682.729004 	686.788025 
6.200000 	122.626999 	682.000000 	682.729004 	686.788025 
6.300000 	122.626999 	682.000000 	682.729004 	686.788025 
6.400000 	122.626999 	682.000000 	682.729004 	686.788025 
6.500000 	123.505997 	682.000000 	682.525024 	686.788025 
6.600000 	123.505997 	682.000000 	682.525024 	686.788025 
6.700000 	123.505997 	682.000000 	682.525024 	686.788025 
6.800000 	123.505997 	682.000000 	682.525024 	686.788025 
6.900000 	123.505997 	682.000000 	682.525024 	686.788025 
7.000000 	123.505997 	682.000000 	682.525024 	686.788025 
7.100000 	123.505997 	682.000000 	682.525024 	686.788025 
7.200000 	123.505997 	682.000000 	682.525024 	686.788025 
7.300000 	123.505997 	682.000000 	682.525024 	686.788025 
7.400000 	123.505997 	682.000000 	682.525024 	686.788025 
7.500000 	124.091003 	682.000000 	682.388000 	686.791992 
7.600000 	124.091003 	682.000000 	682.388000 	686.791992 
7.700000 	124.091003 	682.000000 	682.388000 	686.791992 
7.800000 	124.091003 	682.000000 	682.388000 	686.791992 
7.900000 	124.091003 	682.000000 	682.388000 	686.791992 
8.000000 	124.091003 	682.000000 	682.388000 	686.791992 
8.100000 	124.091003 	682.000000 	682.388000 	686.791992 
8.200000 	124.091003 	682.000000 	682.388000 	686.791992 
8.300000 	124.091003 	682.000000 	682.388000 	686.791992 
8.400000 	124.091003 	682.000000 	682.388000 	686.791992 
8.500000 	124.499001 	682.000000 	682.293030 	686.799011 
8.600000 	124.499001 	682.000000 	682.293030 	686.799011 
8.700000 	124.499001 	682.000000 	682.293030 	686.799011 
8.800000 	124.499001 	682.000000 	682.293030 	686.799011 
8.900000 	124.499001 	682.000000 	682.293030 	686.799011 
9.000000 	124.499001 	682.000000 	682.293030 	686.799011 
9.100000 	124.499001 	682.000000 	682.293030 	686.799011 
9.200000 	124.499001 	682.000000 	682.293030 	686.799011 
9.300000 	124.499001 	682.000000 	682.293030 	686.799011 
9.400000 	124.499001 	682.000000 	682.293030 	686.799011 
9.500000 	124.795998 	682.000000 	682.223022 	686.807983 
9.600000 	124.795998 	682.000000 	682.223022 	686.807983 
9.700000 	124.795998 	682.000000 	682.223022 	686.807983 
9.800000 	124.795998 	682.000000 	682.223022 	686.807983 
9.900000 	124.795998 	682.000000 	682.223022 	686.807983 
10.000000 	124.795998 	682.000000 	682.223022 	686.807983 
10.100000 	124.795998 	682.000000 	682.223022 	686.807983 
10.200000 	124.795998 	682.000000 	682.223022 	686.807983 
10.300000 	124.795998 	682.000000 	682.223022 	686.807983 
10.400000 	124.795998 	682.000000 	682.223022 	686.807983 
10.500000 	125.018997 	682.000000 	682.171021 	686.818970 
10.600000 	125.018997 	682.000000 	682.171021 	686.818970 
10.700000 	125.018997 	682.000000 	682.171021 	686.818970 
10.800000 	125.018997 	682.000000 	682.171021 	686.818970 
10.900000 	125.018997 	682.000000 	682.171021 	686.818970 
11.000000 	125.018997 	682.000000 	682.171021 	686.818970 
11.100000 	125.018997 	682.000000 	682.171021 	686.818970 
11.200000 	125.018997 	682.000000 	682.171021 	686.818970 
11.300000 	125.018997 	682.000000 	682.171021 	686.818970 
11.400000 	125.018997 	682.000000 	682.171021 	686.818970 
11.500000 	125.191002 	682.000000 	682.130005 	686.831970 
11.600000 	125.191002 	682.000000 	682.130005 	686.831970 
11.700000 	125.191002 	682.000000 	682.130005 	686.831970 
11.800000 	125.191002 	682.000000 	682.130005 	686.831970 
11.900000 	125.191002 	682.000000 	682.130005 	686.831970 
12.000000 	125.191002 	682.000000 	682.130005 	686.831970 
12.100000 	125.191002 	682.000000 	682.130005 	686.831970 
12.200000 	125.191002 	682.000000 	682.130005 	686.831970 
12.300000 	125.191002 	682.000000 	682.130005 	686.831970 
12.400000 	125.191002 	682.000000 	682.130005 	686.831970 
12.500000 	125.327003 	682.000000 	682.096985 	686.846008 
12.600000 	125.327003 	682.000000 	682.096985 	686.846008 
12.700000 	125.327003 	682.000000 	682.096985 	686.846008 
12.800000 	125.327003 	682.000000 	682.096985 	686.846008 
12.900000 	125.327003 	682.000000 	682.096985 	686.846008 
13.000000 	125.327003 	682.000000 	682.096985 	686.846008 
13.100000 	125.327003 	682.000000 	682.096985 	686.846008 
13.200000 	125.327003 	682.000000 	682.096985 	686.846008 
13.300000 	125.327003 	682.000000 	682.096985 	686.846008 
13.400000 	125.327003 	682.000000 	682.096985 	686.846008 
13.500000 	125.435997 	682.000000 	682.070007 	686.862000 
13.600000 	125.435997 	682.000000 	682.070007 	686.862000 
13.700000 	125.435997 	682.000000 	682.070007 	686.862000 
13.800000 	125.435997 	682.000000 	682.070007 	686.862000 
13.900000 	125.435997 	682.000000 	682.070007 	686.862000 
14.000000 	125.435997 	682.000000 	682.070007 	686.862000 
14.100000 	125.435997 	682.000000 	682.070007 	686.862000 
14.200000 	125.435997 	682.000000 	682.070007 	686.862000 
14.300000 	125.435997 	682.000000 	682.070007 	686.862000 
14.400000 	125.435997 	682.000000 	682.070007 	686.862000 
14.500000 	125.526001 	682.000000 	682.046997 	686.879028 
14.600000 	125.526001 	682.000000 	682.046997 	686.879028 
14.700000 	125.526001 	682.000000 	682.046997 	686.879028 
14.800000 	125.526001 	682.000000 	682.046997 	686.879028 
14.900000 	125.526001 	682.000000 	682.046997 	686.879028 
15.000000 	125.526001 	682.000000 	682.046997 	686.879028 
15.100000 	125.526001 	682.000000 	682.046997 	686.879028 
15.200000 	125.526001 	682.000000 	682.046997 	686.879028 
15.300000 	125.526001 	682.000000 	682.046997 	686.879028 
15.400000 	125.526001 	682.000000 	682.046997 	686.879028 
15.500000 	125.599998 	682.000000 	682.028015 	686.898010 
15.600000 	125.599998 	682.000000 	682.028015 	686.898010 
15.700000 	125.599998 	682.000000 	682.028015 	686.898010 
15.800000 	125.599998 	682.000000 	682.028015 	686.898010 
15.900000 	125.599998 	682.000000 	682.028015 	686.898010 
16.000000 	125.599998 	682.000000 	682.028015 	686.898010 
16.100000 	125.599998 	682.000000 	682.028015 	686.898010 
16.200000 	125.599998 	682.000000 	682.028015 	686.898010 
16.300000 	125.599998 	682.000000 	682.028015 	686.898010 
16.400000 	125.599998 	682.000000 	682.028015 	686.898010 
16.500000 	125.663002 	682.000000 	682.010986 	686.916992 
16.600000 	125.663002 	682.000000 	682.010986 	686.916992 
16.700000 	125.663002 	682.000000 	682.010986 	686.916992 
16.800000 	125.663002 	682.000000 	682.010986 	686.916992 
16.900000 	125.663002 	682.000000 	682.010986 	686.916992 
17.000000 	125.663002 	682.000000 	682.010986 	686.916992 
17.100000 	125.663002 	682.000000 	682.010986 	686.916992 
17.200000 	125.663002 	682.000000 	682.010986 	686.916992 
17.300000 	125.663002 	682.000000 	682.010986 	686.916992 
17.400000 	125.663002 	682.000000 	682.010986 	686.916992 
17.500000 	125.717003 	682.000000 	681.995972 	686.937988 
17.600000 	125.717003 	682.000000 	681.995972 	686.937988 
17.700000 	125.717003 	682.000000 	681.995972 	686.937988 
17.800000 	125.717003 	682.000000 	681.995972 	686.937988 
17.900000 	125.717003 	682.000000 	681.995972 	686.937988 
18.000000 	125.717003 	682.000000 	681.995972 	686.937988 
18.100000 	125.717003 	682.000000 	681.995972 	686.937988 
18.200000 	125.717003 	682.000000 	681.995972 	686.937988 
18.300000 	125.717003 	682.000000 	681.995972 	686.937988 
18.400000 	125.717003 	682.000000 	681.995972 	686.937988 
18.500000 	125.764000 	682.000000 	681.981995 	686.960022 
18.600000 	125.764000 	682.000000 	681.981995 	686.960022 
18.700000 	125.764000 	682.000000 	681.981995 	686.960022 
18.800000 	125.764000 	682.000000 	681.981995 	686.960022 
18.900000 	125.764000 	682.000000 	681.981995 	686.960022 
19.000000 	125.764000 	682.000000 	681.981995 	686.960022 
19.100000 	125.764000 	682.000000 	681.981995 	686.960022 
19.200000 	125.764000 	682.000000 	681.981995 	686.960022 
19.300000 	125.764000 	682.000000 	681.981995 	686.960022 
19.400000 	125.764000 	682.000000 	681.981995 	686.960022 
19.500000 	125.804001 	682.000000 	681.968994 	686.982971 
19.600000 	125.804001 	682.000000 	681.968994 	686.982971 
19.700000 	125.804001 	682.000000 	681.968994 	686.982971 
19.800000 	125.804001 	682.000000 	681.968994 	686.982971 
19.900000 	125.804001 	682.000000 	681.968994 	686.982971 
20.000000 	125.804001 	682.000000 	681.968994 	686.982971 
20.100000 	125.804001 	682.000000 	681.968994 	686.982971 
20.200000 	125.804001 	682.000000 	681.968994 	686.982971 
20.300000 	125.804001 	682.000000 	681.968994 	686.982971 
20.400000 	125.804001 	682.000000 	681.968994 	686.982971 
20.500000 	125.841003 	682.000000 	681.956970 	687.007019 
20.600000 	125.841003 	682.000000 	681.956970 	687.007019 
20.700000 	125.841003 	682.000000 	681.956970 	687.007019 
20.800000 	125.841003 	682.000000 	681.956970 	687.007019 
20.900000 	125.841003 	682.000000 	681.956970 	687.007019 
21.000000 	125.841003 	682.000000 	681.956970 	687.007019 
21.100000 	125.841003 	682.000000 	681.956970 	687.007019 
21.200000 	125.841003 	682.000000 	681.956970 	687.007019 
21.300000 	125.841003 	682.000000 	681.956970 	687.007019 
21.400000 	125.841003 	682.000000 	681.956970 	687.007019 
21.500000 	125.873001 	682.000000 	681.945007 	687.031982 
21.600000 	125.873001 	682.000000 	681.945007 	687.031982 
21.700000 	125.873001 	682.000000 	681.945007 	687.031982 
21.800000 	125.873001 	682.000000 	681.945007 	687.031982 
21.900000 	125.873001 	682.000000 	681.945007 	687.031982 
22.000000 	125.873001 	682.000000 	681.945007 	687.031982 
22.100000 	125.873001 	682.000000 	681.945007 	687.031982 
22.200000 	125.873001 	682.000000 	681.945007 	687.031982 
22.300000 	125.873001 	682.000000 	681.945007 	687.031982 
22.400000 	125.873001 	682.000000 	681.945007 	687.031982 
22.500000 	125.902000 	682.000000 	681.934021 	687.057983 
22.600000 	125.902000 	682.000000 	681.934021 	687.057983 
22.700000 	125.902000 	682.000000 	681.934021 	687.057983 
22.800000 	125.902000 	682.000000 	681.934021 	687.057983 
22.900000 	125.902000 	682.000000 	681.934021 	687.057983 
23.000000 	125.902000 	682.000000 	681.934021 	687.057983 
23.100000 	125.902000 	682.000000 	681.934021 	687.057983 
23.200000 	125.902000 	682.000000 	681.934021 	687.057983 
23.300000 	125.902000 	682.000000 	681.934021 	687.057983 
23.400000 	125.902000 	682.000000 	681.934021 	687.057983 
23.500000 	125.928001 	682.000000 	681.922974 	687.085022 
23.600000 	125.928001 	682.000000 	681.922974 	687.085022 
23.700000 	125.928001 	682.000000 	681.922974 	687.085022 
23.800000 	125.928001 	682.000000 	681.922974 	687.085022 
23.900000 	125.928001 	682.000000 	681.922974 	687.085022 
24.000000 	125.928001 	682.000000 	681.922974 	687.085022 
24.100000 	125.928001 	682.000000 	681.922974 	687.085022 
24.200000 	125.928001 	682.000000 	681.922974 	687.085022 
24.300000 	125.928001 	682.000000 	681.922974 	687.085022 
24.400000 	125.928001 	682.000000 	681.922974 	687.085022 
24.500000 	125.953003 	682.000000 	681.911987 	687.112976 
24.600000 	125.953003 	682.000000 	681.911987 	687.112976 
24.700000 	125.953003 	682.000000 	681.911987 	687.112976 
24.800000 	125.953003 	682.000000 	681.911987 	687.112976 
24.900000 	125.953003 	682.000000 	681.911987 	687.112976 
25.000000 	125.953003 	682.000000 	681.911987 	687.112976 
25.100000 	125.953003 	682.000000 	681.911987 	687.112976 
25.200000 	125.953003 	682.000000 	681.911987 	687.112976 
25.300000 	125.953003 	682.000000 	681.911987 	687.112976 
25.400000 	125.953003 	682.000000 	681.911987 	687.112976 
25.500000 	125.974998 	682.000000 	681.901001 	687.140991 
25.600000 	125.974998 	682.000000 	681.901001 	687.140991 
25.700000 	125.974998 	682.000000 	681.901001 	687.140991 
25.800000 	125.974998 	682.000000 	681.901001 	687.140991 
25.900000 	125.974998 	682.000000 	681.901001 	687.140991 
26.000000 	125.974998 	682.000000 	681.901001 	687.140991 
26.100000 	125.974998 	682.000000 	681.901001 	687.140991 
26.200000 	125.974998 	682.000000 	681.901001 	687.140991 
26.300000 	125.974998 	682.000000 	681.901001 	687.140991 
26.400000 	125.974998 	682.000000 	681.901001 	687.140991 
26.500000 	125.996002 	682.000000 	681.890015 	687.169983 
26.600000 	125.996002 	682.000000 	681.890015 	687.169983 
26.700000 	125.996002 	682.000000 	681.890015 	687.169983 
26.800000 	125.996002 	682.000000 	681.890015 	687.169983 
26.900000 	125.996002 	682.000000 	681.890015 	687.169983 
27.000000 	125.996002 	682.000000 	681.890015 	687.169983 
27.100000 	125.996002 	682.000000 	681.890015 	687.169983 
27.200000 	125.996002 	682.000000 	681.890015 	687.169983 
27.300000 	125.996002 	682.000000 	681.890015 	687.169983 
27.400000 	125.996002 	682.000000 	681.890015 	687.169983 
27.500000 	126.015999 	682.000000 	681.877991 	687.200012 
27.600000 	126.015999 	682.000000 	681.877991 	687.200012 
27.700000 	126.015999 	682.000000 	681.877991 	687.200012 
27.800000 	126.015999 	682.000000 	681.877991 	687.200012 
27.900000 	126.015999 	682.000000 	681.877991 	687.200012 
28.000000 	126.015999 	682.000000 	681.877991 	687.200012 
28.100000 	126.015999 	682.000000 	681.877991 	687.200012 
28.200000 	126.015999 	682.000000 	681.877991 	687.200012 
28.300000 	126.015999 	682.000000 	681.877991 	687.200012 
28.400000 	126.015999 	682.000000 	681.877991 	687.200012 
28.500000 	126.035004 	682.000000 	681.867004 	687.229980 
28.600000 	126.035004 	682.000000 	681.867004 	687.229980 
28.700000 	126.035004 	682.000000 	681.867004 	687.229980 
28.800000 	126.035004 	682.000000 	681.867004 	687.229980 
28.900000 	126.035004 	682.000000 	681.867004 	687.229980 
29.000000 	126.035004 	682.000000 	681.867004 	687.229980 
29.100000 	126.035004 	682.000000 	681.867004 	687.229980 
29.200000 	126.035004 	682.000000 	681.867004 	687.229980 
29.300000 	126.035004 	682.000000 	681.867004 	687.229980 
29.400000 	126.035004 	682.000000 	681.867004 	687.229980 
29.500000 	126.052002 	682.000000 	681.854980 	687.260986 
29.600000 	126.052002 	682.000000 	681.854980 	687.260986 
29.700000 	126.052002 	682.000000 	681.854980 	687.260986 
29.800000 	126.052002 	682.000000 	681.854980 	687.260986 
29.900000 	126.052002 	682.000000 	681.854980 	687.260986 
30.000000 	126.052002 	682.000000 	681.854980 	687.260986 
30.100000 	126.052002 	682.000000 	681.854980 	687.260986 
30.200000 	126.052002 	682.000000 	681.854980 	687.260986 
30.300000 	126.052002 	682.000000 	681.854980 	687.260986 
30.400000 	126.052002 	682.000000 	681.854980 	687.260986 
30.500000 	126.069000 	682.000000 	681.841980 	687.293030 
30.600000 	126.069000 	682.000000 	681.841980 	687.293030 
30.700000 	126.069000 	682.000000 	681.841980 	687.293030 
30.800000 	126.069000 	682.000000 	681.841980 	687.293030 
30.900000 	126.069000 	682.000000 	681.841980 	687.293030 
31.000000 	126.069000 	682.000000 	681.841980 	687.293030 
31.100000 	126.069000 	682.000000 	681.841980 	687.293030 
31.200000 	126.069000 	682.000000 	681.841980 	687.293030 
31.300000 	126.069000 	682.000000 	681.841980 	687.293030 
31.400000 	126.069000 	682.000000 	681.841980 	687.293030 
31.500000 	126.085999 	682.000000 	681.828979 	687.323975 
31.600000 	126.085999 	682.000000 	681.828979 	687.323975 
31.700000 	126.085999 	682.000000 	681.828979 	687.323975 
31.800000 	126.085999 	682.000000 	681.828979 	687.323975 
31.900000 	126.085999 	682.000000 	681.828979 	687.323975 
32.000000 	126.085999 	682.000000 	681.828979 	687.323975 
32.100000 	126.085999 	682.000000 	681.828979 	687.323975 
32.200000 	126.085999 	682.000000 	681.828979 	687.323975 
32.300000 	126.085999 	682.000000 	681.828979 	687.323975 
32.400000 	126.085999 	682.000000 	681.828979 	687.323975 
32.500000 	126.101997 	682.000000 	681.815002 	687.356018 
32.600000 	126.101997 	682.000000 	681.815002 	687.356018 
32.700000 	126.101997 	682.000000 	681.815002 	687.356018 
32.800000 	126.101997 	682.000000 	681.815002 	687.356018 
32.900000 	126.101997 	682.000000 	681.815002 	687.356018 
33.000000 	126.101997 	682.000000 	681.815002 	687.356018 
33.100000 	126.101997 	682.000000 	681.815002 	687.356018 
33.200000 	126.101997 	682.000000 	681.815002 	687.356018 
33.300000 	126.101997 	682.000000 	681.815002 	687.356018 
33.400000 	126.101997 	682.000000 	681.815002 	687.356018 
33.500000 	126.116997 	682.000000 	681.801025 	687.388977 
33.600000 	126.116997 	682.000000 	681.801025 	687.388977 
33.700000 	126.116997 	682.000000 	681.801025 	687.388977 
33.800000 	126.116997 	682.000000 	681.801025 	687.388977 
33.900000 	126.116997 	682.000000 	681.801025 	687.388977 
34.000000 	126.116997 	682.000000 	681.801025 	687.388977 
34.100000 	126.116997 	682.000000 	681.801025 	687.388977 
34.200000 	126.116997 	682.000000 	681.801025 	687.388977 
34.300000 	126.116997 	682.000000 	681.801025 	687.388977 
34.400000 	126.116997 	682.000000 	681.801025 	687.388977 
34.500000 	126.132004 	682.000000 	681.786011 	687.421021 
34.600000 	126.132004 	682.000000 	681.786011 	687.421021 
34.700000 	126.132004 	682.000000 	681.786011 	687.421021 
34.800000 	126.132004 	682.000000 	681.786011 	687.421021 
34.900000 	126.132004 	682.000000 	681.786011 	687.421021 
35.000000 	126.132004 	682.000000 	681.786011 	687.421021 
35.100000 	126.132004 	682.000000 	681.786011 	687.421021 
35.200000 	126.132004 	682.000000 	681.786011 	687.421021 
35.300000 	126.132004 	682.000000 	681.786011 	687.421021 
35.400000 	126.132004 	682.000000 	681.786011 	687.421021 
35.500000 	126.146004 	682.000000 	681.770996 	687.453979 
35.600000 	126.146004 	682.000000 	681.770996 	687.453979 
35.700000 	126.146004 	682.000000 	681.770996 	687.453979 
35.800000 	126.146004 	682.000000 	681.770996 	687.453979 
35.900000 	126.146004 	682.000000 	681.770996 	687.453979 
36.000000 	126.146004 	682.000000 	681.770996 	687.453979 
36.100000 	126.146004 	682.000000 	681.770996 	687.453979 
36.200000 	126.146004 	682.000000 	681.770996 	687.453979 
36.300000 	126.146004 	682.000000 	681.770996 	687.453979 
36.400000 	126.146004 	682.000000 	681.770996 	687.453979 
36.500000 	126.161003 	682.000000 	681.754028 	687.486023 
36.600000 	126.161003 	682.000000 	681.754028 	687.486023 
36.700000 	126.161003 	682.000000 	681.754028 	687.486023 
36.800000 	126.161003 	682.000000 	681.754028 	687.486023 
36.900000 	126.161003 	682.000000 	681.754028 	687.486023 
37.000000 	126.161003 	682.000000 	681.754028 	687.486023 
37.100000 	126.161003 	682.000000 	681.754028 	687.486023 
37.200000 	126.161003 	682.000000 	681.754028 	687.486023 
37.300000 	126.161003 	682.000000 	681.754028 	687.486023 
37.400000 	126.161003 	682.000000 	681.754028 	687.486023 
37.500000 	126.175003 	682.000000 	681.737000 	687.518982 
37.600000 	126.175003 	682.000000 	681.737000 	687.518982 
37.700000 	126.175003 	682.000000 	681.737000 	687.518982 
37.800000 	126.175003 	682.000000 	681.737000 	687.518982 
37.900000 	126.175003 	682.000000 	681.737000 	687.518982 
38.000000 	126.175003 	682.000000 	681.737000 	687.518982 
38.100000 	126.175003 	682.000000 	681.737000 	687.518982 
38.200000 	126.175003 	682.000000 	681.737000 	687.518982 
38.300000 	126.175003 	682.000000 	681.737000 	687.518982 
38.400000 	126.175003 	682.000000 	681.737000 	687.518982 
38.500000 	126.189003 	682.000000 	681.718994 	687.551025 
38.600000 	126.189003 	682.000000 	681.718994 	687.551025 
38.700000 	126.189003 	682.000000 	681.718994 	687.551025 
38.800000 	126.189003 	682.000000 	681.718994 	687.551025 
38.900000 	126.189003 	682.000000 	681.718994 	687.551025 
39.000000 	126.189003 	682.000000 	681.718994 	687.551025 
39.100000 	126.189003 	682.000000 	681.718994 	687.551025 
39.200000 	126.189003 	682.000000 	681.718994 	687.551025 
39.300000 	126.189003 	682.000000 	681.718994 	687.551025 
39.400000 	126.189003 	682.000000 	681.718994 	687.551025 
39.500000 	126.203003 	682.000000 	681.700012 	687.583008 
39.600000 	126.203003 	682.000000 	681.700012 	687.583008 
39.700000 	126.203003 	682.000000 	681.700012 	687.583008 
39.800000 	126.203003 	682.000000 	681.700012 	687.583008 
39.900000 	126.203003 	682.000000 	681.700012 	687.583008 
40.000000 	126.203003 	682.000000 	681.700012 	687.583008 
40.100000 	126.203003 	682.000000 	681.700012 	687.583008 
40.200000 	126.203003 	682.000000 	681.700012 	687.583008 
40.300000 	126.203003 	682.000000 	681.700012 	687.583008 
40.400000 	126.203003 	682.000000 	681.700012 	687.583008 
40.500000 	126.217003 	682.000000 	681.679016 	687.614990 
40.600000 	126.217003 	682.000000 	681.679016 	687.614990 
40.700000 	126.217003 	682.000000 	681.679016 	687.614990 
40.800000 	126.217003 	682.000000 	681.679016 	687.614990 
40.900000 	126.217003 	682.000000 	681.679016 	687.614990 
41.000000 	126.217003 	682.000000 	681.679016 	687.614990 
41.100000 	126.217003 	682.000000 	681.679016 	687.614990 
41.200000 	126.217003 	682.000000 	681.679016 	687.614990 
41.300000 	126.217003 	682.000000 	681.679016 	687.614990 
41.400000 	126.217003 	682.000000 	681.679016 	687.614990 
41.500000 	126.231003 	682.000000 	681.658020 	687.646973 
41.600000 	126.231003 	682.000000 	681.658020 	687.646973 
41.700000 	126.231003 	682.000000 	681.658020 	687.646973 
41.800000 	126.231003 	682.000000 	681.658020 	687.646973 
41.900000 	126.231003 	682.000000 	681.658020 	687.646973 
42.000000 	126.231003 	682.000000 	681.658020 	687.646973 
42.100000 	126.231003 	682.000000 	681.658020 	687.646973 
42.200000 	126.231003 	682.000000 	681.658020 	687.646973 
42.300000 	126.231003 	682.000000 	681.658020 	687.646973 
42.400000 	126.231003 	682.000000 	681.658020 	687.646973 
42.500000 	126.245003 	682.000000 	681.635986 	687.677979 
42.600000 	126.245003 	682.000000 	681.635986 	687.677979 
42.700000 	126.245003 	682.000000 	681.635986 	687.677979 
42.800000 	126.245003 	682.000000 	681.635986 	687.677979 
42.900000 	126.245003 	682.000000 	681.635986 	687.677979 
43.000000 	126.245003 	682.000000 	681.635986 	687.677979 
43.100000 	126.245003 	682.000000 	681.635986 	687.677979 
43.200000 	126.245003 	682.000000 	681.635986 	687.677979 
43.300000 	126.245003 	682.000000 	681.635986 	687.677979 
43.400000 	126.245003 	682.000000 	681.635986 	687.677979 
43.500000 	126.259003 	682.000000 	681.612000 	687.708008 
43.600000 	126.259003 	682.000000 	681.612000 	687.708008 
43.700000 	126.259003 	682.000000 	681.612000 	687.708008 
43.800000 	126.259003 	682.000000 	681.612000 	687.708008 
43.900000 	126.259003 	682.000000 	681.612000 	687.708008 
44.000000 	126.259003 	682.000000 	681.612000 	687.708008 
44.100000 	126.259003 	682.000000 	681.612000 	687.708008 
44.200000 	126.259003 	682.000000 	681.612000 	687.708008 
44.300000 	126.259003 	682.000000 	681.612000 	687.708008 
44.400000 	126.259003 	682.000000 	681.612000 	687.708008 
44.500000 	126.273003 	682.000000 	681.586975 	687.737976 
44.600000 	126.273003 	682.000000 	681.586975 	687.737976 
44.700000 	126.273003 	682.000000 	681.586975 	687.737976 
44.800000 	126.273003 	682.000000 	681.586975 	687.737976 
44.900000 	126.273003 	682.000000 	681.586975 	687.737976 
45.000000 	126.273003 	682.000000 	681.586975 	687.737976 
45.100000 	126.273003 	682.000000 	681.586975 	687.737976 
45.200000 	126.273003 	682.000000 	681.586975 	687.737976 
45.300000 	126.273003 	682.000000 	681.586975 	687.737976 
45.400000 	126.273003 	682.000000 	681.586975 	687.737976 
45.500000 	126.287003 	682.000000 	681.560974 	687.765991 
45.600000 	126.287003 	682.000000 	681.560974 	687.765991 
45.700000 	126.287003 	682.000000 	681.560974 	687.765991 
45.800000 	126.287003 	682.000000 	681.560974 	687.765991 
45.900000 	126.287003 	682.000000 	681.560974 	687.765991 
46.000000 	126.287003 	682.000000 	681.560974 	687.765991 
46.100000 	126.287003 	682.000000 	681.560974 	687.765991 
46.200000 	126.287003 	682.000000 	681.560974 	687.765991 
46.300000 	126.287003 	682.000000 	681.560974 	687.765991 
46.400000 	126.287003 	682.000000 	681.560974 	687.765991 
46.500000 	126.301003 	682.000000 	681.533020 	687.794006 
46.600000 	126.301003 	682.000000 	681.533020 	687.794006 
46.700000 	126.301003 	682.000000 	681.533020 	687.794006 
46.800000 	126.301003 	682.000000 	681.533020 	687.794006 
46.900000 	126.301003 	682.000000 	681.533020 	687.794006 
47.000000 	126.301003 	682.000000 	681.533020 	687.794006 
47.100000 	126.301003 	682.000000 	681.533020 	687.794006 
47.200000 	126.301003 	682.000000 	681.533020 	687.794006 
47.300000 	126.301003 	682.000000 	681.533020 	687.794006 
47.400000 	126.301003 	682.000000 	681.533020 	687.794006 
47.500000 	126.315002 	682.000000 	681.504028 	687.820984 
47.600000 	126.315002 	682.000000 	681.504028 	687.820984 
47.700000 	126.315002 	682.000000 	681.504028 	687.820984 
47.800000 	126.315002 	682.000000 	681.504028 	687.820984 
47.900000 	126.315002 	682.000000 	681.504028 	687.820984 
48.000000 	126.315002 	682.000000 	681.504028 	687.820984 
48.100000 	126.315002 	682.000000 	681.504028 	687.820984 
48.200000 	126.315002 	682.000000 	681.504028 	687.820984 
48.300000 	126.315002 	682.000000 	681.504028 	687.820984 
48.400000 	126.315002 	682.000000 	681.504028 	687.820984 
48.500000 	126.329002 	682.000000 	681.473022 	687.846985 
48.600000 	126.329002 	682.000000 	681.473022 	687.846985 
48.700000 	126.329002 	682.000000 	681.473022 	687.846985 
48.800000 	126.329002 	682.000000 	681.473022 	687.846985 
48.900000 	126.329002 	682.000000 	681.473022 	687.846985 
49.000000 	126.329002 	682.000000 	681.473022 	687.846985 
49.100000 	126.329002 	682.000000 	681.473022 	687.846985 
49.200000 	126.329002 	682.000000 	681.473022 	687.846985 
49.300000 	126.329002 	682.000000 	681.473022 	687.846985 
49.400000 	126.329002 	682.000000 	681.473022 	687.846985 
49.500000 	126.344002 	682.000000 	681.440979 	687.872009 
49.600000 	126.344002 	682.000000 	681.440979 	687.872009 
49.700000 	126.344002 	682.000000 	681.440979 	687.872009 
49.800000 	126.344002 	682.000000 	681.440979 	687.872009 
49.900000 	126.344002 	682.000000 	681.440979 	687.872009 
50.000000 	126.344002 	682.000000 	681.440979 	687.872009 
50.100000 	126.344002 	682.000000 	681.440979 	687.872009 
50.200000 	126.344002 	682.000000 	681.440979 	687.872009 
50.300000 	126.344002 	682.000000 	681.440979 	687.872009 
50.400000 	126.344002 	682.000000 	681.440979 	687.872009 
50.500000 	126.358002 	682.000000 	681.406006 	687.895020 
50.600000 	126.358002 	682.000000 	681.406006 	687.895020 
50.700000 	126.358002 	682.000000 	681.406006 	687.895020 
50.800000 	126.358002 	682.000000 	681.406006 	687.895020 
50.900000 	126.358002 	682.000000 	681.406006 	687.895020 
51.000000 	126.358002 	682.000000 	681.406006 	687.895020 
51.100000 	126.358002 	682.000000 	681.406006 	687.895020 
51.200000 	126.358002 	682.000000 	681.406006 	687.895020 
51.300000 	126.358002 	682.000000 	681.406006 	687.895020 
51.400000 	126.358002 	682.000000 	681.406006 	687.895020 
51.500000 	126.373001 	682.000000 	681.369995 	687.916016 
51.600000 	126.373001 	682.000000 	681.369995 	687.916016 
51.700000 	126.373001 	682.000000 	681.369995 	687.916016 
51.800000 	126.373001 	682.000000 	681.369995 	687.916016 
51.900000 	126.373001 	682.000000 	681.369995 	687.916016 
52.000000 	126.373001 	682.000000 	681.369995 	687.916016 
52.100000 	126.373001 	682.000000 	681.369995 	687.916016 
52.200000 	126.373001 	682.000000 	681.369995 	687.916016 
52.300000 	126.373001 	682.000000 	681.369995 	687.916016 
52.400000 	126.373001 	682.000000 	681.369995 	687.916016 
52.500000 	126.388000 	682.000000 	681.331970 	687.935974 
52.600000 	126.388000 	682.000000 	681.331970 	687.935974 
52.700000 	126.388000 	682.000000 	681.331970 	687.935974 
52.800000 	126.388000 	682.000000 	681.331970 	687.935974 
52.900000 	126.388000 	682.000000 	681.331970 	687.935974 
53.000000 	126.388000 	682.000000 	681.331970 	687.935974 
53.100000 	126.388000 	682.000000 	681.331970 	687.935974 
53.200000 	126.388000 	682.000000 	681.331970 	687.935974 
53.300000 	126.388000 	682.000000 	681.331970 	687.935974 
53.400000 	126.388000 	682.000000 	681.331970 	687.935974 
53.500000 	126.403000 	682.000000 	681.293030 	687.953979 
53.600000 	126.403000 	682.000000 	681.293030 	687.953979 
53.700000 	126.403000 	682.000000 	681.293030 	687.953979 
53.800000 	126.403000 	682.000000 	681.293030 	687.953979 
53.900000 	126.403000 	682.000000 	681.293030 	687.953979 
54.000000 	126.403000 	682.000000 	681.293030 	687.953979 
54.100000 	126.403000 	682.000000 	681.293030 	687.953979 
54.200000 	126.403000 	682.000000 	681.293030 	687.953979 
54.300000 	126.403000 	682.000000 	681.293030 	687.953979 
54.400000 	126.403000 	682.000000 	681.293030 	687.953979 
54.500000 	126.417999 	682.000000 	681.250977 	687.971008 
54.600000 	126.417999 	682.000000 	681.250977 	687.971008 
54.700000 	126.417999 	682.000000 	681.250977 	687.971008 
54.800000 	126.417999 	682.000000 	681.250977 	687.971008 
54.900000 	126.417999 	682.000000 	681.250977 	687.971008 
55.000000 	126.417999 	682.000000 	681.250977 	687.971008 
55.100000 	126.417999 	682.000000 	681.250977 	687.971008 
55.200000 	126.417999 	682.000000 	681.250977 	687.971008 
55.300000 	126.417999 	682.000000 	681.250977 	687.971008 
55.400000 	126.417999 	682.000000 	681.250977 	687.971008 
55.500000 	126.433998 	682.000000 	681.205994 	687.984985 
55.600000 	126.433998 	682.000000 	681.205994 	687.984985 
55.700000 	126.433998 	682.000000 	681.205994 	687.984985 
55.800000 	126.433998 	682.000000 	681.205994 	687.984985 
55.900000 	126.433998 	682.000000 	681.205994 	687.984985 
56.000000 	126.433998 	682.000000 	681.205994 	687.984985 
56.100000 	126.433998 	682.000000 	681.205994 	687.984985 
56.200000 	126.433998 	682.000000 	681.205994 	687.984985 
56.300000 	126.433998 	682.000000 	681.205994 	687.984985 
56.400000 	126.433998 	682.000000 	681.205994 	687.984985 
56.500000 	126.449997 	682.000000 	681.159973 	687.997009 
56.600000 	126.449997 	682.000000 	681.159973 	687.997009 
56.700000 	126.449997 	682.000000 	681.159973 	687.997009 
56.800000 	126.449997 	682.000000 	681.159973 	687.997009 
56.900000 	126.449997 	682.000000 	681.159973 	687.997009 
57.000000 	126.449997 	682.000000 	681.159973 	687.997009 
57.100000 	126.449997 	682.000000 	681.159973 	687.997009 
57.200000 	126.449997 	682.000000 	681.159973 	687.997009 
57.300000 	126.449997 	682.000000 	681.159973 	687.997009 
57.400000 	126.449997 	682.000000 	681.159973 	687.997009 
57.500000 	126.466003 	682.000000 	681.111023 	688.007019 
57.600000 	126.466003 	682.000000 	681.111023 	688.007019 
57.700000 	126.466003 	682.000000 	681.111023 	688.007019 
57.800000 	126.466003 	682.000000 	681.111023 	688.007019 
57.900000 	126.466003 	682.000000 	681.111023 	688.007019 
58.000000 	126.466003 	682.000000 	681.111023 	688.007019 
58.100000 	126.466003 	682.000000 	681.111023 	688.007019 
58.200000 	126.466003 	682.000000 	681.111023 	688.007019 
58.300000 	126.466003 	682.000000 	681.111023 	688.007019 
58.400000 	126.466003 	682.000000 	681.111023 	688.007019 
58.500000 	126.482002 	682.000000 	681.059998 	688.013977 
58.600000 	126.482002 	682.000000 	681.059998 	688.013977 
58.700000 	126.482002 	682.000000 	681.059998 	688.013977 
58.800000 	126.482002 	682.000000 	681.059998 	688.013977 
58.900000 	126.482002 	682.000000 	681.059998 	688.013977 
59.000000 	126.482002 	682.000000 	681.059998 	688.013977 
59.100000 	126.482002 	682.000000 	681.059998 	688.013977 
59.200000 	126.482002 	682.000000 	681.059998 	688.013977 
59.300000 	126.482002 	682.000000 	681.059998 	688.013977 
59.400000 	126.482002 	682.000000 	681.059998 	688.013977 
59.500000 	126.499001 	682.000000 	681.005981 	688.018982 
59.600000 	126.499001 	682.000000 	681.005981 	688.018982 
59.700000 	126.499001 	682.000000 	681.005981 	688.018982 
59.800000 	126.499001 	682.000000 	681.005981 	688.018982 
59.900000 	126.499001 	682.000000 	681.005981 	688.018982 
60.000000 	126.499001 	682.000000 	681.005981 	688.018982 
