0.500000 	93.785698 	438.000000 	457.536011 	445.087006 
0.600000 	93.785698 	438.000000 	457.536011 	445.087006 
0.700000 	93.785698 	438.000000 	457.536011 	445.087006 
0.800000 	93.785698 	438.000000 	457.536011 	445.087006 
0.900000 	93.785698 	438.000000 	457.536011 	445.087006 
1.000000 	93.785698 	438.000000 	457.536011 	445.087006 
1.100000 	93.785698 	438.000000 	457.536011 	445.087006 
1.200000 	93.785698 	438.000000 	457.536011 	445.087006 
1.300000 	93.785698 	438.000000 	457.536011 	445.087006 
1.400000 	93.785698 	438.000000 	457.536011 	445.087006 
1.500000 	103.570999 	438.000000 	446.298004 	444.846008 
1.600000 	103.570999 	438.000000 	446.298004 	444.846008 
1.700000 	103.570999 	438.000000 	446.298004 	444.846008 
1.800000 	103.570999 	438.000000 	446.298004 	444.846008 
1.900000 	103.570999 	438.000000 	446.298004 	444.846008 
2.000000 	103.570999 	438.000000 	446.298004 	444.846008 
2.100000 	103.570999 	438.000000 	446.298004 	444.846008 
2.200000 	103.570999 	438.000000 	446.298004 	444.846008 
2.300000 	103.570999 	438.000000 	446.298004 	444.846008 
2.400000 	103.570999 	438.000000 	446.298004 	444.846008 
2.500000 	113.488998 	438.000000 	442.226990 	444.825012 
2.600000 	113.488998 	438.000000 	442.226990 	444.825012 
2.700000 	113.488998 	438.000000 	442.226990 	444.825012 
2.800000 	113.488998 	438.000000 	442.226990 	444.825012 
2.900000 	113.488998 	438.000000 	442.226990 	444.825012 
3.000000 	113.488998 	438.000000 	442.226990 	444.825012 
3.100000 	113.488998 	438.000000 	442.226990 	444.825012 
3.200000 	113.488998 	438.000000 	442.226990 	444.825012 
3.300000 	113.488998 	438.000000 	442.226990 	444.825012 
3.400000 	113.488998 	438.000000 	442.226990 	444.825012 
3.500000 	118.344002 	438.000000 	440.399994 	444.846985 
3.600000 	118.344002 	438.000000 	440.399994 	444.846985 
3.700000 	118.344002 	438.000000 	440.399994 	444.846985 
3.800000 	118.344002 	438.000000 	440.399994 	444.846985 
3.900000 	118.344002 	438.000000 	440.399994 	444.846985 
4.000000 	118.344002 	438.000000 	440.399994 	444.846985 
4.100000 	118.344002 	438.000000 	440.399994 	444.846985 
4.200000 	118.344002 	438.000000 	440.399994 	444.846985 
4.300000 	118.344002 	438.000000 	440.399994 	444.846985 
4.400000 	118.344002 	438.000000 	440.399994 	444.846985 
4.500000 	120.903000 	438.000000 	439.462006 	444.876007 
4.600000 	120.903000 	438.000000 	439.462006 	444.876007 
4.700000 	120.903000 	438.000000 	439.462006 	444.876007 
4.800000 	120.903000 	438.000000 	439.462006 	444.876007 
4.900000 	120.903000 	438.000000 	439.462006 	444.876007 
5.000000 	120.903000 	438.000000 	439.462006 	444.876007 
5.100000 	120.903000 	438.000000 	439.462006 	444.876007 
5.200000 	120.903000 	438.000000 	439.462006 	444.876007 
5.300000 	120.903000 	438.000000 	439.462006 	444.876007 
5.400000 	120.903000 	438.000000 	439.462006 	444.876007 
5.500000 	122.388000 	438.000000 	438.927002 	444.906006 
5.600000 	122.388000 	438.000000 	438.927002 	444.906006 
5.700000 	122.388000 	438.000000 	438.927002 	444.906006 
5.800000 	122.388000 	438.000000 	438.927002 	444.906006 
5.900000 	122.388000 	438.000000 	438.927002 	444.906006 
6.000000 	122.388000 	438.000000 	438.927002 	444.906006 
6.100000 	122.388000 	438.000000 	438.927002 	444.906006 
6.200000 	122.388000 	438.000000 	438.927002 	444.906006 
6.300000 	122.388000 	438.000000 	438.927002 	444.906006 
6.400000 	122.388000 	438.000000 	438.927002 	444.906006 
6.500000 	123.319000 	438.000000 	438.596985 	444.936005 
6.600000 	123.319000 	438.000000 	438.596985 	444.936005 
6.700000 	123.319000 	438.000000 	438.596985 	444.936005 
6.800000 	123.319000 	438.000000 	438.596985 	444.936005 
6.900000 	123.319000 	438.000000 	438.596985 	444.936005 
7.000000 	123.319000 	438.000000 	438.596985 	444.936005 
7.100000 	123.319000 	438.000000 	438.596985 	444.936005 
7.200000 	123.319000 	438.000000 	438.596985 	444.936005 
7.300000 	123.319000 	438.000000 	438.596985 	444.936005 
7.400000 	123.319000 	438.000000 	438.596985 	444.936005 
7.500000 	123.940002 	438.000000 	438.378998 	444.966003 
7.600000 	123.940002 	438.000000 	438.378998 	444.966003 
7.700000 	123.940002 	438.000000 	438.378998 	444.966003 
7.800000 	123.940002 	438.000000 	438.378998 	444.966003 
7.900000 	123.940002 	438.000000 	438.378998 	444.966003 
8.000000 	123.940002 	438.000000 	438.378998 	444.966003 
8.100000 	123.940002 	438.000000 	438.378998 	444.966003 
8.200000 	123.940002 	438.000000 	438.378998 	444.966003 
8.300000 	123.940002 	438.000000 	438.378998 	444.966003 
8.400000 	123.940002 	438.000000 	438.378998 	444.966003 
8.500000 	124.375000 	438.000000 	438.229004 	444.997009 
8.600000 	124.375000 	438.000000 	438.229004 	444.997009 
8.700000 	124.375000 	438.000000 	438.229004 	444.997009 
8.800000 	124.375000 	438.000000 	438.229004 	444.997009 
8.900000 	124.375000 	438.000000 	438.229004 	444.997009 
9.000000 	124.375000 	438.000000 	438.229004 	444.997009 
9.100000 	124.375000 	438.000000 	438.229004 	444.997009 
9.200000 	124.375000 	438.000000 	438.229004 	444.997009 
9.300000 	124.375000 	438.000000 	438.229004 	444.997009 
9.400000 	124.375000 	438.000000 	438.229004 	444.997009 
9.500000 	124.691002 	438.000000 	438.121002 	445.029999 
9.600000 	124.691002 	438.000000 	438.121002 	445.029999 
9.700000 	124.691002 	438.000000 	438.121002 	445.029999 
9.800000 	124.691002 	438.000000 	438.121002 	445.029999 
9.900000 	124.691002 	438.000000 	438.121002 	445.029999 
10.000000 	124.691002 	438.000000 	438.121002 	445.029999 
10.100000 	124.691002 	438.000000 	438.121002 	445.029999 
10.200000 	124.691002 	438.000000 	438.121002 	445.029999 
10.300000 	124.691002 	438.000000 	438.121002 	445.029999 
10.400000 	124.691002 	438.000000 	438.121002 	445.029999 
10.500000 	124.929001 	438.000000 	438.040985 	445.063995 
10.600000 	124.929001 	438.000000 	438.040985 	445.063995 
10.700000 	124.929001 	438.000000 	438.040985 	445.063995 
10.800000 	124.929001 	438.000000 	438.040985 	445.063995 
10.900000 	124.929001 	438.000000 	438.040985 	445.063995 
11.000000 	124.929001 	438.000000 	438.040985 	445.063995 
11.100000 	124.929001 	438.000000 	438.040985 	445.063995 
11.200000 	124.929001 	438.000000 	438.040985 	445.063995 
11.300000 	124.929001 	438.000000 	438.040985 	445.063995 
11.400000 	124.929001 	438.000000 	438.040985 	445.063995 
11.500000 	125.112000 	438.000000 	437.980011 	445.100006 
11.600000 	125.112000 	438.000000 	437.980011 	445.100006 
11.700000 	125.112000 	438.000000 	437.980011 	445.100006 
11.800000 	125.112000 	438.000000 	437.980011 	445.100006 
11.900000 	125.112000 	438.000000 	437.980011 	445.100006 
12.000000 	125.112000 	438.000000 	437.980011 	445.100006 
12.100000 	125.112000 	438.000000 	437.980011 	445.100006 
12.200000 	125.112000 	438.000000 	437.980011 	445.100006 
12.300000 	125.112000 	438.000000 	437.980011 	445.100006 
12.400000 	125.112000 	438.000000 	437.980011 	445.100006 
12.500000 	125.257004 	438.000000 	437.932007 	445.136993 
12.600000 	125.257004 	438.000000 	437.932007 	445.136993 
12.700000 	125.257004 	438.000000 	437.932007 	445.136993 
12.800000 	125.257004 	438.000000 	437.932007 	445.136993 
12.900000 	125.257004 	438.000000 	437.932007 	445.136993 
13.000000 	125.257004 	438.000000 	437.932007 	445.136993 
13.100000 	125.257004 	438.000000 	437.932007 	445.136993 
13.200000 	125.257004 	438.000000 	437.932007 	445.136993 
13.300000 	125.257004 	438.000000 	437.932007 	445.136993 
13.400000 	125.257004 	438.000000 	437.932007 	445.136993 
13.500000 	125.374001 	438.000000 	437.894012 	445.177002 
13.600000 	125.374001 	438.000000 	437.894012 	445.177002 
13.700000 	125.374001 	438.000000 	437.894012 	445.177002 
13.800000 	125.374001 	438.000000 	437.894012 	445.177002 
13.900000 	125.374001 	438.000000 	437.894012 	445.177002 
14.000000 	125.374001 	438.000000 	437.894012 	445.177002 
14.100000 	125.374001 	438.000000 	437.894012 	445.177002 
14.200000 	125.374001 	438.000000 	437.894012 	445.177002 
14.300000 	125.374001 	438.000000 	437.894012 	445.177002 
14.400000 	125.374001 	438.000000 	437.894012 	445.177002 
14.500000 	125.470001 	438.000000 	437.863007 	445.218994 
14.600000 	125.470001 	438.000000 	437.863007 	445.218994 
14.700000 	125.470001 	438.000000 	437.863007 	445.218994 
14.800000 	125.470001 	438.000000 	437.863007 	445.218994 
14.900000 	125.470001 	438.000000 	437.863007 	445.218994 
15.000000 	125.470001 	438.000000 	437.863007 	445.218994 
15.100000 	125.470001 	438.000000 	437.863007 	445.218994 
15.200000 	125.470001 	438.000000 	437.863007 	445.218994 
15.300000 	125.470001 	438.000000 	437.863007 	445.218994 
15.400000 	125.470001 	438.000000 	437.863007 	445.218994 
15.500000 	125.550003 	438.000000 	437.838013 	445.264008 
15.600000 	125.550003 	438.000000 	437.838013 	445.264008 
15.700000 	125.550003 	438.000000 	437.838013 	445.264008 
15.800000 	125.550003 	438.000000 	437.838013 	445.264008 
15.900000 	125.550003 	438.000000 	437.838013 	445.264008 
16.000000 	125.550003 	438.000000 	437.838013 	445.264008 
16.100000 	125.550003 	438.000000 	437.838013 	445.264008 
16.200000 	125.550003 	438.000000 	437.838013 	445.264008 
16.300000 	125.550003 	438.000000 	437.838013 	445.264008 
16.400000 	125.550003 	438.000000 	437.838013 	445.264008 
16.500000 	125.617996 	438.000000 	437.816986 	445.322998 
16.600000 	125.617996 	438.000000 	437.816986 	445.322998 
16.700000 	125.617996 	438.000000 	437.816986 	445.322998 
16.800000 	125.617996 	438.000000 	437.816986 	445.322998 
16.900000 	125.617996 	438.000000 	437.816986 	445.322998 
17.000000 	125.617996 	438.000000 	437.816986 	445.322998 
17.100000 	125.617996 	438.000000 	437.816986 	445.322998 
17.200000 	125.617996 	438.000000 	437.816986 	445.322998 
17.300000 	125.617996 	438.000000 	437.816986 	445.322998 
17.400000 	125.617996 	438.000000 	437.816986 	445.322998 
17.500000 	125.676003 	438.000000 	437.798004 	445.372986 
17.600000 	125.676003 	438.000000 	437.798004 	445.372986 
17.700000 	125.676003 	438.000000 	437.798004 	445.372986 
17.800000 	125.676003 	438.000000 	437.798004 	445.372986 
17.900000 	125.676003 	438.000000 	437.798004 	445.372986 
18.000000 	125.676003 	438.000000 	437.798004 	445.372986 
18.100000 	125.676003 	438.000000 	437.798004 	445.372986 
18.200000 	125.676003 	438.000000 	437.798004 	445.372986 
18.300000 	125.676003 	438.000000 	437.798004 	445.372986 
18.400000 	125.676003 	438.000000 	437.798004 	445.372986 
18.500000 	125.725998 	438.000000 	437.782990 	445.424988 
18.600000 	125.725998 	438.000000 	437.782990 	445.424988 
18.700000 	125.725998 	438.000000 	437.782990 	445.424988 
18.800000 	125.725998 	438.000000 	437.782990 	445.424988 
18.900000 	125.725998 	438.000000 	437.782990 	445.424988 
19.000000 	125.725998 	438.000000 	437.782990 	445.424988 
19.100000 	125.725998 	438.000000 	437.782990 	445.424988 
19.200000 	125.725998 	438.000000 	437.782990 	445.424988 
19.300000 	125.725998 	438.000000 	437.782990 	445.424988 
19.400000 	125.725998 	438.000000 	437.782990 	445.424988 
19.500000 	125.771004 	438.000000 	437.769012 	445.480011 
19.600000 	125.771004 	438.000000 	437.769012 	445.480011 
19.700000 	125.771004 	438.000000 	437.769012 	445.480011 
19.800000 	125.771004 	438.000000 	437.769012 	445.480011 
19.900000 	125.771004 	438.000000 	437.769012 	445.480011 
20.000000 	125.771004 	438.000000 	437.769012 	445.480011 
20.100000 	125.771004 	438.000000 	437.769012 	445.480011 
20.200000 	125.771004 	438.000000 	437.769012 	445.480011 
20.300000 	125.771004 	438.000000 	437.769012 	445.480011 
20.400000 	125.771004 	438.000000 	437.769012 	445.480011 
20.500000 	125.809998 	438.000000 	437.756012 	445.536011 
20.600000 	125.809998 	438.000000 	437.756012 	445.536011 
20.700000 	125.809998 	438.000000 	437.756012 	445.536011 
20.800000 	125.809998 	438.000000 	437.756012 	445.536011 
20.900000 	125.809998 	438.000000 	437.756012 	445.536011 
21.000000 	125.809998 	438.000000 	437.756012 	445.536011 
21.100000 	125.809998 	438.000000 	437.756012 	445.536011 
21.200000 	125.809998 	438.000000 	437.756012 	445.536011 
21.300000 	125.809998 	438.000000 	437.756012 	445.536011 
21.400000 	125.809998 	438.000000 	437.756012 	445.536011 
21.500000 	125.846001 	438.000000 	437.744995 	445.596008 
21.600000 	125.846001 	438.000000 	437.744995 	445.596008 
21.700000 	125.846001 	438.000000 	437.744995 	445.596008 
21.800000 	125.846001 	438.000000 	437.744995 	445.596008 
21.900000 	125.846001 	438.000000 	437.744995 	445.596008 
22.000000 	125.846001 	438.000000 	437.744995 	445.596008 
22.100000 	125.846001 	438.000000 	437.744995 	445.596008 
22.200000 	125.846001 	438.000000 	437.744995 	445.596008 
22.300000 	125.846001 	438.000000 	437.744995 	445.596008 
22.400000 	125.846001 	438.000000 	437.744995 	445.596008 
22.500000 	125.877998 	438.000000 	437.734985 	445.657013 
22.600000 	125.877998 	438.000000 	437.734985 	445.657013 
22.700000 	125.877998 	438.000000 	437.734985 	445.657013 
22.800000 	125.877998 	438.000000 	437.734985 	445.657013 
22.900000 	125.877998 	438.000000 	437.734985 	445.657013 
23.000000 	125.877998 	438.000000 	437.734985 	445.657013 
23.100000 	125.877998 	438.000000 	437.734985 	445.657013 
23.200000 	125.877998 	438.000000 	437.734985 	445.657013 
23.300000 	125.877998 	438.000000 	437.734985 	445.657013 
23.400000 	125.877998 	438.000000 	437.734985 	445.657013 
23.500000 	125.906998 	438.000000 	437.725006 	445.721008 
23.600000 	125.906998 	438.000000 	437.725006 	445.721008 
23.700000 	125.906998 	438.000000 	437.725006 	445.721008 
23.800000 	125.906998 	438.000000 	437.725006 	445.721008 
23.900000 	125.906998 	438.000000 	437.725006 	445.721008 
24.000000 	125.906998 	438.000000 	437.725006 	445.721008 
24.100000 	125.906998 	438.000000 	437.725006 	445.721008 
24.200000 	125.906998 	438.000000 	437.725006 	445.721008 
24.300000 	125.906998 	438.000000 	437.725006 	445.721008 
24.400000 	125.906998 	438.000000 	437.725006 	445.721008 
24.500000 	125.933998 	438.000000 	437.716003 	445.786987 
24.600000 	125.933998 	438.000000 	437.716003 	445.786987 
24.700000 	125.933998 	438.000000 	437.716003 	445.786987 
24.800000 	125.933998 	438.000000 	437.716003 	445.786987 
24.900000 	125.933998 	438.000000 	437.716003 	445.786987 
25.000000 	125.933998 	438.000000 	437.716003 	445.786987 
25.100000 	125.933998 	438.000000 	437.716003 	445.786987 
25.200000 	125.933998 	438.000000 	437.716003 	445.786987 
25.300000 	125.933998 	438.000000 	437.716003 	445.786987 
25.400000 	125.933998 	438.000000 	437.716003 	445.786987 
25.500000 	125.959000 	438.000000 	437.708008 	445.855988 
25.600000 	125.959000 	438.000000 	437.708008 	445.855988 
25.700000 	125.959000 	438.000000 	437.708008 	445.855988 
25.800000 	125.959000 	438.000000 	437.708008 	445.855988 
25.900000 	125.959000 	438.000000 	437.708008 	445.855988 
26.000000 	125.959000 	438.000000 	437.708008 	445.855988 
26.100000 	125.959000 	438.000000 	437.708008 	445.855988 
26.200000 	125.959000 	438.000000 	437.708008 	445.855988 
26.300000 	125.959000 	438.000000 	437.708008 	445.855988 
26.400000 	125.959000 	438.000000 	437.708008 	445.855988 
26.500000 	125.983002 	438.000000 	437.699005 	445.927002 
26.600000 	125.983002 	438.000000 	437.699005 	445.927002 
26.700000 	125.983002 	438.000000 	437.699005 	445.927002 
26.800000 	125.983002 	438.000000 	437.699005 	445.927002 
26.900000 	125.983002 	438.000000 	437.699005 	445.927002 
27.000000 	125.983002 	438.000000 	437.699005 	445.927002 
27.100000 	125.983002 	438.000000 	437.699005 	445.927002 
27.200000 	125.983002 	438.000000 	437.699005 	445.927002 
27.300000 	125.983002 	438.000000 	437.699005 	445.927002 
27.400000 	125.983002 	438.000000 	437.699005 	445.927002 
27.500000 	126.004997 	438.000000 	437.691010 	446.000000 
27.600000 	126.004997 	438.000000 	437.691010 	446.000000 
27.700000 	126.004997 	438.000000 	437.691010 	446.000000 
27.800000 	126.004997 	438.000000 	437.691010 	446.000000 
27.900000 	126.004997 	438.000000 	437.691010 	446.000000 
28.000000 	126.004997 	438.000000 	437.691010 	446.000000 
28.100000 	126.004997 	438.000000 	437.691010 	446.000000 
28.200000 	126.004997 	438.000000 	437.691010 	446.000000 
28.300000 	126.004997 	438.000000 	437.691010 	446.000000 
28.400000 	126.004997 	438.000000 	437.691010 	446.000000 
28.500000 	126.026001 	438.000000 	437.683014 	446.075989 
28.600000 	126.026001 	438.000000 	437.683014 	446.075989 
28.700000 	126.026001 	438.000000 	437.683014 	446.075989 
28.800000 	126.026001 	438.000000 	437.683014 	446.075989 
28.900000 	126.026001 	438.000000 	437.683014 	446.075989 
29.000000 	126.026001 	438.000000 	437.683014 	446.075989 
29.100000 	126.026001 	438.000000 	437.683014 	446.075989 
29.200000 	126.026001 	438.000000 	437.683014 	446.075989 
29.300000 	126.026001 	438.000000 	437.683014 	446.075989 
29.400000 	126.026001 	438.000000 	437.683014 	446.075989 
29.500000 	126.045998 	438.000000 	437.674988 	446.153015 
29.600000 	126.045998 	438.000000 	437.674988 	446.153015 
29.700000 	126.045998 	438.000000 	437.674988 	446.153015 
29.800000 	126.045998 	438.000000 	437.674988 	446.153015 
29.900000 	126.045998 	438.000000 	437.674988 	446.153015 
30.000000 	126.045998 	438.000000 	437.674988 	446.153015 
30.100000 	126.045998 	438.000000 	437.674988 	446.153015 
30.200000 	126.045998 	438.000000 	437.674988 	446.153015 
30.300000 	126.045998 	438.000000 	437.674988 	446.153015 
30.400000 	126.045998 	438.000000 	437.674988 	446.153015 
30.500000 	126.065002 	438.000000 	437.665985 	446.234009 
30.600000 	126.065002 	438.000000 	437.665985 	446.234009 
30.700000 	126.065002 	438.000000 	437.665985 	446.234009 
30.800000 	126.065002 	438.000000 	437.665985 	446.234009 
30.900000 	126.065002 	438.000000 	437.665985 	446.234009 
31.000000 	126.065002 	438.000000 	437.665985 	446.234009 
31.100000 	126.065002 	438.000000 	437.665985 	446.234009 
31.200000 	126.065002 	438.000000 	437.665985 	446.234009 
31.300000 	126.065002 	438.000000 	437.665985 	446.234009 
31.400000 	126.065002 	438.000000 	437.665985 	446.234009 
31.500000 	126.084000 	438.000000 	437.657990 	446.316010 
31.600000 	126.084000 	438.000000 	437.657990 	446.316010 
31.700000 	126.084000 	438.000000 	437.657990 	446.316010 
31.800000 	126.084000 	438.000000 	437.657990 	446.316010 
31.900000 	126.084000 	438.000000 	437.657990 	446.316010 
32.000000 	126.084000 	438.000000 	437.657990 	446.316010 
32.100000 	126.084000 	438.000000 	437.657990 	446.316010 
32.200000 	126.084000 	438.000000 	437.657990 	446.316010 
32.300000 	126.084000 	438.000000 	437.657990 	446.316010 
32.400000 	126.084000 	438.000000 	437.657990 	446.316010 
32.500000 	126.101997 	438.000000 	437.649994 	446.399994 
32.600000 	126.101997 	438.000000 	437.649994 	446.399994 
32.700000 	126.101997 	438.000000 	437.649994 	446.399994 
32.800000 	126.101997 	438.000000 	437.649994 	446.399994 
32.900000 	126.101997 	438.000000 	437.649994 	446.399994 
33.000000 	126.101997 	438.000000 	437.649994 	446.399994 
33.100000 	126.101997 	438.000000 	437.649994 	446.399994 
33.200000 	126.101997 	438.000000 	437.649994 	446.399994 
33.300000 	126.101997 	438.000000 	437.649994 	446.399994 
33.400000 	126.101997 	438.000000 	437.649994 	446.399994 
33.500000 	126.120003 	438.000000 	437.640991 	446.487000 
33.600000 	126.120003 	438.000000 	437.640991 	446.487000 
33.700000 	126.120003 	438.000000 	437.640991 	446.487000 
33.800000 	126.120003 	438.000000 	437.640991 	446.487000 
33.900000 	126.120003 	438.000000 	437.640991 	446.487000 
34.000000 	126.120003 	438.000000 	437.640991 	446.487000 
34.100000 	126.120003 	438.000000 	437.640991 	446.487000 
34.200000 	126.120003 	438.000000 	437.640991 	446.487000 
34.300000 	126.120003 	438.000000 	437.640991 	446.487000 
34.400000 	126.120003 	438.000000 	437.640991 	446.487000 
34.500000 	126.138000 	438.000000 	437.631989 	446.575989 
34.600000 	126.138000 	438.000000 	437.631989 	446.575989 
34.700000 	126.138000 	438.000000 	437.631989 	446.575989 
34.800000 	126.138000 	438.000000 	437.631989 	446.575989 
34.900000 	126.138000 	438.000000 	437.631989 	446.575989 
35.000000 	126.138000 	438.000000 	437.631989 	446.575989 
35.100000 	126.138000 	438.000000 	437.631989 	446.575989 
35.200000 	126.138000 	438.000000 	437.631989 	446.575989 
35.300000 	126.138000 	438.000000 	437.631989 	446.575989 
35.400000 	126.138000 	438.000000 	437.631989 	446.575989 
35.500000 	126.154999 	438.000000 	437.622009 	446.666992 
35.600000 	126.154999 	438.000000 	437.622009 	446.666992 
35.700000 	126.154999 	438.000000 	437.622009 	446.666992 
35.800000 	126.154999 	438.000000 	437.622009 	446.666992 
35.900000 	126.154999 	438.000000 	437.622009 	446.666992 
36.000000 	126.154999 	438.000000 	437.622009 	446.666992 
36.100000 	126.154999 	438.000000 	437.622009 	446.666992 
36.200000 	126.154999 	438.000000 	437.622009 	446.666992 
36.300000 	126.154999 	438.000000 	437.622009 	446.666992 
36.400000 	126.154999 	438.000000 	437.622009 	446.666992 
36.500000 	126.171997 	438.000000 	437.613007 	446.760010 
36.600000 	126.171997 	438.000000 	437.613007 	446.760010 
36.700000 	126.171997 	438.000000 	437.613007 	446.760010 
36.800000 	126.171997 	438.000000 	437.613007 	446.760010 
36.900000 	126.171997 	438.000000 	437.613007 	446.760010 
37.000000 	126.171997 	438.000000 	437.613007 	446.760010 
37.100000 	126.171997 	438.000000 	437.613007 	446.760010 
37.200000 	126.171997 	438.000000 	437.613007 	446.760010 
37.300000 	126.171997 	438.000000 	437.613007 	446.760010 
37.400000 	126.171997 	438.000000 	437.613007 	446.760010 
37.500000 	126.189003 	438.000000 	437.602997 	446.855011 
37.600000 	126.189003 	438.000000 	437.602997 	446.855011 
37.700000 	126.189003 	438.000000 	437.602997 	446.855011 
37.800000 	126.189003 	438.000000 	437.602997 	446.855011 
37.900000 	126.189003 	438.000000 	437.602997 	446.855011 
38.000000 	126.189003 	438.000000 	437.602997 	446.855011 
38.100000 	126.189003 	438.000000 	437.602997 	446.855011 
38.200000 	126.189003 	438.000000 	437.602997 	446.855011 
38.300000 	126.189003 	438.000000 	437.602997 	446.855011 
38.400000 	126.189003 	438.000000 	437.602997 	446.855011 
38.500000 	126.205002 	438.000000 	437.592010 	446.951996 
38.600000 	126.205002 	438.000000 	437.592010 	446.951996 
38.700000 	126.205002 	438.000000 	437.592010 	446.951996 
38.800000 	126.205002 	438.000000 	437.592010 	446.951996 
38.900000 	126.205002 	438.000000 	437.592010 	446.951996 
39.000000 	126.205002 	438.000000 	437.592010 	446.951996 
39.100000 	126.205002 	438.000000 	437.592010 	446.951996 
39.200000 	126.205002 	438.000000 	437.592010 	446.951996 
39.300000 	126.205002 	438.000000 	437.592010 	446.951996 
39.400000 	126.205002 	438.000000 	437.592010 	446.951996 
39.500000 	126.222000 	438.000000 	437.580994 	447.049988 
39.600000 	126.222000 	438.000000 	437.580994 	447.049988 
39.700000 	126.222000 	438.000000 	437.580994 	447.049988 
39.800000 	126.222000 	438.000000 	437.580994 	447.049988 
39.900000 	126.222000 	438.000000 	437.580994 	447.049988 
40.000000 	126.222000 	438.000000 	437.580994 	447.049988 
40.100000 	126.222000 	438.000000 	437.580994 	447.049988 
40.200000 	126.222000 	438.000000 	437.580994 	447.049988 
40.300000 	126.222000 	438.000000 	437.580994 	447.049988 
40.400000 	126.222000 	438.000000 	437.580994 	447.049988 
40.500000 	126.238998 	438.000000 	437.569000 	447.151001 
40.600000 	126.238998 	438.000000 	437.569000 	447.151001 
40.700000 	126.238998 	438.000000 	437.569000 	447.151001 
40.800000 	126.238998 	438.000000 	437.569000 	447.151001 
40.900000 	126.238998 	438.000000 	437.569000 	447.151001 
41.000000 	126.238998 	438.000000 	437.569000 	447.151001 
41.100000 	126.238998 	438.000000 	437.569000 	447.151001 
41.200000 	126.238998 	438.000000 	437.569000 	447.151001 
41.300000 	126.238998 	438.000000 	437.569000 	447.151001 
41.400000 	126.238998 	438.000000 	437.569000 	447.151001 
41.500000 	126.254997 	438.000000 	437.557007 	447.253998 
41.600000 	126.254997 	438.000000 	437.557007 	447.253998 
41.700000 	126.254997 	438.000000 	437.557007 	447.253998 
41.800000 	126.254997 	438.000000 	437.557007 	447.253998 
41.900000 	126.254997 	438.000000 	437.557007 	447.253998 
42.000000 	126.254997 	438.000000 	437.557007 	447.253998 
42.100000 	126.254997 	438.000000 	437.557007 	447.253998 
42.200000 	126.254997 	438.000000 	437.557007 	447.253998 
42.300000 	126.254997 	438.000000 	437.557007 	447.253998 
42.400000 	126.254997 	438.000000 	437.557007 	447.253998 
42.500000 	126.272003 	438.000000 	437.544006 	447.358002 
42.600000 	126.272003 	438.000000 	437.544006 	447.358002 
42.700000 	126.272003 	438.000000 	437.544006 	447.358002 
42.800000 	126.272003 	438.000000 	437.544006 	447.358002 
42.900000 	126.272003 	438.000000 	437.544006 	447.358002 
43.000000 	126.272003 	438.000000 	437.544006 	447.358002 
43.100000 	126.272003 	438.000000 	437.544006 	447.358002 
43.200000 	126.272003 	438.000000 	437.544006 	447.358002 
43.300000 	126.272003 	438.000000 	437.544006 	447.358002 
43.400000 	126.272003 	438.000000 	437.544006 	447.358002 
43.500000 	126.288002 	438.000000 	437.529999 	447.463989 
43.600000 	126.288002 	438.000000 	437.529999 	447.463989 
43.700000 	126.288002 	438.000000 	437.529999 	447.463989 
43.800000 	126.288002 	438.000000 	437.529999 	447.463989 
43.900000 	126.288002 	438.000000 	437.529999 	447.463989 
44.000000 	126.288002 	438.000000 	437.529999 	447.463989 
44.100000 	126.288002 	438.000000 	437.529999 	447.463989 
44.200000 	126.288002 	438.000000 	437.529999 	447.463989 
44.300000 	126.288002 	438.000000 	437.529999 	447.463989 
44.400000 	126.288002 	438.000000 	437.529999 	447.463989 
44.500000 	126.305000 	438.000000 	437.515991 	447.571991 
44.600000 	126.305000 	438.000000 	437.515991 	447.571991 
44.700000 	126.305000 	438.000000 	437.515991 	447.571991 
44.800000 	126.305000 	438.000000 	437.515991 	447.571991 
44.900000 	126.305000 	438.000000 	437.515991 	447.571991 
45.000000 	126.305000 	438.000000 	437.515991 	447.571991 
45.100000 	126.305000 	438.000000 	437.515991 	447.571991 
45.200000 	126.305000 	438.000000 	437.515991 	447.571991 
45.300000 	126.305000 	438.000000 	437.515991 	447.571991 
45.400000 	126.305000 	438.000000 	437.515991 	447.571991 
45.500000 	126.321999 	438.000000 	437.501007 	447.682007 
45.600000 	126.321999 	438.000000 	437.501007 	447.682007 
45.700000 	126.321999 	438.000000 	437.501007 	447.682007 
45.800000 	126.321999 	438.000000 	437.501007 	447.682007 
45.900000 	126.321999 	438.000000 	437.501007 	447.682007 
46.000000 	126.321999 	438.000000 	437.501007 	447.682007 
46.100000 	126.321999 	438.000000 	437.501007 	447.682007 
46.200000 	126.321999 	438.000000 	437.501007 	447.682007 
46.300000 	126.321999 	438.000000 	437.501007 	447.682007 
46.400000 	126.321999 	438.000000 	437.501007 	447.682007 
46.500000 	126.338997 	438.000000 	437.484985 	447.792999 
46.600000 	126.338997 	438.000000 	437.484985 	447.792999 
46.700000 	126.338997 	438.000000 	437.484985 	447.792999 
46.800000 	126.338997 	438.000000 	437.484985 	447.792999 
46.900000 	126.338997 	438.000000 	437.484985 	447.792999 
47.000000 	126.338997 	438.000000 	437.484985 	447.792999 
47.100000 	126.338997 	438.000000 	437.484985 	447.792999 
47.200000 	126.338997 	438.000000 	437.484985 	447.792999 
47.300000 	126.338997 	438.000000 	437.484985 	447.792999 
47.400000 	126.338997 	438.000000 	437.484985 	447.792999 
47.500000 	126.356003 	438.000000 	437.467987 	447.906006 
47.600000 	126.356003 	438.000000 	437.467987 	447.906006 
47.700000 	126.356003 	438.000000 	437.467987 	447.906006 
47.800000 	126.356003 	438.000000 	437.467987 	447.906006 
47.900000 	126.356003 	438.000000 	437.467987 	447.906006 
48.000000 	126.356003 	438.000000 	437.467987 	447.906006 
48.100000 	126.356003 	438.000000 	437.467987 	447.906006 
48.200000 	126.356003 	438.000000 	437.467987 	447.906006 
48.300000 	126.356003 	438.000000 	437.467987 	447.906006 
48.400000 	126.356003 	438.000000 	437.467987 	447.906006 
48.500000 	126.374001 	438.000000 	437.450989 	448.019989 
48.600000 	126.374001 	438.000000 	437.450989 	448.019989 
48.700000 	126.374001 	438.000000 	437.450989 	448.019989 
48.800000 	126.374001 	438.000000 	437.450989 	448.019989 
48.900000 	126.374001 	438.000000 	437.450989 	448.019989 
49.000000 	126.374001 	438.000000 	437.450989 	448.019989 
49.100000 	126.374001 	438.000000 	437.450989 	448.019989 
49.200000 	126.374001 	438.000000 	437.450989 	448.019989 
49.300000 	126.374001 	438.000000 	437.450989 	448.019989 
49.400000 	126.374001 	438.000000 	437.450989 	448.019989 
49.500000 	126.390999 	438.000000 	437.432007 	448.135010 
49.600000 	126.390999 	438.000000 	437.432007 	448.135010 
49.700000 	126.390999 	438.000000 	437.432007 	448.135010 
49.800000 	126.390999 	438.000000 	437.432007 	448.135010 
49.900000 	126.390999 	438.000000 	437.432007 	448.135010 
50.000000 	126.390999 	438.000000 	437.432007 	448.135010 
50.100000 	126.390999 	438.000000 	437.432007 	448.135010 
50.200000 	126.390999 	438.000000 	437.432007 	448.135010 
50.300000 	126.390999 	438.000000 	437.432007 	448.135010 
50.400000 	126.390999 	438.000000 	437.432007 	448.135010 
50.500000 	126.408997 	438.000000 	437.412994 	448.252014 
50.600000 	126.408997 	438.000000 	437.412994 	448.252014 
50.700000 	126.408997 	438.000000 	437.412994 	448.252014 
50.800000 	126.408997 	438.000000 	437.412994 	448.252014 
50.900000 	126.408997 	438.000000 	437.412994 	448.252014 
51.000000 	126.408997 	438.000000 	437.412994 	448.252014 
51.100000 	126.408997 	438.000000 	437.412994 	448.252014 
51.200000 	126.408997 	438.000000 	437.412994 	448.252014 
51.300000 	126.408997 	438.000000 	437.412994 	448.252014 
51.400000 	126.408997 	438.000000 	437.412994 	448.252014 
51.500000 	126.427002 	438.000000 	437.391998 	448.371002 
51.600000 	126.427002 	438.000000 	437.391998 	448.371002 
51.700000 	126.427002 	438.000000 	437.391998 	448.371002 
51.800000 	126.427002 	438.000000 	437.391998 	448.371002 
51.900000 	126.427002 	438.000000 	437.391998 	448.371002 
52.000000 	126.427002 	438.000000 	437.391998 	448.371002 
52.100000 	126.427002 	438.000000 	437.391998 	448.371002 
52.200000 	126.427002 	438.000000 	437.391998 	448.371002 
52.300000 	126.427002 	438.000000 	437.391998 	448.371002 
52.400000 	126.427002 	438.000000 	437.391998 	448.371002 
52.500000 	126.445000 	438.000000 	437.371002 	448.489990 
52.600000 	126.445000 	438.000000 	437.371002 	448.489990 
52.700000 	126.445000 	438.000000 	437.371002 	448.489990 
52.800000 	126.445000 	438.000000 	437.371002 	448.489990 
52.900000 	126.445000 	438.000000 	437.371002 	448.489990 
53.000000 	126.445000 	438.000000 	437.371002 	448.489990 
53.100000 	126.445000 	438.000000 	437.371002 	448.489990 
53.200000 	126.445000 	438.000000 	437.371002 	448.489990 
53.300000 	126.445000 	438.000000 	437.371002 	448.489990 
53.400000 	126.445000 	438.000000 	437.371002 	448.489990 
53.500000 	126.463997 	438.000000 	437.347992 	448.610992 
53.600000 	126.463997 	438.000000 	437.347992 	448.610992 
53.700000 	126.463997 	438.000000 	437.347992 	448.610992 
53.800000 	126.463997 	438.000000 	437.347992 	448.610992 
53.900000 	126.463997 	438.000000 	437.347992 	448.610992 
54.000000 	126.463997 	438.000000 	437.347992 	448.610992 
54.100000 	126.463997 	438.000000 	437.347992 	448.610992 
54.200000 	126.463997 	438.000000 	437.347992 	448.610992 
54.300000 	126.463997 	438.000000 	437.347992 	448.610992 
54.400000 	126.463997 	438.000000 	437.347992 	448.610992 
54.500000 	126.483002 	438.000000 	437.324005 	448.733002 
54.600000 	126.483002 	438.000000 	437.324005 	448.733002 
54.700000 	126.483002 	438.000000 	437.324005 	448.733002 
54.800000 	126.483002 	438.000000 	437.324005 	448.733002 
54.900000 	126.483002 	438.000000 	437.324005 	448.733002 
55.000000 	126.483002 	438.000000 	437.324005 	448.733002 
55.100000 	126.483002 	438.000000 	437.324005 	448.733002 
55.200000 	126.483002 	438.000000 	437.324005 	448.733002 
55.300000 	126.483002 	438.000000 	437.324005 	448.733002 
55.400000 	126.483002 	438.000000 	437.324005 	448.733002 
55.500000 	126.501999 	438.000000 	437.298004 	448.855988 
55.600000 	126.501999 	438.000000 	437.298004 	448.855988 
55.700000 	126.501999 	438.000000 	437.298004 	448.855988 
55.800000 	126.501999 	438.000000 	437.298004 	448.855988 
55.900000 	126.501999 	438.000000 	437.298004 	448.855988 
56.000000 	126.501999 	438.000000 	437.298004 	448.855988 
56.100000 	126.501999 	438.000000 	437.298004 	448.855988 
56.200000 	126.501999 	438.000000 	437.298004 	448.855988 
56.300000 	126.501999 	438.000000 	437.298004 	448.855988 
56.400000 	126.501999 	438.000000 	437.298004 	448.855988 
56.500000 	126.521004 	438.000000 	437.272003 	448.979004 
56.600000 	126.521004 	438.000000 	437.272003 	448.979004 
56.700000 	126.521004 	438.000000 	437.272003 	448.979004 
56.800000 	126.521004 	438.000000 	437.272003 	448.979004 
56.900000 	126.521004 	438.000000 	437.272003 	448.979004 
57.000000 	126.521004 	438.000000 	437.272003 	448.979004 
57.100000 	126.521004 	438.000000 	437.272003 	448.979004 
57.200000 	126.521004 	438.000000 	437.272003 	448.979004 
57.300000 	126.521004 	438.000000 	437.272003 	448.979004 
57.400000 	126.521004 	438.000000 	437.272003 	448.979004 
57.500000 	126.541000 	438.000000 	437.243988 	449.104004 
57.600000 	126.541000 	438.000000 	437.243988 	449.104004 
57.700000 	126.541000 	438.000000 	437.243988 	449.104004 
57.800000 	126.541000 	438.000000 	437.243988 	449.104004 
57.900000 	126.541000 	438.000000 	437.243988 	449.104004 
58.000000 	126.541000 	438.000000 	437.243988 	449.104004 
58.100000 	126.541000 	438.000000 	437.243988 	449.104004 
58.200000 	126.541000 	438.000000 	437.243988 	449.104004 
58.300000 	126.541000 	438.000000 	437.243988 	449.104004 
58.400000 	126.541000 	438.000000 	437.243988 	449.104004 
58.500000 	126.560997 	438.000000 	437.214996 	449.230011 
58.600000 	126.560997 	438.000000 	437.214996 	449.230011 
58.700000 	126.560997 	438.000000 	437.214996 	449.230011 
58.800000 	126.560997 	438.000000 	437.214996 	449.230011 
58.900000 	126.560997 	438.000000 	437.214996 	449.230011 
59.000000 	126.560997 	438.000000 	437.214996 	449.230011 
59.100000 	126.560997 	438.000000 	437.214996 	449.230011 
59.200000 	126.560997 	438.000000 	437.214996 	449.230011 
59.300000 	126.560997 	438.000000 	437.214996 	449.230011 
59.400000 	126.560997 	438.000000 	437.214996 	449.230011 
59.500000 	126.581001 	438.000000 	437.183990 	449.355988 
59.600000 	126.581001 	438.000000 	437.183990 	449.355988 
59.700000 	126.581001 	438.000000 	437.183990 	449.355988 
59.800000 	126.581001 	438.000000 	437.183990 	449.355988 
59.900000 	126.581001 	438.000000 	437.183990 	449.355988 
60.000000 	126.581001 	438.000000 	437.183990 	449.355988 
