0.500000 	85.094704 	166.000000 	216.587006 	181.207001 
0.600000 	85.094704 	166.000000 	216.587006 	181.207001 
0.700000 	85.094704 	166.000000 	216.587006 	181.207001 
0.800000 	85.094704 	166.000000 	216.587006 	181.207001 
0.900000 	85.094704 	166.000000 	216.587006 	181.207001 
1.000000 	85.094704 	166.000000 	216.587006 	181.207001 
1.100000 	85.094704 	166.000000 	216.587006 	181.207001 
1.200000 	85.094704 	166.000000 	216.587006 	181.207001 
1.300000 	85.094704 	166.000000 	216.587006 	181.207001 
1.400000 	85.094704 	166.000000 	216.587006 	181.207001 
1.500000 	93.018303 	166.000000 	193.360992 	183.257996 
1.600000 	93.018303 	166.000000 	193.360992 	183.257996 
1.700000 	93.018303 	166.000000 	193.360992 	183.257996 
1.800000 	93.018303 	166.000000 	193.360992 	183.257996 
1.900000 	93.018303 	166.000000 	193.360992 	183.257996 
2.000000 	93.018303 	166.000000 	193.360992 	183.257996 
2.100000 	93.018303 	166.000000 	193.360992 	183.257996 
2.200000 	93.018303 	166.000000 	193.360992 	183.257996 
2.300000 	93.018303 	166.000000 	193.360992 	183.257996 
2.400000 	93.018303 	166.000000 	193.360992 	183.257996 
2.500000 	104.803001 	166.000000 	183.302994 	183.654007 
2.600000 	104.803001 	166.000000 	183.302994 	183.654007 
2.700000 	104.803001 	166.000000 	183.302994 	183.654007 
2.800000 	104.803001 	166.000000 	183.302994 	183.654007 
2.900000 	104.803001 	166.000000 	183.302994 	183.654007 
3.000000 	104.803001 	166.000000 	183.302994 	183.654007 
3.100000 	104.803001 	166.000000 	183.302994 	183.654007 
3.200000 	104.803001 	166.000000 	183.302994 	183.654007 
3.300000 	104.803001 	166.000000 	183.302994 	183.654007 
3.400000 	104.803001 	166.000000 	183.302994 	183.654007 
3.500000 	111.721001 	166.000000 	177.748993 	183.809998 
3.600000 	111.721001 	166.000000 	177.748993 	183.809998 
3.700000 	111.721001 	166.000000 	177.748993 	183.809998 
3.800000 	111.721001 	166.000000 	177.748993 	183.809998 
3.900000 	111.721001 	166.000000 	177.748993 	183.809998 
4.000000 	111.721001 	166.000000 	177.748993 	183.809998 
4.100000 	111.721001 	166.000000 	177.748993 	183.809998 
4.200000 	111.721001 	166.000000 	177.748993 	183.809998 
4.300000 	111.721001 	166.000000 	177.748993 	183.809998 
4.400000 	111.721001 	166.000000 	177.748993 	183.809998 
4.500000 	115.846001 	166.000000 	174.423996 	183.903000 
4.600000 	115.846001 	166.000000 	174.423996 	183.903000 
4.700000 	115.846001 	166.000000 	174.423996 	183.903000 
4.800000 	115.846001 	166.000000 	174.423996 	183.903000 
4.900000 	115.846001 	166.000000 	174.423996 	183.903000 
5.000000 	115.846001 	166.000000 	174.423996 	183.903000 
5.100000 	115.846001 	166.000000 	174.423996 	183.903000 
5.200000 	115.846001 	166.000000 	174.423996 	183.903000 
5.300000 	115.846001 	166.000000 	174.423996 	183.903000 
5.400000 	115.846001 	166.000000 	174.423996 	183.903000 
5.500000 	118.455002 	166.000000 	172.302994 	183.977997 
5.600000 	118.455002 	166.000000 	172.302994 	183.977997 
5.700000 	118.455002 	166.000000 	172.302994 	183.977997 
5.800000 	118.455002 	166.000000 	172.302994 	183.977997 
5.900000 	118.455002 	166.000000 	172.302994 	183.977997 
6.000000 	118.455002 	166.000000 	172.302994 	183.977997 
6.100000 	118.455002 	166.000000 	172.302994 	183.977997 
6.200000 	118.455002 	166.000000 	172.302994 	183.977997 
6.300000 	118.455002 	166.000000 	172.302994 	183.977997 
6.400000 	118.455002 	166.000000 	172.302994 	183.977997 
6.500000 	120.195000 	166.000000 	170.893005 	184.052994 
6.600000 	120.195000 	166.000000 	170.893005 	184.052994 
6.700000 	120.195000 	166.000000 	170.893005 	184.052994 
6.800000 	120.195000 	166.000000 	170.893005 	184.052994 
6.900000 	120.195000 	166.000000 	170.893005 	184.052994 
7.000000 	120.195000 	166.000000 	170.893005 	184.052994 
7.100000 	120.195000 	166.000000 	170.893005 	184.052994 
7.200000 	120.195000 	166.000000 	170.893005 	184.052994 
7.300000 	120.195000 	166.000000 	170.893005 	184.052994 
7.400000 	120.195000 	166.000000 	170.893005 	184.052994 
7.500000 	121.408997 	166.000000 	169.906006 	184.130997 
7.600000 	121.408997 	166.000000 	169.906006 	184.130997 
7.700000 	121.408997 	166.000000 	169.906006 	184.130997 
7.800000 	121.408997 	166.000000 	169.906006 	184.130997 
7.900000 	121.408997 	166.000000 	169.906006 	184.130997 
8.000000 	121.408997 	166.000000 	169.906006 	184.130997 
8.100000 	121.408997 	166.000000 	169.906006 	184.130997 
8.200000 	121.408997 	166.000000 	169.906006 	184.130997 
8.300000 	121.408997 	166.000000 	169.906006 	184.130997 
8.400000 	121.408997 	166.000000 	169.906006 	184.130997 
8.500000 	122.286003 	166.000000 	169.188004 	184.214996 
8.600000 	122.286003 	166.000000 	169.188004 	184.214996 
8.700000 	122.286003 	166.000000 	169.188004 	184.214996 
8.800000 	122.286003 	166.000000 	169.188004 	184.214996 
8.900000 	122.286003 	166.000000 	169.188004 	184.214996 
9.000000 	122.286003 	166.000000 	169.188004 	184.214996 
9.100000 	122.286003 	166.000000 	169.188004 	184.214996 
9.200000 	122.286003 	166.000000 	169.188004 	184.214996 
9.300000 	122.286003 	166.000000 	169.188004 	184.214996 
9.400000 	122.286003 	166.000000 	169.188004 	184.214996 
9.500000 	122.940002 	166.000000 	168.653000 	184.307007 
9.600000 	122.940002 	166.000000 	168.653000 	184.307007 
9.700000 	122.940002 	166.000000 	168.653000 	184.307007 
9.800000 	122.940002 	166.000000 	168.653000 	184.307007 
9.900000 	122.940002 	166.000000 	168.653000 	184.307007 
10.000000 	122.940002 	166.000000 	168.653000 	184.307007 
10.100000 	122.940002 	166.000000 	168.653000 	184.307007 
10.200000 	122.940002 	166.000000 	168.653000 	184.307007 
10.300000 	122.940002 	166.000000 	168.653000 	184.307007 
10.400000 	122.940002 	166.000000 	168.653000 	184.307007 
10.500000 	123.441002 	166.000000 	168.244003 	184.406998 
10.600000 	123.441002 	166.000000 	168.244003 	184.406998 
10.700000 	123.441002 	166.000000 	168.244003 	184.406998 
10.800000 	123.441002 	166.000000 	168.244003 	184.406998 
10.900000 	123.441002 	166.000000 	168.244003 	184.406998 
11.000000 	123.441002 	166.000000 	168.244003 	184.406998 
11.100000 	123.441002 	166.000000 	168.244003 	184.406998 
11.200000 	123.441002 	166.000000 	168.244003 	184.406998 
11.300000 	123.441002 	166.000000 	168.244003 	184.406998 
11.400000 	123.441002 	166.000000 	168.244003 	184.406998 
11.500000 	123.833000 	166.000000 	167.923996 	184.516006 
11.600000 	123.833000 	166.000000 	167.923996 	184.516006 
11.700000 	123.833000 	166.000000 	167.923996 	184.516006 
11.800000 	123.833000 	166.000000 	167.923996 	184.516006 
11.900000 	123.833000 	166.000000 	167.923996 	184.516006 
12.000000 	123.833000 	166.000000 	167.923996 	184.516006 
12.100000 	123.833000 	166.000000 	167.923996 	184.516006 
12.200000 	123.833000 	166.000000 	167.923996 	184.516006 
12.300000 	123.833000 	166.000000 	167.923996 	184.516006 
12.400000 	123.833000 	166.000000 	167.923996 	184.516006 
12.500000 	124.146004 	166.000000 	167.669998 	184.632996 
12.600000 	124.146004 	166.000000 	167.669998 	184.632996 
12.700000 	124.146004 	166.000000 	167.669998 	184.632996 
12.800000 	124.146004 	166.000000 	167.669998 	184.632996 
12.900000 	124.146004 	166.000000 	167.669998 	184.632996 
13.000000 	124.146004 	166.000000 	167.669998 	184.632996 
13.100000 	124.146004 	166.000000 	167.669998 	184.632996 
13.200000 	124.146004 	166.000000 	167.669998 	184.632996 
13.300000 	124.146004 	166.000000 	167.669998 	184.632996 
13.400000 	124.146004 	166.000000 	167.669998 	184.632996 
13.500000 	124.400002 	166.000000 	167.464996 	184.757996 
13.600000 	124.400002 	166.000000 	167.464996 	184.757996 
13.700000 	124.400002 	166.000000 	167.464996 	184.757996 
13.800000 	124.400002 	166.000000 	167.464996 	184.757996 
13.900000 	124.400002 	166.000000 	167.464996 	184.757996 
14.000000 	124.400002 	166.000000 	167.464996 	184.757996 
14.100000 	124.400002 	166.000000 	167.464996 	184.757996 
14.200000 	124.400002 	166.000000 	167.464996 	184.757996 
14.300000 	124.400002 	166.000000 	167.464996 	184.757996 
14.400000 	124.400002 	166.000000 	167.464996 	184.757996 
14.500000 	124.610001 	166.000000 	167.296997 	184.893005 
14.600000 	124.610001 	166.000000 	167.296997 	184.893005 
14.700000 	124.610001 	166.000000 	167.296997 	184.893005 
14.800000 	124.610001 	166.000000 	167.296997 	184.893005 
14.900000 	124.610001 	166.000000 	167.296997 	184.893005 
15.000000 	124.610001 	166.000000 	167.296997 	184.893005 
15.100000 	124.610001 	166.000000 	167.296997 	184.893005 
15.200000 	124.610001 	166.000000 	167.296997 	184.893005 
15.300000 	124.610001 	166.000000 	167.296997 	184.893005 
15.400000 	124.610001 	166.000000 	167.296997 	184.893005 
15.500000 	124.786003 	166.000000 	167.158005 	185.035995 
15.600000 	124.786003 	166.000000 	167.158005 	185.035995 
15.700000 	124.786003 	166.000000 	167.158005 	185.035995 
15.800000 	124.786003 	166.000000 	167.158005 	185.035995 
15.900000 	124.786003 	166.000000 	167.158005 	185.035995 
16.000000 	124.786003 	166.000000 	167.158005 	185.035995 
16.100000 	124.786003 	166.000000 	167.158005 	185.035995 
16.200000 	124.786003 	166.000000 	167.158005 	185.035995 
16.300000 	124.786003 	166.000000 	167.158005 	185.035995 
16.400000 	124.786003 	166.000000 	167.158005 	185.035995 
16.500000 	124.933998 	166.000000 	167.042007 	185.188004 
16.600000 	124.933998 	166.000000 	167.042007 	185.188004 
16.700000 	124.933998 	166.000000 	167.042007 	185.188004 
16.800000 	124.933998 	166.000000 	167.042007 	185.188004 
16.900000 	124.933998 	166.000000 	167.042007 	185.188004 
17.000000 	124.933998 	166.000000 	167.042007 	185.188004 
17.100000 	124.933998 	166.000000 	167.042007 	185.188004 
17.200000 	124.933998 	166.000000 	167.042007 	185.188004 
17.300000 	124.933998 	166.000000 	167.042007 	185.188004 
17.400000 	124.933998 	166.000000 	167.042007 	185.188004 
17.500000 	125.061996 	166.000000 	166.942993 	185.348999 
17.600000 	125.061996 	166.000000 	166.942993 	185.348999 
17.700000 	125.061996 	166.000000 	166.942993 	185.348999 
17.800000 	125.061996 	166.000000 	166.942993 	185.348999 
17.900000 	125.061996 	166.000000 	166.942993 	185.348999 
18.000000 	125.061996 	166.000000 	166.942993 	185.348999 
18.100000 	125.061996 	166.000000 	166.942993 	185.348999 
18.200000 	125.061996 	166.000000 	166.942993 	185.348999 
18.300000 	125.061996 	166.000000 	166.942993 	185.348999 
18.400000 	125.061996 	166.000000 	166.942993 	185.348999 
18.500000 	125.172997 	166.000000 	166.858994 	185.518005 
18.600000 	125.172997 	166.000000 	166.858994 	185.518005 
18.700000 	125.172997 	166.000000 	166.858994 	185.518005 
18.800000 	125.172997 	166.000000 	166.858994 	185.518005 
18.900000 	125.172997 	166.000000 	166.858994 	185.518005 
19.000000 	125.172997 	166.000000 	166.858994 	185.518005 
19.100000 	125.172997 	166.000000 	166.858994 	185.518005 
19.200000 	125.172997 	166.000000 	166.858994 	185.518005 
19.300000 	125.172997 	166.000000 	166.858994 	185.518005 
19.400000 	125.172997 	166.000000 	166.858994 	185.518005 
19.500000 	125.269997 	166.000000 	166.787003 	185.697006 
19.600000 	125.269997 	166.000000 	166.787003 	185.697006 
19.700000 	125.269997 	166.000000 	166.787003 	185.697006 
19.800000 	125.269997 	166.000000 	166.787003 	185.697006 
19.900000 	125.269997 	166.000000 	166.787003 	185.697006 
20.000000 	125.269997 	166.000000 	166.787003 	185.697006 
20.100000 	125.269997 	166.000000 	166.787003 	185.697006 
20.200000 	125.269997 	166.000000 	166.787003 	185.697006 
20.300000 	125.269997 	166.000000 	166.787003 	185.697006 
20.400000 	125.269997 	166.000000 	166.787003 	185.697006 
20.500000 	125.356003 	166.000000 	166.723999 	185.884995 
20.600000 	125.356003 	166.000000 	166.723999 	185.884995 
20.700000 	125.356003 	166.000000 	166.723999 	185.884995 
20.800000 	125.356003 	166.000000 	166.723999 	185.884995 
20.900000 	125.356003 	166.000000 	166.723999 	185.884995 
21.000000 	125.356003 	166.000000 	166.723999 	185.884995 
21.100000 	125.356003 	166.000000 	166.723999 	185.884995 
21.200000 	125.356003 	166.000000 	166.723999 	185.884995 
21.300000 	125.356003 	166.000000 	166.723999 	185.884995 
21.400000 	125.356003 	166.000000 	166.723999 	185.884995 
21.500000 	125.431999 	166.000000 	166.669006 	186.080994 
21.600000 	125.431999 	166.000000 	166.669006 	186.080994 
21.700000 	125.431999 	166.000000 	166.669006 	186.080994 
21.800000 	125.431999 	166.000000 	166.669006 	186.080994 
21.900000 	125.431999 	166.000000 	166.669006 	186.080994 
22.000000 	125.431999 	166.000000 	166.669006 	186.080994 
22.100000 	125.431999 	166.000000 	166.669006 	186.080994 
22.200000 	125.431999 	166.000000 	166.669006 	186.080994 
22.300000 	125.431999 	166.000000 	166.669006 	186.080994 
22.400000 	125.431999 	166.000000 	166.669006 	186.080994 
22.500000 	125.500999 	166.000000 	166.621002 	186.285995 
22.600000 	125.500999 	166.000000 	166.621002 	186.285995 
22.700000 	125.500999 	166.000000 	166.621002 	186.285995 
22.800000 	125.500999 	166.000000 	166.621002 	186.285995 
22.900000 	125.500999 	166.000000 	166.621002 	186.285995 
23.000000 	125.500999 	166.000000 	166.621002 	186.285995 
23.100000 	125.500999 	166.000000 	166.621002 	186.285995 
23.200000 	125.500999 	166.000000 	166.621002 	186.285995 
23.300000 	125.500999 	166.000000 	166.621002 	186.285995 
23.400000 	125.500999 	166.000000 	166.621002 	186.285995 
23.500000 	125.564003 	166.000000 	166.578003 	186.500000 
23.600000 	125.564003 	166.000000 	166.578003 	186.500000 
23.700000 	125.564003 	166.000000 	166.578003 	186.500000 
23.800000 	125.564003 	166.000000 	166.578003 	186.500000 
23.900000 	125.564003 	166.000000 	166.578003 	186.500000 
24.000000 	125.564003 	166.000000 	166.578003 	186.500000 
24.100000 	125.564003 	166.000000 	166.578003 	186.500000 
24.200000 	125.564003 	166.000000 	166.578003 	186.500000 
24.300000 	125.564003 	166.000000 	166.578003 	186.500000 
24.400000 	125.564003 	166.000000 	166.578003 	186.500000 
24.500000 	125.621002 	166.000000 	166.539993 	186.722000 
24.600000 	125.621002 	166.000000 	166.539993 	186.722000 
24.700000 	125.621002 	166.000000 	166.539993 	186.722000 
24.800000 	125.621002 	166.000000 	166.539993 	186.722000 
24.900000 	125.621002 	166.000000 	166.539993 	186.722000 
25.000000 	125.621002 	166.000000 	166.539993 	186.722000 
25.100000 	125.621002 	166.000000 	166.539993 	186.722000 
25.200000 	125.621002 	166.000000 	166.539993 	186.722000 
25.300000 	125.621002 	166.000000 	166.539993 	186.722000 
25.400000 	125.621002 	166.000000 	166.539993 	186.722000 
25.500000 	125.674004 	166.000000 	166.507004 	186.953003 
25.600000 	125.674004 	166.000000 	166.507004 	186.953003 
25.700000 	125.674004 	166.000000 	166.507004 	186.953003 
25.800000 	125.674004 	166.000000 	166.507004 	186.953003 
25.900000 	125.674004 	166.000000 	166.507004 	186.953003 
26.000000 	125.674004 	166.000000 	166.507004 	186.953003 
26.100000 	125.674004 	166.000000 	166.507004 	186.953003 
26.200000 	125.674004 	166.000000 	166.507004 	186.953003 
26.300000 	125.674004 	166.000000 	166.507004 	186.953003 
26.400000 	125.674004 	166.000000 	166.507004 	186.953003 
26.500000 	125.723000 	166.000000 	166.475998 	187.192001 
26.600000 	125.723000 	166.000000 	166.475998 	187.192001 
26.700000 	125.723000 	166.000000 	166.475998 	187.192001 
26.800000 	125.723000 	166.000000 	166.475998 	187.192001 
26.900000 	125.723000 	166.000000 	166.475998 	187.192001 
27.000000 	125.723000 	166.000000 	166.475998 	187.192001 
27.100000 	125.723000 	166.000000 	166.475998 	187.192001 
27.200000 	125.723000 	166.000000 	166.475998 	187.192001 
27.300000 	125.723000 	166.000000 	166.475998 	187.192001 
27.400000 	125.723000 	166.000000 	166.475998 	187.192001 
27.500000 	125.768997 	166.000000 	166.449005 	187.440002 
27.600000 	125.768997 	166.000000 	166.449005 	187.440002 
27.700000 	125.768997 	166.000000 	166.449005 	187.440002 
27.800000 	125.768997 	166.000000 	166.449005 	187.440002 
27.900000 	125.768997 	166.000000 	166.449005 	187.440002 
28.000000 	125.768997 	166.000000 	166.449005 	187.440002 
28.100000 	125.768997 	166.000000 	166.449005 	187.440002 
28.200000 	125.768997 	166.000000 	166.449005 	187.440002 
28.300000 	125.768997 	166.000000 	166.449005 	187.440002 
28.400000 	125.768997 	166.000000 	166.449005 	187.440002 
28.500000 	125.811996 	166.000000 	166.423996 	187.697006 
28.600000 	125.811996 	166.000000 	166.423996 	187.697006 
28.700000 	125.811996 	166.000000 	166.423996 	187.697006 
28.800000 	125.811996 	166.000000 	166.423996 	187.697006 
28.900000 	125.811996 	166.000000 	166.423996 	187.697006 
29.000000 	125.811996 	166.000000 	166.423996 	187.697006 
29.100000 	125.811996 	166.000000 	166.423996 	187.697006 
29.200000 	125.811996 	166.000000 	166.423996 	187.697006 
29.300000 	125.811996 	166.000000 	166.423996 	187.697006 
29.400000 	125.811996 	166.000000 	166.423996 	187.697006 
29.500000 	125.852997 	166.000000 	166.401001 	187.962006 
29.600000 	125.852997 	166.000000 	166.401001 	187.962006 
29.700000 	125.852997 	166.000000 	166.401001 	187.962006 
29.800000 	125.852997 	166.000000 	166.401001 	187.962006 
29.900000 	125.852997 	166.000000 	166.401001 	187.962006 
30.000000 	125.852997 	166.000000 	166.401001 	187.962006 
30.100000 	125.852997 	166.000000 	166.401001 	187.962006 
30.200000 	125.852997 	166.000000 	166.401001 	187.962006 
30.300000 	125.852997 	166.000000 	166.401001 	187.962006 
30.400000 	125.852997 	166.000000 	166.401001 	187.962006 
30.500000 	125.891998 	166.000000 	166.380005 	188.235001 
30.600000 	125.891998 	166.000000 	166.380005 	188.235001 
30.700000 	125.891998 	166.000000 	166.380005 	188.235001 
30.800000 	125.891998 	166.000000 	166.380005 	188.235001 
30.900000 	125.891998 	166.000000 	166.380005 	188.235001 
31.000000 	125.891998 	166.000000 	166.380005 	188.235001 
31.100000 	125.891998 	166.000000 	166.380005 	188.235001 
31.200000 	125.891998 	166.000000 	166.380005 	188.235001 
31.300000 	125.891998 	166.000000 	166.380005 	188.235001 
31.400000 	125.891998 	166.000000 	166.380005 	188.235001 
31.500000 	125.929001 	166.000000 	166.360992 	188.516006 
31.600000 	125.929001 	166.000000 	166.360992 	188.516006 
31.700000 	125.929001 	166.000000 	166.360992 	188.516006 
31.800000 	125.929001 	166.000000 	166.360992 	188.516006 
31.900000 	125.929001 	166.000000 	166.360992 	188.516006 
32.000000 	125.929001 	166.000000 	166.360992 	188.516006 
32.100000 	125.929001 	166.000000 	166.360992 	188.516006 
32.200000 	125.929001 	166.000000 	166.360992 	188.516006 
32.300000 	125.929001 	166.000000 	166.360992 	188.516006 
32.400000 	125.929001 	166.000000 	166.360992 	188.516006 
32.500000 	125.964996 	166.000000 	166.343002 	188.806000 
32.600000 	125.964996 	166.000000 	166.343002 	188.806000 
32.700000 	125.964996 	166.000000 	166.343002 	188.806000 
32.800000 	125.964996 	166.000000 	166.343002 	188.806000 
32.900000 	125.964996 	166.000000 	166.343002 	188.806000 
33.000000 	125.964996 	166.000000 	166.343002 	188.806000 
33.100000 	125.964996 	166.000000 	166.343002 	188.806000 
33.200000 	125.964996 	166.000000 	166.343002 	188.806000 
33.300000 	125.964996 	166.000000 	166.343002 	188.806000 
33.400000 	125.964996 	166.000000 	166.343002 	188.806000 
33.500000 	125.999001 	166.000000 	166.326004 	189.104004 
33.600000 	125.999001 	166.000000 	166.326004 	189.104004 
33.700000 	125.999001 	166.000000 	166.326004 	189.104004 
33.800000 	125.999001 	166.000000 	166.326004 	189.104004 
33.900000 	125.999001 	166.000000 	166.326004 	189.104004 
34.000000 	125.999001 	166.000000 	166.326004 	189.104004 
34.100000 	125.999001 	166.000000 	166.326004 	189.104004 
34.200000 	125.999001 	166.000000 	166.326004 	189.104004 
34.300000 	125.999001 	166.000000 	166.326004 	189.104004 
34.400000 	125.999001 	166.000000 	166.326004 	189.104004 
34.500000 	126.031998 	166.000000 	166.311005 	189.410004 
34.600000 	126.031998 	166.000000 	166.311005 	189.410004 
34.700000 	126.031998 	166.000000 	166.311005 	189.410004 
34.800000 	126.031998 	166.000000 	166.311005 	189.410004 
34.900000 	126.031998 	166.000000 	166.311005 	189.410004 
35.000000 	126.031998 	166.000000 	166.311005 	189.410004 
35.100000 	126.031998 	166.000000 	166.311005 	189.410004 
35.200000 	126.031998 	166.000000 	166.311005 	189.410004 
35.300000 	126.031998 	166.000000 	166.311005 	189.410004 
35.400000 	126.031998 	166.000000 	166.311005 	189.410004 
35.500000 	126.064003 	166.000000 	166.296997 	189.723007 
35.600000 	126.064003 	166.000000 	166.296997 	189.723007 
35.700000 	126.064003 	166.000000 	166.296997 	189.723007 
35.800000 	126.064003 	166.000000 	166.296997 	189.723007 
35.900000 	126.064003 	166.000000 	166.296997 	189.723007 
36.000000 	126.064003 	166.000000 	166.296997 	189.723007 
36.100000 	126.064003 	166.000000 	166.296997 	189.723007 
36.200000 	126.064003 	166.000000 	166.296997 	189.723007 
36.300000 	126.064003 	166.000000 	166.296997 	189.723007 
36.400000 	126.064003 	166.000000 	166.296997 	189.723007 
36.500000 	126.094002 	166.000000 	166.283005 	190.044998 
36.600000 	126.094002 	166.000000 	166.283005 	190.044998 
36.700000 	126.094002 	166.000000 	166.283005 	190.044998 
36.800000 	126.094002 	166.000000 	166.283005 	190.044998 
36.900000 	126.094002 	166.000000 	166.283005 	190.044998 
37.000000 	126.094002 	166.000000 	166.283005 	190.044998 
37.100000 	126.094002 	166.000000 	166.283005 	190.044998 
37.200000 	126.094002 	166.000000 	166.283005 	190.044998 
37.300000 	126.094002 	166.000000 	166.283005 	190.044998 
37.400000 	126.094002 	166.000000 	166.283005 	190.044998 
37.500000 	126.125000 	166.000000 	166.270004 	190.373993 
37.600000 	126.125000 	166.000000 	166.270004 	190.373993 
37.700000 	126.125000 	166.000000 	166.270004 	190.373993 
37.800000 	126.125000 	166.000000 	166.270004 	190.373993 
37.900000 	126.125000 	166.000000 	166.270004 	190.373993 
38.000000 	126.125000 	166.000000 	166.270004 	190.373993 
38.100000 	126.125000 	166.000000 	166.270004 	190.373993 
38.200000 	126.125000 	166.000000 	166.270004 	190.373993 
38.300000 	126.125000 	166.000000 	166.270004 	190.373993 
38.400000 	126.125000 	166.000000 	166.270004 	190.373993 
38.500000 	126.156998 	166.000000 	166.257996 	190.710999 
38.600000 	126.156998 	166.000000 	166.257996 	190.710999 
38.700000 	126.156998 	166.000000 	166.257996 	190.710999 
38.800000 	126.156998 	166.000000 	166.257996 	190.710999 
38.900000 	126.156998 	166.000000 	166.257996 	190.710999 
39.000000 	126.156998 	166.000000 	166.257996 	190.710999 
39.100000 	126.156998 	166.000000 	166.257996 	190.710999 
39.200000 	126.156998 	166.000000 	166.257996 	190.710999 
39.300000 	126.156998 	166.000000 	166.257996 	190.710999 
39.400000 	126.156998 	166.000000 	166.257996 	190.710999 
39.500000 	126.186996 	166.000000 	166.246002 	191.056000 
39.600000 	126.186996 	166.000000 	166.246002 	191.056000 
39.700000 	126.186996 	166.000000 	166.246002 	191.056000 
39.800000 	126.186996 	166.000000 	166.246002 	191.056000 
39.900000 	126.186996 	166.000000 	166.246002 	191.056000 
40.000000 	126.186996 	166.000000 	166.246002 	191.056000 
40.100000 	126.186996 	166.000000 	166.246002 	191.056000 
40.200000 	126.186996 	166.000000 	166.246002 	191.056000 
40.300000 	126.186996 	166.000000 	166.246002 	191.056000 
40.400000 	126.186996 	166.000000 	166.246002 	191.056000 
40.500000 	126.218002 	166.000000 	166.235001 	191.408005 
40.600000 	126.218002 	166.000000 	166.235001 	191.408005 
40.700000 	126.218002 	166.000000 	166.235001 	191.408005 
40.800000 	126.218002 	166.000000 	166.235001 	191.408005 
40.900000 	126.218002 	166.000000 	166.235001 	191.408005 
41.000000 	126.218002 	166.000000 	166.235001 	191.408005 
41.100000 	126.218002 	166.000000 	166.235001 	191.408005 
41.200000 	126.218002 	166.000000 	166.235001 	191.408005 
41.300000 	126.218002 	166.000000 	166.235001 	191.408005 
41.400000 	126.218002 	166.000000 	166.235001 	191.408005 
41.500000 	126.248001 	166.000000 	166.223999 	191.768005 
41.600000 	126.248001 	166.000000 	166.223999 	191.768005 
41.700000 	126.248001 	166.000000 	166.223999 	191.768005 
41.800000 	126.248001 	166.000000 	166.223999 	191.768005 
41.900000 	126.248001 	166.000000 	166.223999 	191.768005 
42.000000 	126.248001 	166.000000 	166.223999 	191.768005 
42.100000 	126.248001 	166.000000 	166.223999 	191.768005 
42.200000 	126.248001 	166.000000 	166.223999 	191.768005 
42.300000 	126.248001 	166.000000 	166.223999 	191.768005 
42.400000 	126.248001 	166.000000 	166.223999 	191.768005 
42.500000 	126.278000 	166.000000 	166.214005 	192.134995 
42.600000 	126.278000 	166.000000 	166.214005 	192.134995 
42.700000 	126.278000 	166.000000 	166.214005 	192.134995 
42.800000 	126.278000 	166.000000 	166.214005 	192.134995 
42.900000 	126.278000 	166.000000 	166.214005 	192.134995 
43.000000 	126.278000 	166.000000 	166.214005 	192.134995 
43.100000 	126.278000 	166.000000 	166.214005 	192.134995 
43.200000 	126.278000 	166.000000 	166.214005 	192.134995 
43.300000 	126.278000 	166.000000 	166.214005 	192.134995 
43.400000 	126.278000 	166.000000 	166.214005 	192.134995 
43.500000 	126.307999 	166.000000 	166.203003 	192.509995 
43.600000 	126.307999 	166.000000 	166.203003 	192.509995 
43.700000 	126.307999 	166.000000 	166.203003 	192.509995 
43.800000 	126.307999 	166.000000 	166.203003 	192.509995 
43.900000 	126.307999 	166.000000 	166.203003 	192.509995 
44.000000 	126.307999 	166.000000 	166.203003 	192.509995 
44.100000 	126.307999 	166.000000 	166.203003 	192.509995 
44.200000 	126.307999 	166.000000 	166.203003 	192.509995 
44.300000 	126.307999 	166.000000 	166.203003 	192.509995 
44.400000 	126.307999 	166.000000 	166.203003 	192.509995 
44.500000 	126.338997 	166.000000 	166.192993 	192.891998 
44.600000 	126.338997 	166.000000 	166.192993 	192.891998 
44.700000 	126.338997 	166.000000 	166.192993 	192.891998 
44.800000 	126.338997 	166.000000 	166.192993 	192.891998 
44.900000 	126.338997 	166.000000 	166.192993 	192.891998 
45.000000 	126.338997 	166.000000 	166.192993 	192.891998 
45.100000 	126.338997 	166.000000 	166.192993 	192.891998 
45.200000 	126.338997 	166.000000 	166.192993 	192.891998 
45.300000 	126.338997 	166.000000 	166.192993 	192.891998 
45.400000 	126.338997 	166.000000 	166.192993 	192.891998 
45.500000 	126.370003 	166.000000 	166.182999 	193.279999 
45.600000 	126.370003 	166.000000 	166.182999 	193.279999 
45.700000 	126.370003 	166.000000 	166.182999 	193.279999 
45.800000 	126.370003 	166.000000 	166.182999 	193.279999 
45.900000 	126.370003 	166.000000 	166.182999 	193.279999 
46.000000 	126.370003 	166.000000 	166.182999 	193.279999 
46.100000 	126.370003 	166.000000 	166.182999 	193.279999 
46.200000 	126.370003 	166.000000 	166.182999 	193.279999 
46.300000 	126.370003 	166.000000 	166.182999 	193.279999 
46.400000 	126.370003 	166.000000 	166.182999 	193.279999 
46.500000 	126.403000 	166.000000 	166.173996 	193.675995 
46.600000 	126.403000 	166.000000 	166.173996 	193.675995 
46.700000 	126.403000 	166.000000 	166.173996 	193.675995 
46.800000 	126.403000 	166.000000 	166.173996 	193.675995 
46.900000 	126.403000 	166.000000 	166.173996 	193.675995 
47.000000 	126.403000 	166.000000 	166.173996 	193.675995 
47.100000 	126.403000 	166.000000 	166.173996 	193.675995 
47.200000 	126.403000 	166.000000 	166.173996 	193.675995 
47.300000 	126.403000 	166.000000 	166.173996 	193.675995 
47.400000 	126.403000 	166.000000 	166.173996 	193.675995 
47.500000 	126.432999 	166.000000 	166.164001 	194.078995 
47.600000 	126.432999 	166.000000 	166.164001 	194.078995 
47.700000 	126.432999 	166.000000 	166.164001 	194.078995 
47.800000 	126.432999 	166.000000 	166.164001 	194.078995 
47.900000 	126.432999 	166.000000 	166.164001 	194.078995 
48.000000 	126.432999 	166.000000 	166.164001 	194.078995 
48.100000 	126.432999 	166.000000 	166.164001 	194.078995 
48.200000 	126.432999 	166.000000 	166.164001 	194.078995 
48.300000 	126.432999 	166.000000 	166.164001 	194.078995 
48.400000 	126.432999 	166.000000 	166.164001 	194.078995 
48.500000 	126.462997 	166.000000 	166.154007 	194.488007 
48.600000 	126.462997 	166.000000 	166.154007 	194.488007 
48.700000 	126.462997 	166.000000 	166.154007 	194.488007 
48.800000 	126.462997 	166.000000 	166.154007 	194.488007 
48.900000 	126.462997 	166.000000 	166.154007 	194.488007 
49.000000 	126.462997 	166.000000 	166.154007 	194.488007 
49.100000 	126.462997 	166.000000 	166.154007 	194.488007 
49.200000 	126.462997 	166.000000 	166.154007 	194.488007 
49.300000 	126.462997 	166.000000 	166.154007 	194.488007 
49.400000 	126.462997 	166.000000 	166.154007 	194.488007 
49.500000 	126.491997 	166.000000 	166.145004 	194.904999 
49.600000 	126.491997 	166.000000 	166.145004 	194.904999 
49.700000 	126.491997 	166.000000 	166.145004 	194.904999 
49.800000 	126.491997 	166.000000 	166.145004 	194.904999 
49.900000 	126.491997 	166.000000 	166.145004 	194.904999 
50.000000 	126.491997 	166.000000 	166.145004 	194.904999 
50.100000 	126.491997 	166.000000 	166.145004 	194.904999 
50.200000 	126.491997 	166.000000 	166.145004 	194.904999 
50.300000 	126.491997 	166.000000 	166.145004 	194.904999 
50.400000 	126.491997 	166.000000 	166.145004 	194.904999 
50.500000 	126.522003 	166.000000 	166.134995 	195.328003 
50.600000 	126.522003 	166.000000 	166.134995 	195.328003 
50.700000 	126.522003 	166.000000 	166.134995 	195.328003 
50.800000 	126.522003 	166.000000 	166.134995 	195.328003 
50.900000 	126.522003 	166.000000 	166.134995 	195.328003 
51.000000 	126.522003 	166.000000 	166.134995 	195.328003 
51.100000 	126.522003 	166.000000 	166.134995 	195.328003 
51.200000 	126.522003 	166.000000 	166.134995 	195.328003 
51.300000 	126.522003 	166.000000 	166.134995 	195.328003 
51.400000 	126.522003 	166.000000 	166.134995 	195.328003 
51.500000 	126.552002 	166.000000 	166.125000 	195.757004 
51.600000 	126.552002 	166.000000 	166.125000 	195.757004 
51.700000 	126.552002 	166.000000 	166.125000 	195.757004 
51.800000 	126.552002 	166.000000 	166.125000 	195.757004 
51.900000 	126.552002 	166.000000 	166.125000 	195.757004 
52.000000 	126.552002 	166.000000 	166.125000 	195.757004 
52.100000 	126.552002 	166.000000 	166.125000 	195.757004 
52.200000 	126.552002 	166.000000 	166.125000 	195.757004 
52.300000 	126.552002 	166.000000 	166.125000 	195.757004 
52.400000 	126.552002 	166.000000 	166.125000 	195.757004 
52.500000 	126.582001 	166.000000 	166.115005 	196.192993 
52.600000 	126.582001 	166.000000 	166.115005 	196.192993 
52.700000 	126.582001 	166.000000 	166.115005 	196.192993 
52.800000 	126.582001 	166.000000 	166.115005 	196.192993 
52.900000 	126.582001 	166.000000 	166.115005 	196.192993 
53.000000 	126.582001 	166.000000 	166.115005 	196.192993 
53.100000 	126.582001 	166.000000 	166.115005 	196.192993 
53.200000 	126.582001 	166.000000 	166.115005 	196.192993 
53.300000 	126.582001 	166.000000 	166.115005 	196.192993 
53.400000 	126.582001 	166.000000 	166.115005 	196.192993 
53.500000 	126.612999 	166.000000 	166.104996 	196.634995 
53.600000 	126.612999 	166.000000 	166.104996 	196.634995 
53.700000 	126.612999 	166.000000 	166.104996 	196.634995 
53.800000 	126.612999 	166.000000 	166.104996 	196.634995 
53.900000 	126.612999 	166.000000 	166.104996 	196.634995 
54.000000 	126.612999 	166.000000 	166.104996 	196.634995 
54.100000 	126.612999 	166.000000 	166.104996 	196.634995 
54.200000 	126.612999 	166.000000 	166.104996 	196.634995 
54.300000 	126.612999 	166.000000 	166.104996 	196.634995 
54.400000 	126.612999 	166.000000 	166.104996 	196.634995 
54.500000 	126.643997 	166.000000 	166.095001 	197.084000 
54.600000 	126.643997 	166.000000 	166.095001 	197.084000 
54.700000 	126.643997 	166.000000 	166.095001 	197.084000 
54.800000 	126.643997 	166.000000 	166.095001 	197.084000 
54.900000 	126.643997 	166.000000 	166.095001 	197.084000 
55.000000 	126.643997 	166.000000 	166.095001 	197.084000 
55.100000 	126.643997 	166.000000 	166.095001 	197.084000 
55.200000 	126.643997 	166.000000 	166.095001 	197.084000 
55.300000 	126.643997 	166.000000 	166.095001 	197.084000 
55.400000 	126.643997 	166.000000 	166.095001 	197.084000 
55.500000 	126.675003 	166.000000 	166.085007 	197.537994 
55.600000 	126.675003 	166.000000 	166.085007 	197.537994 
55.700000 	126.675003 	166.000000 	166.085007 	197.537994 
55.800000 	126.675003 	166.000000 	166.085007 	197.537994 
55.900000 	126.675003 	166.000000 	166.085007 	197.537994 
56.000000 	126.675003 	166.000000 	166.085007 	197.537994 
56.100000 	126.675003 	166.000000 	166.085007 	197.537994 
56.200000 	126.675003 	166.000000 	166.085007 	197.537994 
56.300000 	126.675003 	166.000000 	166.085007 	197.537994 
56.400000 	126.675003 	166.000000 	166.085007 	197.537994 
56.500000 	126.706001 	166.000000 	166.074005 	197.998993 
56.600000 	126.706001 	166.000000 	166.074005 	197.998993 
56.700000 	126.706001 	166.000000 	166.074005 	197.998993 
56.800000 	126.706001 	166.000000 	166.074005 	197.998993 
56.900000 	126.706001 	166.000000 	166.074005 	197.998993 
57.000000 	126.706001 	166.000000 	166.074005 	197.998993 
57.100000 	126.706001 	166.000000 	166.074005 	197.998993 
57.200000 	126.706001 	166.000000 	166.074005 	197.998993 
57.300000 	126.706001 	166.000000 	166.074005 	197.998993 
57.400000 	126.706001 	166.000000 	166.074005 	197.998993 
57.500000 	126.737999 	166.000000 	166.063995 	198.466003 
57.600000 	126.737999 	166.000000 	166.063995 	198.466003 
57.700000 	126.737999 	166.000000 	166.063995 	198.466003 
57.800000 	126.737999 	166.000000 	166.063995 	198.466003 
57.900000 	126.737999 	166.000000 	166.063995 	198.466003 
58.000000 	126.737999 	166.000000 	166.063995 	198.466003 
58.100000 	126.737999 	166.000000 	166.063995 	198.466003 
58.200000 	126.737999 	166.000000 	166.063995 	198.466003 
58.300000 	126.737999 	166.000000 	166.063995 	198.466003 
58.400000 	126.737999 	166.000000 	166.063995 	198.466003 
58.500000 	126.769997 	166.000000 	166.052994 	198.938004 
58.600000 	126.769997 	166.000000 	166.052994 	198.938004 
58.700000 	126.769997 	166.000000 	166.052994 	198.938004 
58.800000 	126.769997 	166.000000 	166.052994 	198.938004 
58.900000 	126.769997 	166.000000 	166.052994 	198.938004 
59.000000 	126.769997 	166.000000 	166.052994 	198.938004 
59.100000 	126.769997 	166.000000 	166.052994 	198.938004 
59.200000 	126.769997 	166.000000 	166.052994 	198.938004 
59.300000 	126.769997 	166.000000 	166.052994 	198.938004 
59.400000 	126.769997 	166.000000 	166.052994 	198.938004 
59.500000 	126.802002 	166.000000 	166.041000 	199.416000 
59.600000 	126.802002 	166.000000 	166.041000 	199.416000 
59.700000 	126.802002 	166.000000 	166.041000 	199.416000 
59.800000 	126.802002 	166.000000 	166.041000 	199.416000 
59.900000 	126.802002 	166.000000 	166.041000 	199.416000 
60.000000 	126.802002 	166.000000 	166.041000 	199.416000 
