0.500000 	94.053703 	490.000000 	506.526001 	495.990997 
0.600000 	94.053703 	490.000000 	506.526001 	495.990997 
0.700000 	94.053703 	490.000000 	506.526001 	495.990997 
0.800000 	94.053703 	490.000000 	506.526001 	495.990997 
0.900000 	94.053703 	490.000000 	506.526001 	495.990997 
1.000000 	94.053703 	490.000000 	506.526001 	495.990997 
1.100000 	94.053703 	490.000000 	506.526001 	495.990997 
1.200000 	94.053703 	490.000000 	506.526001 	495.990997 
1.300000 	94.053703 	490.000000 	506.526001 	495.990997 
1.400000 	94.053703 	490.000000 	506.526001 	495.990997 
1.500000 	103.896004 	490.000000 	497.069000 	496.045990 
1.600000 	103.896004 	490.000000 	497.069000 	496.045990 
1.700000 	103.896004 	490.000000 	497.069000 	496.045990 
1.800000 	103.896004 	490.000000 	497.069000 	496.045990 
1.900000 	103.896004 	490.000000 	497.069000 	496.045990 
2.000000 	103.896004 	490.000000 	497.069000 	496.045990 
2.100000 	103.896004 	490.000000 	497.069000 	496.045990 
2.200000 	103.896004 	490.000000 	497.069000 	496.045990 
2.300000 	103.896004 	490.000000 	497.069000 	496.045990 
2.400000 	103.896004 	490.000000 	497.069000 	496.045990 
2.500000 	113.714996 	490.000000 	493.566986 	496.066010 
2.600000 	113.714996 	490.000000 	493.566986 	496.066010 
2.700000 	113.714996 	490.000000 	493.566986 	496.066010 
2.800000 	113.714996 	490.000000 	493.566986 	496.066010 
2.900000 	113.714996 	490.000000 	493.566986 	496.066010 
3.000000 	113.714996 	490.000000 	493.566986 	496.066010 
3.100000 	113.714996 	490.000000 	493.566986 	496.066010 
3.200000 	113.714996 	490.000000 	493.566986 	496.066010 
3.300000 	113.714996 	490.000000 	493.566986 	496.066010 
3.400000 	113.714996 	490.000000 	493.566986 	496.066010 
3.500000 	118.497002 	490.000000 	491.998993 	496.100006 
3.600000 	118.497002 	490.000000 	491.998993 	496.100006 
3.700000 	118.497002 	490.000000 	491.998993 	496.100006 
3.800000 	118.497002 	490.000000 	491.998993 	496.100006 
3.900000 	118.497002 	490.000000 	491.998993 	496.100006 
4.000000 	118.497002 	490.000000 	491.998993 	496.100006 
4.100000 	118.497002 	490.000000 	491.998993 	496.100006 
4.200000 	118.497002 	490.000000 	491.998993 	496.100006 
4.300000 	118.497002 	490.000000 	491.998993 	496.100006 
4.400000 	118.497002 	490.000000 	491.998993 	496.100006 
4.500000 	121.011002 	490.000000 	491.196991 	496.132996 
4.600000 	121.011002 	490.000000 	491.196991 	496.132996 
4.700000 	121.011002 	490.000000 	491.196991 	496.132996 
4.800000 	121.011002 	490.000000 	491.196991 	496.132996 
4.900000 	121.011002 	490.000000 	491.196991 	496.132996 
5.000000 	121.011002 	490.000000 	491.196991 	496.132996 
5.100000 	121.011002 	490.000000 	491.196991 	496.132996 
5.200000 	121.011002 	490.000000 	491.196991 	496.132996 
5.300000 	121.011002 	490.000000 	491.196991 	496.132996 
5.400000 	121.011002 	490.000000 	491.196991 	496.132996 
5.500000 	122.468002 	490.000000 	490.742004 	496.162994 
5.600000 	122.468002 	490.000000 	490.742004 	496.162994 
5.700000 	122.468002 	490.000000 	490.742004 	496.162994 
5.800000 	122.468002 	490.000000 	490.742004 	496.162994 
5.900000 	122.468002 	490.000000 	490.742004 	496.162994 
6.000000 	122.468002 	490.000000 	490.742004 	496.162994 
6.100000 	122.468002 	490.000000 	490.742004 	496.162994 
6.200000 	122.468002 	490.000000 	490.742004 	496.162994 
6.300000 	122.468002 	490.000000 	490.742004 	496.162994 
6.400000 	122.468002 	490.000000 	490.742004 	496.162994 
6.500000 	123.380997 	490.000000 	490.460999 	496.191010 
6.600000 	123.380997 	490.000000 	490.460999 	496.191010 
6.700000 	123.380997 	490.000000 	490.460999 	496.191010 
6.800000 	123.380997 	490.000000 	490.460999 	496.191010 
6.900000 	123.380997 	490.000000 	490.460999 	496.191010 
7.000000 	123.380997 	490.000000 	490.460999 	496.191010 
7.100000 	123.380997 	490.000000 	490.460999 	496.191010 
7.200000 	123.380997 	490.000000 	490.460999 	496.191010 
7.300000 	123.380997 	490.000000 	490.460999 	496.191010 
7.400000 	123.380997 	490.000000 	490.460999 	496.191010 
7.500000 	123.989998 	490.000000 	490.276001 	496.218994 
7.600000 	123.989998 	490.000000 	490.276001 	496.218994 
7.700000 	123.989998 	490.000000 	490.276001 	496.218994 
7.800000 	123.989998 	490.000000 	490.276001 	496.218994 
7.900000 	123.989998 	490.000000 	490.276001 	496.218994 
8.000000 	123.989998 	490.000000 	490.276001 	496.218994 
8.100000 	123.989998 	490.000000 	490.276001 	496.218994 
8.200000 	123.989998 	490.000000 	490.276001 	496.218994 
8.300000 	123.989998 	490.000000 	490.276001 	496.218994 
8.400000 	123.989998 	490.000000 	490.276001 	496.218994 
8.500000 	124.416000 	490.000000 	490.148987 	496.247009 
8.600000 	124.416000 	490.000000 	490.148987 	496.247009 
8.700000 	124.416000 	490.000000 	490.148987 	496.247009 
8.800000 	124.416000 	490.000000 	490.148987 	496.247009 
8.900000 	124.416000 	490.000000 	490.148987 	496.247009 
9.000000 	124.416000 	490.000000 	490.148987 	496.247009 
9.100000 	124.416000 	490.000000 	490.148987 	496.247009 
9.200000 	124.416000 	490.000000 	490.148987 	496.247009 
9.300000 	124.416000 	490.000000 	490.148987 	496.247009 
9.400000 	124.416000 	490.000000 	490.148987 	496.247009 
9.500000 	124.724998 	490.000000 	490.058014 	496.276001 
9.600000 	124.724998 	490.000000 	490.058014 	496.276001 
9.700000 	124.724998 	490.000000 	490.058014 	496.276001 
9.800000 	124.724998 	490.000000 	490.058014 	496.276001 
9.900000 	124.724998 	490.000000 	490.058014 	496.276001 
10.000000 	124.724998 	490.000000 	490.058014 	496.276001 
10.100000 	124.724998 	490.000000 	490.058014 	496.276001 
10.200000 	124.724998 	490.000000 	490.058014 	496.276001 
10.300000 	124.724998 	490.000000 	490.058014 	496.276001 
10.400000 	124.724998 	490.000000 	490.058014 	496.276001 
10.500000 	124.958000 	490.000000 	489.990997 	496.304993 
10.600000 	124.958000 	490.000000 	489.990997 	496.304993 
10.700000 	124.958000 	490.000000 	489.990997 	496.304993 
10.800000 	124.958000 	490.000000 	489.990997 	496.304993 
10.900000 	124.958000 	490.000000 	489.990997 	496.304993 
11.000000 	124.958000 	490.000000 	489.990997 	496.304993 
11.100000 	124.958000 	490.000000 	489.990997 	496.304993 
11.200000 	124.958000 	490.000000 	489.990997 	496.304993 
11.300000 	124.958000 	490.000000 	489.990997 	496.304993 
11.400000 	124.958000 	490.000000 	489.990997 	496.304993 
11.500000 	125.138000 	490.000000 	489.940002 	496.335999 
11.600000 	125.138000 	490.000000 	489.940002 	496.335999 
11.700000 	125.138000 	490.000000 	489.940002 	496.335999 
11.800000 	125.138000 	490.000000 	489.940002 	496.335999 
11.900000 	125.138000 	490.000000 	489.940002 	496.335999 
12.000000 	125.138000 	490.000000 	489.940002 	496.335999 
12.100000 	125.138000 	490.000000 	489.940002 	496.335999 
12.200000 	125.138000 	490.000000 	489.940002 	496.335999 
12.300000 	125.138000 	490.000000 	489.940002 	496.335999 
12.400000 	125.138000 	490.000000 	489.940002 	496.335999 
12.500000 	125.279999 	490.000000 	489.899994 	496.368011 
12.600000 	125.279999 	490.000000 	489.899994 	496.368011 
12.700000 	125.279999 	490.000000 	489.899994 	496.368011 
12.800000 	125.279999 	490.000000 	489.899994 	496.368011 
12.900000 	125.279999 	490.000000 	489.899994 	496.368011 
13.000000 	125.279999 	490.000000 	489.899994 	496.368011 
13.100000 	125.279999 	490.000000 	489.899994 	496.368011 
13.200000 	125.279999 	490.000000 	489.899994 	496.368011 
13.300000 	125.279999 	490.000000 	489.899994 	496.368011 
13.400000 	125.279999 	490.000000 	489.899994 	496.368011 
13.500000 	125.393997 	490.000000 	489.868011 	496.402008 
13.600000 	125.393997 	490.000000 	489.868011 	496.402008 
13.700000 	125.393997 	490.000000 	489.868011 	496.402008 
13.800000 	125.393997 	490.000000 	489.868011 	496.402008 
13.900000 	125.393997 	490.000000 	489.868011 	496.402008 
14.000000 	125.393997 	490.000000 	489.868011 	496.402008 
14.100000 	125.393997 	490.000000 	489.868011 	496.402008 
14.200000 	125.393997 	490.000000 	489.868011 	496.402008 
14.300000 	125.393997 	490.000000 	489.868011 	496.402008 
14.400000 	125.393997 	490.000000 	489.868011 	496.402008 
14.500000 	125.487999 	490.000000 	489.842010 	496.437988 
14.600000 	125.487999 	490.000000 	489.842010 	496.437988 
14.700000 	125.487999 	490.000000 	489.842010 	496.437988 
14.800000 	125.487999 	490.000000 	489.842010 	496.437988 
14.900000 	125.487999 	490.000000 	489.842010 	496.437988 
15.000000 	125.487999 	490.000000 	489.842010 	496.437988 
15.100000 	125.487999 	490.000000 	489.842010 	496.437988 
15.200000 	125.487999 	490.000000 	489.842010 	496.437988 
15.300000 	125.487999 	490.000000 	489.842010 	496.437988 
15.400000 	125.487999 	490.000000 	489.842010 	496.437988 
15.500000 	125.566002 	490.000000 	489.820007 	496.475006 
15.600000 	125.566002 	490.000000 	489.820007 	496.475006 
15.700000 	125.566002 	490.000000 	489.820007 	496.475006 
15.800000 	125.566002 	490.000000 	489.820007 	496.475006 
15.900000 	125.566002 	490.000000 	489.820007 	496.475006 
16.000000 	125.566002 	490.000000 	489.820007 	496.475006 
16.100000 	125.566002 	490.000000 	489.820007 	496.475006 
16.200000 	125.566002 	490.000000 	489.820007 	496.475006 
16.300000 	125.566002 	490.000000 	489.820007 	496.475006 
16.400000 	125.566002 	490.000000 	489.820007 	496.475006 
16.500000 	125.632004 	490.000000 	489.802002 	496.514008 
16.600000 	125.632004 	490.000000 	489.802002 	496.514008 
16.700000 	125.632004 	490.000000 	489.802002 	496.514008 
16.800000 	125.632004 	490.000000 	489.802002 	496.514008 
16.900000 	125.632004 	490.000000 	489.802002 	496.514008 
17.000000 	125.632004 	490.000000 	489.802002 	496.514008 
17.100000 	125.632004 	490.000000 	489.802002 	496.514008 
17.200000 	125.632004 	490.000000 	489.802002 	496.514008 
17.300000 	125.632004 	490.000000 	489.802002 	496.514008 
17.400000 	125.632004 	490.000000 	489.802002 	496.514008 
17.500000 	125.689003 	490.000000 	489.786011 	496.575012 
17.600000 	125.689003 	490.000000 	489.786011 	496.575012 
17.700000 	125.689003 	490.000000 	489.786011 	496.575012 
17.800000 	125.689003 	490.000000 	489.786011 	496.575012 
17.900000 	125.689003 	490.000000 	489.786011 	496.575012 
18.000000 	125.689003 	490.000000 	489.786011 	496.575012 
18.100000 	125.689003 	490.000000 	489.786011 	496.575012 
18.200000 	125.689003 	490.000000 	489.786011 	496.575012 
18.300000 	125.689003 	490.000000 	489.786011 	496.575012 
18.400000 	125.689003 	490.000000 	489.786011 	496.575012 
18.500000 	125.737999 	490.000000 	489.772003 	496.618988 
18.600000 	125.737999 	490.000000 	489.772003 	496.618988 
18.700000 	125.737999 	490.000000 	489.772003 	496.618988 
18.800000 	125.737999 	490.000000 	489.772003 	496.618988 
18.900000 	125.737999 	490.000000 	489.772003 	496.618988 
19.000000 	125.737999 	490.000000 	489.772003 	496.618988 
19.100000 	125.737999 	490.000000 	489.772003 	496.618988 
19.200000 	125.737999 	490.000000 	489.772003 	496.618988 
19.300000 	125.737999 	490.000000 	489.772003 	496.618988 
19.400000 	125.737999 	490.000000 	489.772003 	496.618988 
19.500000 	125.780998 	490.000000 	489.760010 	496.665009 
19.600000 	125.780998 	490.000000 	489.760010 	496.665009 
19.700000 	125.780998 	490.000000 	489.760010 	496.665009 
19.800000 	125.780998 	490.000000 	489.760010 	496.665009 
19.900000 	125.780998 	490.000000 	489.760010 	496.665009 
20.000000 	125.780998 	490.000000 	489.760010 	496.665009 
20.100000 	125.780998 	490.000000 	489.760010 	496.665009 
20.200000 	125.780998 	490.000000 	489.760010 	496.665009 
20.300000 	125.780998 	490.000000 	489.760010 	496.665009 
20.400000 	125.780998 	490.000000 	489.760010 	496.665009 
20.500000 	125.820000 	490.000000 	489.747986 	496.712006 
20.600000 	125.820000 	490.000000 	489.747986 	496.712006 
20.700000 	125.820000 	490.000000 	489.747986 	496.712006 
20.800000 	125.820000 	490.000000 	489.747986 	496.712006 
20.900000 	125.820000 	490.000000 	489.747986 	496.712006 
21.000000 	125.820000 	490.000000 	489.747986 	496.712006 
21.100000 	125.820000 	490.000000 	489.747986 	496.712006 
21.200000 	125.820000 	490.000000 	489.747986 	496.712006 
21.300000 	125.820000 	490.000000 	489.747986 	496.712006 
21.400000 	125.820000 	490.000000 	489.747986 	496.712006 
21.500000 	125.853996 	490.000000 	489.738007 	496.761993 
21.600000 	125.853996 	490.000000 	489.738007 	496.761993 
21.700000 	125.853996 	490.000000 	489.738007 	496.761993 
21.800000 	125.853996 	490.000000 	489.738007 	496.761993 
21.900000 	125.853996 	490.000000 	489.738007 	496.761993 
22.000000 	125.853996 	490.000000 	489.738007 	496.761993 
22.100000 	125.853996 	490.000000 	489.738007 	496.761993 
22.200000 	125.853996 	490.000000 	489.738007 	496.761993 
22.300000 	125.853996 	490.000000 	489.738007 	496.761993 
22.400000 	125.853996 	490.000000 	489.738007 	496.761993 
22.500000 	125.885002 	490.000000 	489.727997 	496.812988 
22.600000 	125.885002 	490.000000 	489.727997 	496.812988 
22.700000 	125.885002 	490.000000 	489.727997 	496.812988 
22.800000 	125.885002 	490.000000 	489.727997 	496.812988 
22.900000 	125.885002 	490.000000 	489.727997 	496.812988 
23.000000 	125.885002 	490.000000 	489.727997 	496.812988 
23.100000 	125.885002 	490.000000 	489.727997 	496.812988 
23.200000 	125.885002 	490.000000 	489.727997 	496.812988 
23.300000 	125.885002 	490.000000 	489.727997 	496.812988 
23.400000 	125.885002 	490.000000 	489.727997 	496.812988 
23.500000 	125.913002 	490.000000 	489.718994 	496.867004 
23.600000 	125.913002 	490.000000 	489.718994 	496.867004 
23.700000 	125.913002 	490.000000 	489.718994 	496.867004 
23.800000 	125.913002 	490.000000 	489.718994 	496.867004 
23.900000 	125.913002 	490.000000 	489.718994 	496.867004 
24.000000 	125.913002 	490.000000 	489.718994 	496.867004 
24.100000 	125.913002 	490.000000 	489.718994 	496.867004 
24.200000 	125.913002 	490.000000 	489.718994 	496.867004 
24.300000 	125.913002 	490.000000 	489.718994 	496.867004 
24.400000 	125.913002 	490.000000 	489.718994 	496.867004 
24.500000 	125.940002 	490.000000 	489.709991 	496.921997 
24.600000 	125.940002 	490.000000 	489.709991 	496.921997 
24.700000 	125.940002 	490.000000 	489.709991 	496.921997 
24.800000 	125.940002 	490.000000 	489.709991 	496.921997 
24.900000 	125.940002 	490.000000 	489.709991 	496.921997 
25.000000 	125.940002 	490.000000 	489.709991 	496.921997 
25.100000 	125.940002 	490.000000 	489.709991 	496.921997 
25.200000 	125.940002 	490.000000 	489.709991 	496.921997 
25.300000 	125.940002 	490.000000 	489.709991 	496.921997 
25.400000 	125.940002 	490.000000 	489.709991 	496.921997 
25.500000 	125.963997 	490.000000 	489.701996 	496.979004 
25.600000 	125.963997 	490.000000 	489.701996 	496.979004 
25.700000 	125.963997 	490.000000 	489.701996 	496.979004 
25.800000 	125.963997 	490.000000 	489.701996 	496.979004 
25.900000 	125.963997 	490.000000 	489.701996 	496.979004 
26.000000 	125.963997 	490.000000 	489.701996 	496.979004 
26.100000 	125.963997 	490.000000 	489.701996 	496.979004 
26.200000 	125.963997 	490.000000 	489.701996 	496.979004 
26.300000 	125.963997 	490.000000 	489.701996 	496.979004 
26.400000 	125.963997 	490.000000 	489.701996 	496.979004 
26.500000 	125.987000 	490.000000 	489.692993 	497.037994 
26.600000 	125.987000 	490.000000 	489.692993 	497.037994 
26.700000 	125.987000 	490.000000 	489.692993 	497.037994 
26.800000 	125.987000 	490.000000 	489.692993 	497.037994 
26.900000 	125.987000 	490.000000 	489.692993 	497.037994 
27.000000 	125.987000 	490.000000 	489.692993 	497.037994 
27.100000 	125.987000 	490.000000 	489.692993 	497.037994 
27.200000 	125.987000 	490.000000 	489.692993 	497.037994 
27.300000 	125.987000 	490.000000 	489.692993 	497.037994 
27.400000 	125.987000 	490.000000 	489.692993 	497.037994 
27.500000 	126.008003 	490.000000 	489.684998 	497.098999 
27.600000 	126.008003 	490.000000 	489.684998 	497.098999 
27.700000 	126.008003 	490.000000 	489.684998 	497.098999 
27.800000 	126.008003 	490.000000 	489.684998 	497.098999 
27.900000 	126.008003 	490.000000 	489.684998 	497.098999 
28.000000 	126.008003 	490.000000 	489.684998 	497.098999 
28.100000 	126.008003 	490.000000 	489.684998 	497.098999 
28.200000 	126.008003 	490.000000 	489.684998 	497.098999 
28.300000 	126.008003 	490.000000 	489.684998 	497.098999 
28.400000 	126.008003 	490.000000 	489.684998 	497.098999 
28.500000 	126.028999 	490.000000 	489.675995 	497.161011 
28.600000 	126.028999 	490.000000 	489.675995 	497.161011 
28.700000 	126.028999 	490.000000 	489.675995 	497.161011 
28.800000 	126.028999 	490.000000 	489.675995 	497.161011 
28.900000 	126.028999 	490.000000 	489.675995 	497.161011 
29.000000 	126.028999 	490.000000 	489.675995 	497.161011 
29.100000 	126.028999 	490.000000 	489.675995 	497.161011 
29.200000 	126.028999 	490.000000 	489.675995 	497.161011 
29.300000 	126.028999 	490.000000 	489.675995 	497.161011 
29.400000 	126.028999 	490.000000 	489.675995 	497.161011 
29.500000 	126.047997 	490.000000 	489.666992 	497.225006 
29.600000 	126.047997 	490.000000 	489.666992 	497.225006 
29.700000 	126.047997 	490.000000 	489.666992 	497.225006 
29.800000 	126.047997 	490.000000 	489.666992 	497.225006 
29.900000 	126.047997 	490.000000 	489.666992 	497.225006 
30.000000 	126.047997 	490.000000 	489.666992 	497.225006 
30.100000 	126.047997 	490.000000 	489.666992 	497.225006 
30.200000 	126.047997 	490.000000 	489.666992 	497.225006 
30.300000 	126.047997 	490.000000 	489.666992 	497.225006 
30.400000 	126.047997 	490.000000 	489.666992 	497.225006 
30.500000 	126.067001 	490.000000 	489.658997 	497.290985 
30.600000 	126.067001 	490.000000 	489.658997 	497.290985 
30.700000 	126.067001 	490.000000 	489.658997 	497.290985 
30.800000 	126.067001 	490.000000 	489.658997 	497.290985 
30.900000 	126.067001 	490.000000 	489.658997 	497.290985 
31.000000 	126.067001 	490.000000 	489.658997 	497.290985 
31.100000 	126.067001 	490.000000 	489.658997 	497.290985 
31.200000 	126.067001 	490.000000 	489.658997 	497.290985 
31.300000 	126.067001 	490.000000 	489.658997 	497.290985 
31.400000 	126.067001 	490.000000 	489.658997 	497.290985 
31.500000 	126.084999 	490.000000 	489.648987 	497.359009 
31.600000 	126.084999 	490.000000 	489.648987 	497.359009 
31.700000 	126.084999 	490.000000 	489.648987 	497.359009 
31.800000 	126.084999 	490.000000 	489.648987 	497.359009 
31.900000 	126.084999 	490.000000 	489.648987 	497.359009 
32.000000 	126.084999 	490.000000 	489.648987 	497.359009 
32.100000 	126.084999 	490.000000 	489.648987 	497.359009 
32.200000 	126.084999 	490.000000 	489.648987 	497.359009 
32.300000 	126.084999 	490.000000 	489.648987 	497.359009 
32.400000 	126.084999 	490.000000 	489.648987 	497.359009 
32.500000 	126.101997 	490.000000 	489.640015 	497.428009 
32.600000 	126.101997 	490.000000 	489.640015 	497.428009 
32.700000 	126.101997 	490.000000 	489.640015 	497.428009 
32.800000 	126.101997 	490.000000 	489.640015 	497.428009 
32.900000 	126.101997 	490.000000 	489.640015 	497.428009 
33.000000 	126.101997 	490.000000 	489.640015 	497.428009 
33.100000 	126.101997 	490.000000 	489.640015 	497.428009 
33.200000 	126.101997 	490.000000 	489.640015 	497.428009 
33.300000 	126.101997 	490.000000 	489.640015 	497.428009 
33.400000 	126.101997 	490.000000 	489.640015 	497.428009 
33.500000 	126.119003 	490.000000 	489.630005 	497.498993 
33.600000 	126.119003 	490.000000 	489.630005 	497.498993 
33.700000 	126.119003 	490.000000 	489.630005 	497.498993 
33.800000 	126.119003 	490.000000 	489.630005 	497.498993 
33.900000 	126.119003 	490.000000 	489.630005 	497.498993 
34.000000 	126.119003 	490.000000 	489.630005 	497.498993 
34.100000 	126.119003 	490.000000 	489.630005 	497.498993 
34.200000 	126.119003 	490.000000 	489.630005 	497.498993 
34.300000 	126.119003 	490.000000 	489.630005 	497.498993 
34.400000 	126.119003 	490.000000 	489.630005 	497.498993 
34.500000 	126.136002 	490.000000 	489.619995 	497.571991 
34.600000 	126.136002 	490.000000 	489.619995 	497.571991 
34.700000 	126.136002 	490.000000 	489.619995 	497.571991 
34.800000 	126.136002 	490.000000 	489.619995 	497.571991 
34.900000 	126.136002 	490.000000 	489.619995 	497.571991 
35.000000 	126.136002 	490.000000 	489.619995 	497.571991 
35.100000 	126.136002 	490.000000 	489.619995 	497.571991 
35.200000 	126.136002 	490.000000 	489.619995 	497.571991 
35.300000 	126.136002 	490.000000 	489.619995 	497.571991 
35.400000 	126.136002 	490.000000 	489.619995 	497.571991 
35.500000 	126.153000 	490.000000 	489.609009 	497.645996 
35.600000 	126.153000 	490.000000 	489.609009 	497.645996 
35.700000 	126.153000 	490.000000 	489.609009 	497.645996 
35.800000 	126.153000 	490.000000 	489.609009 	497.645996 
35.900000 	126.153000 	490.000000 	489.609009 	497.645996 
36.000000 	126.153000 	490.000000 	489.609009 	497.645996 
36.100000 	126.153000 	490.000000 	489.609009 	497.645996 
36.200000 	126.153000 	490.000000 	489.609009 	497.645996 
36.300000 	126.153000 	490.000000 	489.609009 	497.645996 
36.400000 	126.153000 	490.000000 	489.609009 	497.645996 
36.500000 	126.168999 	490.000000 	489.597992 	497.721008 
36.600000 	126.168999 	490.000000 	489.597992 	497.721008 
36.700000 	126.168999 	490.000000 	489.597992 	497.721008 
36.800000 	126.168999 	490.000000 	489.597992 	497.721008 
36.900000 	126.168999 	490.000000 	489.597992 	497.721008 
37.000000 	126.168999 	490.000000 	489.597992 	497.721008 
37.100000 	126.168999 	490.000000 	489.597992 	497.721008 
37.200000 	126.168999 	490.000000 	489.597992 	497.721008 
37.300000 	126.168999 	490.000000 	489.597992 	497.721008 
37.400000 	126.168999 	490.000000 	489.597992 	497.721008 
37.500000 	126.184998 	490.000000 	489.585999 	497.798004 
37.600000 	126.184998 	490.000000 	489.585999 	497.798004 
37.700000 	126.184998 	490.000000 	489.585999 	497.798004 
37.800000 	126.184998 	490.000000 	489.585999 	497.798004 
37.900000 	126.184998 	490.000000 	489.585999 	497.798004 
38.000000 	126.184998 	490.000000 	489.585999 	497.798004 
38.100000 	126.184998 	490.000000 	489.585999 	497.798004 
38.200000 	126.184998 	490.000000 	489.585999 	497.798004 
38.300000 	126.184998 	490.000000 	489.585999 	497.798004 
38.400000 	126.184998 	490.000000 	489.585999 	497.798004 
38.500000 	126.200996 	490.000000 	489.574005 	497.877014 
38.600000 	126.200996 	490.000000 	489.574005 	497.877014 
38.700000 	126.200996 	490.000000 	489.574005 	497.877014 
38.800000 	126.200996 	490.000000 	489.574005 	497.877014 
38.900000 	126.200996 	490.000000 	489.574005 	497.877014 
39.000000 	126.200996 	490.000000 	489.574005 	497.877014 
39.100000 	126.200996 	490.000000 	489.574005 	497.877014 
39.200000 	126.200996 	490.000000 	489.574005 	497.877014 
39.300000 	126.200996 	490.000000 	489.574005 	497.877014 
39.400000 	126.200996 	490.000000 	489.574005 	497.877014 
39.500000 	126.217003 	490.000000 	489.561005 	497.955994 
39.600000 	126.217003 	490.000000 	489.561005 	497.955994 
39.700000 	126.217003 	490.000000 	489.561005 	497.955994 
39.800000 	126.217003 	490.000000 	489.561005 	497.955994 
39.900000 	126.217003 	490.000000 	489.561005 	497.955994 
40.000000 	126.217003 	490.000000 	489.561005 	497.955994 
40.100000 	126.217003 	490.000000 	489.561005 	497.955994 
40.200000 	126.217003 	490.000000 	489.561005 	497.955994 
40.300000 	126.217003 	490.000000 	489.561005 	497.955994 
40.400000 	126.217003 	490.000000 	489.561005 	497.955994 
40.500000 	126.233002 	490.000000 	489.548004 	498.036987 
40.600000 	126.233002 	490.000000 	489.548004 	498.036987 
40.700000 	126.233002 	490.000000 	489.548004 	498.036987 
40.800000 	126.233002 	490.000000 	489.548004 	498.036987 
40.900000 	126.233002 	490.000000 	489.548004 	498.036987 
41.000000 	126.233002 	490.000000 	489.548004 	498.036987 
41.100000 	126.233002 	490.000000 	489.548004 	498.036987 
41.200000 	126.233002 	490.000000 	489.548004 	498.036987 
41.300000 	126.233002 	490.000000 	489.548004 	498.036987 
41.400000 	126.233002 	490.000000 	489.548004 	498.036987 
41.500000 	126.248001 	490.000000 	489.532990 	498.119995 
41.600000 	126.248001 	490.000000 	489.532990 	498.119995 
41.700000 	126.248001 	490.000000 	489.532990 	498.119995 
41.800000 	126.248001 	490.000000 	489.532990 	498.119995 
41.900000 	126.248001 	490.000000 	489.532990 	498.119995 
42.000000 	126.248001 	490.000000 	489.532990 	498.119995 
42.100000 	126.248001 	490.000000 	489.532990 	498.119995 
42.200000 	126.248001 	490.000000 	489.532990 	498.119995 
42.300000 	126.248001 	490.000000 	489.532990 	498.119995 
42.400000 	126.248001 	490.000000 	489.532990 	498.119995 
42.500000 	126.264000 	490.000000 	489.518005 	498.203003 
42.600000 	126.264000 	490.000000 	489.518005 	498.203003 
42.700000 	126.264000 	490.000000 	489.518005 	498.203003 
42.800000 	126.264000 	490.000000 	489.518005 	498.203003 
42.900000 	126.264000 	490.000000 	489.518005 	498.203003 
43.000000 	126.264000 	490.000000 	489.518005 	498.203003 
43.100000 	126.264000 	490.000000 	489.518005 	498.203003 
43.200000 	126.264000 	490.000000 	489.518005 	498.203003 
43.300000 	126.264000 	490.000000 	489.518005 	498.203003 
43.400000 	126.264000 	490.000000 	489.518005 	498.203003 
43.500000 	126.279999 	490.000000 	489.502014 	498.287994 
43.600000 	126.279999 	490.000000 	489.502014 	498.287994 
43.700000 	126.279999 	490.000000 	489.502014 	498.287994 
43.800000 	126.279999 	490.000000 	489.502014 	498.287994 
43.900000 	126.279999 	490.000000 	489.502014 	498.287994 
44.000000 	126.279999 	490.000000 	489.502014 	498.287994 
44.100000 	126.279999 	490.000000 	489.502014 	498.287994 
44.200000 	126.279999 	490.000000 	489.502014 	498.287994 
44.300000 	126.279999 	490.000000 	489.502014 	498.287994 
44.400000 	126.279999 	490.000000 	489.502014 	498.287994 
44.500000 	126.295998 	490.000000 	489.484985 	498.373993 
44.600000 	126.295998 	490.000000 	489.484985 	498.373993 
44.700000 	126.295998 	490.000000 	489.484985 	498.373993 
44.800000 	126.295998 	490.000000 	489.484985 	498.373993 
44.900000 	126.295998 	490.000000 	489.484985 	498.373993 
45.000000 	126.295998 	490.000000 	489.484985 	498.373993 
45.100000 	126.295998 	490.000000 	489.484985 	498.373993 
45.200000 	126.295998 	490.000000 	489.484985 	498.373993 
45.300000 	126.295998 	490.000000 	489.484985 	498.373993 
45.400000 	126.295998 	490.000000 	489.484985 	498.373993 
45.500000 	126.311996 	490.000000 	489.467987 	498.459991 
45.600000 	126.311996 	490.000000 	489.467987 	498.459991 
45.700000 	126.311996 	490.000000 	489.467987 	498.459991 
45.800000 	126.311996 	490.000000 	489.467987 	498.459991 
45.900000 	126.311996 	490.000000 	489.467987 	498.459991 
46.000000 	126.311996 	490.000000 	489.467987 	498.459991 
46.100000 	126.311996 	490.000000 	489.467987 	498.459991 
46.200000 	126.311996 	490.000000 	489.467987 	498.459991 
46.300000 	126.311996 	490.000000 	489.467987 	498.459991 
46.400000 	126.311996 	490.000000 	489.467987 	498.459991 
46.500000 	126.329002 	490.000000 	489.449005 	498.548004 
46.600000 	126.329002 	490.000000 	489.449005 	498.548004 
46.700000 	126.329002 	490.000000 	489.449005 	498.548004 
46.800000 	126.329002 	490.000000 	489.449005 	498.548004 
46.900000 	126.329002 	490.000000 	489.449005 	498.548004 
47.000000 	126.329002 	490.000000 	489.449005 	498.548004 
47.100000 	126.329002 	490.000000 	489.449005 	498.548004 
47.200000 	126.329002 	490.000000 	489.449005 	498.548004 
47.300000 	126.329002 	490.000000 	489.449005 	498.548004 
47.400000 	126.329002 	490.000000 	489.449005 	498.548004 
47.500000 	126.345001 	490.000000 	489.428986 	498.636993 
47.600000 	126.345001 	490.000000 	489.428986 	498.636993 
47.700000 	126.345001 	490.000000 	489.428986 	498.636993 
47.800000 	126.345001 	490.000000 	489.428986 	498.636993 
47.900000 	126.345001 	490.000000 	489.428986 	498.636993 
48.000000 	126.345001 	490.000000 	489.428986 	498.636993 
48.100000 	126.345001 	490.000000 	489.428986 	498.636993 
48.200000 	126.345001 	490.000000 	489.428986 	498.636993 
48.300000 	126.345001 	490.000000 	489.428986 	498.636993 
48.400000 	126.345001 	490.000000 	489.428986 	498.636993 
48.500000 	126.361000 	490.000000 	489.408997 	498.726013 
48.600000 	126.361000 	490.000000 	489.408997 	498.726013 
48.700000 	126.361000 	490.000000 	489.408997 	498.726013 
48.800000 	126.361000 	490.000000 	489.408997 	498.726013 
48.900000 	126.361000 	490.000000 	489.408997 	498.726013 
49.000000 	126.361000 	490.000000 	489.408997 	498.726013 
49.100000 	126.361000 	490.000000 	489.408997 	498.726013 
49.200000 	126.361000 	490.000000 	489.408997 	498.726013 
49.300000 	126.361000 	490.000000 	489.408997 	498.726013 
49.400000 	126.361000 	490.000000 	489.408997 	498.726013 
49.500000 	126.377998 	490.000000 	489.386993 	498.816010 
49.600000 	126.377998 	490.000000 	489.386993 	498.816010 
49.700000 	126.377998 	490.000000 	489.386993 	498.816010 
49.800000 	126.377998 	490.000000 	489.386993 	498.816010 
49.900000 	126.377998 	490.000000 	489.386993 	498.816010 
50.000000 	126.377998 	490.000000 	489.386993 	498.816010 
50.100000 	126.377998 	490.000000 	489.386993 	498.816010 
50.200000 	126.377998 	490.000000 	489.386993 	498.816010 
50.300000 	126.377998 	490.000000 	489.386993 	498.816010 
50.400000 	126.377998 	490.000000 	489.386993 	498.816010 
50.500000 	126.394997 	490.000000 	489.364014 	498.907013 
50.600000 	126.394997 	490.000000 	489.364014 	498.907013 
50.700000 	126.394997 	490.000000 	489.364014 	498.907013 
50.800000 	126.394997 	490.000000 	489.364014 	498.907013 
50.900000 	126.394997 	490.000000 	489.364014 	498.907013 
51.000000 	126.394997 	490.000000 	489.364014 	498.907013 
51.100000 	126.394997 	490.000000 	489.364014 	498.907013 
51.200000 	126.394997 	490.000000 	489.364014 	498.907013 
51.300000 	126.394997 	490.000000 	489.364014 	498.907013 
51.400000 	126.394997 	490.000000 	489.364014 	498.907013 
51.500000 	126.412003 	490.000000 	489.339996 	498.997986 
51.600000 	126.412003 	490.000000 	489.339996 	498.997986 
51.700000 	126.412003 	490.000000 	489.339996 	498.997986 
51.800000 	126.412003 	490.000000 	489.339996 	498.997986 
51.900000 	126.412003 	490.000000 	489.339996 	498.997986 
52.000000 	126.412003 	490.000000 	489.339996 	498.997986 
52.100000 	126.412003 	490.000000 	489.339996 	498.997986 
52.200000 	126.412003 	490.000000 	489.339996 	498.997986 
52.300000 	126.412003 	490.000000 	489.339996 	498.997986 
52.400000 	126.412003 	490.000000 	489.339996 	498.997986 
52.500000 	126.430000 	490.000000 	489.313995 	499.089996 
52.600000 	126.430000 	490.000000 	489.313995 	499.089996 
52.700000 	126.430000 	490.000000 	489.313995 	499.089996 
52.800000 	126.430000 	490.000000 	489.313995 	499.089996 
52.900000 	126.430000 	490.000000 	489.313995 	499.089996 
53.000000 	126.430000 	490.000000 	489.313995 	499.089996 
53.100000 	126.430000 	490.000000 	489.313995 	499.089996 
53.200000 	126.430000 	490.000000 	489.313995 	499.089996 
53.300000 	126.430000 	490.000000 	489.313995 	499.089996 
53.400000 	126.430000 	490.000000 	489.313995 	499.089996 
53.500000 	126.446999 	490.000000 	489.286987 	499.183014 
53.600000 	126.446999 	490.000000 	489.286987 	499.183014 
53.700000 	126.446999 	490.000000 	489.286987 	499.183014 
53.800000 	126.446999 	490.000000 	489.286987 	499.183014 
53.900000 	126.446999 	490.000000 	489.286987 	499.183014 
54.000000 	126.446999 	490.000000 	489.286987 	499.183014 
54.100000 	126.446999 	490.000000 	489.286987 	499.183014 
54.200000 	126.446999 	490.000000 	489.286987 	499.183014 
54.300000 	126.446999 	490.000000 	489.286987 	499.183014 
54.400000 	126.446999 	490.000000 	489.286987 	499.183014 
54.500000 	126.464996 	490.000000 	489.259003 	499.274994 
54.600000 	126.464996 	490.000000 	489.259003 	499.274994 
54.700000 	126.464996 	490.000000 	489.259003 	499.274994 
54.800000 	126.464996 	490.000000 	489.259003 	499.274994 
54.900000 	126.464996 	490.000000 	489.259003 	499.274994 
55.000000 	126.464996 	490.000000 	489.259003 	499.274994 
55.100000 	126.464996 	490.000000 	489.259003 	499.274994 
55.200000 	126.464996 	490.000000 	489.259003 	499.274994 
55.300000 	126.464996 	490.000000 	489.259003 	499.274994 
55.400000 	126.464996 	490.000000 	489.259003 	499.274994 
55.500000 	126.483002 	490.000000 	489.229004 	499.368988 
55.600000 	126.483002 	490.000000 	489.229004 	499.368988 
55.700000 	126.483002 	490.000000 	489.229004 	499.368988 
55.800000 	126.483002 	490.000000 	489.229004 	499.368988 
55.900000 	126.483002 	490.000000 	489.229004 	499.368988 
56.000000 	126.483002 	490.000000 	489.229004 	499.368988 
56.100000 	126.483002 	490.000000 	489.229004 	499.368988 
56.200000 	126.483002 	490.000000 	489.229004 	499.368988 
56.300000 	126.483002 	490.000000 	489.229004 	499.368988 
56.400000 	126.483002 	490.000000 	489.229004 	499.368988 
56.500000 	126.500999 	490.000000 	489.197998 	499.462006 
56.600000 	126.500999 	490.000000 	489.197998 	499.462006 
56.700000 	126.500999 	490.000000 	489.197998 	499.462006 
56.800000 	126.500999 	490.000000 	489.197998 	499.462006 
56.900000 	126.500999 	490.000000 	489.197998 	499.462006 
57.000000 	126.500999 	490.000000 	489.197998 	499.462006 
57.100000 	126.500999 	490.000000 	489.197998 	499.462006 
57.200000 	126.500999 	490.000000 	489.197998 	499.462006 
57.300000 	126.500999 	490.000000 	489.197998 	499.462006 
57.400000 	126.500999 	490.000000 	489.197998 	499.462006 
57.500000 	126.519997 	490.000000 	489.165009 	499.554993 
57.600000 	126.519997 	490.000000 	489.165009 	499.554993 
57.700000 	126.519997 	490.000000 	489.165009 	499.554993 
57.800000 	126.519997 	490.000000 	489.165009 	499.554993 
57.900000 	126.519997 	490.000000 	489.165009 	499.554993 
58.000000 	126.519997 	490.000000 	489.165009 	499.554993 
58.100000 	126.519997 	490.000000 	489.165009 	499.554993 
58.200000 	126.519997 	490.000000 	489.165009 	499.554993 
58.300000 	126.519997 	490.000000 	489.165009 	499.554993 
58.400000 	126.519997 	490.000000 	489.165009 	499.554993 
58.500000 	126.539001 	490.000000 	489.131012 	499.648987 
58.600000 	126.539001 	490.000000 	489.131012 	499.648987 
58.700000 	126.539001 	490.000000 	489.131012 	499.648987 
58.800000 	126.539001 	490.000000 	489.131012 	499.648987 
58.900000 	126.539001 	490.000000 	489.131012 	499.648987 
59.000000 	126.539001 	490.000000 	489.131012 	499.648987 
59.100000 	126.539001 	490.000000 	489.131012 	499.648987 
59.200000 	126.539001 	490.000000 	489.131012 	499.648987 
59.300000 	126.539001 	490.000000 	489.131012 	499.648987 
59.400000 	126.539001 	490.000000 	489.131012 	499.648987 
59.500000 	126.557999 	490.000000 	489.093994 	499.742004 
59.600000 	126.557999 	490.000000 	489.093994 	499.742004 
59.700000 	126.557999 	490.000000 	489.093994 	499.742004 
59.800000 	126.557999 	490.000000 	489.093994 	499.742004 
59.900000 	126.557999 	490.000000 	489.093994 	499.742004 
60.000000 	126.557999 	490.000000 	489.093994 	499.742004 
