0.500000 	94.753502 	950.000000 	954.624023 	951.789978 
0.600000 	94.753502 	950.000000 	954.624023 	951.789978 
0.700000 	94.753502 	950.000000 	954.624023 	951.789978 
0.800000 	94.753502 	950.000000 	954.624023 	951.789978 
0.900000 	94.753502 	950.000000 	954.624023 	951.789978 
1.000000 	94.753502 	950.000000 	954.624023 	951.789978 
1.100000 	94.753502 	950.000000 	954.624023 	951.789978 
1.200000 	94.753502 	950.000000 	954.624023 	951.789978 
1.300000 	94.753502 	950.000000 	954.624023 	951.789978 
1.400000 	94.753502 	950.000000 	954.624023 	951.789978 
1.500000 	104.878998 	950.000000 	953.052979 	953.343994 
1.600000 	104.878998 	950.000000 	953.052979 	953.343994 
1.700000 	104.878998 	950.000000 	953.052979 	953.343994 
1.800000 	104.878998 	950.000000 	953.052979 	953.343994 
1.900000 	104.878998 	950.000000 	953.052979 	953.343994 
2.000000 	104.878998 	950.000000 	953.052979 	953.343994 
2.100000 	104.878998 	950.000000 	953.052979 	953.343994 
2.200000 	104.878998 	950.000000 	953.052979 	953.343994 
2.300000 	104.878998 	950.000000 	953.052979 	953.343994 
2.400000 	104.878998 	950.000000 	953.052979 	953.343994 
2.500000 	114.401001 	950.000000 	951.669006 	953.492981 
2.600000 	114.401001 	950.000000 	951.669006 	953.492981 
2.700000 	114.401001 	950.000000 	951.669006 	953.492981 
2.800000 	114.401001 	950.000000 	951.669006 	953.492981 
2.900000 	114.401001 	950.000000 	951.669006 	953.492981 
3.000000 	114.401001 	950.000000 	951.669006 	953.492981 
3.100000 	114.401001 	950.000000 	951.669006 	953.492981 
3.200000 	114.401001 	950.000000 	951.669006 	953.492981 
3.300000 	114.401001 	950.000000 	951.669006 	953.492981 
3.400000 	114.401001 	950.000000 	951.669006 	953.492981 
3.500000 	118.964996 	950.000000 	950.989014 	953.494019 
3.600000 	118.964996 	950.000000 	950.989014 	953.494019 
3.700000 	118.964996 	950.000000 	950.989014 	953.494019 
3.800000 	118.964996 	950.000000 	950.989014 	953.494019 
3.900000 	118.964996 	950.000000 	950.989014 	953.494019 
4.000000 	118.964996 	950.000000 	950.989014 	953.494019 
4.100000 	118.964996 	950.000000 	950.989014 	953.494019 
4.200000 	118.964996 	950.000000 	950.989014 	953.494019 
4.300000 	118.964996 	950.000000 	950.989014 	953.494019 
4.400000 	118.964996 	950.000000 	950.989014 	953.494019 
4.500000 	121.347000 	950.000000 	950.627991 	953.492004 
4.600000 	121.347000 	950.000000 	950.627991 	953.492004 
4.700000 	121.347000 	950.000000 	950.627991 	953.492004 
4.800000 	121.347000 	950.000000 	950.627991 	953.492004 
4.900000 	121.347000 	950.000000 	950.627991 	953.492004 
5.000000 	121.347000 	950.000000 	950.627991 	953.492004 
5.100000 	121.347000 	950.000000 	950.627991 	953.492004 
5.200000 	121.347000 	950.000000 	950.627991 	953.492004 
5.300000 	121.347000 	950.000000 	950.627991 	953.492004 
5.400000 	121.347000 	950.000000 	950.627991 	953.492004 
5.500000 	122.722000 	950.000000 	950.416992 	953.492004 
5.600000 	122.722000 	950.000000 	950.416992 	953.492004 
5.700000 	122.722000 	950.000000 	950.416992 	953.492004 
5.800000 	122.722000 	950.000000 	950.416992 	953.492004 
5.900000 	122.722000 	950.000000 	950.416992 	953.492004 
6.000000 	122.722000 	950.000000 	950.416992 	953.492004 
6.100000 	122.722000 	950.000000 	950.416992 	953.492004 
6.200000 	122.722000 	950.000000 	950.416992 	953.492004 
6.300000 	122.722000 	950.000000 	950.416992 	953.492004 
6.400000 	122.722000 	950.000000 	950.416992 	953.492004 
6.500000 	123.581001 	950.000000 	950.283997 	953.492981 
6.600000 	123.581001 	950.000000 	950.283997 	953.492981 
6.700000 	123.581001 	950.000000 	950.283997 	953.492981 
6.800000 	123.581001 	950.000000 	950.283997 	953.492981 
6.900000 	123.581001 	950.000000 	950.283997 	953.492981 
7.000000 	123.581001 	950.000000 	950.283997 	953.492981 
7.100000 	123.581001 	950.000000 	950.283997 	953.492981 
7.200000 	123.581001 	950.000000 	950.283997 	953.492981 
7.300000 	123.581001 	950.000000 	950.283997 	953.492981 
7.400000 	123.581001 	950.000000 	950.283997 	953.492981 
7.500000 	124.153000 	950.000000 	950.195007 	953.494995 
7.600000 	124.153000 	950.000000 	950.195007 	953.494995 
7.700000 	124.153000 	950.000000 	950.195007 	953.494995 
7.800000 	124.153000 	950.000000 	950.195007 	953.494995 
7.900000 	124.153000 	950.000000 	950.195007 	953.494995 
8.000000 	124.153000 	950.000000 	950.195007 	953.494995 
8.100000 	124.153000 	950.000000 	950.195007 	953.494995 
8.200000 	124.153000 	950.000000 	950.195007 	953.494995 
8.300000 	124.153000 	950.000000 	950.195007 	953.494995 
8.400000 	124.153000 	950.000000 	950.195007 	953.494995 
8.500000 	124.552002 	950.000000 	950.130981 	953.497986 
8.600000 	124.552002 	950.000000 	950.130981 	953.497986 
8.700000 	124.552002 	950.000000 	950.130981 	953.497986 
8.800000 	124.552002 	950.000000 	950.130981 	953.497986 
8.900000 	124.552002 	950.000000 	950.130981 	953.497986 
9.000000 	124.552002 	950.000000 	950.130981 	953.497986 
9.100000 	124.552002 	950.000000 	950.130981 	953.497986 
9.200000 	124.552002 	950.000000 	950.130981 	953.497986 
9.300000 	124.552002 	950.000000 	950.130981 	953.497986 
9.400000 	124.552002 	950.000000 	950.130981 	953.497986 
9.500000 	124.842003 	950.000000 	950.083984 	953.502991 
9.600000 	124.842003 	950.000000 	950.083984 	953.502991 
9.700000 	124.842003 	950.000000 	950.083984 	953.502991 
9.800000 	124.842003 	950.000000 	950.083984 	953.502991 
9.900000 	124.842003 	950.000000 	950.083984 	953.502991 
10.000000 	124.842003 	950.000000 	950.083984 	953.502991 
10.100000 	124.842003 	950.000000 	950.083984 	953.502991 
10.200000 	124.842003 	950.000000 	950.083984 	953.502991 
10.300000 	124.842003 	950.000000 	950.083984 	953.502991 
10.400000 	124.842003 	950.000000 	950.083984 	953.502991 
10.500000 	125.059998 	950.000000 	950.047974 	953.507996 
10.600000 	125.059998 	950.000000 	950.047974 	953.507996 
10.700000 	125.059998 	950.000000 	950.047974 	953.507996 
10.800000 	125.059998 	950.000000 	950.047974 	953.507996 
10.900000 	125.059998 	950.000000 	950.047974 	953.507996 
11.000000 	125.059998 	950.000000 	950.047974 	953.507996 
11.100000 	125.059998 	950.000000 	950.047974 	953.507996 
11.200000 	125.059998 	950.000000 	950.047974 	953.507996 
11.300000 	125.059998 	950.000000 	950.047974 	953.507996 
11.400000 	125.059998 	950.000000 	950.047974 	953.507996 
11.500000 	125.226997 	950.000000 	950.018982 	953.513000 
11.600000 	125.226997 	950.000000 	950.018982 	953.513000 
11.700000 	125.226997 	950.000000 	950.018982 	953.513000 
11.800000 	125.226997 	950.000000 	950.018982 	953.513000 
11.900000 	125.226997 	950.000000 	950.018982 	953.513000 
12.000000 	125.226997 	950.000000 	950.018982 	953.513000 
12.100000 	125.226997 	950.000000 	950.018982 	953.513000 
12.200000 	125.226997 	950.000000 	950.018982 	953.513000 
12.300000 	125.226997 	950.000000 	950.018982 	953.513000 
12.400000 	125.226997 	950.000000 	950.018982 	953.513000 
12.500000 	125.360001 	950.000000 	949.995972 	953.518982 
12.600000 	125.360001 	950.000000 	949.995972 	953.518982 
12.700000 	125.360001 	950.000000 	949.995972 	953.518982 
12.800000 	125.360001 	950.000000 	949.995972 	953.518982 
12.900000 	125.360001 	950.000000 	949.995972 	953.518982 
13.000000 	125.360001 	950.000000 	949.995972 	953.518982 
13.100000 	125.360001 	950.000000 	949.995972 	953.518982 
13.200000 	125.360001 	950.000000 	949.995972 	953.518982 
13.300000 	125.360001 	950.000000 	949.995972 	953.518982 
13.400000 	125.360001 	950.000000 	949.995972 	953.518982 
13.500000 	125.466003 	950.000000 	949.976013 	953.526001 
13.600000 	125.466003 	950.000000 	949.976013 	953.526001 
13.700000 	125.466003 	950.000000 	949.976013 	953.526001 
13.800000 	125.466003 	950.000000 	949.976013 	953.526001 
13.900000 	125.466003 	950.000000 	949.976013 	953.526001 
14.000000 	125.466003 	950.000000 	949.976013 	953.526001 
14.100000 	125.466003 	950.000000 	949.976013 	953.526001 
14.200000 	125.466003 	950.000000 	949.976013 	953.526001 
14.300000 	125.466003 	950.000000 	949.976013 	953.526001 
14.400000 	125.466003 	950.000000 	949.976013 	953.526001 
14.500000 	125.553001 	950.000000 	949.958008 	953.533020 
14.600000 	125.553001 	950.000000 	949.958008 	953.533020 
14.700000 	125.553001 	950.000000 	949.958008 	953.533020 
14.800000 	125.553001 	950.000000 	949.958008 	953.533020 
14.900000 	125.553001 	950.000000 	949.958008 	953.533020 
15.000000 	125.553001 	950.000000 	949.958008 	953.533020 
15.100000 	125.553001 	950.000000 	949.958008 	953.533020 
15.200000 	125.553001 	950.000000 	949.958008 	953.533020 
15.300000 	125.553001 	950.000000 	949.958008 	953.533020 
15.400000 	125.553001 	950.000000 	949.958008 	953.533020 
15.500000 	125.625000 	950.000000 	949.942017 	953.541016 
15.600000 	125.625000 	950.000000 	949.942017 	953.541016 
15.700000 	125.625000 	950.000000 	949.942017 	953.541016 
15.800000 	125.625000 	950.000000 	949.942017 	953.541016 
15.900000 	125.625000 	950.000000 	949.942017 	953.541016 
16.000000 	125.625000 	950.000000 	949.942017 	953.541016 
16.100000 	125.625000 	950.000000 	949.942017 	953.541016 
16.200000 	125.625000 	950.000000 	949.942017 	953.541016 
16.300000 	125.625000 	950.000000 	949.942017 	953.541016 
16.400000 	125.625000 	950.000000 	949.942017 	953.541016 
16.500000 	125.685997 	950.000000 	949.927979 	953.547974 
16.600000 	125.685997 	950.000000 	949.927979 	953.547974 
16.700000 	125.685997 	950.000000 	949.927979 	953.547974 
16.800000 	125.685997 	950.000000 	949.927979 	953.547974 
16.900000 	125.685997 	950.000000 	949.927979 	953.547974 
17.000000 	125.685997 	950.000000 	949.927979 	953.547974 
17.100000 	125.685997 	950.000000 	949.927979 	953.547974 
17.200000 	125.685997 	950.000000 	949.927979 	953.547974 
17.300000 	125.685997 	950.000000 	949.927979 	953.547974 
17.400000 	125.685997 	950.000000 	949.927979 	953.547974 
17.500000 	125.737999 	950.000000 	949.914978 	953.556030 
17.600000 	125.737999 	950.000000 	949.914978 	953.556030 
17.700000 	125.737999 	950.000000 	949.914978 	953.556030 
17.800000 	125.737999 	950.000000 	949.914978 	953.556030 
17.900000 	125.737999 	950.000000 	949.914978 	953.556030 
18.000000 	125.737999 	950.000000 	949.914978 	953.556030 
18.100000 	125.737999 	950.000000 	949.914978 	953.556030 
18.200000 	125.737999 	950.000000 	949.914978 	953.556030 
18.300000 	125.737999 	950.000000 	949.914978 	953.556030 
18.400000 	125.737999 	950.000000 	949.914978 	953.556030 
18.500000 	125.782997 	950.000000 	949.901978 	953.565002 
18.600000 	125.782997 	950.000000 	949.901978 	953.565002 
18.700000 	125.782997 	950.000000 	949.901978 	953.565002 
18.800000 	125.782997 	950.000000 	949.901978 	953.565002 
18.900000 	125.782997 	950.000000 	949.901978 	953.565002 
19.000000 	125.782997 	950.000000 	949.901978 	953.565002 
19.100000 	125.782997 	950.000000 	949.901978 	953.565002 
19.200000 	125.782997 	950.000000 	949.901978 	953.565002 
19.300000 	125.782997 	950.000000 	949.901978 	953.565002 
19.400000 	125.782997 	950.000000 	949.901978 	953.565002 
19.500000 	125.821999 	950.000000 	949.888977 	953.572998 
19.600000 	125.821999 	950.000000 	949.888977 	953.572998 
19.700000 	125.821999 	950.000000 	949.888977 	953.572998 
19.800000 	125.821999 	950.000000 	949.888977 	953.572998 
19.900000 	125.821999 	950.000000 	949.888977 	953.572998 
20.000000 	125.821999 	950.000000 	949.888977 	953.572998 
20.100000 	125.821999 	950.000000 	949.888977 	953.572998 
20.200000 	125.821999 	950.000000 	949.888977 	953.572998 
20.300000 	125.821999 	950.000000 	949.888977 	953.572998 
20.400000 	125.821999 	950.000000 	949.888977 	953.572998 
20.500000 	125.857002 	950.000000 	949.877014 	953.580994 
20.600000 	125.857002 	950.000000 	949.877014 	953.580994 
20.700000 	125.857002 	950.000000 	949.877014 	953.580994 
20.800000 	125.857002 	950.000000 	949.877014 	953.580994 
20.900000 	125.857002 	950.000000 	949.877014 	953.580994 
21.000000 	125.857002 	950.000000 	949.877014 	953.580994 
21.100000 	125.857002 	950.000000 	949.877014 	953.580994 
21.200000 	125.857002 	950.000000 	949.877014 	953.580994 
21.300000 	125.857002 	950.000000 	949.877014 	953.580994 
21.400000 	125.857002 	950.000000 	949.877014 	953.580994 
21.500000 	125.888000 	950.000000 	949.864990 	953.590027 
21.600000 	125.888000 	950.000000 	949.864990 	953.590027 
21.700000 	125.888000 	950.000000 	949.864990 	953.590027 
21.800000 	125.888000 	950.000000 	949.864990 	953.590027 
21.900000 	125.888000 	950.000000 	949.864990 	953.590027 
22.000000 	125.888000 	950.000000 	949.864990 	953.590027 
22.100000 	125.888000 	950.000000 	949.864990 	953.590027 
22.200000 	125.888000 	950.000000 	949.864990 	953.590027 
22.300000 	125.888000 	950.000000 	949.864990 	953.590027 
22.400000 	125.888000 	950.000000 	949.864990 	953.590027 
22.500000 	125.916000 	950.000000 	949.851990 	953.598022 
22.600000 	125.916000 	950.000000 	949.851990 	953.598022 
22.700000 	125.916000 	950.000000 	949.851990 	953.598022 
22.800000 	125.916000 	950.000000 	949.851990 	953.598022 
22.900000 	125.916000 	950.000000 	949.851990 	953.598022 
23.000000 	125.916000 	950.000000 	949.851990 	953.598022 
23.100000 	125.916000 	950.000000 	949.851990 	953.598022 
23.200000 	125.916000 	950.000000 	949.851990 	953.598022 
23.300000 	125.916000 	950.000000 	949.851990 	953.598022 
23.400000 	125.916000 	950.000000 	949.851990 	953.598022 
23.500000 	125.941002 	950.000000 	949.840027 	953.606018 
23.600000 	125.941002 	950.000000 	949.840027 	953.606018 
23.700000 	125.941002 	950.000000 	949.840027 	953.606018 
23.800000 	125.941002 	950.000000 	949.840027 	953.606018 
23.900000 	125.941002 	950.000000 	949.840027 	953.606018 
24.000000 	125.941002 	950.000000 	949.840027 	953.606018 
24.100000 	125.941002 	950.000000 	949.840027 	953.606018 
24.200000 	125.941002 	950.000000 	949.840027 	953.606018 
24.300000 	125.941002 	950.000000 	949.840027 	953.606018 
24.400000 	125.941002 	950.000000 	949.840027 	953.606018 
24.500000 	125.963997 	950.000000 	949.827026 	953.614014 
24.600000 	125.963997 	950.000000 	949.827026 	953.614014 
24.700000 	125.963997 	950.000000 	949.827026 	953.614014 
24.800000 	125.963997 	950.000000 	949.827026 	953.614014 
24.900000 	125.963997 	950.000000 	949.827026 	953.614014 
25.000000 	125.963997 	950.000000 	949.827026 	953.614014 
25.100000 	125.963997 	950.000000 	949.827026 	953.614014 
25.200000 	125.963997 	950.000000 	949.827026 	953.614014 
25.300000 	125.963997 	950.000000 	949.827026 	953.614014 
25.400000 	125.963997 	950.000000 	949.827026 	953.614014 
25.500000 	125.985001 	950.000000 	949.812988 	953.622009 
25.600000 	125.985001 	950.000000 	949.812988 	953.622009 
25.700000 	125.985001 	950.000000 	949.812988 	953.622009 
25.800000 	125.985001 	950.000000 	949.812988 	953.622009 
25.900000 	125.985001 	950.000000 	949.812988 	953.622009 
26.000000 	125.985001 	950.000000 	949.812988 	953.622009 
26.100000 	125.985001 	950.000000 	949.812988 	953.622009 
26.200000 	125.985001 	950.000000 	949.812988 	953.622009 
26.300000 	125.985001 	950.000000 	949.812988 	953.622009 
26.400000 	125.985001 	950.000000 	949.812988 	953.622009 
26.500000 	126.004997 	950.000000 	949.799011 	953.629028 
26.600000 	126.004997 	950.000000 	949.799011 	953.629028 
26.700000 	126.004997 	950.000000 	949.799011 	953.629028 
26.800000 	126.004997 	950.000000 	949.799011 	953.629028 
26.900000 	126.004997 	950.000000 	949.799011 	953.629028 
27.000000 	126.004997 	950.000000 	949.799011 	953.629028 
27.100000 	126.004997 	950.000000 	949.799011 	953.629028 
27.200000 	126.004997 	950.000000 	949.799011 	953.629028 
27.300000 	126.004997 	950.000000 	949.799011 	953.629028 
27.400000 	126.004997 	950.000000 	949.799011 	953.629028 
27.500000 	126.023003 	950.000000 	949.784973 	953.635986 
27.600000 	126.023003 	950.000000 	949.784973 	953.635986 
27.700000 	126.023003 	950.000000 	949.784973 	953.635986 
27.800000 	126.023003 	950.000000 	949.784973 	953.635986 
27.900000 	126.023003 	950.000000 	949.784973 	953.635986 
28.000000 	126.023003 	950.000000 	949.784973 	953.635986 
28.100000 	126.023003 	950.000000 	949.784973 	953.635986 
28.200000 	126.023003 	950.000000 	949.784973 	953.635986 
28.300000 	126.023003 	950.000000 	949.784973 	953.635986 
28.400000 	126.023003 	950.000000 	949.784973 	953.635986 
28.500000 	126.040001 	950.000000 	949.770020 	953.642029 
28.600000 	126.040001 	950.000000 	949.770020 	953.642029 
28.700000 	126.040001 	950.000000 	949.770020 	953.642029 
28.800000 	126.040001 	950.000000 	949.770020 	953.642029 
28.900000 	126.040001 	950.000000 	949.770020 	953.642029 
29.000000 	126.040001 	950.000000 	949.770020 	953.642029 
29.100000 	126.040001 	950.000000 	949.770020 	953.642029 
29.200000 	126.040001 	950.000000 	949.770020 	953.642029 
29.300000 	126.040001 	950.000000 	949.770020 	953.642029 
29.400000 	126.040001 	950.000000 	949.770020 	953.642029 
29.500000 	126.056999 	950.000000 	949.754028 	953.646973 
29.600000 	126.056999 	950.000000 	949.754028 	953.646973 
29.700000 	126.056999 	950.000000 	949.754028 	953.646973 
29.800000 	126.056999 	950.000000 	949.754028 	953.646973 
29.900000 	126.056999 	950.000000 	949.754028 	953.646973 
30.000000 	126.056999 	950.000000 	949.754028 	953.646973 
30.100000 	126.056999 	950.000000 	949.754028 	953.646973 
30.200000 	126.056999 	950.000000 	949.754028 	953.646973 
30.300000 	126.056999 	950.000000 	949.754028 	953.646973 
30.400000 	126.056999 	950.000000 	949.754028 	953.646973 
30.500000 	126.072998 	950.000000 	949.737000 	953.651978 
30.600000 	126.072998 	950.000000 	949.737000 	953.651978 
30.700000 	126.072998 	950.000000 	949.737000 	953.651978 
30.800000 	126.072998 	950.000000 	949.737000 	953.651978 
30.900000 	126.072998 	950.000000 	949.737000 	953.651978 
31.000000 	126.072998 	950.000000 	949.737000 	953.651978 
31.100000 	126.072998 	950.000000 	949.737000 	953.651978 
31.200000 	126.072998 	950.000000 	949.737000 	953.651978 
31.300000 	126.072998 	950.000000 	949.737000 	953.651978 
31.400000 	126.072998 	950.000000 	949.737000 	953.651978 
31.500000 	126.086998 	950.000000 	949.718994 	953.656006 
31.600000 	126.086998 	950.000000 	949.718994 	953.656006 
31.700000 	126.086998 	950.000000 	949.718994 	953.656006 
31.800000 	126.086998 	950.000000 	949.718994 	953.656006 
31.900000 	126.086998 	950.000000 	949.718994 	953.656006 
32.000000 	126.086998 	950.000000 	949.718994 	953.656006 
32.100000 	126.086998 	950.000000 	949.718994 	953.656006 
32.200000 	126.086998 	950.000000 	949.718994 	953.656006 
32.300000 	126.086998 	950.000000 	949.718994 	953.656006 
32.400000 	126.086998 	950.000000 	949.718994 	953.656006 
32.500000 	126.101997 	950.000000 	949.700012 	953.658997 
32.600000 	126.101997 	950.000000 	949.700012 	953.658997 
32.700000 	126.101997 	950.000000 	949.700012 	953.658997 
32.800000 	126.101997 	950.000000 	949.700012 	953.658997 
32.900000 	126.101997 	950.000000 	949.700012 	953.658997 
33.000000 	126.101997 	950.000000 	949.700012 	953.658997 
33.100000 	126.101997 	950.000000 	949.700012 	953.658997 
33.200000 	126.101997 	950.000000 	949.700012 	953.658997 
33.300000 	126.101997 	950.000000 	949.700012 	953.658997 
33.400000 	126.101997 	950.000000 	949.700012 	953.658997 
33.500000 	126.115997 	950.000000 	949.681030 	953.659973 
33.600000 	126.115997 	950.000000 	949.681030 	953.659973 
33.700000 	126.115997 	950.000000 	949.681030 	953.659973 
33.800000 	126.115997 	950.000000 	949.681030 	953.659973 
33.900000 	126.115997 	950.000000 	949.681030 	953.659973 
34.000000 	126.115997 	950.000000 	949.681030 	953.659973 
34.100000 	126.115997 	950.000000 	949.681030 	953.659973 
34.200000 	126.115997 	950.000000 	949.681030 	953.659973 
34.300000 	126.115997 	950.000000 	949.681030 	953.659973 
34.400000 	126.115997 	950.000000 	949.681030 	953.659973 
34.500000 	126.128998 	950.000000 	949.659973 	953.661011 
34.600000 	126.128998 	950.000000 	949.659973 	953.661011 
34.700000 	126.128998 	950.000000 	949.659973 	953.661011 
34.800000 	126.128998 	950.000000 	949.659973 	953.661011 
34.900000 	126.128998 	950.000000 	949.659973 	953.661011 
35.000000 	126.128998 	950.000000 	949.659973 	953.661011 
35.100000 	126.128998 	950.000000 	949.659973 	953.661011 
35.200000 	126.128998 	950.000000 	949.659973 	953.661011 
35.300000 	126.128998 	950.000000 	949.659973 	953.661011 
35.400000 	126.128998 	950.000000 	949.659973 	953.661011 
35.500000 	126.142998 	950.000000 	949.638000 	953.659973 
35.600000 	126.142998 	950.000000 	949.638000 	953.659973 
35.700000 	126.142998 	950.000000 	949.638000 	953.659973 
35.800000 	126.142998 	950.000000 	949.638000 	953.659973 
35.900000 	126.142998 	950.000000 	949.638000 	953.659973 
36.000000 	126.142998 	950.000000 	949.638000 	953.659973 
36.100000 	126.142998 	950.000000 	949.638000 	953.659973 
36.200000 	126.142998 	950.000000 	949.638000 	953.659973 
36.300000 	126.142998 	950.000000 	949.638000 	953.659973 
36.400000 	126.142998 	950.000000 	949.638000 	953.659973 
36.500000 	126.155998 	950.000000 	949.614990 	953.658020 
36.600000 	126.155998 	950.000000 	949.614990 	953.658020 
36.700000 	126.155998 	950.000000 	949.614990 	953.658020 
36.800000 	126.155998 	950.000000 	949.614990 	953.658020 
36.900000 	126.155998 	950.000000 	949.614990 	953.658020 
37.000000 	126.155998 	950.000000 	949.614990 	953.658020 
37.100000 	126.155998 	950.000000 	949.614990 	953.658020 
37.200000 	126.155998 	950.000000 	949.614990 	953.658020 
37.300000 	126.155998 	950.000000 	949.614990 	953.658020 
37.400000 	126.155998 	950.000000 	949.614990 	953.658020 
37.500000 	126.167999 	950.000000 	949.590027 	953.653992 
37.600000 	126.167999 	950.000000 	949.590027 	953.653992 
37.700000 	126.167999 	950.000000 	949.590027 	953.653992 
37.800000 	126.167999 	950.000000 	949.590027 	953.653992 
37.900000 	126.167999 	950.000000 	949.590027 	953.653992 
38.000000 	126.167999 	950.000000 	949.590027 	953.653992 
38.100000 	126.167999 	950.000000 	949.590027 	953.653992 
38.200000 	126.167999 	950.000000 	949.590027 	953.653992 
38.300000 	126.167999 	950.000000 	949.590027 	953.653992 
38.400000 	126.167999 	950.000000 	949.590027 	953.653992 
38.500000 	126.181000 	950.000000 	949.564026 	953.648010 
38.600000 	126.181000 	950.000000 	949.564026 	953.648010 
38.700000 	126.181000 	950.000000 	949.564026 	953.648010 
38.800000 	126.181000 	950.000000 	949.564026 	953.648010 
38.900000 	126.181000 	950.000000 	949.564026 	953.648010 
39.000000 	126.181000 	950.000000 	949.564026 	953.648010 
39.100000 	126.181000 	950.000000 	949.564026 	953.648010 
39.200000 	126.181000 	950.000000 	949.564026 	953.648010 
39.300000 	126.181000 	950.000000 	949.564026 	953.648010 
39.400000 	126.181000 	950.000000 	949.564026 	953.648010 
39.500000 	126.193001 	950.000000 	949.536987 	953.640991 
39.600000 	126.193001 	950.000000 	949.536987 	953.640991 
39.700000 	126.193001 	950.000000 	949.536987 	953.640991 
39.800000 	126.193001 	950.000000 	949.536987 	953.640991 
39.900000 	126.193001 	950.000000 	949.536987 	953.640991 
40.000000 	126.193001 	950.000000 	949.536987 	953.640991 
40.100000 	126.193001 	950.000000 	949.536987 	953.640991 
40.200000 	126.193001 	950.000000 	949.536987 	953.640991 
40.300000 	126.193001 	950.000000 	949.536987 	953.640991 
40.400000 	126.193001 	950.000000 	949.536987 	953.640991 
40.500000 	126.206001 	950.000000 	949.507996 	953.630981 
40.600000 	126.206001 	950.000000 	949.507996 	953.630981 
40.700000 	126.206001 	950.000000 	949.507996 	953.630981 
40.800000 	126.206001 	950.000000 	949.507996 	953.630981 
40.900000 	126.206001 	950.000000 	949.507996 	953.630981 
41.000000 	126.206001 	950.000000 	949.507996 	953.630981 
41.100000 	126.206001 	950.000000 	949.507996 	953.630981 
41.200000 	126.206001 	950.000000 	949.507996 	953.630981 
41.300000 	126.206001 	950.000000 	949.507996 	953.630981 
41.400000 	126.206001 	950.000000 	949.507996 	953.630981 
41.500000 	126.218002 	950.000000 	949.476990 	953.619995 
41.600000 	126.218002 	950.000000 	949.476990 	953.619995 
41.700000 	126.218002 	950.000000 	949.476990 	953.619995 
41.800000 	126.218002 	950.000000 	949.476990 	953.619995 
41.900000 	126.218002 	950.000000 	949.476990 	953.619995 
42.000000 	126.218002 	950.000000 	949.476990 	953.619995 
42.100000 	126.218002 	950.000000 	949.476990 	953.619995 
42.200000 	126.218002 	950.000000 	949.476990 	953.619995 
42.300000 	126.218002 	950.000000 	949.476990 	953.619995 
42.400000 	126.218002 	950.000000 	949.476990 	953.619995 
42.500000 	126.230003 	950.000000 	949.445007 	953.606018 
42.600000 	126.230003 	950.000000 	949.445007 	953.606018 
42.700000 	126.230003 	950.000000 	949.445007 	953.606018 
42.800000 	126.230003 	950.000000 	949.445007 	953.606018 
42.900000 	126.230003 	950.000000 	949.445007 	953.606018 
43.000000 	126.230003 	950.000000 	949.445007 	953.606018 
43.100000 	126.230003 	950.000000 	949.445007 	953.606018 
43.200000 	126.230003 	950.000000 	949.445007 	953.606018 
43.300000 	126.230003 	950.000000 	949.445007 	953.606018 
43.400000 	126.230003 	950.000000 	949.445007 	953.606018 
43.500000 	126.241997 	950.000000 	949.411011 	953.588989 
43.600000 	126.241997 	950.000000 	949.411011 	953.588989 
43.700000 	126.241997 	950.000000 	949.411011 	953.588989 
43.800000 	126.241997 	950.000000 	949.411011 	953.588989 
43.900000 	126.241997 	950.000000 	949.411011 	953.588989 
44.000000 	126.241997 	950.000000 	949.411011 	953.588989 
44.100000 	126.241997 	950.000000 	949.411011 	953.588989 
44.200000 	126.241997 	950.000000 	949.411011 	953.588989 
44.300000 	126.241997 	950.000000 	949.411011 	953.588989 
44.400000 	126.241997 	950.000000 	949.411011 	953.588989 
44.500000 	126.254997 	950.000000 	949.375000 	953.570007 
44.600000 	126.254997 	950.000000 	949.375000 	953.570007 
44.700000 	126.254997 	950.000000 	949.375000 	953.570007 
44.800000 	126.254997 	950.000000 	949.375000 	953.570007 
44.900000 	126.254997 	950.000000 	949.375000 	953.570007 
45.000000 	126.254997 	950.000000 	949.375000 	953.570007 
45.100000 	126.254997 	950.000000 	949.375000 	953.570007 
45.200000 	126.254997 	950.000000 	949.375000 	953.570007 
45.300000 	126.254997 	950.000000 	949.375000 	953.570007 
45.400000 	126.254997 	950.000000 	949.375000 	953.570007 
45.500000 	126.266998 	950.000000 	949.336975 	953.546997 
45.600000 	126.266998 	950.000000 	949.336975 	953.546997 
45.700000 	126.266998 	950.000000 	949.336975 	953.546997 
45.800000 	126.266998 	950.000000 	949.336975 	953.546997 
45.900000 	126.266998 	950.000000 	949.336975 	953.546997 
46.000000 	126.266998 	950.000000 	949.336975 	953.546997 
46.100000 	126.266998 	950.000000 	949.336975 	953.546997 
46.200000 	126.266998 	950.000000 	949.336975 	953.546997 
46.300000 	126.266998 	950.000000 	949.336975 	953.546997 
46.400000 	126.266998 	950.000000 	949.336975 	953.546997 
46.500000 	126.278999 	950.000000 	949.296997 	953.336975 
46.600000 	126.278999 	950.000000 	949.296997 	953.336975 
46.700000 	126.278999 	950.000000 	949.296997 	953.336975 
46.800000 	126.278999 	950.000000 	949.296997 	953.336975 
46.900000 	126.278999 	950.000000 	949.296997 	953.336975 
47.000000 	126.278999 	950.000000 	949.296997 	953.336975 
47.100000 	126.278999 	950.000000 	949.296997 	953.336975 
47.200000 	126.278999 	950.000000 	949.296997 	953.336975 
47.300000 	126.278999 	950.000000 	949.296997 	953.336975 
47.400000 	126.278999 	950.000000 	949.296997 	953.336975 
47.500000 	126.291000 	950.000000 	949.254028 	953.302979 
47.600000 	126.291000 	950.000000 	949.254028 	953.302979 
47.700000 	126.291000 	950.000000 	949.254028 	953.302979 
47.800000 	126.291000 	950.000000 	949.254028 	953.302979 
47.900000 	126.291000 	950.000000 	949.254028 	953.302979 
48.000000 	126.291000 	950.000000 	949.254028 	953.302979 
48.100000 	126.291000 	950.000000 	949.254028 	953.302979 
48.200000 	126.291000 	950.000000 	949.254028 	953.302979 
48.300000 	126.291000 	950.000000 	949.254028 	953.302979 
48.400000 	126.291000 	950.000000 	949.254028 	953.302979 
48.500000 	126.304001 	950.000000 	949.208984 	953.265991 
48.600000 	126.304001 	950.000000 	949.208984 	953.265991 
48.700000 	126.304001 	950.000000 	949.208984 	953.265991 
48.800000 	126.304001 	950.000000 	949.208984 	953.265991 
48.900000 	126.304001 	950.000000 	949.208984 	953.265991 
49.000000 	126.304001 	950.000000 	949.208984 	953.265991 
49.100000 	126.304001 	950.000000 	949.208984 	953.265991 
49.200000 	126.304001 	950.000000 	949.208984 	953.265991 
49.300000 	126.304001 	950.000000 	949.208984 	953.265991 
49.400000 	126.304001 	950.000000 	949.208984 	953.265991 
49.500000 	126.316002 	950.000000 	949.161987 	953.226013 
49.600000 	126.316002 	950.000000 	949.161987 	953.226013 
49.700000 	126.316002 	950.000000 	949.161987 	953.226013 
49.800000 	126.316002 	950.000000 	949.161987 	953.226013 
49.900000 	126.316002 	950.000000 	949.161987 	953.226013 
50.000000 	126.316002 	950.000000 	949.161987 	953.226013 
50.100000 	126.316002 	950.000000 	949.161987 	953.226013 
50.200000 	126.316002 	950.000000 	949.161987 	953.226013 
50.300000 	126.316002 	950.000000 	949.161987 	953.226013 
50.400000 	126.316002 	950.000000 	949.161987 	953.226013 
50.500000 	126.329002 	950.000000 	949.112976 	953.181030 
50.600000 	126.329002 	950.000000 	949.112976 	953.181030 
50.700000 	126.329002 	950.000000 	949.112976 	953.181030 
50.800000 	126.329002 	950.000000 	949.112976 	953.181030 
50.900000 	126.329002 	950.000000 	949.112976 	953.181030 
51.000000 	126.329002 	950.000000 	949.112976 	953.181030 
51.100000 	126.329002 	950.000000 	949.112976 	953.181030 
51.200000 	126.329002 	950.000000 	949.112976 	953.181030 
51.300000 	126.329002 	950.000000 	949.112976 	953.181030 
51.400000 	126.329002 	950.000000 	949.112976 	953.181030 
51.500000 	126.342003 	950.000000 	949.059998 	953.132019 
51.600000 	126.342003 	950.000000 	949.059998 	953.132019 
51.700000 	126.342003 	950.000000 	949.059998 	953.132019 
51.800000 	126.342003 	950.000000 	949.059998 	953.132019 
51.900000 	126.342003 	950.000000 	949.059998 	953.132019 
52.000000 	126.342003 	950.000000 	949.059998 	953.132019 
52.100000 	126.342003 	950.000000 	949.059998 	953.132019 
52.200000 	126.342003 	950.000000 	949.059998 	953.132019 
52.300000 	126.342003 	950.000000 	949.059998 	953.132019 
52.400000 	126.342003 	950.000000 	949.059998 	953.132019 
52.500000 	126.355003 	950.000000 	949.005005 	953.078979 
52.600000 	126.355003 	950.000000 	949.005005 	953.078979 
52.700000 	126.355003 	950.000000 	949.005005 	953.078979 
52.800000 	126.355003 	950.000000 	949.005005 	953.078979 
52.900000 	126.355003 	950.000000 	949.005005 	953.078979 
53.000000 	126.355003 	950.000000 	949.005005 	953.078979 
53.100000 	126.355003 	950.000000 	949.005005 	953.078979 
53.200000 	126.355003 	950.000000 	949.005005 	953.078979 
53.300000 	126.355003 	950.000000 	949.005005 	953.078979 
53.400000 	126.355003 	950.000000 	949.005005 	953.078979 
53.500000 	126.367996 	950.000000 	948.947021 	953.021973 
53.600000 	126.367996 	950.000000 	948.947021 	953.021973 
53.700000 	126.367996 	950.000000 	948.947021 	953.021973 
53.800000 	126.367996 	950.000000 	948.947021 	953.021973 
53.900000 	126.367996 	950.000000 	948.947021 	953.021973 
54.000000 	126.367996 	950.000000 	948.947021 	953.021973 
54.100000 	126.367996 	950.000000 	948.947021 	953.021973 
54.200000 	126.367996 	950.000000 	948.947021 	953.021973 
54.300000 	126.367996 	950.000000 	948.947021 	953.021973 
54.400000 	126.367996 	950.000000 	948.947021 	953.021973 
54.500000 	126.380997 	950.000000 	948.885986 	952.960022 
54.600000 	126.380997 	950.000000 	948.885986 	952.960022 
54.700000 	126.380997 	950.000000 	948.885986 	952.960022 
54.800000 	126.380997 	950.000000 	948.885986 	952.960022 
54.900000 	126.380997 	950.000000 	948.885986 	952.960022 
55.000000 	126.380997 	950.000000 	948.885986 	952.960022 
55.100000 	126.380997 	950.000000 	948.885986 	952.960022 
55.200000 	126.380997 	950.000000 	948.885986 	952.960022 
55.300000 	126.380997 	950.000000 	948.885986 	952.960022 
55.400000 	126.380997 	950.000000 	948.885986 	952.960022 
55.500000 	126.393997 	950.000000 	948.820984 	952.892029 
55.600000 	126.393997 	950.000000 	948.820984 	952.892029 
55.700000 	126.393997 	950.000000 	948.820984 	952.892029 
55.800000 	126.393997 	950.000000 	948.820984 	952.892029 
55.900000 	126.393997 	950.000000 	948.820984 	952.892029 
56.000000 	126.393997 	950.000000 	948.820984 	952.892029 
56.100000 	126.393997 	950.000000 	948.820984 	952.892029 
56.200000 	126.393997 	950.000000 	948.820984 	952.892029 
56.300000 	126.393997 	950.000000 	948.820984 	952.892029 
56.400000 	126.393997 	950.000000 	948.820984 	952.892029 
56.500000 	126.407997 	950.000000 	948.754028 	952.820007 
56.600000 	126.407997 	950.000000 	948.754028 	952.820007 
56.700000 	126.407997 	950.000000 	948.754028 	952.820007 
56.800000 	126.407997 	950.000000 	948.754028 	952.820007 
56.900000 	126.407997 	950.000000 	948.754028 	952.820007 
57.000000 	126.407997 	950.000000 	948.754028 	952.820007 
57.100000 	126.407997 	950.000000 	948.754028 	952.820007 
57.200000 	126.407997 	950.000000 	948.754028 	952.820007 
57.300000 	126.407997 	950.000000 	948.754028 	952.820007 
57.400000 	126.407997 	950.000000 	948.754028 	952.820007 
57.500000 	126.421997 	950.000000 	948.682007 	952.742004 
57.600000 	126.421997 	950.000000 	948.682007 	952.742004 
57.700000 	126.421997 	950.000000 	948.682007 	952.742004 
57.800000 	126.421997 	950.000000 	948.682007 	952.742004 
57.900000 	126.421997 	950.000000 	948.682007 	952.742004 
58.000000 	126.421997 	950.000000 	948.682007 	952.742004 
58.100000 	126.421997 	950.000000 	948.682007 	952.742004 
58.200000 	126.421997 	950.000000 	948.682007 	952.742004 
58.300000 	126.421997 	950.000000 	948.682007 	952.742004 
58.400000 	126.421997 	950.000000 	948.682007 	952.742004 
58.500000 	126.435997 	950.000000 	948.606995 	952.658997 
58.600000 	126.435997 	950.000000 	948.606995 	952.658997 
58.700000 	126.435997 	950.000000 	948.606995 	952.658997 
58.800000 	126.435997 	950.000000 	948.606995 	952.658997 
58.900000 	126.435997 	950.000000 	948.606995 	952.658997 
59.000000 	126.435997 	950.000000 	948.606995 	952.658997 
59.100000 	126.435997 	950.000000 	948.606995 	952.658997 
59.200000 	126.435997 	950.000000 	948.606995 	952.658997 
59.300000 	126.435997 	950.000000 	948.606995 	952.658997 
59.400000 	126.435997 	950.000000 	948.606995 	952.658997 
59.500000 	126.449997 	950.000000 	948.528992 	952.570007 
59.600000 	126.449997 	950.000000 	948.528992 	952.570007 
59.700000 	126.449997 	950.000000 	948.528992 	952.570007 
59.800000 	126.449997 	950.000000 	948.528992 	952.570007 
59.900000 	126.449997 	950.000000 	948.528992 	952.570007 
60.000000 	126.449997 	950.000000 	948.528992 	952.570007 
