0.500000 	94.754402 	952.000000 	956.591980 	953.776001 
0.600000 	94.754402 	952.000000 	956.591980 	953.776001 
0.700000 	94.754402 	952.000000 	956.591980 	953.776001 
0.800000 	94.754402 	952.000000 	956.591980 	953.776001 
0.900000 	94.754402 	952.000000 	956.591980 	953.776001 
1.000000 	94.754402 	952.000000 	956.591980 	953.776001 
1.100000 	94.754402 	952.000000 	956.591980 	953.776001 
1.200000 	94.754402 	952.000000 	956.591980 	953.776001 
1.300000 	94.754402 	952.000000 	956.591980 	953.776001 
1.400000 	94.754402 	952.000000 	956.591980 	953.776001 
1.500000 	104.880997 	952.000000 	955.041992 	955.335999 
1.600000 	104.880997 	952.000000 	955.041992 	955.335999 
1.700000 	104.880997 	952.000000 	955.041992 	955.335999 
1.800000 	104.880997 	952.000000 	955.041992 	955.335999 
1.900000 	104.880997 	952.000000 	955.041992 	955.335999 
2.000000 	104.880997 	952.000000 	955.041992 	955.335999 
2.100000 	104.880997 	952.000000 	955.041992 	955.335999 
2.200000 	104.880997 	952.000000 	955.041992 	955.335999 
2.300000 	104.880997 	952.000000 	955.041992 	955.335999 
2.400000 	104.880997 	952.000000 	955.041992 	955.335999 
2.500000 	114.403000 	952.000000 	953.663025 	955.486023 
2.600000 	114.403000 	952.000000 	953.663025 	955.486023 
2.700000 	114.403000 	952.000000 	953.663025 	955.486023 
2.800000 	114.403000 	952.000000 	953.663025 	955.486023 
2.900000 	114.403000 	952.000000 	953.663025 	955.486023 
3.000000 	114.403000 	952.000000 	953.663025 	955.486023 
3.100000 	114.403000 	952.000000 	953.663025 	955.486023 
3.200000 	114.403000 	952.000000 	953.663025 	955.486023 
3.300000 	114.403000 	952.000000 	953.663025 	955.486023 
3.400000 	114.403000 	952.000000 	953.663025 	955.486023 
3.500000 	118.966003 	952.000000 	952.984985 	955.487000 
3.600000 	118.966003 	952.000000 	952.984985 	955.487000 
3.700000 	118.966003 	952.000000 	952.984985 	955.487000 
3.800000 	118.966003 	952.000000 	952.984985 	955.487000 
3.900000 	118.966003 	952.000000 	952.984985 	955.487000 
4.000000 	118.966003 	952.000000 	952.984985 	955.487000 
4.100000 	118.966003 	952.000000 	952.984985 	955.487000 
4.200000 	118.966003 	952.000000 	952.984985 	955.487000 
4.300000 	118.966003 	952.000000 	952.984985 	955.487000 
4.400000 	118.966003 	952.000000 	952.984985 	955.487000 
4.500000 	121.348000 	952.000000 	952.625000 	955.484985 
4.600000 	121.348000 	952.000000 	952.625000 	955.484985 
4.700000 	121.348000 	952.000000 	952.625000 	955.484985 
4.800000 	121.348000 	952.000000 	952.625000 	955.484985 
4.900000 	121.348000 	952.000000 	952.625000 	955.484985 
5.000000 	121.348000 	952.000000 	952.625000 	955.484985 
5.100000 	121.348000 	952.000000 	952.625000 	955.484985 
5.200000 	121.348000 	952.000000 	952.625000 	955.484985 
5.300000 	121.348000 	952.000000 	952.625000 	955.484985 
5.400000 	121.348000 	952.000000 	952.625000 	955.484985 
5.500000 	122.722000 	952.000000 	952.414978 	955.484985 
5.600000 	122.722000 	952.000000 	952.414978 	955.484985 
5.700000 	122.722000 	952.000000 	952.414978 	955.484985 
5.800000 	122.722000 	952.000000 	952.414978 	955.484985 
5.900000 	122.722000 	952.000000 	952.414978 	955.484985 
6.000000 	122.722000 	952.000000 	952.414978 	955.484985 
6.100000 	122.722000 	952.000000 	952.414978 	955.484985 
6.200000 	122.722000 	952.000000 	952.414978 	955.484985 
6.300000 	122.722000 	952.000000 	952.414978 	955.484985 
6.400000 	122.722000 	952.000000 	952.414978 	955.484985 
6.500000 	123.581001 	952.000000 	952.283020 	955.486023 
6.600000 	123.581001 	952.000000 	952.283020 	955.486023 
6.700000 	123.581001 	952.000000 	952.283020 	955.486023 
6.800000 	123.581001 	952.000000 	952.283020 	955.486023 
6.900000 	123.581001 	952.000000 	952.283020 	955.486023 
7.000000 	123.581001 	952.000000 	952.283020 	955.486023 
7.100000 	123.581001 	952.000000 	952.283020 	955.486023 
7.200000 	123.581001 	952.000000 	952.283020 	955.486023 
7.300000 	123.581001 	952.000000 	952.283020 	955.486023 
7.400000 	123.581001 	952.000000 	952.283020 	955.486023 
7.500000 	124.153000 	952.000000 	952.193970 	955.487976 
7.600000 	124.153000 	952.000000 	952.193970 	955.487976 
7.700000 	124.153000 	952.000000 	952.193970 	955.487976 
7.800000 	124.153000 	952.000000 	952.193970 	955.487976 
7.900000 	124.153000 	952.000000 	952.193970 	955.487976 
8.000000 	124.153000 	952.000000 	952.193970 	955.487976 
8.100000 	124.153000 	952.000000 	952.193970 	955.487976 
8.200000 	124.153000 	952.000000 	952.193970 	955.487976 
8.300000 	124.153000 	952.000000 	952.193970 	955.487976 
8.400000 	124.153000 	952.000000 	952.193970 	955.487976 
8.500000 	124.552002 	952.000000 	952.130005 	955.491028 
8.600000 	124.552002 	952.000000 	952.130005 	955.491028 
8.700000 	124.552002 	952.000000 	952.130005 	955.491028 
8.800000 	124.552002 	952.000000 	952.130005 	955.491028 
8.900000 	124.552002 	952.000000 	952.130005 	955.491028 
9.000000 	124.552002 	952.000000 	952.130005 	955.491028 
9.100000 	124.552002 	952.000000 	952.130005 	955.491028 
9.200000 	124.552002 	952.000000 	952.130005 	955.491028 
9.300000 	124.552002 	952.000000 	952.130005 	955.491028 
9.400000 	124.552002 	952.000000 	952.130005 	955.491028 
9.500000 	124.843002 	952.000000 	952.083008 	955.495972 
9.600000 	124.843002 	952.000000 	952.083008 	955.495972 
9.700000 	124.843002 	952.000000 	952.083008 	955.495972 
9.800000 	124.843002 	952.000000 	952.083008 	955.495972 
9.900000 	124.843002 	952.000000 	952.083008 	955.495972 
10.000000 	124.843002 	952.000000 	952.083008 	955.495972 
10.100000 	124.843002 	952.000000 	952.083008 	955.495972 
10.200000 	124.843002 	952.000000 	952.083008 	955.495972 
10.300000 	124.843002 	952.000000 	952.083008 	955.495972 
10.400000 	124.843002 	952.000000 	952.083008 	955.495972 
10.500000 	125.059998 	952.000000 	952.046997 	955.500000 
10.600000 	125.059998 	952.000000 	952.046997 	955.500000 
10.700000 	125.059998 	952.000000 	952.046997 	955.500000 
10.800000 	125.059998 	952.000000 	952.046997 	955.500000 
10.900000 	125.059998 	952.000000 	952.046997 	955.500000 
11.000000 	125.059998 	952.000000 	952.046997 	955.500000 
11.100000 	125.059998 	952.000000 	952.046997 	955.500000 
11.200000 	125.059998 	952.000000 	952.046997 	955.500000 
11.300000 	125.059998 	952.000000 	952.046997 	955.500000 
11.400000 	125.059998 	952.000000 	952.046997 	955.500000 
11.500000 	125.227997 	952.000000 	952.018982 	955.505981 
11.600000 	125.227997 	952.000000 	952.018982 	955.505981 
11.700000 	125.227997 	952.000000 	952.018982 	955.505981 
11.800000 	125.227997 	952.000000 	952.018982 	955.505981 
11.900000 	125.227997 	952.000000 	952.018982 	955.505981 
12.000000 	125.227997 	952.000000 	952.018982 	955.505981 
12.100000 	125.227997 	952.000000 	952.018982 	955.505981 
12.200000 	125.227997 	952.000000 	952.018982 	955.505981 
12.300000 	125.227997 	952.000000 	952.018982 	955.505981 
12.400000 	125.227997 	952.000000 	952.018982 	955.505981 
12.500000 	125.360001 	952.000000 	951.994995 	955.512024 
12.600000 	125.360001 	952.000000 	951.994995 	955.512024 
12.700000 	125.360001 	952.000000 	951.994995 	955.512024 
12.800000 	125.360001 	952.000000 	951.994995 	955.512024 
12.900000 	125.360001 	952.000000 	951.994995 	955.512024 
13.000000 	125.360001 	952.000000 	951.994995 	955.512024 
13.100000 	125.360001 	952.000000 	951.994995 	955.512024 
13.200000 	125.360001 	952.000000 	951.994995 	955.512024 
13.300000 	125.360001 	952.000000 	951.994995 	955.512024 
13.400000 	125.360001 	952.000000 	951.994995 	955.512024 
13.500000 	125.466003 	952.000000 	951.974976 	955.518982 
13.600000 	125.466003 	952.000000 	951.974976 	955.518982 
13.700000 	125.466003 	952.000000 	951.974976 	955.518982 
13.800000 	125.466003 	952.000000 	951.974976 	955.518982 
13.900000 	125.466003 	952.000000 	951.974976 	955.518982 
14.000000 	125.466003 	952.000000 	951.974976 	955.518982 
14.100000 	125.466003 	952.000000 	951.974976 	955.518982 
14.200000 	125.466003 	952.000000 	951.974976 	955.518982 
14.300000 	125.466003 	952.000000 	951.974976 	955.518982 
14.400000 	125.466003 	952.000000 	951.974976 	955.518982 
14.500000 	125.553001 	952.000000 	951.958008 	955.526001 
14.600000 	125.553001 	952.000000 	951.958008 	955.526001 
14.700000 	125.553001 	952.000000 	951.958008 	955.526001 
14.800000 	125.553001 	952.000000 	951.958008 	955.526001 
14.900000 	125.553001 	952.000000 	951.958008 	955.526001 
15.000000 	125.553001 	952.000000 	951.958008 	955.526001 
15.100000 	125.553001 	952.000000 	951.958008 	955.526001 
15.200000 	125.553001 	952.000000 	951.958008 	955.526001 
15.300000 	125.553001 	952.000000 	951.958008 	955.526001 
15.400000 	125.553001 	952.000000 	951.958008 	955.526001 
15.500000 	125.625000 	952.000000 	951.942017 	955.533020 
15.600000 	125.625000 	952.000000 	951.942017 	955.533020 
15.700000 	125.625000 	952.000000 	951.942017 	955.533020 
15.800000 	125.625000 	952.000000 	951.942017 	955.533020 
15.900000 	125.625000 	952.000000 	951.942017 	955.533020 
16.000000 	125.625000 	952.000000 	951.942017 	955.533020 
16.100000 	125.625000 	952.000000 	951.942017 	955.533020 
16.200000 	125.625000 	952.000000 	951.942017 	955.533020 
16.300000 	125.625000 	952.000000 	951.942017 	955.533020 
16.400000 	125.625000 	952.000000 	951.942017 	955.533020 
16.500000 	125.685997 	952.000000 	951.927979 	955.541016 
16.600000 	125.685997 	952.000000 	951.927979 	955.541016 
16.700000 	125.685997 	952.000000 	951.927979 	955.541016 
16.800000 	125.685997 	952.000000 	951.927979 	955.541016 
16.900000 	125.685997 	952.000000 	951.927979 	955.541016 
17.000000 	125.685997 	952.000000 	951.927979 	955.541016 
17.100000 	125.685997 	952.000000 	951.927979 	955.541016 
17.200000 	125.685997 	952.000000 	951.927979 	955.541016 
17.300000 	125.685997 	952.000000 	951.927979 	955.541016 
17.400000 	125.685997 	952.000000 	951.927979 	955.541016 
17.500000 	125.737999 	952.000000 	951.914001 	955.549011 
17.600000 	125.737999 	952.000000 	951.914001 	955.549011 
17.700000 	125.737999 	952.000000 	951.914001 	955.549011 
17.800000 	125.737999 	952.000000 	951.914001 	955.549011 
17.900000 	125.737999 	952.000000 	951.914001 	955.549011 
18.000000 	125.737999 	952.000000 	951.914001 	955.549011 
18.100000 	125.737999 	952.000000 	951.914001 	955.549011 
18.200000 	125.737999 	952.000000 	951.914001 	955.549011 
18.300000 	125.737999 	952.000000 	951.914001 	955.549011 
18.400000 	125.737999 	952.000000 	951.914001 	955.549011 
18.500000 	125.782997 	952.000000 	951.901001 	955.557007 
18.600000 	125.782997 	952.000000 	951.901001 	955.557007 
18.700000 	125.782997 	952.000000 	951.901001 	955.557007 
18.800000 	125.782997 	952.000000 	951.901001 	955.557007 
18.900000 	125.782997 	952.000000 	951.901001 	955.557007 
19.000000 	125.782997 	952.000000 	951.901001 	955.557007 
19.100000 	125.782997 	952.000000 	951.901001 	955.557007 
19.200000 	125.782997 	952.000000 	951.901001 	955.557007 
19.300000 	125.782997 	952.000000 	951.901001 	955.557007 
19.400000 	125.782997 	952.000000 	951.901001 	955.557007 
19.500000 	125.821999 	952.000000 	951.888977 	955.565002 
19.600000 	125.821999 	952.000000 	951.888977 	955.565002 
19.700000 	125.821999 	952.000000 	951.888977 	955.565002 
19.800000 	125.821999 	952.000000 	951.888977 	955.565002 
19.900000 	125.821999 	952.000000 	951.888977 	955.565002 
20.000000 	125.821999 	952.000000 	951.888977 	955.565002 
20.100000 	125.821999 	952.000000 	951.888977 	955.565002 
20.200000 	125.821999 	952.000000 	951.888977 	955.565002 
20.300000 	125.821999 	952.000000 	951.888977 	955.565002 
20.400000 	125.821999 	952.000000 	951.888977 	955.565002 
20.500000 	125.857002 	952.000000 	951.877014 	955.573975 
20.600000 	125.857002 	952.000000 	951.877014 	955.573975 
20.700000 	125.857002 	952.000000 	951.877014 	955.573975 
20.800000 	125.857002 	952.000000 	951.877014 	955.573975 
20.900000 	125.857002 	952.000000 	951.877014 	955.573975 
21.000000 	125.857002 	952.000000 	951.877014 	955.573975 
21.100000 	125.857002 	952.000000 	951.877014 	955.573975 
21.200000 	125.857002 	952.000000 	951.877014 	955.573975 
21.300000 	125.857002 	952.000000 	951.877014 	955.573975 
21.400000 	125.857002 	952.000000 	951.877014 	955.573975 
21.500000 	125.888000 	952.000000 	951.864014 	955.581970 
21.600000 	125.888000 	952.000000 	951.864014 	955.581970 
21.700000 	125.888000 	952.000000 	951.864014 	955.581970 
21.800000 	125.888000 	952.000000 	951.864014 	955.581970 
21.900000 	125.888000 	952.000000 	951.864014 	955.581970 
22.000000 	125.888000 	952.000000 	951.864014 	955.581970 
22.100000 	125.888000 	952.000000 	951.864014 	955.581970 
22.200000 	125.888000 	952.000000 	951.864014 	955.581970 
22.300000 	125.888000 	952.000000 	951.864014 	955.581970 
22.400000 	125.888000 	952.000000 	951.864014 	955.581970 
22.500000 	125.916000 	952.000000 	951.851990 	955.590027 
22.600000 	125.916000 	952.000000 	951.851990 	955.590027 
22.700000 	125.916000 	952.000000 	951.851990 	955.590027 
22.800000 	125.916000 	952.000000 	951.851990 	955.590027 
22.900000 	125.916000 	952.000000 	951.851990 	955.590027 
23.000000 	125.916000 	952.000000 	951.851990 	955.590027 
23.100000 	125.916000 	952.000000 	951.851990 	955.590027 
23.200000 	125.916000 	952.000000 	951.851990 	955.590027 
23.300000 	125.916000 	952.000000 	951.851990 	955.590027 
23.400000 	125.916000 	952.000000 	951.851990 	955.590027 
23.500000 	125.941002 	952.000000 	951.838989 	955.598022 
23.600000 	125.941002 	952.000000 	951.838989 	955.598022 
23.700000 	125.941002 	952.000000 	951.838989 	955.598022 
23.800000 	125.941002 	952.000000 	951.838989 	955.598022 
23.900000 	125.941002 	952.000000 	951.838989 	955.598022 
24.000000 	125.941002 	952.000000 	951.838989 	955.598022 
24.100000 	125.941002 	952.000000 	951.838989 	955.598022 
24.200000 	125.941002 	952.000000 	951.838989 	955.598022 
24.300000 	125.941002 	952.000000 	951.838989 	955.598022 
24.400000 	125.941002 	952.000000 	951.838989 	955.598022 
24.500000 	125.963997 	952.000000 	951.825989 	955.606018 
24.600000 	125.963997 	952.000000 	951.825989 	955.606018 
24.700000 	125.963997 	952.000000 	951.825989 	955.606018 
24.800000 	125.963997 	952.000000 	951.825989 	955.606018 
24.900000 	125.963997 	952.000000 	951.825989 	955.606018 
25.000000 	125.963997 	952.000000 	951.825989 	955.606018 
25.100000 	125.963997 	952.000000 	951.825989 	955.606018 
25.200000 	125.963997 	952.000000 	951.825989 	955.606018 
25.300000 	125.963997 	952.000000 	951.825989 	955.606018 
25.400000 	125.963997 	952.000000 	951.825989 	955.606018 
25.500000 	125.985001 	952.000000 	951.812988 	955.612976 
25.600000 	125.985001 	952.000000 	951.812988 	955.612976 
25.700000 	125.985001 	952.000000 	951.812988 	955.612976 
25.800000 	125.985001 	952.000000 	951.812988 	955.612976 
25.900000 	125.985001 	952.000000 	951.812988 	955.612976 
26.000000 	125.985001 	952.000000 	951.812988 	955.612976 
26.100000 	125.985001 	952.000000 	951.812988 	955.612976 
26.200000 	125.985001 	952.000000 	951.812988 	955.612976 
26.300000 	125.985001 	952.000000 	951.812988 	955.612976 
26.400000 	125.985001 	952.000000 	951.812988 	955.612976 
26.500000 	126.004997 	952.000000 	951.799011 	955.620972 
26.600000 	126.004997 	952.000000 	951.799011 	955.620972 
26.700000 	126.004997 	952.000000 	951.799011 	955.620972 
26.800000 	126.004997 	952.000000 	951.799011 	955.620972 
26.900000 	126.004997 	952.000000 	951.799011 	955.620972 
27.000000 	126.004997 	952.000000 	951.799011 	955.620972 
27.100000 	126.004997 	952.000000 	951.799011 	955.620972 
27.200000 	126.004997 	952.000000 	951.799011 	955.620972 
27.300000 	126.004997 	952.000000 	951.799011 	955.620972 
27.400000 	126.004997 	952.000000 	951.799011 	955.620972 
27.500000 	126.023003 	952.000000 	951.783997 	955.627014 
27.600000 	126.023003 	952.000000 	951.783997 	955.627014 
27.700000 	126.023003 	952.000000 	951.783997 	955.627014 
27.800000 	126.023003 	952.000000 	951.783997 	955.627014 
27.900000 	126.023003 	952.000000 	951.783997 	955.627014 
28.000000 	126.023003 	952.000000 	951.783997 	955.627014 
28.100000 	126.023003 	952.000000 	951.783997 	955.627014 
28.200000 	126.023003 	952.000000 	951.783997 	955.627014 
28.300000 	126.023003 	952.000000 	951.783997 	955.627014 
28.400000 	126.023003 	952.000000 	951.783997 	955.627014 
28.500000 	126.041000 	952.000000 	951.768982 	955.632996 
28.600000 	126.041000 	952.000000 	951.768982 	955.632996 
28.700000 	126.041000 	952.000000 	951.768982 	955.632996 
28.800000 	126.041000 	952.000000 	951.768982 	955.632996 
28.900000 	126.041000 	952.000000 	951.768982 	955.632996 
29.000000 	126.041000 	952.000000 	951.768982 	955.632996 
29.100000 	126.041000 	952.000000 	951.768982 	955.632996 
29.200000 	126.041000 	952.000000 	951.768982 	955.632996 
29.300000 	126.041000 	952.000000 	951.768982 	955.632996 
29.400000 	126.041000 	952.000000 	951.768982 	955.632996 
29.500000 	126.056999 	952.000000 	951.752991 	955.638977 
29.600000 	126.056999 	952.000000 	951.752991 	955.638977 
29.700000 	126.056999 	952.000000 	951.752991 	955.638977 
29.800000 	126.056999 	952.000000 	951.752991 	955.638977 
29.900000 	126.056999 	952.000000 	951.752991 	955.638977 
30.000000 	126.056999 	952.000000 	951.752991 	955.638977 
30.100000 	126.056999 	952.000000 	951.752991 	955.638977 
30.200000 	126.056999 	952.000000 	951.752991 	955.638977 
30.300000 	126.056999 	952.000000 	951.752991 	955.638977 
30.400000 	126.056999 	952.000000 	951.752991 	955.638977 
30.500000 	126.072998 	952.000000 	951.736023 	955.643005 
30.600000 	126.072998 	952.000000 	951.736023 	955.643005 
30.700000 	126.072998 	952.000000 	951.736023 	955.643005 
30.800000 	126.072998 	952.000000 	951.736023 	955.643005 
30.900000 	126.072998 	952.000000 	951.736023 	955.643005 
31.000000 	126.072998 	952.000000 	951.736023 	955.643005 
31.100000 	126.072998 	952.000000 	951.736023 	955.643005 
31.200000 	126.072998 	952.000000 	951.736023 	955.643005 
31.300000 	126.072998 	952.000000 	951.736023 	955.643005 
31.400000 	126.072998 	952.000000 	951.736023 	955.643005 
31.500000 	126.087997 	952.000000 	951.718018 	955.646973 
31.600000 	126.087997 	952.000000 	951.718018 	955.646973 
31.700000 	126.087997 	952.000000 	951.718018 	955.646973 
31.800000 	126.087997 	952.000000 	951.718018 	955.646973 
31.900000 	126.087997 	952.000000 	951.718018 	955.646973 
32.000000 	126.087997 	952.000000 	951.718018 	955.646973 
32.100000 	126.087997 	952.000000 	951.718018 	955.646973 
32.200000 	126.087997 	952.000000 	951.718018 	955.646973 
32.300000 	126.087997 	952.000000 	951.718018 	955.646973 
32.400000 	126.087997 	952.000000 	951.718018 	955.646973 
32.500000 	126.101997 	952.000000 	951.700012 	955.648987 
32.600000 	126.101997 	952.000000 	951.700012 	955.648987 
32.700000 	126.101997 	952.000000 	951.700012 	955.648987 
32.800000 	126.101997 	952.000000 	951.700012 	955.648987 
32.900000 	126.101997 	952.000000 	951.700012 	955.648987 
33.000000 	126.101997 	952.000000 	951.700012 	955.648987 
33.100000 	126.101997 	952.000000 	951.700012 	955.648987 
33.200000 	126.101997 	952.000000 	951.700012 	955.648987 
33.300000 	126.101997 	952.000000 	951.700012 	955.648987 
33.400000 	126.101997 	952.000000 	951.700012 	955.648987 
33.500000 	126.115997 	952.000000 	951.679993 	955.651001 
33.600000 	126.115997 	952.000000 	951.679993 	955.651001 
33.700000 	126.115997 	952.000000 	951.679993 	955.651001 
33.800000 	126.115997 	952.000000 	951.679993 	955.651001 
33.900000 	126.115997 	952.000000 	951.679993 	955.651001 
34.000000 	126.115997 	952.000000 	951.679993 	955.651001 
34.100000 	126.115997 	952.000000 	951.679993 	955.651001 
34.200000 	126.115997 	952.000000 	951.679993 	955.651001 
34.300000 	126.115997 	952.000000 	951.679993 	955.651001 
34.400000 	126.115997 	952.000000 	951.679993 	955.651001 
34.500000 	126.128998 	952.000000 	951.658997 	955.651001 
34.600000 	126.128998 	952.000000 	951.658997 	955.651001 
34.700000 	126.128998 	952.000000 	951.658997 	955.651001 
34.800000 	126.128998 	952.000000 	951.658997 	955.651001 
34.900000 	126.128998 	952.000000 	951.658997 	955.651001 
35.000000 	126.128998 	952.000000 	951.658997 	955.651001 
35.100000 	126.128998 	952.000000 	951.658997 	955.651001 
35.200000 	126.128998 	952.000000 	951.658997 	955.651001 
35.300000 	126.128998 	952.000000 	951.658997 	955.651001 
35.400000 	126.128998 	952.000000 	951.658997 	955.651001 
35.500000 	126.142998 	952.000000 	951.637024 	955.650024 
35.600000 	126.142998 	952.000000 	951.637024 	955.650024 
35.700000 	126.142998 	952.000000 	951.637024 	955.650024 
35.800000 	126.142998 	952.000000 	951.637024 	955.650024 
35.900000 	126.142998 	952.000000 	951.637024 	955.650024 
36.000000 	126.142998 	952.000000 	951.637024 	955.650024 
36.100000 	126.142998 	952.000000 	951.637024 	955.650024 
36.200000 	126.142998 	952.000000 	951.637024 	955.650024 
36.300000 	126.142998 	952.000000 	951.637024 	955.650024 
36.400000 	126.142998 	952.000000 	951.637024 	955.650024 
36.500000 	126.155998 	952.000000 	951.614014 	955.648010 
36.600000 	126.155998 	952.000000 	951.614014 	955.648010 
36.700000 	126.155998 	952.000000 	951.614014 	955.648010 
36.800000 	126.155998 	952.000000 	951.614014 	955.648010 
36.900000 	126.155998 	952.000000 	951.614014 	955.648010 
37.000000 	126.155998 	952.000000 	951.614014 	955.648010 
37.100000 	126.155998 	952.000000 	951.614014 	955.648010 
37.200000 	126.155998 	952.000000 	951.614014 	955.648010 
37.300000 	126.155998 	952.000000 	951.614014 	955.648010 
37.400000 	126.155998 	952.000000 	951.614014 	955.648010 
37.500000 	126.167999 	952.000000 	951.588989 	955.643982 
37.600000 	126.167999 	952.000000 	951.588989 	955.643982 
37.700000 	126.167999 	952.000000 	951.588989 	955.643982 
37.800000 	126.167999 	952.000000 	951.588989 	955.643982 
37.900000 	126.167999 	952.000000 	951.588989 	955.643982 
38.000000 	126.167999 	952.000000 	951.588989 	955.643982 
38.100000 	126.167999 	952.000000 	951.588989 	955.643982 
38.200000 	126.167999 	952.000000 	951.588989 	955.643982 
38.300000 	126.167999 	952.000000 	951.588989 	955.643982 
38.400000 	126.167999 	952.000000 	951.588989 	955.643982 
38.500000 	126.181000 	952.000000 	951.562988 	955.638000 
38.600000 	126.181000 	952.000000 	951.562988 	955.638000 
38.700000 	126.181000 	952.000000 	951.562988 	955.638000 
38.800000 	126.181000 	952.000000 	951.562988 	955.638000 
38.900000 	126.181000 	952.000000 	951.562988 	955.638000 
39.000000 	126.181000 	952.000000 	951.562988 	955.638000 
39.100000 	126.181000 	952.000000 	951.562988 	955.638000 
39.200000 	126.181000 	952.000000 	951.562988 	955.638000 
39.300000 	126.181000 	952.000000 	951.562988 	955.638000 
39.400000 	126.181000 	952.000000 	951.562988 	955.638000 
39.500000 	126.193001 	952.000000 	951.536011 	955.630005 
39.600000 	126.193001 	952.000000 	951.536011 	955.630005 
39.700000 	126.193001 	952.000000 	951.536011 	955.630005 
39.800000 	126.193001 	952.000000 	951.536011 	955.630005 
39.900000 	126.193001 	952.000000 	951.536011 	955.630005 
40.000000 	126.193001 	952.000000 	951.536011 	955.630005 
40.100000 	126.193001 	952.000000 	951.536011 	955.630005 
40.200000 	126.193001 	952.000000 	951.536011 	955.630005 
40.300000 	126.193001 	952.000000 	951.536011 	955.630005 
40.400000 	126.193001 	952.000000 	951.536011 	955.630005 
40.500000 	126.206001 	952.000000 	951.507019 	955.619995 
40.600000 	126.206001 	952.000000 	951.507019 	955.619995 
40.700000 	126.206001 	952.000000 	951.507019 	955.619995 
40.800000 	126.206001 	952.000000 	951.507019 	955.619995 
40.900000 	126.206001 	952.000000 	951.507019 	955.619995 
41.000000 	126.206001 	952.000000 	951.507019 	955.619995 
41.100000 	126.206001 	952.000000 	951.507019 	955.619995 
41.200000 	126.206001 	952.000000 	951.507019 	955.619995 
41.300000 	126.206001 	952.000000 	951.507019 	955.619995 
41.400000 	126.206001 	952.000000 	951.507019 	955.619995 
41.500000 	126.218002 	952.000000 	951.476013 	955.607971 
41.600000 	126.218002 	952.000000 	951.476013 	955.607971 
41.700000 	126.218002 	952.000000 	951.476013 	955.607971 
41.800000 	126.218002 	952.000000 	951.476013 	955.607971 
41.900000 	126.218002 	952.000000 	951.476013 	955.607971 
42.000000 	126.218002 	952.000000 	951.476013 	955.607971 
42.100000 	126.218002 	952.000000 	951.476013 	955.607971 
42.200000 	126.218002 	952.000000 	951.476013 	955.607971 
42.300000 	126.218002 	952.000000 	951.476013 	955.607971 
42.400000 	126.218002 	952.000000 	951.476013 	955.607971 
42.500000 	126.230003 	952.000000 	951.443970 	955.593994 
42.600000 	126.230003 	952.000000 	951.443970 	955.593994 
42.700000 	126.230003 	952.000000 	951.443970 	955.593994 
42.800000 	126.230003 	952.000000 	951.443970 	955.593994 
42.900000 	126.230003 	952.000000 	951.443970 	955.593994 
43.000000 	126.230003 	952.000000 	951.443970 	955.593994 
43.100000 	126.230003 	952.000000 	951.443970 	955.593994 
43.200000 	126.230003 	952.000000 	951.443970 	955.593994 
43.300000 	126.230003 	952.000000 	951.443970 	955.593994 
43.400000 	126.230003 	952.000000 	951.443970 	955.593994 
43.500000 	126.241997 	952.000000 	951.408997 	955.577026 
43.600000 	126.241997 	952.000000 	951.408997 	955.577026 
43.700000 	126.241997 	952.000000 	951.408997 	955.577026 
43.800000 	126.241997 	952.000000 	951.408997 	955.577026 
43.900000 	126.241997 	952.000000 	951.408997 	955.577026 
44.000000 	126.241997 	952.000000 	951.408997 	955.577026 
44.100000 	126.241997 	952.000000 	951.408997 	955.577026 
44.200000 	126.241997 	952.000000 	951.408997 	955.577026 
44.300000 	126.241997 	952.000000 	951.408997 	955.577026 
44.400000 	126.241997 	952.000000 	951.408997 	955.577026 
44.500000 	126.253998 	952.000000 	951.372986 	955.557007 
44.600000 	126.253998 	952.000000 	951.372986 	955.557007 
44.700000 	126.253998 	952.000000 	951.372986 	955.557007 
44.800000 	126.253998 	952.000000 	951.372986 	955.557007 
44.900000 	126.253998 	952.000000 	951.372986 	955.557007 
45.000000 	126.253998 	952.000000 	951.372986 	955.557007 
45.100000 	126.253998 	952.000000 	951.372986 	955.557007 
45.200000 	126.253998 	952.000000 	951.372986 	955.557007 
45.300000 	126.253998 	952.000000 	951.372986 	955.557007 
45.400000 	126.253998 	952.000000 	951.372986 	955.557007 
45.500000 	126.266998 	952.000000 	951.335022 	955.534973 
45.600000 	126.266998 	952.000000 	951.335022 	955.534973 
45.700000 	126.266998 	952.000000 	951.335022 	955.534973 
45.800000 	126.266998 	952.000000 	951.335022 	955.534973 
45.900000 	126.266998 	952.000000 	951.335022 	955.534973 
46.000000 	126.266998 	952.000000 	951.335022 	955.534973 
46.100000 	126.266998 	952.000000 	951.335022 	955.534973 
46.200000 	126.266998 	952.000000 	951.335022 	955.534973 
46.300000 	126.266998 	952.000000 	951.335022 	955.534973 
46.400000 	126.266998 	952.000000 	951.335022 	955.534973 
46.500000 	126.278999 	952.000000 	951.294983 	955.323975 
46.600000 	126.278999 	952.000000 	951.294983 	955.323975 
46.700000 	126.278999 	952.000000 	951.294983 	955.323975 
46.800000 	126.278999 	952.000000 	951.294983 	955.323975 
46.900000 	126.278999 	952.000000 	951.294983 	955.323975 
47.000000 	126.278999 	952.000000 	951.294983 	955.323975 
47.100000 	126.278999 	952.000000 	951.294983 	955.323975 
47.200000 	126.278999 	952.000000 	951.294983 	955.323975 
47.300000 	126.278999 	952.000000 	951.294983 	955.323975 
47.400000 	126.278999 	952.000000 	951.294983 	955.323975 
47.500000 	126.291000 	952.000000 	951.252014 	955.289978 
47.600000 	126.291000 	952.000000 	951.252014 	955.289978 
47.700000 	126.291000 	952.000000 	951.252014 	955.289978 
47.800000 	126.291000 	952.000000 	951.252014 	955.289978 
47.900000 	126.291000 	952.000000 	951.252014 	955.289978 
48.000000 	126.291000 	952.000000 	951.252014 	955.289978 
48.100000 	126.291000 	952.000000 	951.252014 	955.289978 
48.200000 	126.291000 	952.000000 	951.252014 	955.289978 
48.300000 	126.291000 	952.000000 	951.252014 	955.289978 
48.400000 	126.291000 	952.000000 	951.252014 	955.289978 
48.500000 	126.304001 	952.000000 	951.208008 	955.252991 
48.600000 	126.304001 	952.000000 	951.208008 	955.252991 
48.700000 	126.304001 	952.000000 	951.208008 	955.252991 
48.800000 	126.304001 	952.000000 	951.208008 	955.252991 
48.900000 	126.304001 	952.000000 	951.208008 	955.252991 
49.000000 	126.304001 	952.000000 	951.208008 	955.252991 
49.100000 	126.304001 	952.000000 	951.208008 	955.252991 
49.200000 	126.304001 	952.000000 	951.208008 	955.252991 
49.300000 	126.304001 	952.000000 	951.208008 	955.252991 
49.400000 	126.304001 	952.000000 	951.208008 	955.252991 
49.500000 	126.316002 	952.000000 	951.159973 	955.211975 
49.600000 	126.316002 	952.000000 	951.159973 	955.211975 
49.700000 	126.316002 	952.000000 	951.159973 	955.211975 
49.800000 	126.316002 	952.000000 	951.159973 	955.211975 
49.900000 	126.316002 	952.000000 	951.159973 	955.211975 
50.000000 	126.316002 	952.000000 	951.159973 	955.211975 
50.100000 	126.316002 	952.000000 	951.159973 	955.211975 
50.200000 	126.316002 	952.000000 	951.159973 	955.211975 
50.300000 	126.316002 	952.000000 	951.159973 	955.211975 
50.400000 	126.316002 	952.000000 	951.159973 	955.211975 
50.500000 	126.329002 	952.000000 	951.109985 	955.166992 
50.600000 	126.329002 	952.000000 	951.109985 	955.166992 
50.700000 	126.329002 	952.000000 	951.109985 	955.166992 
50.800000 	126.329002 	952.000000 	951.109985 	955.166992 
50.900000 	126.329002 	952.000000 	951.109985 	955.166992 
51.000000 	126.329002 	952.000000 	951.109985 	955.166992 
51.100000 	126.329002 	952.000000 	951.109985 	955.166992 
51.200000 	126.329002 	952.000000 	951.109985 	955.166992 
51.300000 	126.329002 	952.000000 	951.109985 	955.166992 
51.400000 	126.329002 	952.000000 	951.109985 	955.166992 
51.500000 	126.342003 	952.000000 	951.057983 	955.117004 
51.600000 	126.342003 	952.000000 	951.057983 	955.117004 
51.700000 	126.342003 	952.000000 	951.057983 	955.117004 
51.800000 	126.342003 	952.000000 	951.057983 	955.117004 
51.900000 	126.342003 	952.000000 	951.057983 	955.117004 
52.000000 	126.342003 	952.000000 	951.057983 	955.117004 
52.100000 	126.342003 	952.000000 	951.057983 	955.117004 
52.200000 	126.342003 	952.000000 	951.057983 	955.117004 
52.300000 	126.342003 	952.000000 	951.057983 	955.117004 
52.400000 	126.342003 	952.000000 	951.057983 	955.117004 
52.500000 	126.355003 	952.000000 	951.002991 	955.064026 
52.600000 	126.355003 	952.000000 	951.002991 	955.064026 
52.700000 	126.355003 	952.000000 	951.002991 	955.064026 
52.800000 	126.355003 	952.000000 	951.002991 	955.064026 
52.900000 	126.355003 	952.000000 	951.002991 	955.064026 
53.000000 	126.355003 	952.000000 	951.002991 	955.064026 
53.100000 	126.355003 	952.000000 	951.002991 	955.064026 
53.200000 	126.355003 	952.000000 	951.002991 	955.064026 
53.300000 	126.355003 	952.000000 	951.002991 	955.064026 
53.400000 	126.355003 	952.000000 	951.002991 	955.064026 
53.500000 	126.367996 	952.000000 	950.943970 	955.005981 
53.600000 	126.367996 	952.000000 	950.943970 	955.005981 
53.700000 	126.367996 	952.000000 	950.943970 	955.005981 
53.800000 	126.367996 	952.000000 	950.943970 	955.005981 
53.900000 	126.367996 	952.000000 	950.943970 	955.005981 
54.000000 	126.367996 	952.000000 	950.943970 	955.005981 
54.100000 	126.367996 	952.000000 	950.943970 	955.005981 
54.200000 	126.367996 	952.000000 	950.943970 	955.005981 
54.300000 	126.367996 	952.000000 	950.943970 	955.005981 
54.400000 	126.367996 	952.000000 	950.943970 	955.005981 
54.500000 	126.380997 	952.000000 	950.882996 	954.942993 
54.600000 	126.380997 	952.000000 	950.882996 	954.942993 
54.700000 	126.380997 	952.000000 	950.882996 	954.942993 
54.800000 	126.380997 	952.000000 	950.882996 	954.942993 
54.900000 	126.380997 	952.000000 	950.882996 	954.942993 
55.000000 	126.380997 	952.000000 	950.882996 	954.942993 
55.100000 	126.380997 	952.000000 	950.882996 	954.942993 
55.200000 	126.380997 	952.000000 	950.882996 	954.942993 
55.300000 	126.380997 	952.000000 	950.882996 	954.942993 
55.400000 	126.380997 	952.000000 	950.882996 	954.942993 
55.500000 	126.393997 	952.000000 	950.818970 	954.875977 
55.600000 	126.393997 	952.000000 	950.818970 	954.875977 
55.700000 	126.393997 	952.000000 	950.818970 	954.875977 
55.800000 	126.393997 	952.000000 	950.818970 	954.875977 
55.900000 	126.393997 	952.000000 	950.818970 	954.875977 
56.000000 	126.393997 	952.000000 	950.818970 	954.875977 
56.100000 	126.393997 	952.000000 	950.818970 	954.875977 
56.200000 	126.393997 	952.000000 	950.818970 	954.875977 
56.300000 	126.393997 	952.000000 	950.818970 	954.875977 
56.400000 	126.393997 	952.000000 	950.818970 	954.875977 
56.500000 	126.407997 	952.000000 	950.750977 	954.802979 
56.600000 	126.407997 	952.000000 	950.750977 	954.802979 
56.700000 	126.407997 	952.000000 	950.750977 	954.802979 
56.800000 	126.407997 	952.000000 	950.750977 	954.802979 
56.900000 	126.407997 	952.000000 	950.750977 	954.802979 
57.000000 	126.407997 	952.000000 	950.750977 	954.802979 
57.100000 	126.407997 	952.000000 	950.750977 	954.802979 
57.200000 	126.407997 	952.000000 	950.750977 	954.802979 
57.300000 	126.407997 	952.000000 	950.750977 	954.802979 
57.400000 	126.407997 	952.000000 	950.750977 	954.802979 
57.500000 	126.421997 	952.000000 	950.679016 	954.723999 
57.600000 	126.421997 	952.000000 	950.679016 	954.723999 
57.700000 	126.421997 	952.000000 	950.679016 	954.723999 
57.800000 	126.421997 	952.000000 	950.679016 	954.723999 
57.900000 	126.421997 	952.000000 	950.679016 	954.723999 
58.000000 	126.421997 	952.000000 	950.679016 	954.723999 
58.100000 	126.421997 	952.000000 	950.679016 	954.723999 
58.200000 	126.421997 	952.000000 	950.679016 	954.723999 
58.300000 	126.421997 	952.000000 	950.679016 	954.723999 
58.400000 	126.421997 	952.000000 	950.679016 	954.723999 
58.500000 	126.434998 	952.000000 	950.604004 	954.640991 
58.600000 	126.434998 	952.000000 	950.604004 	954.640991 
58.700000 	126.434998 	952.000000 	950.604004 	954.640991 
58.800000 	126.434998 	952.000000 	950.604004 	954.640991 
58.900000 	126.434998 	952.000000 	950.604004 	954.640991 
59.000000 	126.434998 	952.000000 	950.604004 	954.640991 
59.100000 	126.434998 	952.000000 	950.604004 	954.640991 
59.200000 	126.434998 	952.000000 	950.604004 	954.640991 
59.300000 	126.434998 	952.000000 	950.604004 	954.640991 
59.400000 	126.434998 	952.000000 	950.604004 	954.640991 
59.500000 	126.449997 	952.000000 	950.525024 	954.551025 
59.600000 	126.449997 	952.000000 	950.525024 	954.551025 
59.700000 	126.449997 	952.000000 	950.525024 	954.551025 
59.800000 	126.449997 	952.000000 	950.525024 	954.551025 
59.900000 	126.449997 	952.000000 	950.525024 	954.551025 
60.000000 	126.449997 	952.000000 	950.525024 	954.551025 
