0.500000 	86.326202 	179.000000 	226.240997 	192.837997 
0.600000 	86.326202 	179.000000 	226.240997 	192.837997 
0.700000 	86.326202 	179.000000 	226.240997 	192.837997 
0.800000 	86.326202 	179.000000 	226.240997 	192.837997 
0.900000 	86.326202 	179.000000 	226.240997 	192.837997 
1.000000 	86.326202 	179.000000 	226.240997 	192.837997 
1.100000 	86.326202 	179.000000 	226.240997 	192.837997 
1.200000 	86.326202 	179.000000 	226.240997 	192.837997 
1.300000 	86.326202 	179.000000 	226.240997 	192.837997 
1.400000 	86.326202 	179.000000 	226.240997 	192.837997 
1.500000 	94.783699 	179.000000 	203.854996 	195.048004 
1.600000 	94.783699 	179.000000 	203.854996 	195.048004 
1.700000 	94.783699 	179.000000 	203.854996 	195.048004 
1.800000 	94.783699 	179.000000 	203.854996 	195.048004 
1.900000 	94.783699 	179.000000 	203.854996 	195.048004 
2.000000 	94.783699 	179.000000 	203.854996 	195.048004 
2.100000 	94.783699 	179.000000 	203.854996 	195.048004 
2.200000 	94.783699 	179.000000 	203.854996 	195.048004 
2.300000 	94.783699 	179.000000 	203.854996 	195.048004 
2.400000 	94.783699 	179.000000 	203.854996 	195.048004 
2.500000 	106.496002 	179.000000 	194.266006 	195.473007 
2.600000 	106.496002 	179.000000 	194.266006 	195.473007 
2.700000 	106.496002 	179.000000 	194.266006 	195.473007 
2.800000 	106.496002 	179.000000 	194.266006 	195.473007 
2.900000 	106.496002 	179.000000 	194.266006 	195.473007 
3.000000 	106.496002 	179.000000 	194.266006 	195.473007 
3.100000 	106.496002 	179.000000 	194.266006 	195.473007 
3.200000 	106.496002 	179.000000 	194.266006 	195.473007 
3.300000 	106.496002 	179.000000 	194.266006 	195.473007 
3.400000 	106.496002 	179.000000 	194.266006 	195.473007 
3.500000 	113.160004 	179.000000 	189.121994 	195.636993 
3.600000 	113.160004 	179.000000 	189.121994 	195.636993 
3.700000 	113.160004 	179.000000 	189.121994 	195.636993 
3.800000 	113.160004 	179.000000 	189.121994 	195.636993 
3.900000 	113.160004 	179.000000 	189.121994 	195.636993 
4.000000 	113.160004 	179.000000 	189.121994 	195.636993 
4.100000 	113.160004 	179.000000 	189.121994 	195.636993 
4.200000 	113.160004 	179.000000 	189.121994 	195.636993 
4.300000 	113.160004 	179.000000 	189.121994 	195.636993 
4.400000 	113.160004 	179.000000 	189.121994 	195.636993 
4.500000 	117.028999 	179.000000 	186.130997 	195.733994 
4.600000 	117.028999 	179.000000 	186.130997 	195.733994 
4.700000 	117.028999 	179.000000 	186.130997 	195.733994 
4.800000 	117.028999 	179.000000 	186.130997 	195.733994 
4.900000 	117.028999 	179.000000 	186.130997 	195.733994 
5.000000 	117.028999 	179.000000 	186.130997 	195.733994 
5.100000 	117.028999 	179.000000 	186.130997 	195.733994 
5.200000 	117.028999 	179.000000 	186.130997 	195.733994 
5.300000 	117.028999 	179.000000 	186.130997 	195.733994 
5.400000 	117.028999 	179.000000 	186.130997 	195.733994 
5.500000 	119.421997 	179.000000 	184.270004 	195.811005 
5.600000 	119.421997 	179.000000 	184.270004 	195.811005 
5.700000 	119.421997 	179.000000 	184.270004 	195.811005 
5.800000 	119.421997 	179.000000 	184.270004 	195.811005 
5.900000 	119.421997 	179.000000 	184.270004 	195.811005 
6.000000 	119.421997 	179.000000 	184.270004 	195.811005 
6.100000 	119.421997 	179.000000 	184.270004 	195.811005 
6.200000 	119.421997 	179.000000 	184.270004 	195.811005 
6.300000 	119.421997 	179.000000 	184.270004 	195.811005 
6.400000 	119.421997 	179.000000 	184.270004 	195.811005 
6.500000 	120.990997 	179.000000 	183.044998 	195.882996 
6.600000 	120.990997 	179.000000 	183.044998 	195.882996 
6.700000 	120.990997 	179.000000 	183.044998 	195.882996 
6.800000 	120.990997 	179.000000 	183.044998 	195.882996 
6.900000 	120.990997 	179.000000 	183.044998 	195.882996 
7.000000 	120.990997 	179.000000 	183.044998 	195.882996 
7.100000 	120.990997 	179.000000 	183.044998 	195.882996 
7.200000 	120.990997 	179.000000 	183.044998 	195.882996 
7.300000 	120.990997 	179.000000 	183.044998 	195.882996 
7.400000 	120.990997 	179.000000 	183.044998 	195.882996 
7.500000 	122.070000 	179.000000 	182.203003 	195.957993 
7.600000 	122.070000 	179.000000 	182.203003 	195.957993 
7.700000 	122.070000 	179.000000 	182.203003 	195.957993 
7.800000 	122.070000 	179.000000 	182.203003 	195.957993 
7.900000 	122.070000 	179.000000 	182.203003 	195.957993 
8.000000 	122.070000 	179.000000 	182.203003 	195.957993 
8.100000 	122.070000 	179.000000 	182.203003 	195.957993 
8.200000 	122.070000 	179.000000 	182.203003 	195.957993 
8.300000 	122.070000 	179.000000 	182.203003 	195.957993 
8.400000 	122.070000 	179.000000 	182.203003 	195.957993 
8.500000 	122.842003 	179.000000 	181.600006 	196.037003 
8.600000 	122.842003 	179.000000 	181.600006 	196.037003 
8.700000 	122.842003 	179.000000 	181.600006 	196.037003 
8.800000 	122.842003 	179.000000 	181.600006 	196.037003 
8.900000 	122.842003 	179.000000 	181.600006 	196.037003 
9.000000 	122.842003 	179.000000 	181.600006 	196.037003 
9.100000 	122.842003 	179.000000 	181.600006 	196.037003 
9.200000 	122.842003 	179.000000 	181.600006 	196.037003 
9.300000 	122.842003 	179.000000 	181.600006 	196.037003 
9.400000 	122.842003 	179.000000 	181.600006 	196.037003 
9.500000 	123.412003 	179.000000 	181.156006 	196.123001 
9.600000 	123.412003 	179.000000 	181.156006 	196.123001 
9.700000 	123.412003 	179.000000 	181.156006 	196.123001 
9.800000 	123.412003 	179.000000 	181.156006 	196.123001 
9.900000 	123.412003 	179.000000 	181.156006 	196.123001 
10.000000 	123.412003 	179.000000 	181.156006 	196.123001 
10.100000 	123.412003 	179.000000 	181.156006 	196.123001 
10.200000 	123.412003 	179.000000 	181.156006 	196.123001 
10.300000 	123.412003 	179.000000 	181.156006 	196.123001 
10.400000 	123.412003 	179.000000 	181.156006 	196.123001 
10.500000 	123.846001 	179.000000 	180.819000 	196.216003 
10.600000 	123.846001 	179.000000 	180.819000 	196.216003 
10.700000 	123.846001 	179.000000 	180.819000 	196.216003 
10.800000 	123.846001 	179.000000 	180.819000 	196.216003 
10.900000 	123.846001 	179.000000 	180.819000 	196.216003 
11.000000 	123.846001 	179.000000 	180.819000 	196.216003 
11.100000 	123.846001 	179.000000 	180.819000 	196.216003 
11.200000 	123.846001 	179.000000 	180.819000 	196.216003 
11.300000 	123.846001 	179.000000 	180.819000 	196.216003 
11.400000 	123.846001 	179.000000 	180.819000 	196.216003 
11.500000 	124.183998 	179.000000 	180.557999 	196.317001 
11.600000 	124.183998 	179.000000 	180.557999 	196.317001 
11.700000 	124.183998 	179.000000 	180.557999 	196.317001 
11.800000 	124.183998 	179.000000 	180.557999 	196.317001 
11.900000 	124.183998 	179.000000 	180.557999 	196.317001 
12.000000 	124.183998 	179.000000 	180.557999 	196.317001 
12.100000 	124.183998 	179.000000 	180.557999 	196.317001 
12.200000 	124.183998 	179.000000 	180.557999 	196.317001 
12.300000 	124.183998 	179.000000 	180.557999 	196.317001 
12.400000 	124.183998 	179.000000 	180.557999 	196.317001 
12.500000 	124.452003 	179.000000 	180.352005 	196.425995 
12.600000 	124.452003 	179.000000 	180.352005 	196.425995 
12.700000 	124.452003 	179.000000 	180.352005 	196.425995 
12.800000 	124.452003 	179.000000 	180.352005 	196.425995 
12.900000 	124.452003 	179.000000 	180.352005 	196.425995 
13.000000 	124.452003 	179.000000 	180.352005 	196.425995 
13.100000 	124.452003 	179.000000 	180.352005 	196.425995 
13.200000 	124.452003 	179.000000 	180.352005 	196.425995 
13.300000 	124.452003 	179.000000 	180.352005 	196.425995 
13.400000 	124.452003 	179.000000 	180.352005 	196.425995 
13.500000 	124.669998 	179.000000 	180.186005 	196.542007 
13.600000 	124.669998 	179.000000 	180.186005 	196.542007 
13.700000 	124.669998 	179.000000 	180.186005 	196.542007 
13.800000 	124.669998 	179.000000 	180.186005 	196.542007 
13.900000 	124.669998 	179.000000 	180.186005 	196.542007 
14.000000 	124.669998 	179.000000 	180.186005 	196.542007 
14.100000 	124.669998 	179.000000 	180.186005 	196.542007 
14.200000 	124.669998 	179.000000 	180.186005 	196.542007 
14.300000 	124.669998 	179.000000 	180.186005 	196.542007 
14.400000 	124.669998 	179.000000 	180.186005 	196.542007 
14.500000 	124.848999 	179.000000 	180.052002 	196.667007 
14.600000 	124.848999 	179.000000 	180.052002 	196.667007 
14.700000 	124.848999 	179.000000 	180.052002 	196.667007 
14.800000 	124.848999 	179.000000 	180.052002 	196.667007 
14.900000 	124.848999 	179.000000 	180.052002 	196.667007 
15.000000 	124.848999 	179.000000 	180.052002 	196.667007 
15.100000 	124.848999 	179.000000 	180.052002 	196.667007 
15.200000 	124.848999 	179.000000 	180.052002 	196.667007 
15.300000 	124.848999 	179.000000 	180.052002 	196.667007 
15.400000 	124.848999 	179.000000 	180.052002 	196.667007 
15.500000 	124.998001 	179.000000 	179.940994 	196.798996 
15.600000 	124.998001 	179.000000 	179.940994 	196.798996 
15.700000 	124.998001 	179.000000 	179.940994 	196.798996 
15.800000 	124.998001 	179.000000 	179.940994 	196.798996 
15.900000 	124.998001 	179.000000 	179.940994 	196.798996 
16.000000 	124.998001 	179.000000 	179.940994 	196.798996 
16.100000 	124.998001 	179.000000 	179.940994 	196.798996 
16.200000 	124.998001 	179.000000 	179.940994 	196.798996 
16.300000 	124.998001 	179.000000 	179.940994 	196.798996 
16.400000 	124.998001 	179.000000 	179.940994 	196.798996 
16.500000 	125.125000 	179.000000 	179.848007 	196.940002 
16.600000 	125.125000 	179.000000 	179.848007 	196.940002 
16.700000 	125.125000 	179.000000 	179.848007 	196.940002 
16.800000 	125.125000 	179.000000 	179.848007 	196.940002 
16.900000 	125.125000 	179.000000 	179.848007 	196.940002 
17.000000 	125.125000 	179.000000 	179.848007 	196.940002 
17.100000 	125.125000 	179.000000 	179.848007 	196.940002 
17.200000 	125.125000 	179.000000 	179.848007 	196.940002 
17.300000 	125.125000 	179.000000 	179.848007 	196.940002 
17.400000 	125.125000 	179.000000 	179.848007 	196.940002 
17.500000 	125.234001 	179.000000 	179.768997 	197.089005 
17.600000 	125.234001 	179.000000 	179.768997 	197.089005 
17.700000 	125.234001 	179.000000 	179.768997 	197.089005 
17.800000 	125.234001 	179.000000 	179.768997 	197.089005 
17.900000 	125.234001 	179.000000 	179.768997 	197.089005 
18.000000 	125.234001 	179.000000 	179.768997 	197.089005 
18.100000 	125.234001 	179.000000 	179.768997 	197.089005 
18.200000 	125.234001 	179.000000 	179.768997 	197.089005 
18.300000 	125.234001 	179.000000 	179.768997 	197.089005 
18.400000 	125.234001 	179.000000 	179.768997 	197.089005 
18.500000 	125.328003 	179.000000 	179.701996 	197.246994 
18.600000 	125.328003 	179.000000 	179.701996 	197.246994 
18.700000 	125.328003 	179.000000 	179.701996 	197.246994 
18.800000 	125.328003 	179.000000 	179.701996 	197.246994 
18.900000 	125.328003 	179.000000 	179.701996 	197.246994 
19.000000 	125.328003 	179.000000 	179.701996 	197.246994 
19.100000 	125.328003 	179.000000 	179.701996 	197.246994 
19.200000 	125.328003 	179.000000 	179.701996 	197.246994 
19.300000 	125.328003 	179.000000 	179.701996 	197.246994 
19.400000 	125.328003 	179.000000 	179.701996 	197.246994 
19.500000 	125.411003 	179.000000 	179.645004 	197.412003 
19.600000 	125.411003 	179.000000 	179.645004 	197.412003 
19.700000 	125.411003 	179.000000 	179.645004 	197.412003 
19.800000 	125.411003 	179.000000 	179.645004 	197.412003 
19.900000 	125.411003 	179.000000 	179.645004 	197.412003 
20.000000 	125.411003 	179.000000 	179.645004 	197.412003 
20.100000 	125.411003 	179.000000 	179.645004 	197.412003 
20.200000 	125.411003 	179.000000 	179.645004 	197.412003 
20.300000 	125.411003 	179.000000 	179.645004 	197.412003 
20.400000 	125.411003 	179.000000 	179.645004 	197.412003 
20.500000 	125.484001 	179.000000 	179.595001 	197.585999 
20.600000 	125.484001 	179.000000 	179.595001 	197.585999 
20.700000 	125.484001 	179.000000 	179.595001 	197.585999 
20.800000 	125.484001 	179.000000 	179.595001 	197.585999 
20.900000 	125.484001 	179.000000 	179.595001 	197.585999 
21.000000 	125.484001 	179.000000 	179.595001 	197.585999 
21.100000 	125.484001 	179.000000 	179.595001 	197.585999 
21.200000 	125.484001 	179.000000 	179.595001 	197.585999 
21.300000 	125.484001 	179.000000 	179.595001 	197.585999 
21.400000 	125.484001 	179.000000 	179.595001 	197.585999 
21.500000 	125.550003 	179.000000 	179.550995 	197.768005 
21.600000 	125.550003 	179.000000 	179.550995 	197.768005 
21.700000 	125.550003 	179.000000 	179.550995 	197.768005 
21.800000 	125.550003 	179.000000 	179.550995 	197.768005 
21.900000 	125.550003 	179.000000 	179.550995 	197.768005 
22.000000 	125.550003 	179.000000 	179.550995 	197.768005 
22.100000 	125.550003 	179.000000 	179.550995 	197.768005 
22.200000 	125.550003 	179.000000 	179.550995 	197.768005 
22.300000 	125.550003 	179.000000 	179.550995 	197.768005 
22.400000 	125.550003 	179.000000 	179.550995 	197.768005 
22.500000 	125.609001 	179.000000 	179.513000 	197.957993 
22.600000 	125.609001 	179.000000 	179.513000 	197.957993 
22.700000 	125.609001 	179.000000 	179.513000 	197.957993 
22.800000 	125.609001 	179.000000 	179.513000 	197.957993 
22.900000 	125.609001 	179.000000 	179.513000 	197.957993 
23.000000 	125.609001 	179.000000 	179.513000 	197.957993 
23.100000 	125.609001 	179.000000 	179.513000 	197.957993 
23.200000 	125.609001 	179.000000 	179.513000 	197.957993 
23.300000 	125.609001 	179.000000 	179.513000 	197.957993 
23.400000 	125.609001 	179.000000 	179.513000 	197.957993 
23.500000 	125.663002 	179.000000 	179.479004 	198.156006 
23.600000 	125.663002 	179.000000 	179.479004 	198.156006 
23.700000 	125.663002 	179.000000 	179.479004 	198.156006 
23.800000 	125.663002 	179.000000 	179.479004 	198.156006 
23.900000 	125.663002 	179.000000 	179.479004 	198.156006 
24.000000 	125.663002 	179.000000 	179.479004 	198.156006 
24.100000 	125.663002 	179.000000 	179.479004 	198.156006 
24.200000 	125.663002 	179.000000 	179.479004 	198.156006 
24.300000 	125.663002 	179.000000 	179.479004 	198.156006 
24.400000 	125.663002 	179.000000 	179.479004 	198.156006 
24.500000 	125.711998 	179.000000 	179.449005 	198.362000 
24.600000 	125.711998 	179.000000 	179.449005 	198.362000 
24.700000 	125.711998 	179.000000 	179.449005 	198.362000 
24.800000 	125.711998 	179.000000 	179.449005 	198.362000 
24.900000 	125.711998 	179.000000 	179.449005 	198.362000 
25.000000 	125.711998 	179.000000 	179.449005 	198.362000 
25.100000 	125.711998 	179.000000 	179.449005 	198.362000 
25.200000 	125.711998 	179.000000 	179.449005 	198.362000 
25.300000 	125.711998 	179.000000 	179.449005 	198.362000 
25.400000 	125.711998 	179.000000 	179.449005 	198.362000 
25.500000 	125.758003 	179.000000 	179.421997 	198.576004 
25.600000 	125.758003 	179.000000 	179.421997 	198.576004 
25.700000 	125.758003 	179.000000 	179.421997 	198.576004 
25.800000 	125.758003 	179.000000 	179.421997 	198.576004 
25.900000 	125.758003 	179.000000 	179.421997 	198.576004 
26.000000 	125.758003 	179.000000 	179.421997 	198.576004 
26.100000 	125.758003 	179.000000 	179.421997 	198.576004 
26.200000 	125.758003 	179.000000 	179.421997 	198.576004 
26.300000 	125.758003 	179.000000 	179.421997 	198.576004 
26.400000 	125.758003 	179.000000 	179.421997 	198.576004 
26.500000 	125.801003 	179.000000 	179.397003 	198.798004 
26.600000 	125.801003 	179.000000 	179.397003 	198.798004 
26.700000 	125.801003 	179.000000 	179.397003 	198.798004 
26.800000 	125.801003 	179.000000 	179.397003 	198.798004 
26.900000 	125.801003 	179.000000 	179.397003 	198.798004 
27.000000 	125.801003 	179.000000 	179.397003 	198.798004 
27.100000 	125.801003 	179.000000 	179.397003 	198.798004 
27.200000 	125.801003 	179.000000 	179.397003 	198.798004 
27.300000 	125.801003 	179.000000 	179.397003 	198.798004 
27.400000 	125.801003 	179.000000 	179.397003 	198.798004 
27.500000 	125.841003 	179.000000 	179.375000 	199.028000 
27.600000 	125.841003 	179.000000 	179.375000 	199.028000 
27.700000 	125.841003 	179.000000 	179.375000 	199.028000 
27.800000 	125.841003 	179.000000 	179.375000 	199.028000 
27.900000 	125.841003 	179.000000 	179.375000 	199.028000 
28.000000 	125.841003 	179.000000 	179.375000 	199.028000 
28.100000 	125.841003 	179.000000 	179.375000 	199.028000 
28.200000 	125.841003 	179.000000 	179.375000 	199.028000 
28.300000 	125.841003 	179.000000 	179.375000 	199.028000 
28.400000 	125.841003 	179.000000 	179.375000 	199.028000 
28.500000 	125.877998 	179.000000 	179.354996 	199.266006 
28.600000 	125.877998 	179.000000 	179.354996 	199.266006 
28.700000 	125.877998 	179.000000 	179.354996 	199.266006 
28.800000 	125.877998 	179.000000 	179.354996 	199.266006 
28.900000 	125.877998 	179.000000 	179.354996 	199.266006 
29.000000 	125.877998 	179.000000 	179.354996 	199.266006 
29.100000 	125.877998 	179.000000 	179.354996 	199.266006 
29.200000 	125.877998 	179.000000 	179.354996 	199.266006 
29.300000 	125.877998 	179.000000 	179.354996 	199.266006 
29.400000 	125.877998 	179.000000 	179.354996 	199.266006 
29.500000 	125.914001 	179.000000 	179.337006 	199.511993 
29.600000 	125.914001 	179.000000 	179.337006 	199.511993 
29.700000 	125.914001 	179.000000 	179.337006 	199.511993 
29.800000 	125.914001 	179.000000 	179.337006 	199.511993 
29.900000 	125.914001 	179.000000 	179.337006 	199.511993 
30.000000 	125.914001 	179.000000 	179.337006 	199.511993 
30.100000 	125.914001 	179.000000 	179.337006 	199.511993 
30.200000 	125.914001 	179.000000 	179.337006 	199.511993 
30.300000 	125.914001 	179.000000 	179.337006 	199.511993 
30.400000 	125.914001 	179.000000 	179.337006 	199.511993 
30.500000 	125.948997 	179.000000 	179.320007 	199.766006 
30.600000 	125.948997 	179.000000 	179.320007 	199.766006 
30.700000 	125.948997 	179.000000 	179.320007 	199.766006 
30.800000 	125.948997 	179.000000 	179.320007 	199.766006 
30.900000 	125.948997 	179.000000 	179.320007 	199.766006 
31.000000 	125.948997 	179.000000 	179.320007 	199.766006 
31.100000 	125.948997 	179.000000 	179.320007 	199.766006 
31.200000 	125.948997 	179.000000 	179.320007 	199.766006 
31.300000 	125.948997 	179.000000 	179.320007 	199.766006 
31.400000 	125.948997 	179.000000 	179.320007 	199.766006 
31.500000 	125.981003 	179.000000 	179.304993 	200.026993 
31.600000 	125.981003 	179.000000 	179.304993 	200.026993 
31.700000 	125.981003 	179.000000 	179.304993 	200.026993 
31.800000 	125.981003 	179.000000 	179.304993 	200.026993 
31.900000 	125.981003 	179.000000 	179.304993 	200.026993 
32.000000 	125.981003 	179.000000 	179.304993 	200.026993 
32.100000 	125.981003 	179.000000 	179.304993 	200.026993 
32.200000 	125.981003 	179.000000 	179.304993 	200.026993 
32.300000 	125.981003 	179.000000 	179.304993 	200.026993 
32.400000 	125.981003 	179.000000 	179.304993 	200.026993 
32.500000 	126.013000 	179.000000 	179.289993 	200.296005 
32.600000 	126.013000 	179.000000 	179.289993 	200.296005 
32.700000 	126.013000 	179.000000 	179.289993 	200.296005 
32.800000 	126.013000 	179.000000 	179.289993 	200.296005 
32.900000 	126.013000 	179.000000 	179.289993 	200.296005 
33.000000 	126.013000 	179.000000 	179.289993 	200.296005 
33.100000 	126.013000 	179.000000 	179.289993 	200.296005 
33.200000 	126.013000 	179.000000 	179.289993 	200.296005 
33.300000 	126.013000 	179.000000 	179.289993 	200.296005 
33.400000 	126.013000 	179.000000 	179.289993 	200.296005 
33.500000 	126.043999 	179.000000 	179.276993 	200.572006 
33.600000 	126.043999 	179.000000 	179.276993 	200.572006 
33.700000 	126.043999 	179.000000 	179.276993 	200.572006 
33.800000 	126.043999 	179.000000 	179.276993 	200.572006 
33.900000 	126.043999 	179.000000 	179.276993 	200.572006 
34.000000 	126.043999 	179.000000 	179.276993 	200.572006 
34.100000 	126.043999 	179.000000 	179.276993 	200.572006 
34.200000 	126.043999 	179.000000 	179.276993 	200.572006 
34.300000 	126.043999 	179.000000 	179.276993 	200.572006 
34.400000 	126.043999 	179.000000 	179.276993 	200.572006 
34.500000 	126.073997 	179.000000 	179.264008 	200.856003 
34.600000 	126.073997 	179.000000 	179.264008 	200.856003 
34.700000 	126.073997 	179.000000 	179.264008 	200.856003 
34.800000 	126.073997 	179.000000 	179.264008 	200.856003 
34.900000 	126.073997 	179.000000 	179.264008 	200.856003 
35.000000 	126.073997 	179.000000 	179.264008 	200.856003 
35.100000 	126.073997 	179.000000 	179.264008 	200.856003 
35.200000 	126.073997 	179.000000 	179.264008 	200.856003 
35.300000 	126.073997 	179.000000 	179.264008 	200.856003 
35.400000 	126.073997 	179.000000 	179.264008 	200.856003 
35.500000 	126.102997 	179.000000 	179.251999 	201.147995 
35.600000 	126.102997 	179.000000 	179.251999 	201.147995 
35.700000 	126.102997 	179.000000 	179.251999 	201.147995 
35.800000 	126.102997 	179.000000 	179.251999 	201.147995 
35.900000 	126.102997 	179.000000 	179.251999 	201.147995 
36.000000 	126.102997 	179.000000 	179.251999 	201.147995 
36.100000 	126.102997 	179.000000 	179.251999 	201.147995 
36.200000 	126.102997 	179.000000 	179.251999 	201.147995 
36.300000 	126.102997 	179.000000 	179.251999 	201.147995 
36.400000 	126.102997 	179.000000 	179.251999 	201.147995 
36.500000 	126.132004 	179.000000 	179.240997 	201.447006 
36.600000 	126.132004 	179.000000 	179.240997 	201.447006 
36.700000 	126.132004 	179.000000 	179.240997 	201.447006 
36.800000 	126.132004 	179.000000 	179.240997 	201.447006 
36.900000 	126.132004 	179.000000 	179.240997 	201.447006 
37.000000 	126.132004 	179.000000 	179.240997 	201.447006 
37.100000 	126.132004 	179.000000 	179.240997 	201.447006 
37.200000 	126.132004 	179.000000 	179.240997 	201.447006 
37.300000 	126.132004 	179.000000 	179.240997 	201.447006 
37.400000 	126.132004 	179.000000 	179.240997 	201.447006 
37.500000 	126.161003 	179.000000 	179.229996 	201.753006 
37.600000 	126.161003 	179.000000 	179.229996 	201.753006 
37.700000 	126.161003 	179.000000 	179.229996 	201.753006 
37.800000 	126.161003 	179.000000 	179.229996 	201.753006 
37.900000 	126.161003 	179.000000 	179.229996 	201.753006 
38.000000 	126.161003 	179.000000 	179.229996 	201.753006 
38.100000 	126.161003 	179.000000 	179.229996 	201.753006 
38.200000 	126.161003 	179.000000 	179.229996 	201.753006 
38.300000 	126.161003 	179.000000 	179.229996 	201.753006 
38.400000 	126.161003 	179.000000 	179.229996 	201.753006 
38.500000 	126.189003 	179.000000 	179.218994 	202.067001 
38.600000 	126.189003 	179.000000 	179.218994 	202.067001 
38.700000 	126.189003 	179.000000 	179.218994 	202.067001 
38.800000 	126.189003 	179.000000 	179.218994 	202.067001 
38.900000 	126.189003 	179.000000 	179.218994 	202.067001 
39.000000 	126.189003 	179.000000 	179.218994 	202.067001 
39.100000 	126.189003 	179.000000 	179.218994 	202.067001 
39.200000 	126.189003 	179.000000 	179.218994 	202.067001 
39.300000 	126.189003 	179.000000 	179.218994 	202.067001 
39.400000 	126.189003 	179.000000 	179.218994 	202.067001 
39.500000 	126.216003 	179.000000 	179.209000 	202.386993 
39.600000 	126.216003 	179.000000 	179.209000 	202.386993 
39.700000 	126.216003 	179.000000 	179.209000 	202.386993 
39.800000 	126.216003 	179.000000 	179.209000 	202.386993 
39.900000 	126.216003 	179.000000 	179.209000 	202.386993 
40.000000 	126.216003 	179.000000 	179.209000 	202.386993 
40.100000 	126.216003 	179.000000 	179.209000 	202.386993 
40.200000 	126.216003 	179.000000 	179.209000 	202.386993 
40.300000 	126.216003 	179.000000 	179.209000 	202.386993 
40.400000 	126.216003 	179.000000 	179.209000 	202.386993 
40.500000 	126.244003 	179.000000 	179.199997 	202.714996 
40.600000 	126.244003 	179.000000 	179.199997 	202.714996 
40.700000 	126.244003 	179.000000 	179.199997 	202.714996 
40.800000 	126.244003 	179.000000 	179.199997 	202.714996 
40.900000 	126.244003 	179.000000 	179.199997 	202.714996 
41.000000 	126.244003 	179.000000 	179.199997 	202.714996 
41.100000 	126.244003 	179.000000 	179.199997 	202.714996 
41.200000 	126.244003 	179.000000 	179.199997 	202.714996 
41.300000 	126.244003 	179.000000 	179.199997 	202.714996 
41.400000 	126.244003 	179.000000 	179.199997 	202.714996 
41.500000 	126.271004 	179.000000 	179.190002 	203.050003 
41.600000 	126.271004 	179.000000 	179.190002 	203.050003 
41.700000 	126.271004 	179.000000 	179.190002 	203.050003 
41.800000 	126.271004 	179.000000 	179.190002 	203.050003 
41.900000 	126.271004 	179.000000 	179.190002 	203.050003 
42.000000 	126.271004 	179.000000 	179.190002 	203.050003 
42.100000 	126.271004 	179.000000 	179.190002 	203.050003 
42.200000 	126.271004 	179.000000 	179.190002 	203.050003 
42.300000 	126.271004 	179.000000 	179.190002 	203.050003 
42.400000 	126.271004 	179.000000 	179.190002 	203.050003 
42.500000 	126.297997 	179.000000 	179.181000 	203.391998 
42.600000 	126.297997 	179.000000 	179.181000 	203.391998 
42.700000 	126.297997 	179.000000 	179.181000 	203.391998 
42.800000 	126.297997 	179.000000 	179.181000 	203.391998 
42.900000 	126.297997 	179.000000 	179.181000 	203.391998 
43.000000 	126.297997 	179.000000 	179.181000 	203.391998 
43.100000 	126.297997 	179.000000 	179.181000 	203.391998 
43.200000 	126.297997 	179.000000 	179.181000 	203.391998 
43.300000 	126.297997 	179.000000 	179.181000 	203.391998 
43.400000 	126.297997 	179.000000 	179.181000 	203.391998 
43.500000 	126.325996 	179.000000 	179.171997 	203.740997 
43.600000 	126.325996 	179.000000 	179.171997 	203.740997 
43.700000 	126.325996 	179.000000 	179.171997 	203.740997 
43.800000 	126.325996 	179.000000 	179.171997 	203.740997 
43.900000 	126.325996 	179.000000 	179.171997 	203.740997 
44.000000 	126.325996 	179.000000 	179.171997 	203.740997 
44.100000 	126.325996 	179.000000 	179.171997 	203.740997 
44.200000 	126.325996 	179.000000 	179.171997 	203.740997 
44.300000 	126.325996 	179.000000 	179.171997 	203.740997 
44.400000 	126.325996 	179.000000 	179.171997 	203.740997 
44.500000 	126.352997 	179.000000 	179.162994 	204.097000 
44.600000 	126.352997 	179.000000 	179.162994 	204.097000 
44.700000 	126.352997 	179.000000 	179.162994 	204.097000 
44.800000 	126.352997 	179.000000 	179.162994 	204.097000 
44.900000 	126.352997 	179.000000 	179.162994 	204.097000 
45.000000 	126.352997 	179.000000 	179.162994 	204.097000 
45.100000 	126.352997 	179.000000 	179.162994 	204.097000 
45.200000 	126.352997 	179.000000 	179.162994 	204.097000 
45.300000 	126.352997 	179.000000 	179.162994 	204.097000 
45.400000 	126.352997 	179.000000 	179.162994 	204.097000 
45.500000 	126.379997 	179.000000 	179.154007 	204.459000 
45.600000 	126.379997 	179.000000 	179.154007 	204.459000 
45.700000 	126.379997 	179.000000 	179.154007 	204.459000 
45.800000 	126.379997 	179.000000 	179.154007 	204.459000 
45.900000 	126.379997 	179.000000 	179.154007 	204.459000 
46.000000 	126.379997 	179.000000 	179.154007 	204.459000 
46.100000 	126.379997 	179.000000 	179.154007 	204.459000 
46.200000 	126.379997 	179.000000 	179.154007 	204.459000 
46.300000 	126.379997 	179.000000 	179.154007 	204.459000 
46.400000 	126.379997 	179.000000 	179.154007 	204.459000 
46.500000 	126.406998 	179.000000 	179.145004 	204.828003 
46.600000 	126.406998 	179.000000 	179.145004 	204.828003 
46.700000 	126.406998 	179.000000 	179.145004 	204.828003 
46.800000 	126.406998 	179.000000 	179.145004 	204.828003 
46.900000 	126.406998 	179.000000 	179.145004 	204.828003 
47.000000 	126.406998 	179.000000 	179.145004 	204.828003 
47.100000 	126.406998 	179.000000 	179.145004 	204.828003 
47.200000 	126.406998 	179.000000 	179.145004 	204.828003 
47.300000 	126.406998 	179.000000 	179.145004 	204.828003 
47.400000 	126.406998 	179.000000 	179.145004 	204.828003 
47.500000 	126.434998 	179.000000 	179.136002 	205.203003 
47.600000 	126.434998 	179.000000 	179.136002 	205.203003 
47.700000 	126.434998 	179.000000 	179.136002 	205.203003 
47.800000 	126.434998 	179.000000 	179.136002 	205.203003 
47.900000 	126.434998 	179.000000 	179.136002 	205.203003 
48.000000 	126.434998 	179.000000 	179.136002 	205.203003 
48.100000 	126.434998 	179.000000 	179.136002 	205.203003 
48.200000 	126.434998 	179.000000 	179.136002 	205.203003 
48.300000 	126.434998 	179.000000 	179.136002 	205.203003 
48.400000 	126.434998 	179.000000 	179.136002 	205.203003 
48.500000 	126.461998 	179.000000 	179.126007 	205.585999 
48.600000 	126.461998 	179.000000 	179.126007 	205.585999 
48.700000 	126.461998 	179.000000 	179.126007 	205.585999 
48.800000 	126.461998 	179.000000 	179.126007 	205.585999 
48.900000 	126.461998 	179.000000 	179.126007 	205.585999 
49.000000 	126.461998 	179.000000 	179.126007 	205.585999 
49.100000 	126.461998 	179.000000 	179.126007 	205.585999 
49.200000 	126.461998 	179.000000 	179.126007 	205.585999 
49.300000 	126.461998 	179.000000 	179.126007 	205.585999 
49.400000 	126.461998 	179.000000 	179.126007 	205.585999 
49.500000 	126.489998 	179.000000 	179.117004 	205.973999 
49.600000 	126.489998 	179.000000 	179.117004 	205.973999 
49.700000 	126.489998 	179.000000 	179.117004 	205.973999 
49.800000 	126.489998 	179.000000 	179.117004 	205.973999 
49.900000 	126.489998 	179.000000 	179.117004 	205.973999 
50.000000 	126.489998 	179.000000 	179.117004 	205.973999 
50.100000 	126.489998 	179.000000 	179.117004 	205.973999 
50.200000 	126.489998 	179.000000 	179.117004 	205.973999 
50.300000 	126.489998 	179.000000 	179.117004 	205.973999 
50.400000 	126.489998 	179.000000 	179.117004 	205.973999 
50.500000 	126.517998 	179.000000 	179.108002 	206.369003 
50.600000 	126.517998 	179.000000 	179.108002 	206.369003 
50.700000 	126.517998 	179.000000 	179.108002 	206.369003 
50.800000 	126.517998 	179.000000 	179.108002 	206.369003 
50.900000 	126.517998 	179.000000 	179.108002 	206.369003 
51.000000 	126.517998 	179.000000 	179.108002 	206.369003 
51.100000 	126.517998 	179.000000 	179.108002 	206.369003 
51.200000 	126.517998 	179.000000 	179.108002 	206.369003 
51.300000 	126.517998 	179.000000 	179.108002 	206.369003 
51.400000 	126.517998 	179.000000 	179.108002 	206.369003 
51.500000 	126.545998 	179.000000 	179.098999 	206.770004 
51.600000 	126.545998 	179.000000 	179.098999 	206.770004 
51.700000 	126.545998 	179.000000 	179.098999 	206.770004 
51.800000 	126.545998 	179.000000 	179.098999 	206.770004 
51.900000 	126.545998 	179.000000 	179.098999 	206.770004 
52.000000 	126.545998 	179.000000 	179.098999 	206.770004 
52.100000 	126.545998 	179.000000 	179.098999 	206.770004 
52.200000 	126.545998 	179.000000 	179.098999 	206.770004 
52.300000 	126.545998 	179.000000 	179.098999 	206.770004 
52.400000 	126.545998 	179.000000 	179.098999 	206.770004 
52.500000 	126.573997 	179.000000 	179.089005 	207.177002 
52.600000 	126.573997 	179.000000 	179.089005 	207.177002 
52.700000 	126.573997 	179.000000 	179.089005 	207.177002 
52.800000 	126.573997 	179.000000 	179.089005 	207.177002 
52.900000 	126.573997 	179.000000 	179.089005 	207.177002 
53.000000 	126.573997 	179.000000 	179.089005 	207.177002 
53.100000 	126.573997 	179.000000 	179.089005 	207.177002 
53.200000 	126.573997 	179.000000 	179.089005 	207.177002 
53.300000 	126.573997 	179.000000 	179.089005 	207.177002 
53.400000 	126.573997 	179.000000 	179.089005 	207.177002 
53.500000 	126.602997 	179.000000 	179.078995 	207.589996 
53.600000 	126.602997 	179.000000 	179.078995 	207.589996 
53.700000 	126.602997 	179.000000 	179.078995 	207.589996 
53.800000 	126.602997 	179.000000 	179.078995 	207.589996 
53.900000 	126.602997 	179.000000 	179.078995 	207.589996 
54.000000 	126.602997 	179.000000 	179.078995 	207.589996 
54.100000 	126.602997 	179.000000 	179.078995 	207.589996 
54.200000 	126.602997 	179.000000 	179.078995 	207.589996 
54.300000 	126.602997 	179.000000 	179.078995 	207.589996 
54.400000 	126.602997 	179.000000 	179.078995 	207.589996 
54.500000 	126.632004 	179.000000 	179.069000 	208.009003 
54.600000 	126.632004 	179.000000 	179.069000 	208.009003 
54.700000 	126.632004 	179.000000 	179.069000 	208.009003 
54.800000 	126.632004 	179.000000 	179.069000 	208.009003 
54.900000 	126.632004 	179.000000 	179.069000 	208.009003 
55.000000 	126.632004 	179.000000 	179.069000 	208.009003 
55.100000 	126.632004 	179.000000 	179.069000 	208.009003 
55.200000 	126.632004 	179.000000 	179.069000 	208.009003 
55.300000 	126.632004 	179.000000 	179.069000 	208.009003 
55.400000 	126.632004 	179.000000 	179.069000 	208.009003 
55.500000 	126.661003 	179.000000 	179.059006 	208.434998 
55.600000 	126.661003 	179.000000 	179.059006 	208.434998 
55.700000 	126.661003 	179.000000 	179.059006 	208.434998 
55.800000 	126.661003 	179.000000 	179.059006 	208.434998 
55.900000 	126.661003 	179.000000 	179.059006 	208.434998 
56.000000 	126.661003 	179.000000 	179.059006 	208.434998 
56.100000 	126.661003 	179.000000 	179.059006 	208.434998 
56.200000 	126.661003 	179.000000 	179.059006 	208.434998 
56.300000 	126.661003 	179.000000 	179.059006 	208.434998 
56.400000 	126.661003 	179.000000 	179.059006 	208.434998 
56.500000 	126.690002 	179.000000 	179.048004 	208.865005 
56.600000 	126.690002 	179.000000 	179.048004 	208.865005 
56.700000 	126.690002 	179.000000 	179.048004 	208.865005 
56.800000 	126.690002 	179.000000 	179.048004 	208.865005 
56.900000 	126.690002 	179.000000 	179.048004 	208.865005 
57.000000 	126.690002 	179.000000 	179.048004 	208.865005 
57.100000 	126.690002 	179.000000 	179.048004 	208.865005 
57.200000 	126.690002 	179.000000 	179.048004 	208.865005 
57.300000 	126.690002 	179.000000 	179.048004 	208.865005 
57.400000 	126.690002 	179.000000 	179.048004 	208.865005 
57.500000 	126.720001 	179.000000 	179.037003 	209.302002 
57.600000 	126.720001 	179.000000 	179.037003 	209.302002 
57.700000 	126.720001 	179.000000 	179.037003 	209.302002 
57.800000 	126.720001 	179.000000 	179.037003 	209.302002 
57.900000 	126.720001 	179.000000 	179.037003 	209.302002 
58.000000 	126.720001 	179.000000 	179.037003 	209.302002 
58.100000 	126.720001 	179.000000 	179.037003 	209.302002 
58.200000 	126.720001 	179.000000 	179.037003 	209.302002 
58.300000 	126.720001 	179.000000 	179.037003 	209.302002 
58.400000 	126.720001 	179.000000 	179.037003 	209.302002 
58.500000 	126.750000 	179.000000 	179.026001 	209.744003 
58.600000 	126.750000 	179.000000 	179.026001 	209.744003 
58.700000 	126.750000 	179.000000 	179.026001 	209.744003 
58.800000 	126.750000 	179.000000 	179.026001 	209.744003 
58.900000 	126.750000 	179.000000 	179.026001 	209.744003 
59.000000 	126.750000 	179.000000 	179.026001 	209.744003 
59.100000 	126.750000 	179.000000 	179.026001 	209.744003 
59.200000 	126.750000 	179.000000 	179.026001 	209.744003 
59.300000 	126.750000 	179.000000 	179.026001 	209.744003 
59.400000 	126.750000 	179.000000 	179.026001 	209.744003 
59.500000 	126.779999 	179.000000 	179.014999 	210.192001 
59.600000 	126.779999 	179.000000 	179.014999 	210.192001 
59.700000 	126.779999 	179.000000 	179.014999 	210.192001 
59.800000 	126.779999 	179.000000 	179.014999 	210.192001 
59.900000 	126.779999 	179.000000 	179.014999 	210.192001 
60.000000 	126.779999 	179.000000 	179.014999 	210.192001 
