0.500000 	94.759804 	964.000000 	968.403015 	965.690002 
0.600000 	94.759804 	964.000000 	968.403015 	965.690002 
0.700000 	94.759804 	964.000000 	968.403015 	965.690002 
0.800000 	94.759804 	964.000000 	968.403015 	965.690002 
0.900000 	94.759804 	964.000000 	968.403015 	965.690002 
1.000000 	94.759804 	964.000000 	968.403015 	965.690002 
1.100000 	94.759804 	964.000000 	968.403015 	965.690002 
1.200000 	94.759804 	964.000000 	968.403015 	965.690002 
1.300000 	94.759804 	964.000000 	968.403015 	965.690002 
1.400000 	94.759804 	964.000000 	968.403015 	965.690002 
1.500000 	104.890999 	964.000000 	966.979004 	967.286987 
1.600000 	104.890999 	964.000000 	966.979004 	967.286987 
1.700000 	104.890999 	964.000000 	966.979004 	967.286987 
1.800000 	104.890999 	964.000000 	966.979004 	967.286987 
1.900000 	104.890999 	964.000000 	966.979004 	967.286987 
2.000000 	104.890999 	964.000000 	966.979004 	967.286987 
2.100000 	104.890999 	964.000000 	966.979004 	967.286987 
2.200000 	104.890999 	964.000000 	966.979004 	967.286987 
2.300000 	104.890999 	964.000000 	966.979004 	967.286987 
2.400000 	104.890999 	964.000000 	966.979004 	967.286987 
2.500000 	114.410004 	964.000000 	965.630005 	967.442993 
2.600000 	114.410004 	964.000000 	965.630005 	967.442993 
2.700000 	114.410004 	964.000000 	965.630005 	967.442993 
2.800000 	114.410004 	964.000000 	965.630005 	967.442993 
2.900000 	114.410004 	964.000000 	965.630005 	967.442993 
3.000000 	114.410004 	964.000000 	965.630005 	967.442993 
3.100000 	114.410004 	964.000000 	965.630005 	967.442993 
3.200000 	114.410004 	964.000000 	965.630005 	967.442993 
3.300000 	114.410004 	964.000000 	965.630005 	967.442993 
3.400000 	114.410004 	964.000000 	965.630005 	967.442993 
3.500000 	118.971001 	964.000000 	964.965027 	967.445007 
3.600000 	118.971001 	964.000000 	964.965027 	967.445007 
3.700000 	118.971001 	964.000000 	964.965027 	967.445007 
3.800000 	118.971001 	964.000000 	964.965027 	967.445007 
3.900000 	118.971001 	964.000000 	964.965027 	967.445007 
4.000000 	118.971001 	964.000000 	964.965027 	967.445007 
4.100000 	118.971001 	964.000000 	964.965027 	967.445007 
4.200000 	118.971001 	964.000000 	964.965027 	967.445007 
4.300000 	118.971001 	964.000000 	964.965027 	967.445007 
4.400000 	118.971001 	964.000000 	964.965027 	967.445007 
4.500000 	121.350998 	964.000000 	964.612000 	967.443970 
4.600000 	121.350998 	964.000000 	964.612000 	967.443970 
4.700000 	121.350998 	964.000000 	964.612000 	967.443970 
4.800000 	121.350998 	964.000000 	964.612000 	967.443970 
4.900000 	121.350998 	964.000000 	964.612000 	967.443970 
5.000000 	121.350998 	964.000000 	964.612000 	967.443970 
5.100000 	121.350998 	964.000000 	964.612000 	967.443970 
5.200000 	121.350998 	964.000000 	964.612000 	967.443970 
5.300000 	121.350998 	964.000000 	964.612000 	967.443970 
5.400000 	121.350998 	964.000000 	964.612000 	967.443970 
5.500000 	122.724998 	964.000000 	964.405029 	967.443970 
5.600000 	122.724998 	964.000000 	964.405029 	967.443970 
5.700000 	122.724998 	964.000000 	964.405029 	967.443970 
5.800000 	122.724998 	964.000000 	964.405029 	967.443970 
5.900000 	122.724998 	964.000000 	964.405029 	967.443970 
6.000000 	122.724998 	964.000000 	964.405029 	967.443970 
6.100000 	122.724998 	964.000000 	964.405029 	967.443970 
6.200000 	122.724998 	964.000000 	964.405029 	967.443970 
6.300000 	122.724998 	964.000000 	964.405029 	967.443970 
6.400000 	122.724998 	964.000000 	964.405029 	967.443970 
6.500000 	123.584000 	964.000000 	964.275024 	967.445007 
6.600000 	123.584000 	964.000000 	964.275024 	967.445007 
6.700000 	123.584000 	964.000000 	964.275024 	967.445007 
6.800000 	123.584000 	964.000000 	964.275024 	967.445007 
6.900000 	123.584000 	964.000000 	964.275024 	967.445007 
7.000000 	123.584000 	964.000000 	964.275024 	967.445007 
7.100000 	123.584000 	964.000000 	964.275024 	967.445007 
7.200000 	123.584000 	964.000000 	964.275024 	967.445007 
7.300000 	123.584000 	964.000000 	964.275024 	967.445007 
7.400000 	123.584000 	964.000000 	964.275024 	967.445007 
7.500000 	124.154999 	964.000000 	964.187012 	967.447021 
7.600000 	124.154999 	964.000000 	964.187012 	967.447021 
7.700000 	124.154999 	964.000000 	964.187012 	967.447021 
7.800000 	124.154999 	964.000000 	964.187012 	967.447021 
7.900000 	124.154999 	964.000000 	964.187012 	967.447021 
8.000000 	124.154999 	964.000000 	964.187012 	967.447021 
8.100000 	124.154999 	964.000000 	964.187012 	967.447021 
8.200000 	124.154999 	964.000000 	964.187012 	967.447021 
8.300000 	124.154999 	964.000000 	964.187012 	967.447021 
8.400000 	124.154999 	964.000000 	964.187012 	967.447021 
8.500000 	124.554001 	964.000000 	964.125000 	967.450012 
8.600000 	124.554001 	964.000000 	964.125000 	967.450012 
8.700000 	124.554001 	964.000000 	964.125000 	967.450012 
8.800000 	124.554001 	964.000000 	964.125000 	967.450012 
8.900000 	124.554001 	964.000000 	964.125000 	967.450012 
9.000000 	124.554001 	964.000000 	964.125000 	967.450012 
9.100000 	124.554001 	964.000000 	964.125000 	967.450012 
9.200000 	124.554001 	964.000000 	964.125000 	967.450012 
9.300000 	124.554001 	964.000000 	964.125000 	967.450012 
9.400000 	124.554001 	964.000000 	964.125000 	967.450012 
9.500000 	124.844002 	964.000000 	964.078979 	967.453979 
9.600000 	124.844002 	964.000000 	964.078979 	967.453979 
9.700000 	124.844002 	964.000000 	964.078979 	967.453979 
9.800000 	124.844002 	964.000000 	964.078979 	967.453979 
9.900000 	124.844002 	964.000000 	964.078979 	967.453979 
10.000000 	124.844002 	964.000000 	964.078979 	967.453979 
10.100000 	124.844002 	964.000000 	964.078979 	967.453979 
10.200000 	124.844002 	964.000000 	964.078979 	967.453979 
10.300000 	124.844002 	964.000000 	964.078979 	967.453979 
10.400000 	124.844002 	964.000000 	964.078979 	967.453979 
10.500000 	125.060997 	964.000000 	964.043030 	967.458984 
10.600000 	125.060997 	964.000000 	964.043030 	967.458984 
10.700000 	125.060997 	964.000000 	964.043030 	967.458984 
10.800000 	125.060997 	964.000000 	964.043030 	967.458984 
10.900000 	125.060997 	964.000000 	964.043030 	967.458984 
11.000000 	125.060997 	964.000000 	964.043030 	967.458984 
11.100000 	125.060997 	964.000000 	964.043030 	967.458984 
11.200000 	125.060997 	964.000000 	964.043030 	967.458984 
11.300000 	125.060997 	964.000000 	964.043030 	967.458984 
11.400000 	125.060997 	964.000000 	964.043030 	967.458984 
11.500000 	125.228996 	964.000000 	964.015015 	967.463989 
11.600000 	125.228996 	964.000000 	964.015015 	967.463989 
11.700000 	125.228996 	964.000000 	964.015015 	967.463989 
11.800000 	125.228996 	964.000000 	964.015015 	967.463989 
11.900000 	125.228996 	964.000000 	964.015015 	967.463989 
12.000000 	125.228996 	964.000000 	964.015015 	967.463989 
12.100000 	125.228996 	964.000000 	964.015015 	967.463989 
12.200000 	125.228996 	964.000000 	964.015015 	967.463989 
12.300000 	125.228996 	964.000000 	964.015015 	967.463989 
12.400000 	125.228996 	964.000000 	964.015015 	967.463989 
12.500000 	125.361000 	964.000000 	963.991028 	967.469971 
12.600000 	125.361000 	964.000000 	963.991028 	967.469971 
12.700000 	125.361000 	964.000000 	963.991028 	967.469971 
12.800000 	125.361000 	964.000000 	963.991028 	967.469971 
12.900000 	125.361000 	964.000000 	963.991028 	967.469971 
13.000000 	125.361000 	964.000000 	963.991028 	967.469971 
13.100000 	125.361000 	964.000000 	963.991028 	967.469971 
13.200000 	125.361000 	964.000000 	963.991028 	967.469971 
13.300000 	125.361000 	964.000000 	963.991028 	967.469971 
13.400000 	125.361000 	964.000000 	963.991028 	967.469971 
13.500000 	125.467003 	964.000000 	963.971985 	967.476013 
13.600000 	125.467003 	964.000000 	963.971985 	967.476013 
13.700000 	125.467003 	964.000000 	963.971985 	967.476013 
13.800000 	125.467003 	964.000000 	963.971985 	967.476013 
13.900000 	125.467003 	964.000000 	963.971985 	967.476013 
14.000000 	125.467003 	964.000000 	963.971985 	967.476013 
14.100000 	125.467003 	964.000000 	963.971985 	967.476013 
14.200000 	125.467003 	964.000000 	963.971985 	967.476013 
14.300000 	125.467003 	964.000000 	963.971985 	967.476013 
14.400000 	125.467003 	964.000000 	963.971985 	967.476013 
14.500000 	125.554001 	964.000000 	963.953979 	967.482971 
14.600000 	125.554001 	964.000000 	963.953979 	967.482971 
14.700000 	125.554001 	964.000000 	963.953979 	967.482971 
14.800000 	125.554001 	964.000000 	963.953979 	967.482971 
14.900000 	125.554001 	964.000000 	963.953979 	967.482971 
15.000000 	125.554001 	964.000000 	963.953979 	967.482971 
15.100000 	125.554001 	964.000000 	963.953979 	967.482971 
15.200000 	125.554001 	964.000000 	963.953979 	967.482971 
15.300000 	125.554001 	964.000000 	963.953979 	967.482971 
15.400000 	125.554001 	964.000000 	963.953979 	967.482971 
15.500000 	125.625999 	964.000000 	963.939026 	967.489990 
15.600000 	125.625999 	964.000000 	963.939026 	967.489990 
15.700000 	125.625999 	964.000000 	963.939026 	967.489990 
15.800000 	125.625999 	964.000000 	963.939026 	967.489990 
15.900000 	125.625999 	964.000000 	963.939026 	967.489990 
16.000000 	125.625999 	964.000000 	963.939026 	967.489990 
16.100000 	125.625999 	964.000000 	963.939026 	967.489990 
16.200000 	125.625999 	964.000000 	963.939026 	967.489990 
16.300000 	125.625999 	964.000000 	963.939026 	967.489990 
16.400000 	125.625999 	964.000000 	963.939026 	967.489990 
16.500000 	125.686996 	964.000000 	963.924011 	967.497009 
16.600000 	125.686996 	964.000000 	963.924011 	967.497009 
16.700000 	125.686996 	964.000000 	963.924011 	967.497009 
16.800000 	125.686996 	964.000000 	963.924011 	967.497009 
16.900000 	125.686996 	964.000000 	963.924011 	967.497009 
17.000000 	125.686996 	964.000000 	963.924011 	967.497009 
17.100000 	125.686996 	964.000000 	963.924011 	967.497009 
17.200000 	125.686996 	964.000000 	963.924011 	967.497009 
17.300000 	125.686996 	964.000000 	963.924011 	967.497009 
17.400000 	125.686996 	964.000000 	963.924011 	967.497009 
17.500000 	125.738998 	964.000000 	963.911011 	967.505005 
17.600000 	125.738998 	964.000000 	963.911011 	967.505005 
17.700000 	125.738998 	964.000000 	963.911011 	967.505005 
17.800000 	125.738998 	964.000000 	963.911011 	967.505005 
17.900000 	125.738998 	964.000000 	963.911011 	967.505005 
18.000000 	125.738998 	964.000000 	963.911011 	967.505005 
18.100000 	125.738998 	964.000000 	963.911011 	967.505005 
18.200000 	125.738998 	964.000000 	963.911011 	967.505005 
18.300000 	125.738998 	964.000000 	963.911011 	967.505005 
18.400000 	125.738998 	964.000000 	963.911011 	967.505005 
18.500000 	125.783997 	964.000000 	963.898010 	967.513000 
18.600000 	125.783997 	964.000000 	963.898010 	967.513000 
18.700000 	125.783997 	964.000000 	963.898010 	967.513000 
18.800000 	125.783997 	964.000000 	963.898010 	967.513000 
18.900000 	125.783997 	964.000000 	963.898010 	967.513000 
19.000000 	125.783997 	964.000000 	963.898010 	967.513000 
19.100000 	125.783997 	964.000000 	963.898010 	967.513000 
19.200000 	125.783997 	964.000000 	963.898010 	967.513000 
19.300000 	125.783997 	964.000000 	963.898010 	967.513000 
19.400000 	125.783997 	964.000000 	963.898010 	967.513000 
19.500000 	125.822998 	964.000000 	963.885986 	967.520020 
19.600000 	125.822998 	964.000000 	963.885986 	967.520020 
19.700000 	125.822998 	964.000000 	963.885986 	967.520020 
19.800000 	125.822998 	964.000000 	963.885986 	967.520020 
19.900000 	125.822998 	964.000000 	963.885986 	967.520020 
20.000000 	125.822998 	964.000000 	963.885986 	967.520020 
20.100000 	125.822998 	964.000000 	963.885986 	967.520020 
20.200000 	125.822998 	964.000000 	963.885986 	967.520020 
20.300000 	125.822998 	964.000000 	963.885986 	967.520020 
20.400000 	125.822998 	964.000000 	963.885986 	967.520020 
20.500000 	125.858002 	964.000000 	963.872986 	967.528015 
20.600000 	125.858002 	964.000000 	963.872986 	967.528015 
20.700000 	125.858002 	964.000000 	963.872986 	967.528015 
20.800000 	125.858002 	964.000000 	963.872986 	967.528015 
20.900000 	125.858002 	964.000000 	963.872986 	967.528015 
21.000000 	125.858002 	964.000000 	963.872986 	967.528015 
21.100000 	125.858002 	964.000000 	963.872986 	967.528015 
21.200000 	125.858002 	964.000000 	963.872986 	967.528015 
21.300000 	125.858002 	964.000000 	963.872986 	967.528015 
21.400000 	125.858002 	964.000000 	963.872986 	967.528015 
21.500000 	125.888000 	964.000000 	963.861023 	967.536011 
21.600000 	125.888000 	964.000000 	963.861023 	967.536011 
21.700000 	125.888000 	964.000000 	963.861023 	967.536011 
21.800000 	125.888000 	964.000000 	963.861023 	967.536011 
21.900000 	125.888000 	964.000000 	963.861023 	967.536011 
22.000000 	125.888000 	964.000000 	963.861023 	967.536011 
22.100000 	125.888000 	964.000000 	963.861023 	967.536011 
22.200000 	125.888000 	964.000000 	963.861023 	967.536011 
22.300000 	125.888000 	964.000000 	963.861023 	967.536011 
22.400000 	125.888000 	964.000000 	963.861023 	967.536011 
22.500000 	125.916000 	964.000000 	963.848999 	967.543030 
22.600000 	125.916000 	964.000000 	963.848999 	967.543030 
22.700000 	125.916000 	964.000000 	963.848999 	967.543030 
22.800000 	125.916000 	964.000000 	963.848999 	967.543030 
22.900000 	125.916000 	964.000000 	963.848999 	967.543030 
23.000000 	125.916000 	964.000000 	963.848999 	967.543030 
23.100000 	125.916000 	964.000000 	963.848999 	967.543030 
23.200000 	125.916000 	964.000000 	963.848999 	967.543030 
23.300000 	125.916000 	964.000000 	963.848999 	967.543030 
23.400000 	125.916000 	964.000000 	963.848999 	967.543030 
23.500000 	125.941002 	964.000000 	963.835999 	967.551025 
23.600000 	125.941002 	964.000000 	963.835999 	967.551025 
23.700000 	125.941002 	964.000000 	963.835999 	967.551025 
23.800000 	125.941002 	964.000000 	963.835999 	967.551025 
23.900000 	125.941002 	964.000000 	963.835999 	967.551025 
24.000000 	125.941002 	964.000000 	963.835999 	967.551025 
24.100000 	125.941002 	964.000000 	963.835999 	967.551025 
24.200000 	125.941002 	964.000000 	963.835999 	967.551025 
24.300000 	125.941002 	964.000000 	963.835999 	967.551025 
24.400000 	125.941002 	964.000000 	963.835999 	967.551025 
24.500000 	125.963997 	964.000000 	963.822998 	967.557983 
24.600000 	125.963997 	964.000000 	963.822998 	967.557983 
24.700000 	125.963997 	964.000000 	963.822998 	967.557983 
24.800000 	125.963997 	964.000000 	963.822998 	967.557983 
24.900000 	125.963997 	964.000000 	963.822998 	967.557983 
25.000000 	125.963997 	964.000000 	963.822998 	967.557983 
25.100000 	125.963997 	964.000000 	963.822998 	967.557983 
25.200000 	125.963997 	964.000000 	963.822998 	967.557983 
25.300000 	125.963997 	964.000000 	963.822998 	967.557983 
25.400000 	125.963997 	964.000000 	963.822998 	967.557983 
25.500000 	125.985001 	964.000000 	963.809021 	967.565002 
25.600000 	125.985001 	964.000000 	963.809021 	967.565002 
25.700000 	125.985001 	964.000000 	963.809021 	967.565002 
25.800000 	125.985001 	964.000000 	963.809021 	967.565002 
25.900000 	125.985001 	964.000000 	963.809021 	967.565002 
26.000000 	125.985001 	964.000000 	963.809021 	967.565002 
26.100000 	125.985001 	964.000000 	963.809021 	967.565002 
26.200000 	125.985001 	964.000000 	963.809021 	967.565002 
26.300000 	125.985001 	964.000000 	963.809021 	967.565002 
26.400000 	125.985001 	964.000000 	963.809021 	967.565002 
26.500000 	126.004997 	964.000000 	963.794983 	967.570984 
26.600000 	126.004997 	964.000000 	963.794983 	967.570984 
26.700000 	126.004997 	964.000000 	963.794983 	967.570984 
26.800000 	126.004997 	964.000000 	963.794983 	967.570984 
26.900000 	126.004997 	964.000000 	963.794983 	967.570984 
27.000000 	126.004997 	964.000000 	963.794983 	967.570984 
27.100000 	126.004997 	964.000000 	963.794983 	967.570984 
27.200000 	126.004997 	964.000000 	963.794983 	967.570984 
27.300000 	126.004997 	964.000000 	963.794983 	967.570984 
27.400000 	126.004997 	964.000000 	963.794983 	967.570984 
27.500000 	126.023003 	964.000000 	963.780029 	967.577026 
27.600000 	126.023003 	964.000000 	963.780029 	967.577026 
27.700000 	126.023003 	964.000000 	963.780029 	967.577026 
27.800000 	126.023003 	964.000000 	963.780029 	967.577026 
27.900000 	126.023003 	964.000000 	963.780029 	967.577026 
28.000000 	126.023003 	964.000000 	963.780029 	967.577026 
28.100000 	126.023003 	964.000000 	963.780029 	967.577026 
28.200000 	126.023003 	964.000000 	963.780029 	967.577026 
28.300000 	126.023003 	964.000000 	963.780029 	967.577026 
28.400000 	126.023003 	964.000000 	963.780029 	967.577026 
28.500000 	126.041000 	964.000000 	963.765015 	967.581970 
28.600000 	126.041000 	964.000000 	963.765015 	967.581970 
28.700000 	126.041000 	964.000000 	963.765015 	967.581970 
28.800000 	126.041000 	964.000000 	963.765015 	967.581970 
28.900000 	126.041000 	964.000000 	963.765015 	967.581970 
29.000000 	126.041000 	964.000000 	963.765015 	967.581970 
29.100000 	126.041000 	964.000000 	963.765015 	967.581970 
29.200000 	126.041000 	964.000000 	963.765015 	967.581970 
29.300000 	126.041000 	964.000000 	963.765015 	967.581970 
29.400000 	126.041000 	964.000000 	963.765015 	967.581970 
29.500000 	126.056999 	964.000000 	963.749023 	967.586975 
29.600000 	126.056999 	964.000000 	963.749023 	967.586975 
29.700000 	126.056999 	964.000000 	963.749023 	967.586975 
29.800000 	126.056999 	964.000000 	963.749023 	967.586975 
29.900000 	126.056999 	964.000000 	963.749023 	967.586975 
30.000000 	126.056999 	964.000000 	963.749023 	967.586975 
30.100000 	126.056999 	964.000000 	963.749023 	967.586975 
30.200000 	126.056999 	964.000000 	963.749023 	967.586975 
30.300000 	126.056999 	964.000000 	963.749023 	967.586975 
30.400000 	126.056999 	964.000000 	963.749023 	967.586975 
30.500000 	126.072998 	964.000000 	963.731995 	967.590027 
30.600000 	126.072998 	964.000000 	963.731995 	967.590027 
30.700000 	126.072998 	964.000000 	963.731995 	967.590027 
30.800000 	126.072998 	964.000000 	963.731995 	967.590027 
30.900000 	126.072998 	964.000000 	963.731995 	967.590027 
31.000000 	126.072998 	964.000000 	963.731995 	967.590027 
31.100000 	126.072998 	964.000000 	963.731995 	967.590027 
31.200000 	126.072998 	964.000000 	963.731995 	967.590027 
31.300000 	126.072998 	964.000000 	963.731995 	967.590027 
31.400000 	126.072998 	964.000000 	963.731995 	967.590027 
31.500000 	126.087997 	964.000000 	963.713989 	967.593018 
31.600000 	126.087997 	964.000000 	963.713989 	967.593018 
31.700000 	126.087997 	964.000000 	963.713989 	967.593018 
31.800000 	126.087997 	964.000000 	963.713989 	967.593018 
31.900000 	126.087997 	964.000000 	963.713989 	967.593018 
32.000000 	126.087997 	964.000000 	963.713989 	967.593018 
32.100000 	126.087997 	964.000000 	963.713989 	967.593018 
32.200000 	126.087997 	964.000000 	963.713989 	967.593018 
32.300000 	126.087997 	964.000000 	963.713989 	967.593018 
32.400000 	126.087997 	964.000000 	963.713989 	967.593018 
32.500000 	126.101997 	964.000000 	963.695007 	967.594971 
32.600000 	126.101997 	964.000000 	963.695007 	967.594971 
32.700000 	126.101997 	964.000000 	963.695007 	967.594971 
32.800000 	126.101997 	964.000000 	963.695007 	967.594971 
32.900000 	126.101997 	964.000000 	963.695007 	967.594971 
33.000000 	126.101997 	964.000000 	963.695007 	967.594971 
33.100000 	126.101997 	964.000000 	963.695007 	967.594971 
33.200000 	126.101997 	964.000000 	963.695007 	967.594971 
33.300000 	126.101997 	964.000000 	963.695007 	967.594971 
33.400000 	126.101997 	964.000000 	963.695007 	967.594971 
33.500000 	126.115997 	964.000000 	963.674988 	967.594971 
33.600000 	126.115997 	964.000000 	963.674988 	967.594971 
33.700000 	126.115997 	964.000000 	963.674988 	967.594971 
33.800000 	126.115997 	964.000000 	963.674988 	967.594971 
33.900000 	126.115997 	964.000000 	963.674988 	967.594971 
34.000000 	126.115997 	964.000000 	963.674988 	967.594971 
34.100000 	126.115997 	964.000000 	963.674988 	967.594971 
34.200000 	126.115997 	964.000000 	963.674988 	967.594971 
34.300000 	126.115997 	964.000000 	963.674988 	967.594971 
34.400000 	126.115997 	964.000000 	963.674988 	967.594971 
34.500000 	126.128998 	964.000000 	963.653992 	967.593994 
34.600000 	126.128998 	964.000000 	963.653992 	967.593994 
34.700000 	126.128998 	964.000000 	963.653992 	967.593994 
34.800000 	126.128998 	964.000000 	963.653992 	967.593994 
34.900000 	126.128998 	964.000000 	963.653992 	967.593994 
35.000000 	126.128998 	964.000000 	963.653992 	967.593994 
35.100000 	126.128998 	964.000000 	963.653992 	967.593994 
35.200000 	126.128998 	964.000000 	963.653992 	967.593994 
35.300000 	126.128998 	964.000000 	963.653992 	967.593994 
35.400000 	126.128998 	964.000000 	963.653992 	967.593994 
35.500000 	126.142998 	964.000000 	963.630981 	967.591980 
35.600000 	126.142998 	964.000000 	963.630981 	967.591980 
35.700000 	126.142998 	964.000000 	963.630981 	967.591980 
35.800000 	126.142998 	964.000000 	963.630981 	967.591980 
35.900000 	126.142998 	964.000000 	963.630981 	967.591980 
36.000000 	126.142998 	964.000000 	963.630981 	967.591980 
36.100000 	126.142998 	964.000000 	963.630981 	967.591980 
36.200000 	126.142998 	964.000000 	963.630981 	967.591980 
36.300000 	126.142998 	964.000000 	963.630981 	967.591980 
36.400000 	126.142998 	964.000000 	963.630981 	967.591980 
36.500000 	126.154999 	964.000000 	963.607971 	967.588013 
36.600000 	126.154999 	964.000000 	963.607971 	967.588013 
36.700000 	126.154999 	964.000000 	963.607971 	967.588013 
36.800000 	126.154999 	964.000000 	963.607971 	967.588013 
36.900000 	126.154999 	964.000000 	963.607971 	967.588013 
37.000000 	126.154999 	964.000000 	963.607971 	967.588013 
37.100000 	126.154999 	964.000000 	963.607971 	967.588013 
37.200000 	126.154999 	964.000000 	963.607971 	967.588013 
37.300000 	126.154999 	964.000000 	963.607971 	967.588013 
37.400000 	126.154999 	964.000000 	963.607971 	967.588013 
37.500000 	126.167999 	964.000000 	963.583008 	967.583008 
37.600000 	126.167999 	964.000000 	963.583008 	967.583008 
37.700000 	126.167999 	964.000000 	963.583008 	967.583008 
37.800000 	126.167999 	964.000000 	963.583008 	967.583008 
37.900000 	126.167999 	964.000000 	963.583008 	967.583008 
38.000000 	126.167999 	964.000000 	963.583008 	967.583008 
38.100000 	126.167999 	964.000000 	963.583008 	967.583008 
38.200000 	126.167999 	964.000000 	963.583008 	967.583008 
38.300000 	126.167999 	964.000000 	963.583008 	967.583008 
38.400000 	126.167999 	964.000000 	963.583008 	967.583008 
38.500000 	126.181000 	964.000000 	963.556030 	967.575989 
38.600000 	126.181000 	964.000000 	963.556030 	967.575989 
38.700000 	126.181000 	964.000000 	963.556030 	967.575989 
38.800000 	126.181000 	964.000000 	963.556030 	967.575989 
38.900000 	126.181000 	964.000000 	963.556030 	967.575989 
39.000000 	126.181000 	964.000000 	963.556030 	967.575989 
39.100000 	126.181000 	964.000000 	963.556030 	967.575989 
39.200000 	126.181000 	964.000000 	963.556030 	967.575989 
39.300000 	126.181000 	964.000000 	963.556030 	967.575989 
39.400000 	126.181000 	964.000000 	963.556030 	967.575989 
39.500000 	126.193001 	964.000000 	963.528992 	967.567017 
39.600000 	126.193001 	964.000000 	963.528992 	967.567017 
39.700000 	126.193001 	964.000000 	963.528992 	967.567017 
39.800000 	126.193001 	964.000000 	963.528992 	967.567017 
39.900000 	126.193001 	964.000000 	963.528992 	967.567017 
40.000000 	126.193001 	964.000000 	963.528992 	967.567017 
40.100000 	126.193001 	964.000000 	963.528992 	967.567017 
40.200000 	126.193001 	964.000000 	963.528992 	967.567017 
40.300000 	126.193001 	964.000000 	963.528992 	967.567017 
40.400000 	126.193001 	964.000000 	963.528992 	967.567017 
40.500000 	126.205002 	964.000000 	963.499023 	967.554993 
40.600000 	126.205002 	964.000000 	963.499023 	967.554993 
40.700000 	126.205002 	964.000000 	963.499023 	967.554993 
40.800000 	126.205002 	964.000000 	963.499023 	967.554993 
40.900000 	126.205002 	964.000000 	963.499023 	967.554993 
41.000000 	126.205002 	964.000000 	963.499023 	967.554993 
41.100000 	126.205002 	964.000000 	963.499023 	967.554993 
41.200000 	126.205002 	964.000000 	963.499023 	967.554993 
41.300000 	126.205002 	964.000000 	963.499023 	967.554993 
41.400000 	126.205002 	964.000000 	963.499023 	967.554993 
41.500000 	126.217003 	964.000000 	963.468018 	967.541992 
41.600000 	126.217003 	964.000000 	963.468018 	967.541992 
41.700000 	126.217003 	964.000000 	963.468018 	967.541992 
41.800000 	126.217003 	964.000000 	963.468018 	967.541992 
41.900000 	126.217003 	964.000000 	963.468018 	967.541992 
42.000000 	126.217003 	964.000000 	963.468018 	967.541992 
42.100000 	126.217003 	964.000000 	963.468018 	967.541992 
42.200000 	126.217003 	964.000000 	963.468018 	967.541992 
42.300000 	126.217003 	964.000000 	963.468018 	967.541992 
42.400000 	126.217003 	964.000000 	963.468018 	967.541992 
42.500000 	126.230003 	964.000000 	963.434998 	967.526001 
42.600000 	126.230003 	964.000000 	963.434998 	967.526001 
42.700000 	126.230003 	964.000000 	963.434998 	967.526001 
42.800000 	126.230003 	964.000000 	963.434998 	967.526001 
42.900000 	126.230003 	964.000000 	963.434998 	967.526001 
43.000000 	126.230003 	964.000000 	963.434998 	967.526001 
43.100000 	126.230003 	964.000000 	963.434998 	967.526001 
43.200000 	126.230003 	964.000000 	963.434998 	967.526001 
43.300000 	126.230003 	964.000000 	963.434998 	967.526001 
43.400000 	126.230003 	964.000000 	963.434998 	967.526001 
43.500000 	126.241997 	964.000000 	963.401001 	967.507019 
43.600000 	126.241997 	964.000000 	963.401001 	967.507019 
43.700000 	126.241997 	964.000000 	963.401001 	967.507019 
43.800000 	126.241997 	964.000000 	963.401001 	967.507019 
43.900000 	126.241997 	964.000000 	963.401001 	967.507019 
44.000000 	126.241997 	964.000000 	963.401001 	967.507019 
44.100000 	126.241997 	964.000000 	963.401001 	967.507019 
44.200000 	126.241997 	964.000000 	963.401001 	967.507019 
44.300000 	126.241997 	964.000000 	963.401001 	967.507019 
44.400000 	126.241997 	964.000000 	963.401001 	967.507019 
44.500000 	126.253998 	964.000000 	963.364014 	967.484985 
44.600000 	126.253998 	964.000000 	963.364014 	967.484985 
44.700000 	126.253998 	964.000000 	963.364014 	967.484985 
44.800000 	126.253998 	964.000000 	963.364014 	967.484985 
44.900000 	126.253998 	964.000000 	963.364014 	967.484985 
45.000000 	126.253998 	964.000000 	963.364014 	967.484985 
45.100000 	126.253998 	964.000000 	963.364014 	967.484985 
45.200000 	126.253998 	964.000000 	963.364014 	967.484985 
45.300000 	126.253998 	964.000000 	963.364014 	967.484985 
45.400000 	126.253998 	964.000000 	963.364014 	967.484985 
45.500000 	126.265999 	964.000000 	963.325012 	967.278992 
45.600000 	126.265999 	964.000000 	963.325012 	967.278992 
45.700000 	126.265999 	964.000000 	963.325012 	967.278992 
45.800000 	126.265999 	964.000000 	963.325012 	967.278992 
45.900000 	126.265999 	964.000000 	963.325012 	967.278992 
46.000000 	126.265999 	964.000000 	963.325012 	967.278992 
46.100000 	126.265999 	964.000000 	963.325012 	967.278992 
46.200000 	126.265999 	964.000000 	963.325012 	967.278992 
46.300000 	126.265999 	964.000000 	963.325012 	967.278992 
46.400000 	126.265999 	964.000000 	963.325012 	967.278992 
46.500000 	126.278000 	964.000000 	963.283997 	967.245972 
46.600000 	126.278000 	964.000000 	963.283997 	967.245972 
46.700000 	126.278000 	964.000000 	963.283997 	967.245972 
46.800000 	126.278000 	964.000000 	963.283997 	967.245972 
46.900000 	126.278000 	964.000000 	963.283997 	967.245972 
47.000000 	126.278000 	964.000000 	963.283997 	967.245972 
47.100000 	126.278000 	964.000000 	963.283997 	967.245972 
47.200000 	126.278000 	964.000000 	963.283997 	967.245972 
47.300000 	126.278000 	964.000000 	963.283997 	967.245972 
47.400000 	126.278000 	964.000000 	963.283997 	967.245972 
47.500000 	126.291000 	964.000000 	963.241028 	967.210022 
47.600000 	126.291000 	964.000000 	963.241028 	967.210022 
47.700000 	126.291000 	964.000000 	963.241028 	967.210022 
47.800000 	126.291000 	964.000000 	963.241028 	967.210022 
47.900000 	126.291000 	964.000000 	963.241028 	967.210022 
48.000000 	126.291000 	964.000000 	963.241028 	967.210022 
48.100000 	126.291000 	964.000000 	963.241028 	967.210022 
48.200000 	126.291000 	964.000000 	963.241028 	967.210022 
48.300000 	126.291000 	964.000000 	963.241028 	967.210022 
48.400000 	126.291000 	964.000000 	963.241028 	967.210022 
48.500000 	126.303001 	964.000000 	963.195984 	967.171021 
48.600000 	126.303001 	964.000000 	963.195984 	967.171021 
48.700000 	126.303001 	964.000000 	963.195984 	967.171021 
48.800000 	126.303001 	964.000000 	963.195984 	967.171021 
48.900000 	126.303001 	964.000000 	963.195984 	967.171021 
49.000000 	126.303001 	964.000000 	963.195984 	967.171021 
49.100000 	126.303001 	964.000000 	963.195984 	967.171021 
49.200000 	126.303001 	964.000000 	963.195984 	967.171021 
49.300000 	126.303001 	964.000000 	963.195984 	967.171021 
49.400000 	126.303001 	964.000000 	963.195984 	967.171021 
49.500000 	126.315002 	964.000000 	963.148010 	967.127014 
49.600000 	126.315002 	964.000000 	963.148010 	967.127014 
49.700000 	126.315002 	964.000000 	963.148010 	967.127014 
49.800000 	126.315002 	964.000000 	963.148010 	967.127014 
49.900000 	126.315002 	964.000000 	963.148010 	967.127014 
50.000000 	126.315002 	964.000000 	963.148010 	967.127014 
50.100000 	126.315002 	964.000000 	963.148010 	967.127014 
50.200000 	126.315002 	964.000000 	963.148010 	967.127014 
50.300000 	126.315002 	964.000000 	963.148010 	967.127014 
50.400000 	126.315002 	964.000000 	963.148010 	967.127014 
50.500000 	126.328003 	964.000000 	963.098022 	967.080017 
50.600000 	126.328003 	964.000000 	963.098022 	967.080017 
50.700000 	126.328003 	964.000000 	963.098022 	967.080017 
50.800000 	126.328003 	964.000000 	963.098022 	967.080017 
50.900000 	126.328003 	964.000000 	963.098022 	967.080017 
51.000000 	126.328003 	964.000000 	963.098022 	967.080017 
51.100000 	126.328003 	964.000000 	963.098022 	967.080017 
51.200000 	126.328003 	964.000000 	963.098022 	967.080017 
51.300000 	126.328003 	964.000000 	963.098022 	967.080017 
51.400000 	126.328003 	964.000000 	963.098022 	967.080017 
51.500000 	126.341003 	964.000000 	963.044006 	967.028015 
51.600000 	126.341003 	964.000000 	963.044006 	967.028015 
51.700000 	126.341003 	964.000000 	963.044006 	967.028015 
51.800000 	126.341003 	964.000000 	963.044006 	967.028015 
51.900000 	126.341003 	964.000000 	963.044006 	967.028015 
52.000000 	126.341003 	964.000000 	963.044006 	967.028015 
52.100000 	126.341003 	964.000000 	963.044006 	967.028015 
52.200000 	126.341003 	964.000000 	963.044006 	967.028015 
52.300000 	126.341003 	964.000000 	963.044006 	967.028015 
52.400000 	126.341003 	964.000000 	963.044006 	967.028015 
52.500000 	126.352997 	964.000000 	962.987976 	966.971985 
52.600000 	126.352997 	964.000000 	962.987976 	966.971985 
52.700000 	126.352997 	964.000000 	962.987976 	966.971985 
52.800000 	126.352997 	964.000000 	962.987976 	966.971985 
52.900000 	126.352997 	964.000000 	962.987976 	966.971985 
53.000000 	126.352997 	964.000000 	962.987976 	966.971985 
53.100000 	126.352997 	964.000000 	962.987976 	966.971985 
53.200000 	126.352997 	964.000000 	962.987976 	966.971985 
53.300000 	126.352997 	964.000000 	962.987976 	966.971985 
53.400000 	126.352997 	964.000000 	962.987976 	966.971985 
53.500000 	126.365997 	964.000000 	962.929016 	966.911011 
53.600000 	126.365997 	964.000000 	962.929016 	966.911011 
53.700000 	126.365997 	964.000000 	962.929016 	966.911011 
53.800000 	126.365997 	964.000000 	962.929016 	966.911011 
53.900000 	126.365997 	964.000000 	962.929016 	966.911011 
54.000000 	126.365997 	964.000000 	962.929016 	966.911011 
54.100000 	126.365997 	964.000000 	962.929016 	966.911011 
54.200000 	126.365997 	964.000000 	962.929016 	966.911011 
54.300000 	126.365997 	964.000000 	962.929016 	966.911011 
54.400000 	126.365997 	964.000000 	962.929016 	966.911011 
54.500000 	126.379997 	964.000000 	962.867004 	966.846008 
54.600000 	126.379997 	964.000000 	962.867004 	966.846008 
54.700000 	126.379997 	964.000000 	962.867004 	966.846008 
54.800000 	126.379997 	964.000000 	962.867004 	966.846008 
54.900000 	126.379997 	964.000000 	962.867004 	966.846008 
55.000000 	126.379997 	964.000000 	962.867004 	966.846008 
55.100000 	126.379997 	964.000000 	962.867004 	966.846008 
55.200000 	126.379997 	964.000000 	962.867004 	966.846008 
55.300000 	126.379997 	964.000000 	962.867004 	966.846008 
55.400000 	126.379997 	964.000000 	962.867004 	966.846008 
55.500000 	126.392998 	964.000000 	962.802002 	966.775024 
55.600000 	126.392998 	964.000000 	962.802002 	966.775024 
55.700000 	126.392998 	964.000000 	962.802002 	966.775024 
55.800000 	126.392998 	964.000000 	962.802002 	966.775024 
55.900000 	126.392998 	964.000000 	962.802002 	966.775024 
56.000000 	126.392998 	964.000000 	962.802002 	966.775024 
56.100000 	126.392998 	964.000000 	962.802002 	966.775024 
56.200000 	126.392998 	964.000000 	962.802002 	966.775024 
56.300000 	126.392998 	964.000000 	962.802002 	966.775024 
56.400000 	126.392998 	964.000000 	962.802002 	966.775024 
56.500000 	126.405998 	964.000000 	962.732971 	966.698975 
56.600000 	126.405998 	964.000000 	962.732971 	966.698975 
56.700000 	126.405998 	964.000000 	962.732971 	966.698975 
56.800000 	126.405998 	964.000000 	962.732971 	966.698975 
56.900000 	126.405998 	964.000000 	962.732971 	966.698975 
57.000000 	126.405998 	964.000000 	962.732971 	966.698975 
57.100000 	126.405998 	964.000000 	962.732971 	966.698975 
57.200000 	126.405998 	964.000000 	962.732971 	966.698975 
57.300000 	126.405998 	964.000000 	962.732971 	966.698975 
57.400000 	126.405998 	964.000000 	962.732971 	966.698975 
57.500000 	126.419998 	964.000000 	962.659973 	966.617981 
57.600000 	126.419998 	964.000000 	962.659973 	966.617981 
57.700000 	126.419998 	964.000000 	962.659973 	966.617981 
57.800000 	126.419998 	964.000000 	962.659973 	966.617981 
57.900000 	126.419998 	964.000000 	962.659973 	966.617981 
58.000000 	126.419998 	964.000000 	962.659973 	966.617981 
58.100000 	126.419998 	964.000000 	962.659973 	966.617981 
58.200000 	126.419998 	964.000000 	962.659973 	966.617981 
58.300000 	126.419998 	964.000000 	962.659973 	966.617981 
58.400000 	126.419998 	964.000000 	962.659973 	966.617981 
58.500000 	126.433998 	964.000000 	962.583984 	966.531006 
58.600000 	126.433998 	964.000000 	962.583984 	966.531006 
58.700000 	126.433998 	964.000000 	962.583984 	966.531006 
58.800000 	126.433998 	964.000000 	962.583984 	966.531006 
58.900000 	126.433998 	964.000000 	962.583984 	966.531006 
59.000000 	126.433998 	964.000000 	962.583984 	966.531006 
59.100000 	126.433998 	964.000000 	962.583984 	966.531006 
59.200000 	126.433998 	964.000000 	962.583984 	966.531006 
59.300000 	126.433998 	964.000000 	962.583984 	966.531006 
59.400000 	126.433998 	964.000000 	962.583984 	966.531006 
59.500000 	126.447998 	964.000000 	962.504028 	966.437012 
59.600000 	126.447998 	964.000000 	962.504028 	966.437012 
59.700000 	126.447998 	964.000000 	962.504028 	966.437012 
59.800000 	126.447998 	964.000000 	962.504028 	966.437012 
59.900000 	126.447998 	964.000000 	962.504028 	966.437012 
60.000000 	126.447998 	964.000000 	962.504028 	966.437012 
