0.500000 	94.772499 	994.000000 	997.947998 	995.479980 
0.600000 	94.772499 	994.000000 	997.947998 	995.479980 
0.700000 	94.772499 	994.000000 	997.947998 	995.479980 
0.800000 	94.772499 	994.000000 	997.947998 	995.479980 
0.900000 	94.772499 	994.000000 	997.947998 	995.479980 
1.000000 	94.772499 	994.000000 	997.947998 	995.479980 
1.100000 	94.772499 	994.000000 	997.947998 	995.479980 
1.200000 	94.772499 	994.000000 	997.947998 	995.479980 
1.300000 	94.772499 	994.000000 	997.947998 	995.479980 
1.400000 	94.772499 	994.000000 	997.947998 	995.479980 
1.500000 	104.915001 	994.000000 	996.820007 	997.169006 
1.600000 	104.915001 	994.000000 	996.820007 	997.169006 
1.700000 	104.915001 	994.000000 	996.820007 	997.169006 
1.800000 	104.915001 	994.000000 	996.820007 	997.169006 
1.900000 	104.915001 	994.000000 	996.820007 	997.169006 
2.000000 	104.915001 	994.000000 	996.820007 	997.169006 
2.100000 	104.915001 	994.000000 	996.820007 	997.169006 
2.200000 	104.915001 	994.000000 	996.820007 	997.169006 
2.300000 	104.915001 	994.000000 	996.820007 	997.169006 
2.400000 	104.915001 	994.000000 	996.820007 	997.169006 
2.500000 	114.427002 	994.000000 	995.549011 	997.338013 
2.600000 	114.427002 	994.000000 	995.549011 	997.338013 
2.700000 	114.427002 	994.000000 	995.549011 	997.338013 
2.800000 	114.427002 	994.000000 	995.549011 	997.338013 
2.900000 	114.427002 	994.000000 	995.549011 	997.338013 
3.000000 	114.427002 	994.000000 	995.549011 	997.338013 
3.100000 	114.427002 	994.000000 	995.549011 	997.338013 
3.200000 	114.427002 	994.000000 	995.549011 	997.338013 
3.300000 	114.427002 	994.000000 	995.549011 	997.338013 
3.400000 	114.427002 	994.000000 	995.549011 	997.338013 
3.500000 	118.983002 	994.000000 	994.914978 	997.343994 
3.600000 	118.983002 	994.000000 	994.914978 	997.343994 
3.700000 	118.983002 	994.000000 	994.914978 	997.343994 
3.800000 	118.983002 	994.000000 	994.914978 	997.343994 
3.900000 	118.983002 	994.000000 	994.914978 	997.343994 
4.000000 	118.983002 	994.000000 	994.914978 	997.343994 
4.100000 	118.983002 	994.000000 	994.914978 	997.343994 
4.200000 	118.983002 	994.000000 	994.914978 	997.343994 
4.300000 	118.983002 	994.000000 	994.914978 	997.343994 
4.400000 	118.983002 	994.000000 	994.914978 	997.343994 
4.500000 	121.360001 	994.000000 	994.578003 	997.343994 
4.600000 	121.360001 	994.000000 	994.578003 	997.343994 
4.700000 	121.360001 	994.000000 	994.578003 	997.343994 
4.800000 	121.360001 	994.000000 	994.578003 	997.343994 
4.900000 	121.360001 	994.000000 	994.578003 	997.343994 
5.000000 	121.360001 	994.000000 	994.578003 	997.343994 
5.100000 	121.360001 	994.000000 	994.578003 	997.343994 
5.200000 	121.360001 	994.000000 	994.578003 	997.343994 
5.300000 	121.360001 	994.000000 	994.578003 	997.343994 
5.400000 	121.360001 	994.000000 	994.578003 	997.343994 
5.500000 	122.732002 	994.000000 	994.380005 	997.343994 
5.600000 	122.732002 	994.000000 	994.380005 	997.343994 
5.700000 	122.732002 	994.000000 	994.380005 	997.343994 
5.800000 	122.732002 	994.000000 	994.380005 	997.343994 
5.900000 	122.732002 	994.000000 	994.380005 	997.343994 
6.000000 	122.732002 	994.000000 	994.380005 	997.343994 
6.100000 	122.732002 	994.000000 	994.380005 	997.343994 
6.200000 	122.732002 	994.000000 	994.380005 	997.343994 
6.300000 	122.732002 	994.000000 	994.380005 	997.343994 
6.400000 	122.732002 	994.000000 	994.380005 	997.343994 
6.500000 	123.588997 	994.000000 	994.255005 	997.346008 
6.600000 	123.588997 	994.000000 	994.255005 	997.346008 
6.700000 	123.588997 	994.000000 	994.255005 	997.346008 
6.800000 	123.588997 	994.000000 	994.255005 	997.346008 
6.900000 	123.588997 	994.000000 	994.255005 	997.346008 
7.000000 	123.588997 	994.000000 	994.255005 	997.346008 
7.100000 	123.588997 	994.000000 	994.255005 	997.346008 
7.200000 	123.588997 	994.000000 	994.255005 	997.346008 
7.300000 	123.588997 	994.000000 	994.255005 	997.346008 
7.400000 	123.588997 	994.000000 	994.255005 	997.346008 
7.500000 	124.160004 	994.000000 	994.171021 	997.348022 
7.600000 	124.160004 	994.000000 	994.171021 	997.348022 
7.700000 	124.160004 	994.000000 	994.171021 	997.348022 
7.800000 	124.160004 	994.000000 	994.171021 	997.348022 
7.900000 	124.160004 	994.000000 	994.171021 	997.348022 
8.000000 	124.160004 	994.000000 	994.171021 	997.348022 
8.100000 	124.160004 	994.000000 	994.171021 	997.348022 
8.200000 	124.160004 	994.000000 	994.171021 	997.348022 
8.300000 	124.160004 	994.000000 	994.171021 	997.348022 
8.400000 	124.160004 	994.000000 	994.171021 	997.348022 
8.500000 	124.557999 	994.000000 	994.111023 	997.351013 
8.600000 	124.557999 	994.000000 	994.111023 	997.351013 
8.700000 	124.557999 	994.000000 	994.111023 	997.351013 
8.800000 	124.557999 	994.000000 	994.111023 	997.351013 
8.900000 	124.557999 	994.000000 	994.111023 	997.351013 
9.000000 	124.557999 	994.000000 	994.111023 	997.351013 
9.100000 	124.557999 	994.000000 	994.111023 	997.351013 
9.200000 	124.557999 	994.000000 	994.111023 	997.351013 
9.300000 	124.557999 	994.000000 	994.111023 	997.351013 
9.400000 	124.557999 	994.000000 	994.111023 	997.351013 
9.500000 	124.847000 	994.000000 	994.067017 	997.354004 
9.600000 	124.847000 	994.000000 	994.067017 	997.354004 
9.700000 	124.847000 	994.000000 	994.067017 	997.354004 
9.800000 	124.847000 	994.000000 	994.067017 	997.354004 
9.900000 	124.847000 	994.000000 	994.067017 	997.354004 
10.000000 	124.847000 	994.000000 	994.067017 	997.354004 
10.100000 	124.847000 	994.000000 	994.067017 	997.354004 
10.200000 	124.847000 	994.000000 	994.067017 	997.354004 
10.300000 	124.847000 	994.000000 	994.067017 	997.354004 
10.400000 	124.847000 	994.000000 	994.067017 	997.354004 
10.500000 	125.064003 	994.000000 	994.033020 	997.359009 
10.600000 	125.064003 	994.000000 	994.033020 	997.359009 
10.700000 	125.064003 	994.000000 	994.033020 	997.359009 
10.800000 	125.064003 	994.000000 	994.033020 	997.359009 
10.900000 	125.064003 	994.000000 	994.033020 	997.359009 
11.000000 	125.064003 	994.000000 	994.033020 	997.359009 
11.100000 	125.064003 	994.000000 	994.033020 	997.359009 
11.200000 	125.064003 	994.000000 	994.033020 	997.359009 
11.300000 	125.064003 	994.000000 	994.033020 	997.359009 
11.400000 	125.064003 	994.000000 	994.033020 	997.359009 
11.500000 	125.232002 	994.000000 	994.005005 	997.364014 
11.600000 	125.232002 	994.000000 	994.005005 	997.364014 
11.700000 	125.232002 	994.000000 	994.005005 	997.364014 
11.800000 	125.232002 	994.000000 	994.005005 	997.364014 
11.900000 	125.232002 	994.000000 	994.005005 	997.364014 
12.000000 	125.232002 	994.000000 	994.005005 	997.364014 
12.100000 	125.232002 	994.000000 	994.005005 	997.364014 
12.200000 	125.232002 	994.000000 	994.005005 	997.364014 
12.300000 	125.232002 	994.000000 	994.005005 	997.364014 
12.400000 	125.232002 	994.000000 	994.005005 	997.364014 
12.500000 	125.362999 	994.000000 	993.982971 	997.369019 
12.600000 	125.362999 	994.000000 	993.982971 	997.369019 
12.700000 	125.362999 	994.000000 	993.982971 	997.369019 
12.800000 	125.362999 	994.000000 	993.982971 	997.369019 
12.900000 	125.362999 	994.000000 	993.982971 	997.369019 
13.000000 	125.362999 	994.000000 	993.982971 	997.369019 
13.100000 	125.362999 	994.000000 	993.982971 	997.369019 
13.200000 	125.362999 	994.000000 	993.982971 	997.369019 
13.300000 	125.362999 	994.000000 	993.982971 	997.369019 
13.400000 	125.362999 	994.000000 	993.982971 	997.369019 
13.500000 	125.469002 	994.000000 	993.963013 	997.374023 
13.600000 	125.469002 	994.000000 	993.963013 	997.374023 
13.700000 	125.469002 	994.000000 	993.963013 	997.374023 
13.800000 	125.469002 	994.000000 	993.963013 	997.374023 
13.900000 	125.469002 	994.000000 	993.963013 	997.374023 
14.000000 	125.469002 	994.000000 	993.963013 	997.374023 
14.100000 	125.469002 	994.000000 	993.963013 	997.374023 
14.200000 	125.469002 	994.000000 	993.963013 	997.374023 
14.300000 	125.469002 	994.000000 	993.963013 	997.374023 
14.400000 	125.469002 	994.000000 	993.963013 	997.374023 
14.500000 	125.556000 	994.000000 	993.945984 	997.380005 
14.600000 	125.556000 	994.000000 	993.945984 	997.380005 
14.700000 	125.556000 	994.000000 	993.945984 	997.380005 
14.800000 	125.556000 	994.000000 	993.945984 	997.380005 
14.900000 	125.556000 	994.000000 	993.945984 	997.380005 
15.000000 	125.556000 	994.000000 	993.945984 	997.380005 
15.100000 	125.556000 	994.000000 	993.945984 	997.380005 
15.200000 	125.556000 	994.000000 	993.945984 	997.380005 
15.300000 	125.556000 	994.000000 	993.945984 	997.380005 
15.400000 	125.556000 	994.000000 	993.945984 	997.380005 
15.500000 	125.627998 	994.000000 	993.931030 	997.385986 
15.600000 	125.627998 	994.000000 	993.931030 	997.385986 
15.700000 	125.627998 	994.000000 	993.931030 	997.385986 
15.800000 	125.627998 	994.000000 	993.931030 	997.385986 
15.900000 	125.627998 	994.000000 	993.931030 	997.385986 
16.000000 	125.627998 	994.000000 	993.931030 	997.385986 
16.100000 	125.627998 	994.000000 	993.931030 	997.385986 
16.200000 	125.627998 	994.000000 	993.931030 	997.385986 
16.300000 	125.627998 	994.000000 	993.931030 	997.385986 
16.400000 	125.627998 	994.000000 	993.931030 	997.385986 
16.500000 	125.689003 	994.000000 	993.916992 	997.393005 
16.600000 	125.689003 	994.000000 	993.916992 	997.393005 
16.700000 	125.689003 	994.000000 	993.916992 	997.393005 
16.800000 	125.689003 	994.000000 	993.916992 	997.393005 
16.900000 	125.689003 	994.000000 	993.916992 	997.393005 
17.000000 	125.689003 	994.000000 	993.916992 	997.393005 
17.100000 	125.689003 	994.000000 	993.916992 	997.393005 
17.200000 	125.689003 	994.000000 	993.916992 	997.393005 
17.300000 	125.689003 	994.000000 	993.916992 	997.393005 
17.400000 	125.689003 	994.000000 	993.916992 	997.393005 
17.500000 	125.740997 	994.000000 	993.903015 	997.398987 
17.600000 	125.740997 	994.000000 	993.903015 	997.398987 
17.700000 	125.740997 	994.000000 	993.903015 	997.398987 
17.800000 	125.740997 	994.000000 	993.903015 	997.398987 
17.900000 	125.740997 	994.000000 	993.903015 	997.398987 
18.000000 	125.740997 	994.000000 	993.903015 	997.398987 
18.100000 	125.740997 	994.000000 	993.903015 	997.398987 
18.200000 	125.740997 	994.000000 	993.903015 	997.398987 
18.300000 	125.740997 	994.000000 	993.903015 	997.398987 
18.400000 	125.740997 	994.000000 	993.903015 	997.398987 
18.500000 	125.785004 	994.000000 	993.890991 	997.406006 
18.600000 	125.785004 	994.000000 	993.890991 	997.406006 
18.700000 	125.785004 	994.000000 	993.890991 	997.406006 
18.800000 	125.785004 	994.000000 	993.890991 	997.406006 
18.900000 	125.785004 	994.000000 	993.890991 	997.406006 
19.000000 	125.785004 	994.000000 	993.890991 	997.406006 
19.100000 	125.785004 	994.000000 	993.890991 	997.406006 
19.200000 	125.785004 	994.000000 	993.890991 	997.406006 
19.300000 	125.785004 	994.000000 	993.890991 	997.406006 
19.400000 	125.785004 	994.000000 	993.890991 	997.406006 
19.500000 	125.824997 	994.000000 	993.877991 	997.411987 
19.600000 	125.824997 	994.000000 	993.877991 	997.411987 
19.700000 	125.824997 	994.000000 	993.877991 	997.411987 
19.800000 	125.824997 	994.000000 	993.877991 	997.411987 
19.900000 	125.824997 	994.000000 	993.877991 	997.411987 
20.000000 	125.824997 	994.000000 	993.877991 	997.411987 
20.100000 	125.824997 	994.000000 	993.877991 	997.411987 
20.200000 	125.824997 	994.000000 	993.877991 	997.411987 
20.300000 	125.824997 	994.000000 	993.877991 	997.411987 
20.400000 	125.824997 	994.000000 	993.877991 	997.411987 
20.500000 	125.859001 	994.000000 	993.866028 	997.419006 
20.600000 	125.859001 	994.000000 	993.866028 	997.419006 
20.700000 	125.859001 	994.000000 	993.866028 	997.419006 
20.800000 	125.859001 	994.000000 	993.866028 	997.419006 
20.900000 	125.859001 	994.000000 	993.866028 	997.419006 
21.000000 	125.859001 	994.000000 	993.866028 	997.419006 
21.100000 	125.859001 	994.000000 	993.866028 	997.419006 
21.200000 	125.859001 	994.000000 	993.866028 	997.419006 
21.300000 	125.859001 	994.000000 	993.866028 	997.419006 
21.400000 	125.859001 	994.000000 	993.866028 	997.419006 
21.500000 	125.889999 	994.000000 	993.853027 	997.424988 
21.600000 	125.889999 	994.000000 	993.853027 	997.424988 
21.700000 	125.889999 	994.000000 	993.853027 	997.424988 
21.800000 	125.889999 	994.000000 	993.853027 	997.424988 
21.900000 	125.889999 	994.000000 	993.853027 	997.424988 
22.000000 	125.889999 	994.000000 	993.853027 	997.424988 
22.100000 	125.889999 	994.000000 	993.853027 	997.424988 
22.200000 	125.889999 	994.000000 	993.853027 	997.424988 
22.300000 	125.889999 	994.000000 	993.853027 	997.424988 
22.400000 	125.889999 	994.000000 	993.853027 	997.424988 
22.500000 	125.917000 	994.000000 	993.840027 	997.432007 
22.600000 	125.917000 	994.000000 	993.840027 	997.432007 
22.700000 	125.917000 	994.000000 	993.840027 	997.432007 
22.800000 	125.917000 	994.000000 	993.840027 	997.432007 
22.900000 	125.917000 	994.000000 	993.840027 	997.432007 
23.000000 	125.917000 	994.000000 	993.840027 	997.432007 
23.100000 	125.917000 	994.000000 	993.840027 	997.432007 
23.200000 	125.917000 	994.000000 	993.840027 	997.432007 
23.300000 	125.917000 	994.000000 	993.840027 	997.432007 
23.400000 	125.917000 	994.000000 	993.840027 	997.432007 
23.500000 	125.942001 	994.000000 	993.827026 	997.437012 
23.600000 	125.942001 	994.000000 	993.827026 	997.437012 
23.700000 	125.942001 	994.000000 	993.827026 	997.437012 
23.800000 	125.942001 	994.000000 	993.827026 	997.437012 
23.900000 	125.942001 	994.000000 	993.827026 	997.437012 
24.000000 	125.942001 	994.000000 	993.827026 	997.437012 
24.100000 	125.942001 	994.000000 	993.827026 	997.437012 
24.200000 	125.942001 	994.000000 	993.827026 	997.437012 
24.300000 	125.942001 	994.000000 	993.827026 	997.437012 
24.400000 	125.942001 	994.000000 	993.827026 	997.437012 
24.500000 	125.964996 	994.000000 	993.814026 	997.442993 
24.600000 	125.964996 	994.000000 	993.814026 	997.442993 
24.700000 	125.964996 	994.000000 	993.814026 	997.442993 
24.800000 	125.964996 	994.000000 	993.814026 	997.442993 
24.900000 	125.964996 	994.000000 	993.814026 	997.442993 
25.000000 	125.964996 	994.000000 	993.814026 	997.442993 
25.100000 	125.964996 	994.000000 	993.814026 	997.442993 
25.200000 	125.964996 	994.000000 	993.814026 	997.442993 
25.300000 	125.964996 	994.000000 	993.814026 	997.442993 
25.400000 	125.964996 	994.000000 	993.814026 	997.442993 
25.500000 	125.986000 	994.000000 	993.799988 	997.447998 
25.600000 	125.986000 	994.000000 	993.799988 	997.447998 
25.700000 	125.986000 	994.000000 	993.799988 	997.447998 
25.800000 	125.986000 	994.000000 	993.799988 	997.447998 
25.900000 	125.986000 	994.000000 	993.799988 	997.447998 
26.000000 	125.986000 	994.000000 	993.799988 	997.447998 
26.100000 	125.986000 	994.000000 	993.799988 	997.447998 
26.200000 	125.986000 	994.000000 	993.799988 	997.447998 
26.300000 	125.986000 	994.000000 	993.799988 	997.447998 
26.400000 	125.986000 	994.000000 	993.799988 	997.447998 
26.500000 	126.005997 	994.000000 	993.786011 	997.453003 
26.600000 	126.005997 	994.000000 	993.786011 	997.453003 
26.700000 	126.005997 	994.000000 	993.786011 	997.453003 
26.800000 	126.005997 	994.000000 	993.786011 	997.453003 
26.900000 	126.005997 	994.000000 	993.786011 	997.453003 
27.000000 	126.005997 	994.000000 	993.786011 	997.453003 
27.100000 	126.005997 	994.000000 	993.786011 	997.453003 
27.200000 	126.005997 	994.000000 	993.786011 	997.453003 
27.300000 	126.005997 	994.000000 	993.786011 	997.453003 
27.400000 	126.005997 	994.000000 	993.786011 	997.453003 
27.500000 	126.024002 	994.000000 	993.770020 	997.455994 
27.600000 	126.024002 	994.000000 	993.770020 	997.455994 
27.700000 	126.024002 	994.000000 	993.770020 	997.455994 
27.800000 	126.024002 	994.000000 	993.770020 	997.455994 
27.900000 	126.024002 	994.000000 	993.770020 	997.455994 
28.000000 	126.024002 	994.000000 	993.770020 	997.455994 
28.100000 	126.024002 	994.000000 	993.770020 	997.455994 
28.200000 	126.024002 	994.000000 	993.770020 	997.455994 
28.300000 	126.024002 	994.000000 	993.770020 	997.455994 
28.400000 	126.024002 	994.000000 	993.770020 	997.455994 
28.500000 	126.041000 	994.000000 	993.755005 	997.460022 
28.600000 	126.041000 	994.000000 	993.755005 	997.460022 
28.700000 	126.041000 	994.000000 	993.755005 	997.460022 
28.800000 	126.041000 	994.000000 	993.755005 	997.460022 
28.900000 	126.041000 	994.000000 	993.755005 	997.460022 
29.000000 	126.041000 	994.000000 	993.755005 	997.460022 
29.100000 	126.041000 	994.000000 	993.755005 	997.460022 
29.200000 	126.041000 	994.000000 	993.755005 	997.460022 
29.300000 	126.041000 	994.000000 	993.755005 	997.460022 
29.400000 	126.041000 	994.000000 	993.755005 	997.460022 
29.500000 	126.057999 	994.000000 	993.737976 	997.461975 
29.600000 	126.057999 	994.000000 	993.737976 	997.461975 
29.700000 	126.057999 	994.000000 	993.737976 	997.461975 
29.800000 	126.057999 	994.000000 	993.737976 	997.461975 
29.900000 	126.057999 	994.000000 	993.737976 	997.461975 
30.000000 	126.057999 	994.000000 	993.737976 	997.461975 
30.100000 	126.057999 	994.000000 	993.737976 	997.461975 
30.200000 	126.057999 	994.000000 	993.737976 	997.461975 
30.300000 	126.057999 	994.000000 	993.737976 	997.461975 
30.400000 	126.057999 	994.000000 	993.737976 	997.461975 
30.500000 	126.072998 	994.000000 	993.719971 	997.463013 
30.600000 	126.072998 	994.000000 	993.719971 	997.463013 
30.700000 	126.072998 	994.000000 	993.719971 	997.463013 
30.800000 	126.072998 	994.000000 	993.719971 	997.463013 
30.900000 	126.072998 	994.000000 	993.719971 	997.463013 
31.000000 	126.072998 	994.000000 	993.719971 	997.463013 
31.100000 	126.072998 	994.000000 	993.719971 	997.463013 
31.200000 	126.072998 	994.000000 	993.719971 	997.463013 
31.300000 	126.072998 	994.000000 	993.719971 	997.463013 
31.400000 	126.072998 	994.000000 	993.719971 	997.463013 
31.500000 	126.087997 	994.000000 	993.702026 	997.463989 
31.600000 	126.087997 	994.000000 	993.702026 	997.463989 
31.700000 	126.087997 	994.000000 	993.702026 	997.463989 
31.800000 	126.087997 	994.000000 	993.702026 	997.463989 
31.900000 	126.087997 	994.000000 	993.702026 	997.463989 
32.000000 	126.087997 	994.000000 	993.702026 	997.463989 
32.100000 	126.087997 	994.000000 	993.702026 	997.463989 
32.200000 	126.087997 	994.000000 	993.702026 	997.463989 
32.300000 	126.087997 	994.000000 	993.702026 	997.463989 
32.400000 	126.087997 	994.000000 	993.702026 	997.463989 
32.500000 	126.101997 	994.000000 	993.682007 	997.463013 
32.600000 	126.101997 	994.000000 	993.682007 	997.463013 
32.700000 	126.101997 	994.000000 	993.682007 	997.463013 
32.800000 	126.101997 	994.000000 	993.682007 	997.463013 
32.900000 	126.101997 	994.000000 	993.682007 	997.463013 
33.000000 	126.101997 	994.000000 	993.682007 	997.463013 
33.100000 	126.101997 	994.000000 	993.682007 	997.463013 
33.200000 	126.101997 	994.000000 	993.682007 	997.463013 
33.300000 	126.101997 	994.000000 	993.682007 	997.463013 
33.400000 	126.101997 	994.000000 	993.682007 	997.463013 
33.500000 	126.115997 	994.000000 	993.661987 	997.460999 
33.600000 	126.115997 	994.000000 	993.661987 	997.460999 
33.700000 	126.115997 	994.000000 	993.661987 	997.460999 
33.800000 	126.115997 	994.000000 	993.661987 	997.460999 
33.900000 	126.115997 	994.000000 	993.661987 	997.460999 
34.000000 	126.115997 	994.000000 	993.661987 	997.460999 
34.100000 	126.115997 	994.000000 	993.661987 	997.460999 
34.200000 	126.115997 	994.000000 	993.661987 	997.460999 
34.300000 	126.115997 	994.000000 	993.661987 	997.460999 
34.400000 	126.115997 	994.000000 	993.661987 	997.460999 
34.500000 	126.128998 	994.000000 	993.640015 	997.456970 
34.600000 	126.128998 	994.000000 	993.640015 	997.456970 
34.700000 	126.128998 	994.000000 	993.640015 	997.456970 
34.800000 	126.128998 	994.000000 	993.640015 	997.456970 
34.900000 	126.128998 	994.000000 	993.640015 	997.456970 
35.000000 	126.128998 	994.000000 	993.640015 	997.456970 
35.100000 	126.128998 	994.000000 	993.640015 	997.456970 
35.200000 	126.128998 	994.000000 	993.640015 	997.456970 
35.300000 	126.128998 	994.000000 	993.640015 	997.456970 
35.400000 	126.128998 	994.000000 	993.640015 	997.456970 
35.500000 	126.141998 	994.000000 	993.617004 	997.452026 
35.600000 	126.141998 	994.000000 	993.617004 	997.452026 
35.700000 	126.141998 	994.000000 	993.617004 	997.452026 
35.800000 	126.141998 	994.000000 	993.617004 	997.452026 
35.900000 	126.141998 	994.000000 	993.617004 	997.452026 
36.000000 	126.141998 	994.000000 	993.617004 	997.452026 
36.100000 	126.141998 	994.000000 	993.617004 	997.452026 
36.200000 	126.141998 	994.000000 	993.617004 	997.452026 
36.300000 	126.141998 	994.000000 	993.617004 	997.452026 
36.400000 	126.141998 	994.000000 	993.617004 	997.452026 
36.500000 	126.154999 	994.000000 	993.593018 	997.445007 
36.600000 	126.154999 	994.000000 	993.593018 	997.445007 
36.700000 	126.154999 	994.000000 	993.593018 	997.445007 
36.800000 	126.154999 	994.000000 	993.593018 	997.445007 
36.900000 	126.154999 	994.000000 	993.593018 	997.445007 
37.000000 	126.154999 	994.000000 	993.593018 	997.445007 
37.100000 	126.154999 	994.000000 	993.593018 	997.445007 
37.200000 	126.154999 	994.000000 	993.593018 	997.445007 
37.300000 	126.154999 	994.000000 	993.593018 	997.445007 
37.400000 	126.154999 	994.000000 	993.593018 	997.445007 
37.500000 	126.167999 	994.000000 	993.567017 	997.437012 
37.600000 	126.167999 	994.000000 	993.567017 	997.437012 
37.700000 	126.167999 	994.000000 	993.567017 	997.437012 
37.800000 	126.167999 	994.000000 	993.567017 	997.437012 
37.900000 	126.167999 	994.000000 	993.567017 	997.437012 
38.000000 	126.167999 	994.000000 	993.567017 	997.437012 
38.100000 	126.167999 	994.000000 	993.567017 	997.437012 
38.200000 	126.167999 	994.000000 	993.567017 	997.437012 
38.300000 	126.167999 	994.000000 	993.567017 	997.437012 
38.400000 	126.167999 	994.000000 	993.567017 	997.437012 
38.500000 	126.180000 	994.000000 	993.539978 	997.426025 
38.600000 	126.180000 	994.000000 	993.539978 	997.426025 
38.700000 	126.180000 	994.000000 	993.539978 	997.426025 
38.800000 	126.180000 	994.000000 	993.539978 	997.426025 
38.900000 	126.180000 	994.000000 	993.539978 	997.426025 
39.000000 	126.180000 	994.000000 	993.539978 	997.426025 
39.100000 	126.180000 	994.000000 	993.539978 	997.426025 
39.200000 	126.180000 	994.000000 	993.539978 	997.426025 
39.300000 	126.180000 	994.000000 	993.539978 	997.426025 
39.400000 	126.180000 	994.000000 	993.539978 	997.426025 
39.500000 	126.192001 	994.000000 	993.510986 	997.413025 
39.600000 	126.192001 	994.000000 	993.510986 	997.413025 
39.700000 	126.192001 	994.000000 	993.510986 	997.413025 
39.800000 	126.192001 	994.000000 	993.510986 	997.413025 
39.900000 	126.192001 	994.000000 	993.510986 	997.413025 
40.000000 	126.192001 	994.000000 	993.510986 	997.413025 
40.100000 	126.192001 	994.000000 	993.510986 	997.413025 
40.200000 	126.192001 	994.000000 	993.510986 	997.413025 
40.300000 	126.192001 	994.000000 	993.510986 	997.413025 
40.400000 	126.192001 	994.000000 	993.510986 	997.413025 
40.500000 	126.204002 	994.000000 	993.481018 	997.398010 
40.600000 	126.204002 	994.000000 	993.481018 	997.398010 
40.700000 	126.204002 	994.000000 	993.481018 	997.398010 
40.800000 	126.204002 	994.000000 	993.481018 	997.398010 
40.900000 	126.204002 	994.000000 	993.481018 	997.398010 
41.000000 	126.204002 	994.000000 	993.481018 	997.398010 
41.100000 	126.204002 	994.000000 	993.481018 	997.398010 
41.200000 	126.204002 	994.000000 	993.481018 	997.398010 
41.300000 	126.204002 	994.000000 	993.481018 	997.398010 
41.400000 	126.204002 	994.000000 	993.481018 	997.398010 
41.500000 	126.217003 	994.000000 	993.448975 	997.380981 
41.600000 	126.217003 	994.000000 	993.448975 	997.380981 
41.700000 	126.217003 	994.000000 	993.448975 	997.380981 
41.800000 	126.217003 	994.000000 	993.448975 	997.380981 
41.900000 	126.217003 	994.000000 	993.448975 	997.380981 
42.000000 	126.217003 	994.000000 	993.448975 	997.380981 
42.100000 	126.217003 	994.000000 	993.448975 	997.380981 
42.200000 	126.217003 	994.000000 	993.448975 	997.380981 
42.300000 	126.217003 	994.000000 	993.448975 	997.380981 
42.400000 	126.217003 	994.000000 	993.448975 	997.380981 
42.500000 	126.228996 	994.000000 	993.414978 	997.190002 
42.600000 	126.228996 	994.000000 	993.414978 	997.190002 
42.700000 	126.228996 	994.000000 	993.414978 	997.190002 
42.800000 	126.228996 	994.000000 	993.414978 	997.190002 
42.900000 	126.228996 	994.000000 	993.414978 	997.190002 
43.000000 	126.228996 	994.000000 	993.414978 	997.190002 
43.100000 	126.228996 	994.000000 	993.414978 	997.190002 
43.200000 	126.228996 	994.000000 	993.414978 	997.190002 
43.300000 	126.228996 	994.000000 	993.414978 	997.190002 
43.400000 	126.228996 	994.000000 	993.414978 	997.190002 
43.500000 	126.240997 	994.000000 	993.379028 	997.161987 
43.600000 	126.240997 	994.000000 	993.379028 	997.161987 
43.700000 	126.240997 	994.000000 	993.379028 	997.161987 
43.800000 	126.240997 	994.000000 	993.379028 	997.161987 
43.900000 	126.240997 	994.000000 	993.379028 	997.161987 
44.000000 	126.240997 	994.000000 	993.379028 	997.161987 
44.100000 	126.240997 	994.000000 	993.379028 	997.161987 
44.200000 	126.240997 	994.000000 	993.379028 	997.161987 
44.300000 	126.240997 	994.000000 	993.379028 	997.161987 
44.400000 	126.240997 	994.000000 	993.379028 	997.161987 
44.500000 	126.252998 	994.000000 	993.341003 	997.130981 
44.600000 	126.252998 	994.000000 	993.341003 	997.130981 
44.700000 	126.252998 	994.000000 	993.341003 	997.130981 
44.800000 	126.252998 	994.000000 	993.341003 	997.130981 
44.900000 	126.252998 	994.000000 	993.341003 	997.130981 
45.000000 	126.252998 	994.000000 	993.341003 	997.130981 
45.100000 	126.252998 	994.000000 	993.341003 	997.130981 
45.200000 	126.252998 	994.000000 	993.341003 	997.130981 
45.300000 	126.252998 	994.000000 	993.341003 	997.130981 
45.400000 	126.252998 	994.000000 	993.341003 	997.130981 
45.500000 	126.264999 	994.000000 	993.301025 	997.096985 
45.600000 	126.264999 	994.000000 	993.301025 	997.096985 
45.700000 	126.264999 	994.000000 	993.301025 	997.096985 
45.800000 	126.264999 	994.000000 	993.301025 	997.096985 
45.900000 	126.264999 	994.000000 	993.301025 	997.096985 
46.000000 	126.264999 	994.000000 	993.301025 	997.096985 
46.100000 	126.264999 	994.000000 	993.301025 	997.096985 
46.200000 	126.264999 	994.000000 	993.301025 	997.096985 
46.300000 	126.264999 	994.000000 	993.301025 	997.096985 
46.400000 	126.264999 	994.000000 	993.301025 	997.096985 
46.500000 	126.277000 	994.000000 	993.258972 	997.059021 
46.600000 	126.277000 	994.000000 	993.258972 	997.059021 
46.700000 	126.277000 	994.000000 	993.258972 	997.059021 
46.800000 	126.277000 	994.000000 	993.258972 	997.059021 
46.900000 	126.277000 	994.000000 	993.258972 	997.059021 
47.000000 	126.277000 	994.000000 	993.258972 	997.059021 
47.100000 	126.277000 	994.000000 	993.258972 	997.059021 
47.200000 	126.277000 	994.000000 	993.258972 	997.059021 
47.300000 	126.277000 	994.000000 	993.258972 	997.059021 
47.400000 	126.277000 	994.000000 	993.258972 	997.059021 
47.500000 	126.289001 	994.000000 	993.213989 	997.018005 
47.600000 	126.289001 	994.000000 	993.213989 	997.018005 
47.700000 	126.289001 	994.000000 	993.213989 	997.018005 
47.800000 	126.289001 	994.000000 	993.213989 	997.018005 
47.900000 	126.289001 	994.000000 	993.213989 	997.018005 
48.000000 	126.289001 	994.000000 	993.213989 	997.018005 
48.100000 	126.289001 	994.000000 	993.213989 	997.018005 
48.200000 	126.289001 	994.000000 	993.213989 	997.018005 
48.300000 	126.289001 	994.000000 	993.213989 	997.018005 
48.400000 	126.289001 	994.000000 	993.213989 	997.018005 
48.500000 	126.301003 	994.000000 	993.166992 	996.971985 
48.600000 	126.301003 	994.000000 	993.166992 	996.971985 
48.700000 	126.301003 	994.000000 	993.166992 	996.971985 
48.800000 	126.301003 	994.000000 	993.166992 	996.971985 
48.900000 	126.301003 	994.000000 	993.166992 	996.971985 
49.000000 	126.301003 	994.000000 	993.166992 	996.971985 
49.100000 	126.301003 	994.000000 	993.166992 	996.971985 
49.200000 	126.301003 	994.000000 	993.166992 	996.971985 
49.300000 	126.301003 	994.000000 	993.166992 	996.971985 
49.400000 	126.301003 	994.000000 	993.166992 	996.971985 
49.500000 	126.313004 	994.000000 	993.117981 	996.922974 
49.600000 	126.313004 	994.000000 	993.117981 	996.922974 
49.700000 	126.313004 	994.000000 	993.117981 	996.922974 
49.800000 	126.313004 	994.000000 	993.117981 	996.922974 
49.900000 	126.313004 	994.000000 	993.117981 	996.922974 
50.000000 	126.313004 	994.000000 	993.117981 	996.922974 
50.100000 	126.313004 	994.000000 	993.117981 	996.922974 
50.200000 	126.313004 	994.000000 	993.117981 	996.922974 
50.300000 	126.313004 	994.000000 	993.117981 	996.922974 
50.400000 	126.313004 	994.000000 	993.117981 	996.922974 
50.500000 	126.325996 	994.000000 	993.065002 	996.869995 
50.600000 	126.325996 	994.000000 	993.065002 	996.869995 
50.700000 	126.325996 	994.000000 	993.065002 	996.869995 
50.800000 	126.325996 	994.000000 	993.065002 	996.869995 
50.900000 	126.325996 	994.000000 	993.065002 	996.869995 
51.000000 	126.325996 	994.000000 	993.065002 	996.869995 
51.100000 	126.325996 	994.000000 	993.065002 	996.869995 
51.200000 	126.325996 	994.000000 	993.065002 	996.869995 
51.300000 	126.325996 	994.000000 	993.065002 	996.869995 
51.400000 	126.325996 	994.000000 	993.065002 	996.869995 
51.500000 	126.337997 	994.000000 	993.010010 	996.812012 
51.600000 	126.337997 	994.000000 	993.010010 	996.812012 
51.700000 	126.337997 	994.000000 	993.010010 	996.812012 
51.800000 	126.337997 	994.000000 	993.010010 	996.812012 
51.900000 	126.337997 	994.000000 	993.010010 	996.812012 
52.000000 	126.337997 	994.000000 	993.010010 	996.812012 
52.100000 	126.337997 	994.000000 	993.010010 	996.812012 
52.200000 	126.337997 	994.000000 	993.010010 	996.812012 
52.300000 	126.337997 	994.000000 	993.010010 	996.812012 
52.400000 	126.337997 	994.000000 	993.010010 	996.812012 
52.500000 	126.350998 	994.000000 	992.952026 	996.749023 
52.600000 	126.350998 	994.000000 	992.952026 	996.749023 
52.700000 	126.350998 	994.000000 	992.952026 	996.749023 
52.800000 	126.350998 	994.000000 	992.952026 	996.749023 
52.900000 	126.350998 	994.000000 	992.952026 	996.749023 
53.000000 	126.350998 	994.000000 	992.952026 	996.749023 
53.100000 	126.350998 	994.000000 	992.952026 	996.749023 
53.200000 	126.350998 	994.000000 	992.952026 	996.749023 
53.300000 	126.350998 	994.000000 	992.952026 	996.749023 
53.400000 	126.350998 	994.000000 	992.952026 	996.749023 
53.500000 	126.363998 	994.000000 	992.890991 	996.682007 
53.600000 	126.363998 	994.000000 	992.890991 	996.682007 
53.700000 	126.363998 	994.000000 	992.890991 	996.682007 
53.800000 	126.363998 	994.000000 	992.890991 	996.682007 
53.900000 	126.363998 	994.000000 	992.890991 	996.682007 
54.000000 	126.363998 	994.000000 	992.890991 	996.682007 
54.100000 	126.363998 	994.000000 	992.890991 	996.682007 
54.200000 	126.363998 	994.000000 	992.890991 	996.682007 
54.300000 	126.363998 	994.000000 	992.890991 	996.682007 
54.400000 	126.363998 	994.000000 	992.890991 	996.682007 
54.500000 	126.376999 	994.000000 	992.827026 	996.609009 
54.600000 	126.376999 	994.000000 	992.827026 	996.609009 
54.700000 	126.376999 	994.000000 	992.827026 	996.609009 
54.800000 	126.376999 	994.000000 	992.827026 	996.609009 
54.900000 	126.376999 	994.000000 	992.827026 	996.609009 
55.000000 	126.376999 	994.000000 	992.827026 	996.609009 
55.100000 	126.376999 	994.000000 	992.827026 	996.609009 
55.200000 	126.376999 	994.000000 	992.827026 	996.609009 
55.300000 	126.376999 	994.000000 	992.827026 	996.609009 
55.400000 	126.376999 	994.000000 	992.827026 	996.609009 
55.500000 	126.389999 	994.000000 	992.758972 	996.531982 
55.600000 	126.389999 	994.000000 	992.758972 	996.531982 
55.700000 	126.389999 	994.000000 	992.758972 	996.531982 
55.800000 	126.389999 	994.000000 	992.758972 	996.531982 
55.900000 	126.389999 	994.000000 	992.758972 	996.531982 
56.000000 	126.389999 	994.000000 	992.758972 	996.531982 
56.100000 	126.389999 	994.000000 	992.758972 	996.531982 
56.200000 	126.389999 	994.000000 	992.758972 	996.531982 
56.300000 	126.389999 	994.000000 	992.758972 	996.531982 
56.400000 	126.389999 	994.000000 	992.758972 	996.531982 
56.500000 	126.403000 	994.000000 	992.687988 	996.447998 
56.600000 	126.403000 	994.000000 	992.687988 	996.447998 
56.700000 	126.403000 	994.000000 	992.687988 	996.447998 
56.800000 	126.403000 	994.000000 	992.687988 	996.447998 
56.900000 	126.403000 	994.000000 	992.687988 	996.447998 
57.000000 	126.403000 	994.000000 	992.687988 	996.447998 
57.100000 	126.403000 	994.000000 	992.687988 	996.447998 
57.200000 	126.403000 	994.000000 	992.687988 	996.447998 
57.300000 	126.403000 	994.000000 	992.687988 	996.447998 
57.400000 	126.403000 	994.000000 	992.687988 	996.447998 
57.500000 	126.417000 	994.000000 	992.612976 	996.359009 
57.600000 	126.417000 	994.000000 	992.612976 	996.359009 
57.700000 	126.417000 	994.000000 	992.612976 	996.359009 
57.800000 	126.417000 	994.000000 	992.612976 	996.359009 
57.900000 	126.417000 	994.000000 	992.612976 	996.359009 
58.000000 	126.417000 	994.000000 	992.612976 	996.359009 
58.100000 	126.417000 	994.000000 	992.612976 	996.359009 
58.200000 	126.417000 	994.000000 	992.612976 	996.359009 
58.300000 	126.417000 	994.000000 	992.612976 	996.359009 
58.400000 	126.417000 	994.000000 	992.612976 	996.359009 
58.500000 	126.430000 	994.000000 	992.534973 	996.263000 
58.600000 	126.430000 	994.000000 	992.534973 	996.263000 
58.700000 	126.430000 	994.000000 	992.534973 	996.263000 
58.800000 	126.430000 	994.000000 	992.534973 	996.263000 
58.900000 	126.430000 	994.000000 	992.534973 	996.263000 
59.000000 	126.430000 	994.000000 	992.534973 	996.263000 
59.100000 	126.430000 	994.000000 	992.534973 	996.263000 
59.200000 	126.430000 	994.000000 	992.534973 	996.263000 
59.300000 	126.430000 	994.000000 	992.534973 	996.263000 
59.400000 	126.430000 	994.000000 	992.534973 	996.263000 
59.500000 	126.444000 	994.000000 	992.452026 	996.161011 
59.600000 	126.444000 	994.000000 	992.452026 	996.161011 
59.700000 	126.444000 	994.000000 	992.452026 	996.161011 
59.800000 	126.444000 	994.000000 	992.452026 	996.161011 
59.900000 	126.444000 	994.000000 	992.452026 	996.161011 
60.000000 	126.444000 	994.000000 	992.452026 	996.161011 
