0.500000 	94.208298 	531.000000 	545.851013 	536.565979 
0.600000 	94.208298 	531.000000 	545.851013 	536.565979 
0.700000 	94.208298 	531.000000 	545.851013 	536.565979 
0.800000 	94.208298 	531.000000 	545.851013 	536.565979 
0.900000 	94.208298 	531.000000 	545.851013 	536.565979 
1.000000 	94.208298 	531.000000 	545.851013 	536.565979 
1.100000 	94.208298 	531.000000 	545.851013 	536.565979 
1.200000 	94.208298 	531.000000 	545.851013 	536.565979 
1.300000 	94.208298 	531.000000 	545.851013 	536.565979 
1.400000 	94.208298 	531.000000 	545.851013 	536.565979 
1.500000 	104.087997 	531.000000 	537.565979 	536.778015 
1.600000 	104.087997 	531.000000 	537.565979 	536.778015 
1.700000 	104.087997 	531.000000 	537.565979 	536.778015 
1.800000 	104.087997 	531.000000 	537.565979 	536.778015 
1.900000 	104.087997 	531.000000 	537.565979 	536.778015 
2.000000 	104.087997 	531.000000 	537.565979 	536.778015 
2.100000 	104.087997 	531.000000 	537.565979 	536.778015 
2.200000 	104.087997 	531.000000 	537.565979 	536.778015 
2.300000 	104.087997 	531.000000 	537.565979 	536.778015 
2.400000 	104.087997 	531.000000 	537.565979 	536.778015 
2.500000 	113.848000 	531.000000 	534.411987 	536.797974 
2.600000 	113.848000 	531.000000 	534.411987 	536.797974 
2.700000 	113.848000 	531.000000 	534.411987 	536.797974 
2.800000 	113.848000 	531.000000 	534.411987 	536.797974 
2.900000 	113.848000 	531.000000 	534.411987 	536.797974 
3.000000 	113.848000 	531.000000 	534.411987 	536.797974 
3.100000 	113.848000 	531.000000 	534.411987 	536.797974 
3.200000 	113.848000 	531.000000 	534.411987 	536.797974 
3.300000 	113.848000 	531.000000 	534.411987 	536.797974 
3.400000 	113.848000 	531.000000 	534.411987 	536.797974 
3.500000 	118.586998 	531.000000 	532.994019 	536.825989 
3.600000 	118.586998 	531.000000 	532.994019 	536.825989 
3.700000 	118.586998 	531.000000 	532.994019 	536.825989 
3.800000 	118.586998 	531.000000 	532.994019 	536.825989 
3.900000 	118.586998 	531.000000 	532.994019 	536.825989 
4.000000 	118.586998 	531.000000 	532.994019 	536.825989 
4.100000 	118.586998 	531.000000 	532.994019 	536.825989 
4.200000 	118.586998 	531.000000 	532.994019 	536.825989 
4.300000 	118.586998 	531.000000 	532.994019 	536.825989 
4.400000 	118.586998 	531.000000 	532.994019 	536.825989 
4.500000 	121.074997 	531.000000 	532.268982 	536.853027 
4.600000 	121.074997 	531.000000 	532.268982 	536.853027 
4.700000 	121.074997 	531.000000 	532.268982 	536.853027 
4.800000 	121.074997 	531.000000 	532.268982 	536.853027 
4.900000 	121.074997 	531.000000 	532.268982 	536.853027 
5.000000 	121.074997 	531.000000 	532.268982 	536.853027 
5.100000 	121.074997 	531.000000 	532.268982 	536.853027 
5.200000 	121.074997 	531.000000 	532.268982 	536.853027 
5.300000 	121.074997 	531.000000 	532.268982 	536.853027 
5.400000 	121.074997 	531.000000 	532.268982 	536.853027 
5.500000 	122.515999 	531.000000 	531.856995 	536.877991 
5.600000 	122.515999 	531.000000 	531.856995 	536.877991 
5.700000 	122.515999 	531.000000 	531.856995 	536.877991 
5.800000 	122.515999 	531.000000 	531.856995 	536.877991 
5.900000 	122.515999 	531.000000 	531.856995 	536.877991 
6.000000 	122.515999 	531.000000 	531.856995 	536.877991 
6.100000 	122.515999 	531.000000 	531.856995 	536.877991 
6.200000 	122.515999 	531.000000 	531.856995 	536.877991 
6.300000 	122.515999 	531.000000 	531.856995 	536.877991 
6.400000 	122.515999 	531.000000 	531.856995 	536.877991 
6.500000 	123.418999 	531.000000 	531.601990 	536.901978 
6.600000 	123.418999 	531.000000 	531.601990 	536.901978 
6.700000 	123.418999 	531.000000 	531.601990 	536.901978 
6.800000 	123.418999 	531.000000 	531.601990 	536.901978 
6.900000 	123.418999 	531.000000 	531.601990 	536.901978 
7.000000 	123.418999 	531.000000 	531.601990 	536.901978 
7.100000 	123.418999 	531.000000 	531.601990 	536.901978 
7.200000 	123.418999 	531.000000 	531.601990 	536.901978 
7.300000 	123.418999 	531.000000 	531.601990 	536.901978 
7.400000 	123.418999 	531.000000 	531.601990 	536.901978 
7.500000 	124.019997 	531.000000 	531.435974 	536.927002 
7.600000 	124.019997 	531.000000 	531.435974 	536.927002 
7.700000 	124.019997 	531.000000 	531.435974 	536.927002 
7.800000 	124.019997 	531.000000 	531.435974 	536.927002 
7.900000 	124.019997 	531.000000 	531.435974 	536.927002 
8.000000 	124.019997 	531.000000 	531.435974 	536.927002 
8.100000 	124.019997 	531.000000 	531.435974 	536.927002 
8.200000 	124.019997 	531.000000 	531.435974 	536.927002 
8.300000 	124.019997 	531.000000 	531.435974 	536.927002 
8.400000 	124.019997 	531.000000 	531.435974 	536.927002 
8.500000 	124.440002 	531.000000 	531.320984 	536.950989 
8.600000 	124.440002 	531.000000 	531.320984 	536.950989 
8.700000 	124.440002 	531.000000 	531.320984 	536.950989 
8.800000 	124.440002 	531.000000 	531.320984 	536.950989 
8.900000 	124.440002 	531.000000 	531.320984 	536.950989 
9.000000 	124.440002 	531.000000 	531.320984 	536.950989 
9.100000 	124.440002 	531.000000 	531.320984 	536.950989 
9.200000 	124.440002 	531.000000 	531.320984 	536.950989 
9.300000 	124.440002 	531.000000 	531.320984 	536.950989 
9.400000 	124.440002 	531.000000 	531.320984 	536.950989 
9.500000 	124.746002 	531.000000 	531.239014 	536.976990 
9.600000 	124.746002 	531.000000 	531.239014 	536.976990 
9.700000 	124.746002 	531.000000 	531.239014 	536.976990 
9.800000 	124.746002 	531.000000 	531.239014 	536.976990 
9.900000 	124.746002 	531.000000 	531.239014 	536.976990 
10.000000 	124.746002 	531.000000 	531.239014 	536.976990 
10.100000 	124.746002 	531.000000 	531.239014 	536.976990 
10.200000 	124.746002 	531.000000 	531.239014 	536.976990 
10.300000 	124.746002 	531.000000 	531.239014 	536.976990 
10.400000 	124.746002 	531.000000 	531.239014 	536.976990 
10.500000 	124.975998 	531.000000 	531.179016 	537.002014 
10.600000 	124.975998 	531.000000 	531.179016 	537.002014 
10.700000 	124.975998 	531.000000 	531.179016 	537.002014 
10.800000 	124.975998 	531.000000 	531.179016 	537.002014 
10.900000 	124.975998 	531.000000 	531.179016 	537.002014 
11.000000 	124.975998 	531.000000 	531.179016 	537.002014 
11.100000 	124.975998 	531.000000 	531.179016 	537.002014 
11.200000 	124.975998 	531.000000 	531.179016 	537.002014 
11.300000 	124.975998 	531.000000 	531.179016 	537.002014 
11.400000 	124.975998 	531.000000 	531.179016 	537.002014 
11.500000 	125.153000 	531.000000 	531.132996 	537.030029 
11.600000 	125.153000 	531.000000 	531.132996 	537.030029 
11.700000 	125.153000 	531.000000 	531.132996 	537.030029 
11.800000 	125.153000 	531.000000 	531.132996 	537.030029 
11.900000 	125.153000 	531.000000 	531.132996 	537.030029 
12.000000 	125.153000 	531.000000 	531.132996 	537.030029 
12.100000 	125.153000 	531.000000 	531.132996 	537.030029 
12.200000 	125.153000 	531.000000 	531.132996 	537.030029 
12.300000 	125.153000 	531.000000 	531.132996 	537.030029 
12.400000 	125.153000 	531.000000 	531.132996 	537.030029 
12.500000 	125.292999 	531.000000 	531.096985 	537.080017 
12.600000 	125.292999 	531.000000 	531.096985 	537.080017 
12.700000 	125.292999 	531.000000 	531.096985 	537.080017 
12.800000 	125.292999 	531.000000 	531.096985 	537.080017 
12.900000 	125.292999 	531.000000 	531.096985 	537.080017 
13.000000 	125.292999 	531.000000 	531.096985 	537.080017 
13.100000 	125.292999 	531.000000 	531.096985 	537.080017 
13.200000 	125.292999 	531.000000 	531.096985 	537.080017 
13.300000 	125.292999 	531.000000 	531.096985 	537.080017 
13.400000 	125.292999 	531.000000 	531.096985 	537.080017 
13.500000 	125.405998 	531.000000 	531.068970 	537.111023 
13.600000 	125.405998 	531.000000 	531.068970 	537.111023 
13.700000 	125.405998 	531.000000 	531.068970 	537.111023 
13.800000 	125.405998 	531.000000 	531.068970 	537.111023 
13.900000 	125.405998 	531.000000 	531.068970 	537.111023 
14.000000 	125.405998 	531.000000 	531.068970 	537.111023 
14.100000 	125.405998 	531.000000 	531.068970 	537.111023 
14.200000 	125.405998 	531.000000 	531.068970 	537.111023 
14.300000 	125.405998 	531.000000 	531.068970 	537.111023 
14.400000 	125.405998 	531.000000 	531.068970 	537.111023 
14.500000 	125.499001 	531.000000 	531.046021 	537.143982 
14.600000 	125.499001 	531.000000 	531.046021 	537.143982 
14.700000 	125.499001 	531.000000 	531.046021 	537.143982 
14.800000 	125.499001 	531.000000 	531.046021 	537.143982 
14.900000 	125.499001 	531.000000 	531.046021 	537.143982 
15.000000 	125.499001 	531.000000 	531.046021 	537.143982 
15.100000 	125.499001 	531.000000 	531.046021 	537.143982 
15.200000 	125.499001 	531.000000 	531.046021 	537.143982 
15.300000 	125.499001 	531.000000 	531.046021 	537.143982 
15.400000 	125.499001 	531.000000 	531.046021 	537.143982 
15.500000 	125.575996 	531.000000 	531.026001 	537.177979 
15.600000 	125.575996 	531.000000 	531.026001 	537.177979 
15.700000 	125.575996 	531.000000 	531.026001 	537.177979 
15.800000 	125.575996 	531.000000 	531.026001 	537.177979 
15.900000 	125.575996 	531.000000 	531.026001 	537.177979 
16.000000 	125.575996 	531.000000 	531.026001 	537.177979 
16.100000 	125.575996 	531.000000 	531.026001 	537.177979 
16.200000 	125.575996 	531.000000 	531.026001 	537.177979 
16.300000 	125.575996 	531.000000 	531.026001 	537.177979 
16.400000 	125.575996 	531.000000 	531.026001 	537.177979 
16.500000 	125.640999 	531.000000 	531.010010 	537.213989 
16.600000 	125.640999 	531.000000 	531.010010 	537.213989 
16.700000 	125.640999 	531.000000 	531.010010 	537.213989 
16.800000 	125.640999 	531.000000 	531.010010 	537.213989 
16.900000 	125.640999 	531.000000 	531.010010 	537.213989 
17.000000 	125.640999 	531.000000 	531.010010 	537.213989 
17.100000 	125.640999 	531.000000 	531.010010 	537.213989 
17.200000 	125.640999 	531.000000 	531.010010 	537.213989 
17.300000 	125.640999 	531.000000 	531.010010 	537.213989 
17.400000 	125.640999 	531.000000 	531.010010 	537.213989 
17.500000 	125.696999 	531.000000 	530.997009 	537.252014 
17.600000 	125.696999 	531.000000 	530.997009 	537.252014 
17.700000 	125.696999 	531.000000 	530.997009 	537.252014 
17.800000 	125.696999 	531.000000 	530.997009 	537.252014 
17.900000 	125.696999 	531.000000 	530.997009 	537.252014 
18.000000 	125.696999 	531.000000 	530.997009 	537.252014 
18.100000 	125.696999 	531.000000 	530.997009 	537.252014 
18.200000 	125.696999 	531.000000 	530.997009 	537.252014 
18.300000 	125.696999 	531.000000 	530.997009 	537.252014 
18.400000 	125.696999 	531.000000 	530.997009 	537.252014 
18.500000 	125.745003 	531.000000 	530.984985 	537.291016 
18.600000 	125.745003 	531.000000 	530.984985 	537.291016 
18.700000 	125.745003 	531.000000 	530.984985 	537.291016 
18.800000 	125.745003 	531.000000 	530.984985 	537.291016 
18.900000 	125.745003 	531.000000 	530.984985 	537.291016 
19.000000 	125.745003 	531.000000 	530.984985 	537.291016 
19.100000 	125.745003 	531.000000 	530.984985 	537.291016 
19.200000 	125.745003 	531.000000 	530.984985 	537.291016 
19.300000 	125.745003 	531.000000 	530.984985 	537.291016 
19.400000 	125.745003 	531.000000 	530.984985 	537.291016 
19.500000 	125.788002 	531.000000 	530.973999 	537.331970 
19.600000 	125.788002 	531.000000 	530.973999 	537.331970 
19.700000 	125.788002 	531.000000 	530.973999 	537.331970 
19.800000 	125.788002 	531.000000 	530.973999 	537.331970 
19.900000 	125.788002 	531.000000 	530.973999 	537.331970 
20.000000 	125.788002 	531.000000 	530.973999 	537.331970 
20.100000 	125.788002 	531.000000 	530.973999 	537.331970 
20.200000 	125.788002 	531.000000 	530.973999 	537.331970 
20.300000 	125.788002 	531.000000 	530.973999 	537.331970 
20.400000 	125.788002 	531.000000 	530.973999 	537.331970 
20.500000 	125.824997 	531.000000 	530.963989 	537.375000 
20.600000 	125.824997 	531.000000 	530.963989 	537.375000 
20.700000 	125.824997 	531.000000 	530.963989 	537.375000 
20.800000 	125.824997 	531.000000 	530.963989 	537.375000 
20.900000 	125.824997 	531.000000 	530.963989 	537.375000 
21.000000 	125.824997 	531.000000 	530.963989 	537.375000 
21.100000 	125.824997 	531.000000 	530.963989 	537.375000 
21.200000 	125.824997 	531.000000 	530.963989 	537.375000 
21.300000 	125.824997 	531.000000 	530.963989 	537.375000 
21.400000 	125.824997 	531.000000 	530.963989 	537.375000 
21.500000 	125.859001 	531.000000 	530.955017 	537.419006 
21.600000 	125.859001 	531.000000 	530.955017 	537.419006 
21.700000 	125.859001 	531.000000 	530.955017 	537.419006 
21.800000 	125.859001 	531.000000 	530.955017 	537.419006 
21.900000 	125.859001 	531.000000 	530.955017 	537.419006 
22.000000 	125.859001 	531.000000 	530.955017 	537.419006 
22.100000 	125.859001 	531.000000 	530.955017 	537.419006 
22.200000 	125.859001 	531.000000 	530.955017 	537.419006 
22.300000 	125.859001 	531.000000 	530.955017 	537.419006 
22.400000 	125.859001 	531.000000 	530.955017 	537.419006 
22.500000 	125.889999 	531.000000 	530.947021 	537.465027 
22.600000 	125.889999 	531.000000 	530.947021 	537.465027 
22.700000 	125.889999 	531.000000 	530.947021 	537.465027 
22.800000 	125.889999 	531.000000 	530.947021 	537.465027 
22.900000 	125.889999 	531.000000 	530.947021 	537.465027 
23.000000 	125.889999 	531.000000 	530.947021 	537.465027 
23.100000 	125.889999 	531.000000 	530.947021 	537.465027 
23.200000 	125.889999 	531.000000 	530.947021 	537.465027 
23.300000 	125.889999 	531.000000 	530.947021 	537.465027 
23.400000 	125.889999 	531.000000 	530.947021 	537.465027 
23.500000 	125.917999 	531.000000 	530.939026 	537.512024 
23.600000 	125.917999 	531.000000 	530.939026 	537.512024 
23.700000 	125.917999 	531.000000 	530.939026 	537.512024 
23.800000 	125.917999 	531.000000 	530.939026 	537.512024 
23.900000 	125.917999 	531.000000 	530.939026 	537.512024 
24.000000 	125.917999 	531.000000 	530.939026 	537.512024 
24.100000 	125.917999 	531.000000 	530.939026 	537.512024 
24.200000 	125.917999 	531.000000 	530.939026 	537.512024 
24.300000 	125.917999 	531.000000 	530.939026 	537.512024 
24.400000 	125.917999 	531.000000 	530.939026 	537.512024 
24.500000 	125.943001 	531.000000 	530.932007 	537.560974 
24.600000 	125.943001 	531.000000 	530.932007 	537.560974 
24.700000 	125.943001 	531.000000 	530.932007 	537.560974 
24.800000 	125.943001 	531.000000 	530.932007 	537.560974 
24.900000 	125.943001 	531.000000 	530.932007 	537.560974 
25.000000 	125.943001 	531.000000 	530.932007 	537.560974 
25.100000 	125.943001 	531.000000 	530.932007 	537.560974 
25.200000 	125.943001 	531.000000 	530.932007 	537.560974 
25.300000 	125.943001 	531.000000 	530.932007 	537.560974 
25.400000 	125.943001 	531.000000 	530.932007 	537.560974 
25.500000 	125.967003 	531.000000 	530.924011 	537.612000 
25.600000 	125.967003 	531.000000 	530.924011 	537.612000 
25.700000 	125.967003 	531.000000 	530.924011 	537.612000 
25.800000 	125.967003 	531.000000 	530.924011 	537.612000 
25.900000 	125.967003 	531.000000 	530.924011 	537.612000 
26.000000 	125.967003 	531.000000 	530.924011 	537.612000 
26.100000 	125.967003 	531.000000 	530.924011 	537.612000 
26.200000 	125.967003 	531.000000 	530.924011 	537.612000 
26.300000 	125.967003 	531.000000 	530.924011 	537.612000 
26.400000 	125.967003 	531.000000 	530.924011 	537.612000 
26.500000 	125.988998 	531.000000 	530.916992 	537.664978 
26.600000 	125.988998 	531.000000 	530.916992 	537.664978 
26.700000 	125.988998 	531.000000 	530.916992 	537.664978 
26.800000 	125.988998 	531.000000 	530.916992 	537.664978 
26.900000 	125.988998 	531.000000 	530.916992 	537.664978 
27.000000 	125.988998 	531.000000 	530.916992 	537.664978 
27.100000 	125.988998 	531.000000 	530.916992 	537.664978 
27.200000 	125.988998 	531.000000 	530.916992 	537.664978 
27.300000 	125.988998 	531.000000 	530.916992 	537.664978 
27.400000 	125.988998 	531.000000 	530.916992 	537.664978 
27.500000 	126.010002 	531.000000 	530.909973 	537.718994 
27.600000 	126.010002 	531.000000 	530.909973 	537.718994 
27.700000 	126.010002 	531.000000 	530.909973 	537.718994 
27.800000 	126.010002 	531.000000 	530.909973 	537.718994 
27.900000 	126.010002 	531.000000 	530.909973 	537.718994 
28.000000 	126.010002 	531.000000 	530.909973 	537.718994 
28.100000 	126.010002 	531.000000 	530.909973 	537.718994 
28.200000 	126.010002 	531.000000 	530.909973 	537.718994 
28.300000 	126.010002 	531.000000 	530.909973 	537.718994 
28.400000 	126.010002 	531.000000 	530.909973 	537.718994 
28.500000 	126.029999 	531.000000 	530.903015 	537.773987 
28.600000 	126.029999 	531.000000 	530.903015 	537.773987 
28.700000 	126.029999 	531.000000 	530.903015 	537.773987 
28.800000 	126.029999 	531.000000 	530.903015 	537.773987 
28.900000 	126.029999 	531.000000 	530.903015 	537.773987 
29.000000 	126.029999 	531.000000 	530.903015 	537.773987 
29.100000 	126.029999 	531.000000 	530.903015 	537.773987 
29.200000 	126.029999 	531.000000 	530.903015 	537.773987 
29.300000 	126.029999 	531.000000 	530.903015 	537.773987 
29.400000 	126.029999 	531.000000 	530.903015 	537.773987 
29.500000 	126.049004 	531.000000 	530.895996 	537.831970 
29.600000 	126.049004 	531.000000 	530.895996 	537.831970 
29.700000 	126.049004 	531.000000 	530.895996 	537.831970 
29.800000 	126.049004 	531.000000 	530.895996 	537.831970 
29.900000 	126.049004 	531.000000 	530.895996 	537.831970 
30.000000 	126.049004 	531.000000 	530.895996 	537.831970 
30.100000 	126.049004 	531.000000 	530.895996 	537.831970 
30.200000 	126.049004 	531.000000 	530.895996 	537.831970 
30.300000 	126.049004 	531.000000 	530.895996 	537.831970 
30.400000 	126.049004 	531.000000 	530.895996 	537.831970 
30.500000 	126.068001 	531.000000 	530.890015 	537.892029 
30.600000 	126.068001 	531.000000 	530.890015 	537.892029 
30.700000 	126.068001 	531.000000 	530.890015 	537.892029 
30.800000 	126.068001 	531.000000 	530.890015 	537.892029 
30.900000 	126.068001 	531.000000 	530.890015 	537.892029 
31.000000 	126.068001 	531.000000 	530.890015 	537.892029 
31.100000 	126.068001 	531.000000 	530.890015 	537.892029 
31.200000 	126.068001 	531.000000 	530.890015 	537.892029 
31.300000 	126.068001 	531.000000 	530.890015 	537.892029 
31.400000 	126.068001 	531.000000 	530.890015 	537.892029 
31.500000 	126.084999 	531.000000 	530.882996 	537.953003 
31.600000 	126.084999 	531.000000 	530.882996 	537.953003 
31.700000 	126.084999 	531.000000 	530.882996 	537.953003 
31.800000 	126.084999 	531.000000 	530.882996 	537.953003 
31.900000 	126.084999 	531.000000 	530.882996 	537.953003 
32.000000 	126.084999 	531.000000 	530.882996 	537.953003 
32.100000 	126.084999 	531.000000 	530.882996 	537.953003 
32.200000 	126.084999 	531.000000 	530.882996 	537.953003 
32.300000 	126.084999 	531.000000 	530.882996 	537.953003 
32.400000 	126.084999 	531.000000 	530.882996 	537.953003 
32.500000 	126.101997 	531.000000 	530.872986 	538.012024 
32.600000 	126.101997 	531.000000 	530.872986 	538.012024 
32.700000 	126.101997 	531.000000 	530.872986 	538.012024 
32.800000 	126.101997 	531.000000 	530.872986 	538.012024 
32.900000 	126.101997 	531.000000 	530.872986 	538.012024 
33.000000 	126.101997 	531.000000 	530.872986 	538.012024 
33.100000 	126.101997 	531.000000 	530.872986 	538.012024 
33.200000 	126.101997 	531.000000 	530.872986 	538.012024 
33.300000 	126.101997 	531.000000 	530.872986 	538.012024 
33.400000 	126.101997 	531.000000 	530.872986 	538.012024 
33.500000 	126.119003 	531.000000 	530.862976 	538.072998 
33.600000 	126.119003 	531.000000 	530.862976 	538.072998 
33.700000 	126.119003 	531.000000 	530.862976 	538.072998 
33.800000 	126.119003 	531.000000 	530.862976 	538.072998 
33.900000 	126.119003 	531.000000 	530.862976 	538.072998 
34.000000 	126.119003 	531.000000 	530.862976 	538.072998 
34.100000 	126.119003 	531.000000 	530.862976 	538.072998 
34.200000 	126.119003 	531.000000 	530.862976 	538.072998 
34.300000 	126.119003 	531.000000 	530.862976 	538.072998 
34.400000 	126.119003 	531.000000 	530.862976 	538.072998 
34.500000 	126.135002 	531.000000 	530.851990 	538.135010 
34.600000 	126.135002 	531.000000 	530.851990 	538.135010 
34.700000 	126.135002 	531.000000 	530.851990 	538.135010 
34.800000 	126.135002 	531.000000 	530.851990 	538.135010 
34.900000 	126.135002 	531.000000 	530.851990 	538.135010 
35.000000 	126.135002 	531.000000 	530.851990 	538.135010 
35.100000 	126.135002 	531.000000 	530.851990 	538.135010 
35.200000 	126.135002 	531.000000 	530.851990 	538.135010 
35.300000 	126.135002 	531.000000 	530.851990 	538.135010 
35.400000 	126.135002 	531.000000 	530.851990 	538.135010 
35.500000 	126.151001 	531.000000 	530.841003 	538.197998 
35.600000 	126.151001 	531.000000 	530.841003 	538.197998 
35.700000 	126.151001 	531.000000 	530.841003 	538.197998 
35.800000 	126.151001 	531.000000 	530.841003 	538.197998 
35.900000 	126.151001 	531.000000 	530.841003 	538.197998 
36.000000 	126.151001 	531.000000 	530.841003 	538.197998 
36.100000 	126.151001 	531.000000 	530.841003 	538.197998 
36.200000 	126.151001 	531.000000 	530.841003 	538.197998 
36.300000 	126.151001 	531.000000 	530.841003 	538.197998 
36.400000 	126.151001 	531.000000 	530.841003 	538.197998 
36.500000 	126.167000 	531.000000 	530.828979 	538.262024 
36.600000 	126.167000 	531.000000 	530.828979 	538.262024 
36.700000 	126.167000 	531.000000 	530.828979 	538.262024 
36.800000 	126.167000 	531.000000 	530.828979 	538.262024 
36.900000 	126.167000 	531.000000 	530.828979 	538.262024 
37.000000 	126.167000 	531.000000 	530.828979 	538.262024 
37.100000 	126.167000 	531.000000 	530.828979 	538.262024 
37.200000 	126.167000 	531.000000 	530.828979 	538.262024 
37.300000 	126.167000 	531.000000 	530.828979 	538.262024 
37.400000 	126.167000 	531.000000 	530.828979 	538.262024 
37.500000 	126.181999 	531.000000 	530.817017 	538.328003 
37.600000 	126.181999 	531.000000 	530.817017 	538.328003 
37.700000 	126.181999 	531.000000 	530.817017 	538.328003 
37.800000 	126.181999 	531.000000 	530.817017 	538.328003 
37.900000 	126.181999 	531.000000 	530.817017 	538.328003 
38.000000 	126.181999 	531.000000 	530.817017 	538.328003 
38.100000 	126.181999 	531.000000 	530.817017 	538.328003 
38.200000 	126.181999 	531.000000 	530.817017 	538.328003 
38.300000 	126.181999 	531.000000 	530.817017 	538.328003 
38.400000 	126.181999 	531.000000 	530.817017 	538.328003 
38.500000 	126.197998 	531.000000 	530.802979 	538.393982 
38.600000 	126.197998 	531.000000 	530.802979 	538.393982 
38.700000 	126.197998 	531.000000 	530.802979 	538.393982 
38.800000 	126.197998 	531.000000 	530.802979 	538.393982 
38.900000 	126.197998 	531.000000 	530.802979 	538.393982 
39.000000 	126.197998 	531.000000 	530.802979 	538.393982 
39.100000 	126.197998 	531.000000 	530.802979 	538.393982 
39.200000 	126.197998 	531.000000 	530.802979 	538.393982 
39.300000 	126.197998 	531.000000 	530.802979 	538.393982 
39.400000 	126.197998 	531.000000 	530.802979 	538.393982 
39.500000 	126.212997 	531.000000 	530.789978 	538.461975 
39.600000 	126.212997 	531.000000 	530.789978 	538.461975 
39.700000 	126.212997 	531.000000 	530.789978 	538.461975 
39.800000 	126.212997 	531.000000 	530.789978 	538.461975 
39.900000 	126.212997 	531.000000 	530.789978 	538.461975 
40.000000 	126.212997 	531.000000 	530.789978 	538.461975 
40.100000 	126.212997 	531.000000 	530.789978 	538.461975 
40.200000 	126.212997 	531.000000 	530.789978 	538.461975 
40.300000 	126.212997 	531.000000 	530.789978 	538.461975 
40.400000 	126.212997 	531.000000 	530.789978 	538.461975 
40.500000 	126.228996 	531.000000 	530.775024 	538.530029 
40.600000 	126.228996 	531.000000 	530.775024 	538.530029 
40.700000 	126.228996 	531.000000 	530.775024 	538.530029 
40.800000 	126.228996 	531.000000 	530.775024 	538.530029 
40.900000 	126.228996 	531.000000 	530.775024 	538.530029 
41.000000 	126.228996 	531.000000 	530.775024 	538.530029 
41.100000 	126.228996 	531.000000 	530.775024 	538.530029 
41.200000 	126.228996 	531.000000 	530.775024 	538.530029 
41.300000 	126.228996 	531.000000 	530.775024 	538.530029 
41.400000 	126.228996 	531.000000 	530.775024 	538.530029 
41.500000 	126.244003 	531.000000 	530.760010 	538.598999 
41.600000 	126.244003 	531.000000 	530.760010 	538.598999 
41.700000 	126.244003 	531.000000 	530.760010 	538.598999 
41.800000 	126.244003 	531.000000 	530.760010 	538.598999 
41.900000 	126.244003 	531.000000 	530.760010 	538.598999 
42.000000 	126.244003 	531.000000 	530.760010 	538.598999 
42.100000 	126.244003 	531.000000 	530.760010 	538.598999 
42.200000 	126.244003 	531.000000 	530.760010 	538.598999 
42.300000 	126.244003 	531.000000 	530.760010 	538.598999 
42.400000 	126.244003 	531.000000 	530.760010 	538.598999 
42.500000 	126.259003 	531.000000 	530.744019 	538.669006 
42.600000 	126.259003 	531.000000 	530.744019 	538.669006 
42.700000 	126.259003 	531.000000 	530.744019 	538.669006 
42.800000 	126.259003 	531.000000 	530.744019 	538.669006 
42.900000 	126.259003 	531.000000 	530.744019 	538.669006 
43.000000 	126.259003 	531.000000 	530.744019 	538.669006 
43.100000 	126.259003 	531.000000 	530.744019 	538.669006 
43.200000 	126.259003 	531.000000 	530.744019 	538.669006 
43.300000 	126.259003 	531.000000 	530.744019 	538.669006 
43.400000 	126.259003 	531.000000 	530.744019 	538.669006 
43.500000 	126.275002 	531.000000 	530.726990 	538.739990 
43.600000 	126.275002 	531.000000 	530.726990 	538.739990 
43.700000 	126.275002 	531.000000 	530.726990 	538.739990 
43.800000 	126.275002 	531.000000 	530.726990 	538.739990 
43.900000 	126.275002 	531.000000 	530.726990 	538.739990 
44.000000 	126.275002 	531.000000 	530.726990 	538.739990 
44.100000 	126.275002 	531.000000 	530.726990 	538.739990 
44.200000 	126.275002 	531.000000 	530.726990 	538.739990 
44.300000 	126.275002 	531.000000 	530.726990 	538.739990 
44.400000 	126.275002 	531.000000 	530.726990 	538.739990 
44.500000 	126.290001 	531.000000 	530.708984 	538.810974 
44.600000 	126.290001 	531.000000 	530.708984 	538.810974 
44.700000 	126.290001 	531.000000 	530.708984 	538.810974 
44.800000 	126.290001 	531.000000 	530.708984 	538.810974 
44.900000 	126.290001 	531.000000 	530.708984 	538.810974 
45.000000 	126.290001 	531.000000 	530.708984 	538.810974 
45.100000 	126.290001 	531.000000 	530.708984 	538.810974 
45.200000 	126.290001 	531.000000 	530.708984 	538.810974 
45.300000 	126.290001 	531.000000 	530.708984 	538.810974 
45.400000 	126.290001 	531.000000 	530.708984 	538.810974 
45.500000 	126.306000 	531.000000 	530.690002 	538.882996 
45.600000 	126.306000 	531.000000 	530.690002 	538.882996 
45.700000 	126.306000 	531.000000 	530.690002 	538.882996 
45.800000 	126.306000 	531.000000 	530.690002 	538.882996 
45.900000 	126.306000 	531.000000 	530.690002 	538.882996 
46.000000 	126.306000 	531.000000 	530.690002 	538.882996 
46.100000 	126.306000 	531.000000 	530.690002 	538.882996 
46.200000 	126.306000 	531.000000 	530.690002 	538.882996 
46.300000 	126.306000 	531.000000 	530.690002 	538.882996 
46.400000 	126.306000 	531.000000 	530.690002 	538.882996 
46.500000 	126.320999 	531.000000 	530.671021 	538.955994 
46.600000 	126.320999 	531.000000 	530.671021 	538.955994 
46.700000 	126.320999 	531.000000 	530.671021 	538.955994 
46.800000 	126.320999 	531.000000 	530.671021 	538.955994 
46.900000 	126.320999 	531.000000 	530.671021 	538.955994 
47.000000 	126.320999 	531.000000 	530.671021 	538.955994 
47.100000 	126.320999 	531.000000 	530.671021 	538.955994 
47.200000 	126.320999 	531.000000 	530.671021 	538.955994 
47.300000 	126.320999 	531.000000 	530.671021 	538.955994 
47.400000 	126.320999 	531.000000 	530.671021 	538.955994 
47.500000 	126.336998 	531.000000 	530.650024 	539.028992 
47.600000 	126.336998 	531.000000 	530.650024 	539.028992 
47.700000 	126.336998 	531.000000 	530.650024 	539.028992 
47.800000 	126.336998 	531.000000 	530.650024 	539.028992 
47.900000 	126.336998 	531.000000 	530.650024 	539.028992 
48.000000 	126.336998 	531.000000 	530.650024 	539.028992 
48.100000 	126.336998 	531.000000 	530.650024 	539.028992 
48.200000 	126.336998 	531.000000 	530.650024 	539.028992 
48.300000 	126.336998 	531.000000 	530.650024 	539.028992 
48.400000 	126.336998 	531.000000 	530.650024 	539.028992 
48.500000 	126.352997 	531.000000 	530.627991 	539.101990 
48.600000 	126.352997 	531.000000 	530.627991 	539.101990 
48.700000 	126.352997 	531.000000 	530.627991 	539.101990 
48.800000 	126.352997 	531.000000 	530.627991 	539.101990 
48.900000 	126.352997 	531.000000 	530.627991 	539.101990 
49.000000 	126.352997 	531.000000 	530.627991 	539.101990 
49.100000 	126.352997 	531.000000 	530.627991 	539.101990 
49.200000 	126.352997 	531.000000 	530.627991 	539.101990 
49.300000 	126.352997 	531.000000 	530.627991 	539.101990 
49.400000 	126.352997 	531.000000 	530.627991 	539.101990 
49.500000 	126.369003 	531.000000 	530.604004 	539.176025 
49.600000 	126.369003 	531.000000 	530.604004 	539.176025 
49.700000 	126.369003 	531.000000 	530.604004 	539.176025 
49.800000 	126.369003 	531.000000 	530.604004 	539.176025 
49.900000 	126.369003 	531.000000 	530.604004 	539.176025 
50.000000 	126.369003 	531.000000 	530.604004 	539.176025 
50.100000 	126.369003 	531.000000 	530.604004 	539.176025 
50.200000 	126.369003 	531.000000 	530.604004 	539.176025 
50.300000 	126.369003 	531.000000 	530.604004 	539.176025 
50.400000 	126.369003 	531.000000 	530.604004 	539.176025 
50.500000 	126.385002 	531.000000 	530.580017 	539.249023 
50.600000 	126.385002 	531.000000 	530.580017 	539.249023 
50.700000 	126.385002 	531.000000 	530.580017 	539.249023 
50.800000 	126.385002 	531.000000 	530.580017 	539.249023 
50.900000 	126.385002 	531.000000 	530.580017 	539.249023 
51.000000 	126.385002 	531.000000 	530.580017 	539.249023 
51.100000 	126.385002 	531.000000 	530.580017 	539.249023 
51.200000 	126.385002 	531.000000 	530.580017 	539.249023 
51.300000 	126.385002 	531.000000 	530.580017 	539.249023 
51.400000 	126.385002 	531.000000 	530.580017 	539.249023 
51.500000 	126.402000 	531.000000 	530.554016 	539.322998 
51.600000 	126.402000 	531.000000 	530.554016 	539.322998 
51.700000 	126.402000 	531.000000 	530.554016 	539.322998 
51.800000 	126.402000 	531.000000 	530.554016 	539.322998 
51.900000 	126.402000 	531.000000 	530.554016 	539.322998 
52.000000 	126.402000 	531.000000 	530.554016 	539.322998 
52.100000 	126.402000 	531.000000 	530.554016 	539.322998 
52.200000 	126.402000 	531.000000 	530.554016 	539.322998 
52.300000 	126.402000 	531.000000 	530.554016 	539.322998 
52.400000 	126.402000 	531.000000 	530.554016 	539.322998 
52.500000 	126.418999 	531.000000 	530.526978 	539.398010 
52.600000 	126.418999 	531.000000 	530.526978 	539.398010 
52.700000 	126.418999 	531.000000 	530.526978 	539.398010 
52.800000 	126.418999 	531.000000 	530.526978 	539.398010 
52.900000 	126.418999 	531.000000 	530.526978 	539.398010 
53.000000 	126.418999 	531.000000 	530.526978 	539.398010 
53.100000 	126.418999 	531.000000 	530.526978 	539.398010 
53.200000 	126.418999 	531.000000 	530.526978 	539.398010 
53.300000 	126.418999 	531.000000 	530.526978 	539.398010 
53.400000 	126.418999 	531.000000 	530.526978 	539.398010 
53.500000 	126.435997 	531.000000 	530.499023 	539.471985 
53.600000 	126.435997 	531.000000 	530.499023 	539.471985 
53.700000 	126.435997 	531.000000 	530.499023 	539.471985 
53.800000 	126.435997 	531.000000 	530.499023 	539.471985 
53.900000 	126.435997 	531.000000 	530.499023 	539.471985 
54.000000 	126.435997 	531.000000 	530.499023 	539.471985 
54.100000 	126.435997 	531.000000 	530.499023 	539.471985 
54.200000 	126.435997 	531.000000 	530.499023 	539.471985 
54.300000 	126.435997 	531.000000 	530.499023 	539.471985 
54.400000 	126.435997 	531.000000 	530.499023 	539.471985 
54.500000 	126.453003 	531.000000 	530.469971 	539.546021 
54.600000 	126.453003 	531.000000 	530.469971 	539.546021 
54.700000 	126.453003 	531.000000 	530.469971 	539.546021 
54.800000 	126.453003 	531.000000 	530.469971 	539.546021 
54.900000 	126.453003 	531.000000 	530.469971 	539.546021 
55.000000 	126.453003 	531.000000 	530.469971 	539.546021 
55.100000 	126.453003 	531.000000 	530.469971 	539.546021 
55.200000 	126.453003 	531.000000 	530.469971 	539.546021 
55.300000 	126.453003 	531.000000 	530.469971 	539.546021 
55.400000 	126.453003 	531.000000 	530.469971 	539.546021 
55.500000 	126.470001 	531.000000 	530.439026 	539.622009 
55.600000 	126.470001 	531.000000 	530.439026 	539.622009 
55.700000 	126.470001 	531.000000 	530.439026 	539.622009 
55.800000 	126.470001 	531.000000 	530.439026 	539.622009 
55.900000 	126.470001 	531.000000 	530.439026 	539.622009 
56.000000 	126.470001 	531.000000 	530.439026 	539.622009 
56.100000 	126.470001 	531.000000 	530.439026 	539.622009 
56.200000 	126.470001 	531.000000 	530.439026 	539.622009 
56.300000 	126.470001 	531.000000 	530.439026 	539.622009 
56.400000 	126.470001 	531.000000 	530.439026 	539.622009 
56.500000 	126.487999 	531.000000 	530.406006 	539.695007 
56.600000 	126.487999 	531.000000 	530.406006 	539.695007 
56.700000 	126.487999 	531.000000 	530.406006 	539.695007 
56.800000 	126.487999 	531.000000 	530.406006 	539.695007 
56.900000 	126.487999 	531.000000 	530.406006 	539.695007 
57.000000 	126.487999 	531.000000 	530.406006 	539.695007 
57.100000 	126.487999 	531.000000 	530.406006 	539.695007 
57.200000 	126.487999 	531.000000 	530.406006 	539.695007 
57.300000 	126.487999 	531.000000 	530.406006 	539.695007 
57.400000 	126.487999 	531.000000 	530.406006 	539.695007 
57.500000 	126.505997 	531.000000 	530.369995 	539.767029 
57.600000 	126.505997 	531.000000 	530.369995 	539.767029 
57.700000 	126.505997 	531.000000 	530.369995 	539.767029 
57.800000 	126.505997 	531.000000 	530.369995 	539.767029 
57.900000 	126.505997 	531.000000 	530.369995 	539.767029 
58.000000 	126.505997 	531.000000 	530.369995 	539.767029 
58.100000 	126.505997 	531.000000 	530.369995 	539.767029 
58.200000 	126.505997 	531.000000 	530.369995 	539.767029 
58.300000 	126.505997 	531.000000 	530.369995 	539.767029 
58.400000 	126.505997 	531.000000 	530.369995 	539.767029 
58.500000 	126.524002 	531.000000 	530.333008 	539.838989 
58.600000 	126.524002 	531.000000 	530.333008 	539.838989 
58.700000 	126.524002 	531.000000 	530.333008 	539.838989 
58.800000 	126.524002 	531.000000 	530.333008 	539.838989 
58.900000 	126.524002 	531.000000 	530.333008 	539.838989 
59.000000 	126.524002 	531.000000 	530.333008 	539.838989 
59.100000 	126.524002 	531.000000 	530.333008 	539.838989 
59.200000 	126.524002 	531.000000 	530.333008 	539.838989 
59.300000 	126.524002 	531.000000 	530.333008 	539.838989 
59.400000 	126.524002 	531.000000 	530.333008 	539.838989 
59.500000 	126.542999 	531.000000 	530.293030 	539.909973 
59.600000 	126.542999 	531.000000 	530.293030 	539.909973 
59.700000 	126.542999 	531.000000 	530.293030 	539.909973 
59.800000 	126.542999 	531.000000 	530.293030 	539.909973 
59.900000 	126.542999 	531.000000 	530.293030 	539.909973 
60.000000 	126.542999 	531.000000 	530.293030 	539.909973 
