0.500000 	90.647797 	251.000000 	287.449005 	259.468994 
0.600000 	90.647797 	251.000000 	287.449005 	259.468994 
0.700000 	90.647797 	251.000000 	287.449005 	259.468994 
0.800000 	90.647797 	251.000000 	287.449005 	259.468994 
0.900000 	90.647797 	251.000000 	287.449005 	259.468994 
1.000000 	90.647797 	251.000000 	287.449005 	259.468994 
1.100000 	90.647797 	251.000000 	287.449005 	259.468994 
1.200000 	90.647797 	251.000000 	287.449005 	259.468994 
1.300000 	90.647797 	251.000000 	287.449005 	259.468994 
1.400000 	90.647797 	251.000000 	287.449005 	259.468994 
1.500000 	100.282997 	251.000000 	267.832001 	262.351990 
1.600000 	100.282997 	251.000000 	267.832001 	262.351990 
1.700000 	100.282997 	251.000000 	267.832001 	262.351990 
1.800000 	100.282997 	251.000000 	267.832001 	262.351990 
1.900000 	100.282997 	251.000000 	267.832001 	262.351990 
2.000000 	100.282997 	251.000000 	267.832001 	262.351990 
2.100000 	100.282997 	251.000000 	267.832001 	262.351990 
2.200000 	100.282997 	251.000000 	267.832001 	262.351990 
2.300000 	100.282997 	251.000000 	267.832001 	262.351990 
2.400000 	100.282997 	251.000000 	267.832001 	262.351990 
2.500000 	111.309998 	251.000000 	260.389008 	262.876007 
2.600000 	111.309998 	251.000000 	260.389008 	262.876007 
2.700000 	111.309998 	251.000000 	260.389008 	262.876007 
2.800000 	111.309998 	251.000000 	260.389008 	262.876007 
2.900000 	111.309998 	251.000000 	260.389008 	262.876007 
3.000000 	111.309998 	251.000000 	260.389008 	262.876007 
3.100000 	111.309998 	251.000000 	260.389008 	262.876007 
3.200000 	111.309998 	251.000000 	260.389008 	262.876007 
3.300000 	111.309998 	251.000000 	260.389008 	262.876007 
3.400000 	111.309998 	251.000000 	260.389008 	262.876007 
3.500000 	117.008003 	251.000000 	256.799011 	263.071991 
3.600000 	117.008003 	251.000000 	256.799011 	263.071991 
3.700000 	117.008003 	251.000000 	256.799011 	263.071991 
3.800000 	117.008003 	251.000000 	256.799011 	263.071991 
3.900000 	117.008003 	251.000000 	256.799011 	263.071991 
4.000000 	117.008003 	251.000000 	256.799011 	263.071991 
4.100000 	117.008003 	251.000000 	256.799011 	263.071991 
4.200000 	117.008003 	251.000000 	256.799011 	263.071991 
4.300000 	117.008003 	251.000000 	256.799011 	263.071991 
4.400000 	117.008003 	251.000000 	256.799011 	263.071991 
4.500000 	120.099998 	251.000000 	254.867004 	263.178009 
4.600000 	120.099998 	251.000000 	254.867004 	263.178009 
4.700000 	120.099998 	251.000000 	254.867004 	263.178009 
4.800000 	120.099998 	251.000000 	254.867004 	263.178009 
4.900000 	120.099998 	251.000000 	254.867004 	263.178009 
5.000000 	120.099998 	251.000000 	254.867004 	263.178009 
5.100000 	120.099998 	251.000000 	254.867004 	263.178009 
5.200000 	120.099998 	251.000000 	254.867004 	263.178009 
5.300000 	120.099998 	251.000000 	254.867004 	263.178009 
5.400000 	120.099998 	251.000000 	254.867004 	263.178009 
5.500000 	121.924004 	251.000000 	253.727997 	263.250000 
5.600000 	121.924004 	251.000000 	253.727997 	263.250000 
5.700000 	121.924004 	251.000000 	253.727997 	263.250000 
5.800000 	121.924004 	251.000000 	253.727997 	263.250000 
5.900000 	121.924004 	251.000000 	253.727997 	263.250000 
6.000000 	121.924004 	251.000000 	253.727997 	263.250000 
6.100000 	121.924004 	251.000000 	253.727997 	263.250000 
6.200000 	121.924004 	251.000000 	253.727997 	263.250000 
6.300000 	121.924004 	251.000000 	253.727997 	263.250000 
6.400000 	121.924004 	251.000000 	253.727997 	263.250000 
6.500000 	123.079002 	251.000000 	253.005997 	263.308990 
6.600000 	123.079002 	251.000000 	253.005997 	263.308990 
6.700000 	123.079002 	251.000000 	253.005997 	263.308990 
6.800000 	123.079002 	251.000000 	253.005997 	263.308990 
6.900000 	123.079002 	251.000000 	253.005997 	263.308990 
7.000000 	123.079002 	251.000000 	253.005997 	263.308990 
7.100000 	123.079002 	251.000000 	253.005997 	263.308990 
7.200000 	123.079002 	251.000000 	253.005997 	263.308990 
7.300000 	123.079002 	251.000000 	253.005997 	263.308990 
7.400000 	123.079002 	251.000000 	253.005997 	263.308990 
7.500000 	123.855003 	251.000000 	252.522003 	263.362000 
7.600000 	123.855003 	251.000000 	252.522003 	263.362000 
7.700000 	123.855003 	251.000000 	252.522003 	263.362000 
7.800000 	123.855003 	251.000000 	252.522003 	263.362000 
7.900000 	123.855003 	251.000000 	252.522003 	263.362000 
8.000000 	123.855003 	251.000000 	252.522003 	263.362000 
8.100000 	123.855003 	251.000000 	252.522003 	263.362000 
8.200000 	123.855003 	251.000000 	252.522003 	263.362000 
8.300000 	123.855003 	251.000000 	252.522003 	263.362000 
8.400000 	123.855003 	251.000000 	252.522003 	263.362000 
8.500000 	124.400002 	251.000000 	252.182999 	263.412994 
8.600000 	124.400002 	251.000000 	252.182999 	263.412994 
8.700000 	124.400002 	251.000000 	252.182999 	263.412994 
8.800000 	124.400002 	251.000000 	252.182999 	263.412994 
8.900000 	124.400002 	251.000000 	252.182999 	263.412994 
9.000000 	124.400002 	251.000000 	252.182999 	263.412994 
9.100000 	124.400002 	251.000000 	252.182999 	263.412994 
9.200000 	124.400002 	251.000000 	252.182999 	263.412994 
9.300000 	124.400002 	251.000000 	252.182999 	263.412994 
9.400000 	124.400002 	251.000000 	252.182999 	263.412994 
9.500000 	124.797997 	251.000000 	251.936005 	263.464996 
9.600000 	124.797997 	251.000000 	251.936005 	263.464996 
9.700000 	124.797997 	251.000000 	251.936005 	263.464996 
9.800000 	124.797997 	251.000000 	251.936005 	263.464996 
9.900000 	124.797997 	251.000000 	251.936005 	263.464996 
10.000000 	124.797997 	251.000000 	251.936005 	263.464996 
10.100000 	124.797997 	251.000000 	251.936005 	263.464996 
10.200000 	124.797997 	251.000000 	251.936005 	263.464996 
10.300000 	124.797997 	251.000000 	251.936005 	263.464996 
10.400000 	124.797997 	251.000000 	251.936005 	263.464996 
10.500000 	125.097000 	251.000000 	251.750000 	263.516998 
10.600000 	125.097000 	251.000000 	251.750000 	263.516998 
10.700000 	125.097000 	251.000000 	251.750000 	263.516998 
10.800000 	125.097000 	251.000000 	251.750000 	263.516998 
10.900000 	125.097000 	251.000000 	251.750000 	263.516998 
11.000000 	125.097000 	251.000000 	251.750000 	263.516998 
11.100000 	125.097000 	251.000000 	251.750000 	263.516998 
11.200000 	125.097000 	251.000000 	251.750000 	263.516998 
11.300000 	125.097000 	251.000000 	251.750000 	263.516998 
11.400000 	125.097000 	251.000000 	251.750000 	263.516998 
11.500000 	125.328003 	251.000000 	251.608002 	263.572998 
11.600000 	125.328003 	251.000000 	251.608002 	263.572998 
11.700000 	125.328003 	251.000000 	251.608002 	263.572998 
11.800000 	125.328003 	251.000000 	251.608002 	263.572998 
11.900000 	125.328003 	251.000000 	251.608002 	263.572998 
12.000000 	125.328003 	251.000000 	251.608002 	263.572998 
12.100000 	125.328003 	251.000000 	251.608002 	263.572998 
12.200000 	125.328003 	251.000000 	251.608002 	263.572998 
12.300000 	125.328003 	251.000000 	251.608002 	263.572998 
12.400000 	125.328003 	251.000000 	251.608002 	263.572998 
12.500000 	125.511002 	251.000000 	251.496002 	263.628998 
12.600000 	125.511002 	251.000000 	251.496002 	263.628998 
12.700000 	125.511002 	251.000000 	251.496002 	263.628998 
12.800000 	125.511002 	251.000000 	251.496002 	263.628998 
12.900000 	125.511002 	251.000000 	251.496002 	263.628998 
13.000000 	125.511002 	251.000000 	251.496002 	263.628998 
13.100000 	125.511002 	251.000000 	251.496002 	263.628998 
13.200000 	125.511002 	251.000000 	251.496002 	263.628998 
13.300000 	125.511002 	251.000000 	251.496002 	263.628998 
13.400000 	125.511002 	251.000000 	251.496002 	263.628998 
13.500000 	125.657997 	251.000000 	251.406998 	263.687012 
13.600000 	125.657997 	251.000000 	251.406998 	263.687012 
13.700000 	125.657997 	251.000000 	251.406998 	263.687012 
13.800000 	125.657997 	251.000000 	251.406998 	263.687012 
13.900000 	125.657997 	251.000000 	251.406998 	263.687012 
14.000000 	125.657997 	251.000000 	251.406998 	263.687012 
14.100000 	125.657997 	251.000000 	251.406998 	263.687012 
14.200000 	125.657997 	251.000000 	251.406998 	263.687012 
14.300000 	125.657997 	251.000000 	251.406998 	263.687012 
14.400000 	125.657997 	251.000000 	251.406998 	263.687012 
14.500000 	125.778999 	251.000000 	251.334000 	263.747009 
14.600000 	125.778999 	251.000000 	251.334000 	263.747009 
14.700000 	125.778999 	251.000000 	251.334000 	263.747009 
14.800000 	125.778999 	251.000000 	251.334000 	263.747009 
14.900000 	125.778999 	251.000000 	251.334000 	263.747009 
15.000000 	125.778999 	251.000000 	251.334000 	263.747009 
15.100000 	125.778999 	251.000000 	251.334000 	263.747009 
15.200000 	125.778999 	251.000000 	251.334000 	263.747009 
15.300000 	125.778999 	251.000000 	251.334000 	263.747009 
15.400000 	125.778999 	251.000000 	251.334000 	263.747009 
15.500000 	125.878998 	251.000000 	251.274994 	263.808990 
15.600000 	125.878998 	251.000000 	251.274994 	263.808990 
15.700000 	125.878998 	251.000000 	251.274994 	263.808990 
15.800000 	125.878998 	251.000000 	251.274994 	263.808990 
15.900000 	125.878998 	251.000000 	251.274994 	263.808990 
16.000000 	125.878998 	251.000000 	251.274994 	263.808990 
16.100000 	125.878998 	251.000000 	251.274994 	263.808990 
16.200000 	125.878998 	251.000000 	251.274994 	263.808990 
16.300000 	125.878998 	251.000000 	251.274994 	263.808990 
16.400000 	125.878998 	251.000000 	251.274994 	263.808990 
16.500000 	125.963997 	251.000000 	251.225006 	263.872986 
16.600000 	125.963997 	251.000000 	251.225006 	263.872986 
16.700000 	125.963997 	251.000000 	251.225006 	263.872986 
16.800000 	125.963997 	251.000000 	251.225006 	263.872986 
16.900000 	125.963997 	251.000000 	251.225006 	263.872986 
17.000000 	125.963997 	251.000000 	251.225006 	263.872986 
17.100000 	125.963997 	251.000000 	251.225006 	263.872986 
17.200000 	125.963997 	251.000000 	251.225006 	263.872986 
17.300000 	125.963997 	251.000000 	251.225006 	263.872986 
17.400000 	125.963997 	251.000000 	251.225006 	263.872986 
17.500000 	126.036003 	251.000000 	251.182999 	263.940002 
17.600000 	126.036003 	251.000000 	251.182999 	263.940002 
17.700000 	126.036003 	251.000000 	251.182999 	263.940002 
17.800000 	126.036003 	251.000000 	251.182999 	263.940002 
17.900000 	126.036003 	251.000000 	251.182999 	263.940002 
18.000000 	126.036003 	251.000000 	251.182999 	263.940002 
18.100000 	126.036003 	251.000000 	251.182999 	263.940002 
18.200000 	126.036003 	251.000000 	251.182999 	263.940002 
18.300000 	126.036003 	251.000000 	251.182999 	263.940002 
18.400000 	126.036003 	251.000000 	251.182999 	263.940002 
18.500000 	126.098000 	251.000000 	251.147003 	264.007996 
18.600000 	126.098000 	251.000000 	251.147003 	264.007996 
18.700000 	126.098000 	251.000000 	251.147003 	264.007996 
18.800000 	126.098000 	251.000000 	251.147003 	264.007996 
18.900000 	126.098000 	251.000000 	251.147003 	264.007996 
19.000000 	126.098000 	251.000000 	251.147003 	264.007996 
19.100000 	126.098000 	251.000000 	251.147003 	264.007996 
19.200000 	126.098000 	251.000000 	251.147003 	264.007996 
19.300000 	126.098000 	251.000000 	251.147003 	264.007996 
19.400000 	126.098000 	251.000000 	251.147003 	264.007996 
19.500000 	126.152000 	251.000000 	251.115997 	264.078003 
19.600000 	126.152000 	251.000000 	251.115997 	264.078003 
19.700000 	126.152000 	251.000000 	251.115997 	264.078003 
19.800000 	126.152000 	251.000000 	251.115997 	264.078003 
19.900000 	126.152000 	251.000000 	251.115997 	264.078003 
20.000000 	126.152000 	251.000000 	251.115997 	264.078003 
20.100000 	126.152000 	251.000000 	251.115997 	264.078003 
20.200000 	126.152000 	251.000000 	251.115997 	264.078003 
20.300000 	126.152000 	251.000000 	251.115997 	264.078003 
20.400000 	126.152000 	251.000000 	251.115997 	264.078003 
20.500000 	126.199997 	251.000000 	251.089005 	264.149994 
20.600000 	126.199997 	251.000000 	251.089005 	264.149994 
20.700000 	126.199997 	251.000000 	251.089005 	264.149994 
20.800000 	126.199997 	251.000000 	251.089005 	264.149994 
20.900000 	126.199997 	251.000000 	251.089005 	264.149994 
21.000000 	126.199997 	251.000000 	251.089005 	264.149994 
21.100000 	126.199997 	251.000000 	251.089005 	264.149994 
21.200000 	126.199997 	251.000000 	251.089005 	264.149994 
21.300000 	126.199997 	251.000000 	251.089005 	264.149994 
21.400000 	126.199997 	251.000000 	251.089005 	264.149994 
21.500000 	126.241997 	251.000000 	251.065994 	264.222992 
21.600000 	126.241997 	251.000000 	251.065994 	264.222992 
21.700000 	126.241997 	251.000000 	251.065994 	264.222992 
21.800000 	126.241997 	251.000000 	251.065994 	264.222992 
21.900000 	126.241997 	251.000000 	251.065994 	264.222992 
22.000000 	126.241997 	251.000000 	251.065994 	264.222992 
22.100000 	126.241997 	251.000000 	251.065994 	264.222992 
22.200000 	126.241997 	251.000000 	251.065994 	264.222992 
22.300000 	126.241997 	251.000000 	251.065994 	264.222992 
22.400000 	126.241997 	251.000000 	251.065994 	264.222992 
22.500000 	126.278999 	251.000000 	251.044998 	264.298004 
22.600000 	126.278999 	251.000000 	251.044998 	264.298004 
22.700000 	126.278999 	251.000000 	251.044998 	264.298004 
22.800000 	126.278999 	251.000000 	251.044998 	264.298004 
22.900000 	126.278999 	251.000000 	251.044998 	264.298004 
23.000000 	126.278999 	251.000000 	251.044998 	264.298004 
23.100000 	126.278999 	251.000000 	251.044998 	264.298004 
23.200000 	126.278999 	251.000000 	251.044998 	264.298004 
23.300000 	126.278999 	251.000000 	251.044998 	264.298004 
23.400000 	126.278999 	251.000000 	251.044998 	264.298004 
23.500000 	126.313004 	251.000000 	251.026993 	264.375000 
23.600000 	126.313004 	251.000000 	251.026993 	264.375000 
23.700000 	126.313004 	251.000000 	251.026993 	264.375000 
23.800000 	126.313004 	251.000000 	251.026993 	264.375000 
23.900000 	126.313004 	251.000000 	251.026993 	264.375000 
24.000000 	126.313004 	251.000000 	251.026993 	264.375000 
24.100000 	126.313004 	251.000000 	251.026993 	264.375000 
24.200000 	126.313004 	251.000000 	251.026993 	264.375000 
24.300000 	126.313004 	251.000000 	251.026993 	264.375000 
24.400000 	126.313004 	251.000000 	251.026993 	264.375000 
24.500000 	126.343002 	251.000000 	251.011002 	264.453003 
24.600000 	126.343002 	251.000000 	251.011002 	264.453003 
24.700000 	126.343002 	251.000000 	251.011002 	264.453003 
24.800000 	126.343002 	251.000000 	251.011002 	264.453003 
24.900000 	126.343002 	251.000000 	251.011002 	264.453003 
25.000000 	126.343002 	251.000000 	251.011002 	264.453003 
25.100000 	126.343002 	251.000000 	251.011002 	264.453003 
25.200000 	126.343002 	251.000000 	251.011002 	264.453003 
25.300000 	126.343002 	251.000000 	251.011002 	264.453003 
25.400000 	126.343002 	251.000000 	251.011002 	264.453003 
25.500000 	126.370003 	251.000000 	250.996002 	264.532013 
25.600000 	126.370003 	251.000000 	250.996002 	264.532013 
25.700000 	126.370003 	251.000000 	250.996002 	264.532013 
25.800000 	126.370003 	251.000000 	250.996002 	264.532013 
25.900000 	126.370003 	251.000000 	250.996002 	264.532013 
26.000000 	126.370003 	251.000000 	250.996002 	264.532013 
26.100000 	126.370003 	251.000000 	250.996002 	264.532013 
26.200000 	126.370003 	251.000000 	250.996002 	264.532013 
26.300000 	126.370003 	251.000000 	250.996002 	264.532013 
26.400000 	126.370003 	251.000000 	250.996002 	264.532013 
26.500000 	126.393997 	251.000000 	250.983002 	264.613007 
26.600000 	126.393997 	251.000000 	250.983002 	264.613007 
26.700000 	126.393997 	251.000000 	250.983002 	264.613007 
26.800000 	126.393997 	251.000000 	250.983002 	264.613007 
26.900000 	126.393997 	251.000000 	250.983002 	264.613007 
27.000000 	126.393997 	251.000000 	250.983002 	264.613007 
27.100000 	126.393997 	251.000000 	250.983002 	264.613007 
27.200000 	126.393997 	251.000000 	250.983002 	264.613007 
27.300000 	126.393997 	251.000000 	250.983002 	264.613007 
27.400000 	126.393997 	251.000000 	250.983002 	264.613007 
27.500000 	126.416000 	251.000000 	250.970993 	264.695007 
27.600000 	126.416000 	251.000000 	250.970993 	264.695007 
27.700000 	126.416000 	251.000000 	250.970993 	264.695007 
27.800000 	126.416000 	251.000000 	250.970993 	264.695007 
27.900000 	126.416000 	251.000000 	250.970993 	264.695007 
28.000000 	126.416000 	251.000000 	250.970993 	264.695007 
28.100000 	126.416000 	251.000000 	250.970993 	264.695007 
28.200000 	126.416000 	251.000000 	250.970993 	264.695007 
28.300000 	126.416000 	251.000000 	250.970993 	264.695007 
28.400000 	126.416000 	251.000000 	250.970993 	264.695007 
28.500000 	126.435997 	251.000000 	250.960007 	264.778015 
28.600000 	126.435997 	251.000000 	250.960007 	264.778015 
28.700000 	126.435997 	251.000000 	250.960007 	264.778015 
28.800000 	126.435997 	251.000000 	250.960007 	264.778015 
28.900000 	126.435997 	251.000000 	250.960007 	264.778015 
29.000000 	126.435997 	251.000000 	250.960007 	264.778015 
29.100000 	126.435997 	251.000000 	250.960007 	264.778015 
29.200000 	126.435997 	251.000000 	250.960007 	264.778015 
29.300000 	126.435997 	251.000000 	250.960007 	264.778015 
29.400000 	126.435997 	251.000000 	250.960007 	264.778015 
29.500000 	126.453003 	251.000000 	250.949997 	264.862000 
29.600000 	126.453003 	251.000000 	250.949997 	264.862000 
29.700000 	126.453003 	251.000000 	250.949997 	264.862000 
29.800000 	126.453003 	251.000000 	250.949997 	264.862000 
29.900000 	126.453003 	251.000000 	250.949997 	264.862000 
30.000000 	126.453003 	251.000000 	250.949997 	264.862000 
30.100000 	126.453003 	251.000000 	250.949997 	264.862000 
30.200000 	126.453003 	251.000000 	250.949997 	264.862000 
30.300000 	126.453003 	251.000000 	250.949997 	264.862000 
30.400000 	126.453003 	251.000000 	250.949997 	264.862000 
30.500000 	126.469002 	251.000000 	250.940994 	264.946991 
30.600000 	126.469002 	251.000000 	250.940994 	264.946991 
30.700000 	126.469002 	251.000000 	250.940994 	264.946991 
30.800000 	126.469002 	251.000000 	250.940994 	264.946991 
30.900000 	126.469002 	251.000000 	250.940994 	264.946991 
31.000000 	126.469002 	251.000000 	250.940994 	264.946991 
31.100000 	126.469002 	251.000000 	250.940994 	264.946991 
31.200000 	126.469002 	251.000000 	250.940994 	264.946991 
31.300000 	126.469002 	251.000000 	250.940994 	264.946991 
31.400000 	126.469002 	251.000000 	250.940994 	264.946991 
31.500000 	126.484001 	251.000000 	250.932007 	265.032990 
31.600000 	126.484001 	251.000000 	250.932007 	265.032990 
31.700000 	126.484001 	251.000000 	250.932007 	265.032990 
31.800000 	126.484001 	251.000000 	250.932007 	265.032990 
31.900000 	126.484001 	251.000000 	250.932007 	265.032990 
32.000000 	126.484001 	251.000000 	250.932007 	265.032990 
32.100000 	126.484001 	251.000000 	250.932007 	265.032990 
32.200000 	126.484001 	251.000000 	250.932007 	265.032990 
32.300000 	126.484001 	251.000000 	250.932007 	265.032990 
32.400000 	126.484001 	251.000000 	250.932007 	265.032990 
32.500000 	126.496002 	251.000000 	250.923996 	265.118988 
32.600000 	126.496002 	251.000000 	250.923996 	265.118988 
32.700000 	126.496002 	251.000000 	250.923996 	265.118988 
32.800000 	126.496002 	251.000000 	250.923996 	265.118988 
32.900000 	126.496002 	251.000000 	250.923996 	265.118988 
33.000000 	126.496002 	251.000000 	250.923996 	265.118988 
33.100000 	126.496002 	251.000000 	250.923996 	265.118988 
33.200000 	126.496002 	251.000000 	250.923996 	265.118988 
33.300000 	126.496002 	251.000000 	250.923996 	265.118988 
33.400000 	126.496002 	251.000000 	250.923996 	265.118988 
33.500000 	126.507004 	251.000000 	250.917007 	265.207001 
33.600000 	126.507004 	251.000000 	250.917007 	265.207001 
33.700000 	126.507004 	251.000000 	250.917007 	265.207001 
33.800000 	126.507004 	251.000000 	250.917007 	265.207001 
33.900000 	126.507004 	251.000000 	250.917007 	265.207001 
34.000000 	126.507004 	251.000000 	250.917007 	265.207001 
34.100000 	126.507004 	251.000000 	250.917007 	265.207001 
34.200000 	126.507004 	251.000000 	250.917007 	265.207001 
34.300000 	126.507004 	251.000000 	250.917007 	265.207001 
34.400000 	126.507004 	251.000000 	250.917007 	265.207001 
34.500000 	126.515999 	251.000000 	250.908997 	265.295013 
34.600000 	126.515999 	251.000000 	250.908997 	265.295013 
34.700000 	126.515999 	251.000000 	250.908997 	265.295013 
34.800000 	126.515999 	251.000000 	250.908997 	265.295013 
34.900000 	126.515999 	251.000000 	250.908997 	265.295013 
35.000000 	126.515999 	251.000000 	250.908997 	265.295013 
35.100000 	126.515999 	251.000000 	250.908997 	265.295013 
35.200000 	126.515999 	251.000000 	250.908997 	265.295013 
35.300000 	126.515999 	251.000000 	250.908997 	265.295013 
35.400000 	126.515999 	251.000000 	250.908997 	265.295013 
35.500000 	126.524002 	251.000000 	250.903000 	265.384003 
35.600000 	126.524002 	251.000000 	250.903000 	265.384003 
35.700000 	126.524002 	251.000000 	250.903000 	265.384003 
35.800000 	126.524002 	251.000000 	250.903000 	265.384003 
35.900000 	126.524002 	251.000000 	250.903000 	265.384003 
36.000000 	126.524002 	251.000000 	250.903000 	265.384003 
36.100000 	126.524002 	251.000000 	250.903000 	265.384003 
36.200000 	126.524002 	251.000000 	250.903000 	265.384003 
36.300000 	126.524002 	251.000000 	250.903000 	265.384003 
36.400000 	126.524002 	251.000000 	250.903000 	265.384003 
36.500000 	126.529999 	251.000000 	250.895996 	265.472992 
36.600000 	126.529999 	251.000000 	250.895996 	265.472992 
36.700000 	126.529999 	251.000000 	250.895996 	265.472992 
36.800000 	126.529999 	251.000000 	250.895996 	265.472992 
36.900000 	126.529999 	251.000000 	250.895996 	265.472992 
37.000000 	126.529999 	251.000000 	250.895996 	265.472992 
37.100000 	126.529999 	251.000000 	250.895996 	265.472992 
37.200000 	126.529999 	251.000000 	250.895996 	265.472992 
37.300000 	126.529999 	251.000000 	250.895996 	265.472992 
37.400000 	126.529999 	251.000000 	250.895996 	265.472992 
37.500000 	126.533997 	251.000000 	250.889999 	265.562988 
37.600000 	126.533997 	251.000000 	250.889999 	265.562988 
37.700000 	126.533997 	251.000000 	250.889999 	265.562988 
37.800000 	126.533997 	251.000000 	250.889999 	265.562988 
37.900000 	126.533997 	251.000000 	250.889999 	265.562988 
38.000000 	126.533997 	251.000000 	250.889999 	265.562988 
38.100000 	126.533997 	251.000000 	250.889999 	265.562988 
38.200000 	126.533997 	251.000000 	250.889999 	265.562988 
38.300000 	126.533997 	251.000000 	250.889999 	265.562988 
38.400000 	126.533997 	251.000000 	250.889999 	265.562988 
38.500000 	126.536003 	251.000000 	250.884003 	265.653015 
38.600000 	126.536003 	251.000000 	250.884003 	265.653015 
38.700000 	126.536003 	251.000000 	250.884003 	265.653015 
38.800000 	126.536003 	251.000000 	250.884003 	265.653015 
38.900000 	126.536003 	251.000000 	250.884003 	265.653015 
39.000000 	126.536003 	251.000000 	250.884003 	265.653015 
39.100000 	126.536003 	251.000000 	250.884003 	265.653015 
39.200000 	126.536003 	251.000000 	250.884003 	265.653015 
39.300000 	126.536003 	251.000000 	250.884003 	265.653015 
39.400000 	126.536003 	251.000000 	250.884003 	265.653015 
39.500000 	126.536003 	251.000000 	250.878998 	265.743011 
39.600000 	126.536003 	251.000000 	250.878998 	265.743011 
39.700000 	126.536003 	251.000000 	250.878998 	265.743011 
39.800000 	126.536003 	251.000000 	250.878998 	265.743011 
39.900000 	126.536003 	251.000000 	250.878998 	265.743011 
40.000000 	126.536003 	251.000000 	250.878998 	265.743011 
40.100000 	126.536003 	251.000000 	250.878998 	265.743011 
40.200000 	126.536003 	251.000000 	250.878998 	265.743011 
40.300000 	126.536003 	251.000000 	250.878998 	265.743011 
40.400000 	126.536003 	251.000000 	250.878998 	265.743011 
40.500000 	126.535004 	251.000000 	250.873001 	265.834015 
40.600000 	126.535004 	251.000000 	250.873001 	265.834015 
40.700000 	126.535004 	251.000000 	250.873001 	265.834015 
40.800000 	126.535004 	251.000000 	250.873001 	265.834015 
40.900000 	126.535004 	251.000000 	250.873001 	265.834015 
41.000000 	126.535004 	251.000000 	250.873001 	265.834015 
41.100000 	126.535004 	251.000000 	250.873001 	265.834015 
41.200000 	126.535004 	251.000000 	250.873001 	265.834015 
41.300000 	126.535004 	251.000000 	250.873001 	265.834015 
41.400000 	126.535004 	251.000000 	250.873001 	265.834015 
41.500000 	126.530998 	251.000000 	250.867996 	265.924988 
41.600000 	126.530998 	251.000000 	250.867996 	265.924988 
41.700000 	126.530998 	251.000000 	250.867996 	265.924988 
41.800000 	126.530998 	251.000000 	250.867996 	265.924988 
41.900000 	126.530998 	251.000000 	250.867996 	265.924988 
42.000000 	126.530998 	251.000000 	250.867996 	265.924988 
42.100000 	126.530998 	251.000000 	250.867996 	265.924988 
42.200000 	126.530998 	251.000000 	250.867996 	265.924988 
42.300000 	126.530998 	251.000000 	250.867996 	265.924988 
42.400000 	126.530998 	251.000000 	250.867996 	265.924988 
42.500000 	126.525002 	251.000000 	250.862000 	266.016998 
42.600000 	126.525002 	251.000000 	250.862000 	266.016998 
42.700000 	126.525002 	251.000000 	250.862000 	266.016998 
42.800000 	126.525002 	251.000000 	250.862000 	266.016998 
42.900000 	126.525002 	251.000000 	250.862000 	266.016998 
43.000000 	126.525002 	251.000000 	250.862000 	266.016998 
43.100000 	126.525002 	251.000000 	250.862000 	266.016998 
43.200000 	126.525002 	251.000000 	250.862000 	266.016998 
43.300000 	126.525002 	251.000000 	250.862000 	266.016998 
43.400000 	126.525002 	251.000000 	250.862000 	266.016998 
43.500000 	126.516998 	251.000000 	250.856995 	266.108002 
43.600000 	126.516998 	251.000000 	250.856995 	266.108002 
43.700000 	126.516998 	251.000000 	250.856995 	266.108002 
43.800000 	126.516998 	251.000000 	250.856995 	266.108002 
43.900000 	126.516998 	251.000000 	250.856995 	266.108002 
44.000000 	126.516998 	251.000000 	250.856995 	266.108002 
44.100000 	126.516998 	251.000000 	250.856995 	266.108002 
44.200000 	126.516998 	251.000000 	250.856995 	266.108002 
44.300000 	126.516998 	251.000000 	250.856995 	266.108002 
44.400000 	126.516998 	251.000000 	250.856995 	266.108002 
44.500000 	126.504997 	251.000000 	250.852005 	266.200012 
44.600000 	126.504997 	251.000000 	250.852005 	266.200012 
44.700000 	126.504997 	251.000000 	250.852005 	266.200012 
44.800000 	126.504997 	251.000000 	250.852005 	266.200012 
44.900000 	126.504997 	251.000000 	250.852005 	266.200012 
45.000000 	126.504997 	251.000000 	250.852005 	266.200012 
45.100000 	126.504997 	251.000000 	250.852005 	266.200012 
45.200000 	126.504997 	251.000000 	250.852005 	266.200012 
45.300000 	126.504997 	251.000000 	250.852005 	266.200012 
45.400000 	126.504997 	251.000000 	250.852005 	266.200012 
45.500000 	126.490997 	251.000000 	250.847000 	266.290985 
45.600000 	126.490997 	251.000000 	250.847000 	266.290985 
45.700000 	126.490997 	251.000000 	250.847000 	266.290985 
45.800000 	126.490997 	251.000000 	250.847000 	266.290985 
45.900000 	126.490997 	251.000000 	250.847000 	266.290985 
46.000000 	126.490997 	251.000000 	250.847000 	266.290985 
46.100000 	126.490997 	251.000000 	250.847000 	266.290985 
46.200000 	126.490997 	251.000000 	250.847000 	266.290985 
46.300000 	126.490997 	251.000000 	250.847000 	266.290985 
46.400000 	126.490997 	251.000000 	250.847000 	266.290985 
46.500000 	126.473999 	251.000000 	250.841995 	266.382996 
46.600000 	126.473999 	251.000000 	250.841995 	266.382996 
46.700000 	126.473999 	251.000000 	250.841995 	266.382996 
46.800000 	126.473999 	251.000000 	250.841995 	266.382996 
46.900000 	126.473999 	251.000000 	250.841995 	266.382996 
47.000000 	126.473999 	251.000000 	250.841995 	266.382996 
47.100000 	126.473999 	251.000000 	250.841995 	266.382996 
47.200000 	126.473999 	251.000000 	250.841995 	266.382996 
47.300000 	126.473999 	251.000000 	250.841995 	266.382996 
47.400000 	126.473999 	251.000000 	250.841995 	266.382996 
47.500000 	126.453003 	251.000000 	250.837006 	266.475006 
47.600000 	126.453003 	251.000000 	250.837006 	266.475006 
47.700000 	126.453003 	251.000000 	250.837006 	266.475006 
47.800000 	126.453003 	251.000000 	250.837006 	266.475006 
47.900000 	126.453003 	251.000000 	250.837006 	266.475006 
48.000000 	126.453003 	251.000000 	250.837006 	266.475006 
48.100000 	126.453003 	251.000000 	250.837006 	266.475006 
48.200000 	126.453003 	251.000000 	250.837006 	266.475006 
48.300000 	126.453003 	251.000000 	250.837006 	266.475006 
48.400000 	126.453003 	251.000000 	250.837006 	266.475006 
48.500000 	126.428001 	251.000000 	250.832001 	266.566010 
48.600000 	126.428001 	251.000000 	250.832001 	266.566010 
48.700000 	126.428001 	251.000000 	250.832001 	266.566010 
48.800000 	126.428001 	251.000000 	250.832001 	266.566010 
48.900000 	126.428001 	251.000000 	250.832001 	266.566010 
49.000000 	126.428001 	251.000000 	250.832001 	266.566010 
49.100000 	126.428001 	251.000000 	250.832001 	266.566010 
49.200000 	126.428001 	251.000000 	250.832001 	266.566010 
49.300000 	126.428001 	251.000000 	250.832001 	266.566010 
49.400000 	126.428001 	251.000000 	250.832001 	266.566010 
49.500000 	126.398003 	251.000000 	250.826996 	266.657013 
49.600000 	126.398003 	251.000000 	250.826996 	266.657013 
49.700000 	126.398003 	251.000000 	250.826996 	266.657013 
49.800000 	126.398003 	251.000000 	250.826996 	266.657013 
49.900000 	126.398003 	251.000000 	250.826996 	266.657013 
50.000000 	126.398003 	251.000000 	250.826996 	266.657013 
50.100000 	126.398003 	251.000000 	250.826996 	266.657013 
50.200000 	126.398003 	251.000000 	250.826996 	266.657013 
50.300000 	126.398003 	251.000000 	250.826996 	266.657013 
50.400000 	126.398003 	251.000000 	250.826996 	266.657013 
50.500000 	126.363998 	251.000000 	250.822006 	266.747986 
50.600000 	126.363998 	251.000000 	250.822006 	266.747986 
50.700000 	126.363998 	251.000000 	250.822006 	266.747986 
50.800000 	126.363998 	251.000000 	250.822006 	266.747986 
50.900000 	126.363998 	251.000000 	250.822006 	266.747986 
51.000000 	126.363998 	251.000000 	250.822006 	266.747986 
51.100000 	126.363998 	251.000000 	250.822006 	266.747986 
51.200000 	126.363998 	251.000000 	250.822006 	266.747986 
51.300000 	126.363998 	251.000000 	250.822006 	266.747986 
51.400000 	126.363998 	251.000000 	250.822006 	266.747986 
51.500000 	126.322998 	251.000000 	250.817001 	266.838989 
51.600000 	126.322998 	251.000000 	250.817001 	266.838989 
51.700000 	126.322998 	251.000000 	250.817001 	266.838989 
51.800000 	126.322998 	251.000000 	250.817001 	266.838989 
51.900000 	126.322998 	251.000000 	250.817001 	266.838989 
52.000000 	126.322998 	251.000000 	250.817001 	266.838989 
52.100000 	126.322998 	251.000000 	250.817001 	266.838989 
52.200000 	126.322998 	251.000000 	250.817001 	266.838989 
52.300000 	126.322998 	251.000000 	250.817001 	266.838989 
52.400000 	126.322998 	251.000000 	250.817001 	266.838989 
52.500000 	126.277000 	251.000000 	250.811996 	266.929993 
52.600000 	126.277000 	251.000000 	250.811996 	266.929993 
52.700000 	126.277000 	251.000000 	250.811996 	266.929993 
52.800000 	126.277000 	251.000000 	250.811996 	266.929993 
52.900000 	126.277000 	251.000000 	250.811996 	266.929993 
53.000000 	126.277000 	251.000000 	250.811996 	266.929993 
53.100000 	126.277000 	251.000000 	250.811996 	266.929993 
53.200000 	126.277000 	251.000000 	250.811996 	266.929993 
53.300000 	126.277000 	251.000000 	250.811996 	266.929993 
53.400000 	126.277000 	251.000000 	250.811996 	266.929993 
53.500000 	126.222000 	251.000000 	250.806000 	267.019989 
53.600000 	126.222000 	251.000000 	250.806000 	267.019989 
53.700000 	126.222000 	251.000000 	250.806000 	267.019989 
53.800000 	126.222000 	251.000000 	250.806000 	267.019989 
53.900000 	126.222000 	251.000000 	250.806000 	267.019989 
54.000000 	126.222000 	251.000000 	250.806000 	267.019989 
54.100000 	126.222000 	251.000000 	250.806000 	267.019989 
54.200000 	126.222000 	251.000000 	250.806000 	267.019989 
54.300000 	126.222000 	251.000000 	250.806000 	267.019989 
54.400000 	126.222000 	251.000000 	250.806000 	267.019989 
54.500000 	126.158997 	251.000000 	250.800995 	267.109985 
54.600000 	126.158997 	251.000000 	250.800995 	267.109985 
54.700000 	126.158997 	251.000000 	250.800995 	267.109985 
54.800000 	126.158997 	251.000000 	250.800995 	267.109985 
54.900000 	126.158997 	251.000000 	250.800995 	267.109985 
55.000000 	126.158997 	251.000000 	250.800995 	267.109985 
55.100000 	126.158997 	251.000000 	250.800995 	267.109985 
55.200000 	126.158997 	251.000000 	250.800995 	267.109985 
55.300000 	126.158997 	251.000000 	250.800995 	267.109985 
55.400000 	126.158997 	251.000000 	250.800995 	267.109985 
55.500000 	126.084999 	251.000000 	250.796005 	267.199005 
55.600000 	126.084999 	251.000000 	250.796005 	267.199005 
55.700000 	126.084999 	251.000000 	250.796005 	267.199005 
55.800000 	126.084999 	251.000000 	250.796005 	267.199005 
55.900000 	126.084999 	251.000000 	250.796005 	267.199005 
56.000000 	126.084999 	251.000000 	250.796005 	267.199005 
56.100000 	126.084999 	251.000000 	250.796005 	267.199005 
56.200000 	126.084999 	251.000000 	250.796005 	267.199005 
56.300000 	126.084999 	251.000000 	250.796005 	267.199005 
56.400000 	126.084999 	251.000000 	250.796005 	267.199005 
56.500000 	125.999001 	251.000000 	250.791000 	267.287994 
56.600000 	125.999001 	251.000000 	250.791000 	267.287994 
56.700000 	125.999001 	251.000000 	250.791000 	267.287994 
56.800000 	125.999001 	251.000000 	250.791000 	267.287994 
56.900000 	125.999001 	251.000000 	250.791000 	267.287994 
57.000000 	125.999001 	251.000000 	250.791000 	267.287994 
57.100000 	125.999001 	251.000000 	250.791000 	267.287994 
57.200000 	125.999001 	251.000000 	250.791000 	267.287994 
57.300000 	125.999001 	251.000000 	250.791000 	267.287994 
57.400000 	125.999001 	251.000000 	250.791000 	267.287994 
57.500000 	125.898003 	251.000000 	250.785004 	267.376007 
57.600000 	125.898003 	251.000000 	250.785004 	267.376007 
57.700000 	125.898003 	251.000000 	250.785004 	267.376007 
57.800000 	125.898003 	251.000000 	250.785004 	267.376007 
57.900000 	125.898003 	251.000000 	250.785004 	267.376007 
58.000000 	125.898003 	251.000000 	250.785004 	267.376007 
58.100000 	125.898003 	251.000000 	250.785004 	267.376007 
58.200000 	125.898003 	251.000000 	250.785004 	267.376007 
58.300000 	125.898003 	251.000000 	250.785004 	267.376007 
58.400000 	125.898003 	251.000000 	250.785004 	267.376007 
58.500000 	125.778000 	251.000000 	250.779999 	267.463989 
58.600000 	125.778000 	251.000000 	250.779999 	267.463989 
58.700000 	125.778000 	251.000000 	250.779999 	267.463989 
58.800000 	125.778000 	251.000000 	250.779999 	267.463989 
58.900000 	125.778000 	251.000000 	250.779999 	267.463989 
59.000000 	125.778000 	251.000000 	250.779999 	267.463989 
59.100000 	125.778000 	251.000000 	250.779999 	267.463989 
59.200000 	125.778000 	251.000000 	250.779999 	267.463989 
59.300000 	125.778000 	251.000000 	250.779999 	267.463989 
59.400000 	125.778000 	251.000000 	250.779999 	267.463989 
59.500000 	125.633003 	251.000000 	250.774002 	267.550995 
59.600000 	125.633003 	251.000000 	250.774002 	267.550995 
59.700000 	125.633003 	251.000000 	250.774002 	267.550995 
59.800000 	125.633003 	251.000000 	250.774002 	267.550995 
59.900000 	125.633003 	251.000000 	250.774002 	267.550995 
60.000000 	125.633003 	251.000000 	250.774002 	267.550995 
