0.500000 	94.674202 	908.000000 	913.447021 	909.700989 
0.600000 	94.674202 	908.000000 	913.447021 	909.700989 
0.700000 	94.674202 	908.000000 	913.447021 	909.700989 
0.800000 	94.674202 	908.000000 	913.447021 	909.700989 
0.900000 	94.674202 	908.000000 	913.447021 	909.700989 
1.000000 	94.674202 	908.000000 	913.447021 	909.700989 
1.100000 	94.674202 	908.000000 	913.447021 	909.700989 
1.200000 	94.674202 	908.000000 	913.447021 	909.700989 
1.300000 	94.674202 	908.000000 	913.447021 	909.700989 
1.400000 	94.674202 	908.000000 	913.447021 	909.700989 
1.500000 	105.139000 	908.000000 	911.093994 	911.275024 
1.600000 	105.139000 	908.000000 	911.093994 	911.275024 
1.700000 	105.139000 	908.000000 	911.093994 	911.275024 
1.800000 	105.139000 	908.000000 	911.093994 	911.275024 
1.900000 	105.139000 	908.000000 	911.093994 	911.275024 
2.000000 	105.139000 	908.000000 	911.093994 	911.275024 
2.100000 	105.139000 	908.000000 	911.093994 	911.275024 
2.200000 	105.139000 	908.000000 	911.093994 	911.275024 
2.300000 	105.139000 	908.000000 	911.093994 	911.275024 
2.400000 	105.139000 	908.000000 	911.093994 	911.275024 
2.500000 	114.785004 	908.000000 	909.609985 	911.422974 
2.600000 	114.785004 	908.000000 	909.609985 	911.422974 
2.700000 	114.785004 	908.000000 	909.609985 	911.422974 
2.800000 	114.785004 	908.000000 	909.609985 	911.422974 
2.900000 	114.785004 	908.000000 	909.609985 	911.422974 
3.000000 	114.785004 	908.000000 	909.609985 	911.422974 
3.100000 	114.785004 	908.000000 	909.609985 	911.422974 
3.200000 	114.785004 	908.000000 	909.609985 	911.422974 
3.300000 	114.785004 	908.000000 	909.609985 	911.422974 
3.400000 	114.785004 	908.000000 	909.609985 	911.422974 
3.500000 	119.392998 	908.000000 	908.905029 	911.473999 
3.600000 	119.392998 	908.000000 	908.905029 	911.473999 
3.700000 	119.392998 	908.000000 	908.905029 	911.473999 
3.800000 	119.392998 	908.000000 	908.905029 	911.473999 
3.900000 	119.392998 	908.000000 	908.905029 	911.473999 
4.000000 	119.392998 	908.000000 	908.905029 	911.473999 
4.100000 	119.392998 	908.000000 	908.905029 	911.473999 
4.200000 	119.392998 	908.000000 	908.905029 	911.473999 
4.300000 	119.392998 	908.000000 	908.905029 	911.473999 
4.400000 	119.392998 	908.000000 	908.905029 	911.473999 
4.500000 	121.793999 	908.000000 	908.538025 	911.502014 
4.600000 	121.793999 	908.000000 	908.538025 	911.502014 
4.700000 	121.793999 	908.000000 	908.538025 	911.502014 
4.800000 	121.793999 	908.000000 	908.538025 	911.502014 
4.900000 	121.793999 	908.000000 	908.538025 	911.502014 
5.000000 	121.793999 	908.000000 	908.538025 	911.502014 
5.100000 	121.793999 	908.000000 	908.538025 	911.502014 
5.200000 	121.793999 	908.000000 	908.538025 	911.502014 
5.300000 	121.793999 	908.000000 	908.538025 	911.502014 
5.400000 	121.793999 	908.000000 	908.538025 	911.502014 
5.500000 	123.178001 	908.000000 	908.327026 	911.520020 
5.600000 	123.178001 	908.000000 	908.327026 	911.520020 
5.700000 	123.178001 	908.000000 	908.327026 	911.520020 
5.800000 	123.178001 	908.000000 	908.327026 	911.520020 
5.900000 	123.178001 	908.000000 	908.327026 	911.520020 
6.000000 	123.178001 	908.000000 	908.327026 	911.520020 
6.100000 	123.178001 	908.000000 	908.327026 	911.520020 
6.200000 	123.178001 	908.000000 	908.327026 	911.520020 
6.300000 	123.178001 	908.000000 	908.327026 	911.520020 
6.400000 	123.178001 	908.000000 	908.327026 	911.520020 
6.500000 	124.042000 	908.000000 	908.195984 	911.562012 
6.600000 	124.042000 	908.000000 	908.195984 	911.562012 
6.700000 	124.042000 	908.000000 	908.195984 	911.562012 
6.800000 	124.042000 	908.000000 	908.195984 	911.562012 
6.900000 	124.042000 	908.000000 	908.195984 	911.562012 
7.000000 	124.042000 	908.000000 	908.195984 	911.562012 
7.100000 	124.042000 	908.000000 	908.195984 	911.562012 
7.200000 	124.042000 	908.000000 	908.195984 	911.562012 
7.300000 	124.042000 	908.000000 	908.195984 	911.562012 
7.400000 	124.042000 	908.000000 	908.195984 	911.562012 
7.500000 	124.615997 	908.000000 	908.109009 	911.572998 
7.600000 	124.615997 	908.000000 	908.109009 	911.572998 
7.700000 	124.615997 	908.000000 	908.109009 	911.572998 
7.800000 	124.615997 	908.000000 	908.109009 	911.572998 
7.900000 	124.615997 	908.000000 	908.109009 	911.572998 
8.000000 	124.615997 	908.000000 	908.109009 	911.572998 
8.100000 	124.615997 	908.000000 	908.109009 	911.572998 
8.200000 	124.615997 	908.000000 	908.109009 	911.572998 
8.300000 	124.615997 	908.000000 	908.109009 	911.572998 
8.400000 	124.615997 	908.000000 	908.109009 	911.572998 
8.500000 	125.015999 	908.000000 	908.047974 	911.583008 
8.600000 	125.015999 	908.000000 	908.047974 	911.583008 
8.700000 	125.015999 	908.000000 	908.047974 	911.583008 
8.800000 	125.015999 	908.000000 	908.047974 	911.583008 
8.900000 	125.015999 	908.000000 	908.047974 	911.583008 
9.000000 	125.015999 	908.000000 	908.047974 	911.583008 
9.100000 	125.015999 	908.000000 	908.047974 	911.583008 
9.200000 	125.015999 	908.000000 	908.047974 	911.583008 
9.300000 	125.015999 	908.000000 	908.047974 	911.583008 
9.400000 	125.015999 	908.000000 	908.047974 	911.583008 
9.500000 	125.306999 	908.000000 	908.004028 	911.591980 
9.600000 	125.306999 	908.000000 	908.004028 	911.591980 
9.700000 	125.306999 	908.000000 	908.004028 	911.591980 
9.800000 	125.306999 	908.000000 	908.004028 	911.591980 
9.900000 	125.306999 	908.000000 	908.004028 	911.591980 
10.000000 	125.306999 	908.000000 	908.004028 	911.591980 
10.100000 	125.306999 	908.000000 	908.004028 	911.591980 
10.200000 	125.306999 	908.000000 	908.004028 	911.591980 
10.300000 	125.306999 	908.000000 	908.004028 	911.591980 
10.400000 	125.306999 	908.000000 	908.004028 	911.591980 
10.500000 	125.525002 	908.000000 	907.971008 	911.601013 
10.600000 	125.525002 	908.000000 	907.971008 	911.601013 
10.700000 	125.525002 	908.000000 	907.971008 	911.601013 
10.800000 	125.525002 	908.000000 	907.971008 	911.601013 
10.900000 	125.525002 	908.000000 	907.971008 	911.601013 
11.000000 	125.525002 	908.000000 	907.971008 	911.601013 
11.100000 	125.525002 	908.000000 	907.971008 	911.601013 
11.200000 	125.525002 	908.000000 	907.971008 	911.601013 
11.300000 	125.525002 	908.000000 	907.971008 	911.601013 
11.400000 	125.525002 	908.000000 	907.971008 	911.601013 
11.500000 	125.693001 	908.000000 	907.945984 	911.609985 
11.600000 	125.693001 	908.000000 	907.945984 	911.609985 
11.700000 	125.693001 	908.000000 	907.945984 	911.609985 
11.800000 	125.693001 	908.000000 	907.945984 	911.609985 
11.900000 	125.693001 	908.000000 	907.945984 	911.609985 
12.000000 	125.693001 	908.000000 	907.945984 	911.609985 
12.100000 	125.693001 	908.000000 	907.945984 	911.609985 
12.200000 	125.693001 	908.000000 	907.945984 	911.609985 
12.300000 	125.693001 	908.000000 	907.945984 	911.609985 
12.400000 	125.693001 	908.000000 	907.945984 	911.609985 
12.500000 	125.824997 	908.000000 	907.924988 	911.617981 
12.600000 	125.824997 	908.000000 	907.924988 	911.617981 
12.700000 	125.824997 	908.000000 	907.924988 	911.617981 
12.800000 	125.824997 	908.000000 	907.924988 	911.617981 
12.900000 	125.824997 	908.000000 	907.924988 	911.617981 
13.000000 	125.824997 	908.000000 	907.924988 	911.617981 
13.100000 	125.824997 	908.000000 	907.924988 	911.617981 
13.200000 	125.824997 	908.000000 	907.924988 	911.617981 
13.300000 	125.824997 	908.000000 	907.924988 	911.617981 
13.400000 	125.824997 	908.000000 	907.924988 	911.617981 
13.500000 	125.931999 	908.000000 	907.908020 	911.627014 
13.600000 	125.931999 	908.000000 	907.908020 	911.627014 
13.700000 	125.931999 	908.000000 	907.908020 	911.627014 
13.800000 	125.931999 	908.000000 	907.908020 	911.627014 
13.900000 	125.931999 	908.000000 	907.908020 	911.627014 
14.000000 	125.931999 	908.000000 	907.908020 	911.627014 
14.100000 	125.931999 	908.000000 	907.908020 	911.627014 
14.200000 	125.931999 	908.000000 	907.908020 	911.627014 
14.300000 	125.931999 	908.000000 	907.908020 	911.627014 
14.400000 	125.931999 	908.000000 	907.908020 	911.627014 
14.500000 	126.018997 	908.000000 	907.893982 	911.635010 
14.600000 	126.018997 	908.000000 	907.893982 	911.635010 
14.700000 	126.018997 	908.000000 	907.893982 	911.635010 
14.800000 	126.018997 	908.000000 	907.893982 	911.635010 
14.900000 	126.018997 	908.000000 	907.893982 	911.635010 
15.000000 	126.018997 	908.000000 	907.893982 	911.635010 
15.100000 	126.018997 	908.000000 	907.893982 	911.635010 
15.200000 	126.018997 	908.000000 	907.893982 	911.635010 
15.300000 	126.018997 	908.000000 	907.893982 	911.635010 
15.400000 	126.018997 	908.000000 	907.893982 	911.635010 
15.500000 	126.091003 	908.000000 	907.882019 	911.643982 
15.600000 	126.091003 	908.000000 	907.882019 	911.643982 
15.700000 	126.091003 	908.000000 	907.882019 	911.643982 
15.800000 	126.091003 	908.000000 	907.882019 	911.643982 
15.900000 	126.091003 	908.000000 	907.882019 	911.643982 
16.000000 	126.091003 	908.000000 	907.882019 	911.643982 
16.100000 	126.091003 	908.000000 	907.882019 	911.643982 
16.200000 	126.091003 	908.000000 	907.882019 	911.643982 
16.300000 	126.091003 	908.000000 	907.882019 	911.643982 
16.400000 	126.091003 	908.000000 	907.882019 	911.643982 
16.500000 	126.151001 	908.000000 	907.870972 	911.651978 
16.600000 	126.151001 	908.000000 	907.870972 	911.651978 
16.700000 	126.151001 	908.000000 	907.870972 	911.651978 
16.800000 	126.151001 	908.000000 	907.870972 	911.651978 
16.900000 	126.151001 	908.000000 	907.870972 	911.651978 
17.000000 	126.151001 	908.000000 	907.870972 	911.651978 
17.100000 	126.151001 	908.000000 	907.870972 	911.651978 
17.200000 	126.151001 	908.000000 	907.870972 	911.651978 
17.300000 	126.151001 	908.000000 	907.870972 	911.651978 
17.400000 	126.151001 	908.000000 	907.870972 	911.651978 
17.500000 	126.203003 	908.000000 	907.862000 	911.661011 
17.600000 	126.203003 	908.000000 	907.862000 	911.661011 
17.700000 	126.203003 	908.000000 	907.862000 	911.661011 
17.800000 	126.203003 	908.000000 	907.862000 	911.661011 
17.900000 	126.203003 	908.000000 	907.862000 	911.661011 
18.000000 	126.203003 	908.000000 	907.862000 	911.661011 
18.100000 	126.203003 	908.000000 	907.862000 	911.661011 
18.200000 	126.203003 	908.000000 	907.862000 	911.661011 
18.300000 	126.203003 	908.000000 	907.862000 	911.661011 
18.400000 	126.203003 	908.000000 	907.862000 	911.661011 
18.500000 	126.247002 	908.000000 	907.853027 	911.669006 
18.600000 	126.247002 	908.000000 	907.853027 	911.669006 
18.700000 	126.247002 	908.000000 	907.853027 	911.669006 
18.800000 	126.247002 	908.000000 	907.853027 	911.669006 
18.900000 	126.247002 	908.000000 	907.853027 	911.669006 
19.000000 	126.247002 	908.000000 	907.853027 	911.669006 
19.100000 	126.247002 	908.000000 	907.853027 	911.669006 
19.200000 	126.247002 	908.000000 	907.853027 	911.669006 
19.300000 	126.247002 	908.000000 	907.853027 	911.669006 
19.400000 	126.247002 	908.000000 	907.853027 	911.669006 
19.500000 	126.285004 	908.000000 	907.844971 	911.677979 
19.600000 	126.285004 	908.000000 	907.844971 	911.677979 
19.700000 	126.285004 	908.000000 	907.844971 	911.677979 
19.800000 	126.285004 	908.000000 	907.844971 	911.677979 
19.900000 	126.285004 	908.000000 	907.844971 	911.677979 
20.000000 	126.285004 	908.000000 	907.844971 	911.677979 
20.100000 	126.285004 	908.000000 	907.844971 	911.677979 
20.200000 	126.285004 	908.000000 	907.844971 	911.677979 
20.300000 	126.285004 	908.000000 	907.844971 	911.677979 
20.400000 	126.285004 	908.000000 	907.844971 	911.677979 
20.500000 	126.319000 	908.000000 	907.836975 	911.685974 
20.600000 	126.319000 	908.000000 	907.836975 	911.685974 
20.700000 	126.319000 	908.000000 	907.836975 	911.685974 
20.800000 	126.319000 	908.000000 	907.836975 	911.685974 
20.900000 	126.319000 	908.000000 	907.836975 	911.685974 
21.000000 	126.319000 	908.000000 	907.836975 	911.685974 
21.100000 	126.319000 	908.000000 	907.836975 	911.685974 
21.200000 	126.319000 	908.000000 	907.836975 	911.685974 
21.300000 	126.319000 	908.000000 	907.836975 	911.685974 
21.400000 	126.319000 	908.000000 	907.836975 	911.685974 
21.500000 	126.348000 	908.000000 	907.830017 	911.693970 
21.600000 	126.348000 	908.000000 	907.830017 	911.693970 
21.700000 	126.348000 	908.000000 	907.830017 	911.693970 
21.800000 	126.348000 	908.000000 	907.830017 	911.693970 
21.900000 	126.348000 	908.000000 	907.830017 	911.693970 
22.000000 	126.348000 	908.000000 	907.830017 	911.693970 
22.100000 	126.348000 	908.000000 	907.830017 	911.693970 
22.200000 	126.348000 	908.000000 	907.830017 	911.693970 
22.300000 	126.348000 	908.000000 	907.830017 	911.693970 
22.400000 	126.348000 	908.000000 	907.830017 	911.693970 
22.500000 	126.375000 	908.000000 	907.822021 	911.702026 
22.600000 	126.375000 	908.000000 	907.822021 	911.702026 
22.700000 	126.375000 	908.000000 	907.822021 	911.702026 
22.800000 	126.375000 	908.000000 	907.822021 	911.702026 
22.900000 	126.375000 	908.000000 	907.822021 	911.702026 
23.000000 	126.375000 	908.000000 	907.822021 	911.702026 
23.100000 	126.375000 	908.000000 	907.822021 	911.702026 
23.200000 	126.375000 	908.000000 	907.822021 	911.702026 
23.300000 	126.375000 	908.000000 	907.822021 	911.702026 
23.400000 	126.375000 	908.000000 	907.822021 	911.702026 
23.500000 	126.398003 	908.000000 	907.815002 	911.710022 
23.600000 	126.398003 	908.000000 	907.815002 	911.710022 
23.700000 	126.398003 	908.000000 	907.815002 	911.710022 
23.800000 	126.398003 	908.000000 	907.815002 	911.710022 
23.900000 	126.398003 	908.000000 	907.815002 	911.710022 
24.000000 	126.398003 	908.000000 	907.815002 	911.710022 
24.100000 	126.398003 	908.000000 	907.815002 	911.710022 
24.200000 	126.398003 	908.000000 	907.815002 	911.710022 
24.300000 	126.398003 	908.000000 	907.815002 	911.710022 
24.400000 	126.398003 	908.000000 	907.815002 	911.710022 
24.500000 	126.417999 	908.000000 	907.807983 	911.718018 
24.600000 	126.417999 	908.000000 	907.807983 	911.718018 
24.700000 	126.417999 	908.000000 	907.807983 	911.718018 
24.800000 	126.417999 	908.000000 	907.807983 	911.718018 
24.900000 	126.417999 	908.000000 	907.807983 	911.718018 
25.000000 	126.417999 	908.000000 	907.807983 	911.718018 
25.100000 	126.417999 	908.000000 	907.807983 	911.718018 
25.200000 	126.417999 	908.000000 	907.807983 	911.718018 
25.300000 	126.417999 	908.000000 	907.807983 	911.718018 
25.400000 	126.417999 	908.000000 	907.807983 	911.718018 
25.500000 	126.435997 	908.000000 	907.801025 	911.724976 
25.600000 	126.435997 	908.000000 	907.801025 	911.724976 
25.700000 	126.435997 	908.000000 	907.801025 	911.724976 
25.800000 	126.435997 	908.000000 	907.801025 	911.724976 
25.900000 	126.435997 	908.000000 	907.801025 	911.724976 
26.000000 	126.435997 	908.000000 	907.801025 	911.724976 
26.100000 	126.435997 	908.000000 	907.801025 	911.724976 
26.200000 	126.435997 	908.000000 	907.801025 	911.724976 
26.300000 	126.435997 	908.000000 	907.801025 	911.724976 
26.400000 	126.435997 	908.000000 	907.801025 	911.724976 
26.500000 	126.453003 	908.000000 	907.794983 	911.732971 
26.600000 	126.453003 	908.000000 	907.794983 	911.732971 
26.700000 	126.453003 	908.000000 	907.794983 	911.732971 
26.800000 	126.453003 	908.000000 	907.794983 	911.732971 
26.900000 	126.453003 	908.000000 	907.794983 	911.732971 
27.000000 	126.453003 	908.000000 	907.794983 	911.732971 
27.100000 	126.453003 	908.000000 	907.794983 	911.732971 
27.200000 	126.453003 	908.000000 	907.794983 	911.732971 
27.300000 	126.453003 	908.000000 	907.794983 	911.732971 
27.400000 	126.453003 	908.000000 	907.794983 	911.732971 
27.500000 	126.467003 	908.000000 	907.786987 	911.739990 
27.600000 	126.467003 	908.000000 	907.786987 	911.739990 
27.700000 	126.467003 	908.000000 	907.786987 	911.739990 
27.800000 	126.467003 	908.000000 	907.786987 	911.739990 
27.900000 	126.467003 	908.000000 	907.786987 	911.739990 
28.000000 	126.467003 	908.000000 	907.786987 	911.739990 
28.100000 	126.467003 	908.000000 	907.786987 	911.739990 
28.200000 	126.467003 	908.000000 	907.786987 	911.739990 
28.300000 	126.467003 	908.000000 	907.786987 	911.739990 
28.400000 	126.467003 	908.000000 	907.786987 	911.739990 
28.500000 	126.480003 	908.000000 	907.780029 	911.747009 
28.600000 	126.480003 	908.000000 	907.780029 	911.747009 
28.700000 	126.480003 	908.000000 	907.780029 	911.747009 
28.800000 	126.480003 	908.000000 	907.780029 	911.747009 
28.900000 	126.480003 	908.000000 	907.780029 	911.747009 
29.000000 	126.480003 	908.000000 	907.780029 	911.747009 
29.100000 	126.480003 	908.000000 	907.780029 	911.747009 
29.200000 	126.480003 	908.000000 	907.780029 	911.747009 
29.300000 	126.480003 	908.000000 	907.780029 	911.747009 
29.400000 	126.480003 	908.000000 	907.780029 	911.747009 
29.500000 	126.490997 	908.000000 	907.773010 	911.754028 
29.600000 	126.490997 	908.000000 	907.773010 	911.754028 
29.700000 	126.490997 	908.000000 	907.773010 	911.754028 
29.800000 	126.490997 	908.000000 	907.773010 	911.754028 
29.900000 	126.490997 	908.000000 	907.773010 	911.754028 
30.000000 	126.490997 	908.000000 	907.773010 	911.754028 
30.100000 	126.490997 	908.000000 	907.773010 	911.754028 
30.200000 	126.490997 	908.000000 	907.773010 	911.754028 
30.300000 	126.490997 	908.000000 	907.773010 	911.754028 
30.400000 	126.490997 	908.000000 	907.773010 	911.754028 
30.500000 	126.500999 	908.000000 	907.765991 	911.760010 
30.600000 	126.500999 	908.000000 	907.765991 	911.760010 
30.700000 	126.500999 	908.000000 	907.765991 	911.760010 
30.800000 	126.500999 	908.000000 	907.765991 	911.760010 
30.900000 	126.500999 	908.000000 	907.765991 	911.760010 
31.000000 	126.500999 	908.000000 	907.765991 	911.760010 
31.100000 	126.500999 	908.000000 	907.765991 	911.760010 
31.200000 	126.500999 	908.000000 	907.765991 	911.760010 
31.300000 	126.500999 	908.000000 	907.765991 	911.760010 
31.400000 	126.500999 	908.000000 	907.765991 	911.760010 
31.500000 	126.509003 	908.000000 	907.757996 	911.765991 
31.600000 	126.509003 	908.000000 	907.757996 	911.765991 
31.700000 	126.509003 	908.000000 	907.757996 	911.765991 
31.800000 	126.509003 	908.000000 	907.757996 	911.765991 
31.900000 	126.509003 	908.000000 	907.757996 	911.765991 
32.000000 	126.509003 	908.000000 	907.757996 	911.765991 
32.100000 	126.509003 	908.000000 	907.757996 	911.765991 
32.200000 	126.509003 	908.000000 	907.757996 	911.765991 
32.300000 	126.509003 	908.000000 	907.757996 	911.765991 
32.400000 	126.509003 	908.000000 	907.757996 	911.765991 
32.500000 	126.515999 	908.000000 	907.750000 	911.771973 
32.600000 	126.515999 	908.000000 	907.750000 	911.771973 
32.700000 	126.515999 	908.000000 	907.750000 	911.771973 
32.800000 	126.515999 	908.000000 	907.750000 	911.771973 
32.900000 	126.515999 	908.000000 	907.750000 	911.771973 
33.000000 	126.515999 	908.000000 	907.750000 	911.771973 
33.100000 	126.515999 	908.000000 	907.750000 	911.771973 
33.200000 	126.515999 	908.000000 	907.750000 	911.771973 
33.300000 	126.515999 	908.000000 	907.750000 	911.771973 
33.400000 	126.515999 	908.000000 	907.750000 	911.771973 
33.500000 	126.521004 	908.000000 	907.742004 	911.776978 
33.600000 	126.521004 	908.000000 	907.742004 	911.776978 
33.700000 	126.521004 	908.000000 	907.742004 	911.776978 
33.800000 	126.521004 	908.000000 	907.742004 	911.776978 
33.900000 	126.521004 	908.000000 	907.742004 	911.776978 
34.000000 	126.521004 	908.000000 	907.742004 	911.776978 
34.100000 	126.521004 	908.000000 	907.742004 	911.776978 
34.200000 	126.521004 	908.000000 	907.742004 	911.776978 
34.300000 	126.521004 	908.000000 	907.742004 	911.776978 
34.400000 	126.521004 	908.000000 	907.742004 	911.776978 
34.500000 	126.525002 	908.000000 	907.734009 	911.781982 
34.600000 	126.525002 	908.000000 	907.734009 	911.781982 
34.700000 	126.525002 	908.000000 	907.734009 	911.781982 
34.800000 	126.525002 	908.000000 	907.734009 	911.781982 
34.900000 	126.525002 	908.000000 	907.734009 	911.781982 
35.000000 	126.525002 	908.000000 	907.734009 	911.781982 
35.100000 	126.525002 	908.000000 	907.734009 	911.781982 
35.200000 	126.525002 	908.000000 	907.734009 	911.781982 
35.300000 	126.525002 	908.000000 	907.734009 	911.781982 
35.400000 	126.525002 	908.000000 	907.734009 	911.781982 
35.500000 	126.527000 	908.000000 	907.724976 	911.786987 
35.600000 	126.527000 	908.000000 	907.724976 	911.786987 
35.700000 	126.527000 	908.000000 	907.724976 	911.786987 
35.800000 	126.527000 	908.000000 	907.724976 	911.786987 
35.900000 	126.527000 	908.000000 	907.724976 	911.786987 
36.000000 	126.527000 	908.000000 	907.724976 	911.786987 
36.100000 	126.527000 	908.000000 	907.724976 	911.786987 
36.200000 	126.527000 	908.000000 	907.724976 	911.786987 
36.300000 	126.527000 	908.000000 	907.724976 	911.786987 
36.400000 	126.527000 	908.000000 	907.724976 	911.786987 
36.500000 	126.528000 	908.000000 	907.716003 	911.791016 
36.600000 	126.528000 	908.000000 	907.716003 	911.791016 
36.700000 	126.528000 	908.000000 	907.716003 	911.791016 
36.800000 	126.528000 	908.000000 	907.716003 	911.791016 
36.900000 	126.528000 	908.000000 	907.716003 	911.791016 
37.000000 	126.528000 	908.000000 	907.716003 	911.791016 
37.100000 	126.528000 	908.000000 	907.716003 	911.791016 
37.200000 	126.528000 	908.000000 	907.716003 	911.791016 
37.300000 	126.528000 	908.000000 	907.716003 	911.791016 
37.400000 	126.528000 	908.000000 	907.716003 	911.791016 
37.500000 	126.528000 	908.000000 	907.706970 	911.794983 
37.600000 	126.528000 	908.000000 	907.706970 	911.794983 
37.700000 	126.528000 	908.000000 	907.706970 	911.794983 
37.800000 	126.528000 	908.000000 	907.706970 	911.794983 
37.900000 	126.528000 	908.000000 	907.706970 	911.794983 
38.000000 	126.528000 	908.000000 	907.706970 	911.794983 
38.100000 	126.528000 	908.000000 	907.706970 	911.794983 
38.200000 	126.528000 	908.000000 	907.706970 	911.794983 
38.300000 	126.528000 	908.000000 	907.706970 	911.794983 
38.400000 	126.528000 	908.000000 	907.706970 	911.794983 
38.500000 	126.525002 	908.000000 	907.697998 	911.797974 
38.600000 	126.525002 	908.000000 	907.697998 	911.797974 
38.700000 	126.525002 	908.000000 	907.697998 	911.797974 
38.800000 	126.525002 	908.000000 	907.697998 	911.797974 
38.900000 	126.525002 	908.000000 	907.697998 	911.797974 
39.000000 	126.525002 	908.000000 	907.697998 	911.797974 
39.100000 	126.525002 	908.000000 	907.697998 	911.797974 
39.200000 	126.525002 	908.000000 	907.697998 	911.797974 
39.300000 	126.525002 	908.000000 	907.697998 	911.797974 
39.400000 	126.525002 	908.000000 	907.697998 	911.797974 
39.500000 	126.521004 	908.000000 	907.687988 	911.801025 
39.600000 	126.521004 	908.000000 	907.687988 	911.801025 
39.700000 	126.521004 	908.000000 	907.687988 	911.801025 
39.800000 	126.521004 	908.000000 	907.687988 	911.801025 
39.900000 	126.521004 	908.000000 	907.687988 	911.801025 
40.000000 	126.521004 	908.000000 	907.687988 	911.801025 
40.100000 	126.521004 	908.000000 	907.687988 	911.801025 
40.200000 	126.521004 	908.000000 	907.687988 	911.801025 
40.300000 	126.521004 	908.000000 	907.687988 	911.801025 
40.400000 	126.521004 	908.000000 	907.687988 	911.801025 
40.500000 	126.514999 	908.000000 	907.677002 	911.802979 
40.600000 	126.514999 	908.000000 	907.677002 	911.802979 
40.700000 	126.514999 	908.000000 	907.677002 	911.802979 
40.800000 	126.514999 	908.000000 	907.677002 	911.802979 
40.900000 	126.514999 	908.000000 	907.677002 	911.802979 
41.000000 	126.514999 	908.000000 	907.677002 	911.802979 
41.100000 	126.514999 	908.000000 	907.677002 	911.802979 
41.200000 	126.514999 	908.000000 	907.677002 	911.802979 
41.300000 	126.514999 	908.000000 	907.677002 	911.802979 
41.400000 	126.514999 	908.000000 	907.677002 	911.802979 
41.500000 	126.507004 	908.000000 	907.666992 	911.804993 
41.600000 	126.507004 	908.000000 	907.666992 	911.804993 
41.700000 	126.507004 	908.000000 	907.666992 	911.804993 
41.800000 	126.507004 	908.000000 	907.666992 	911.804993 
41.900000 	126.507004 	908.000000 	907.666992 	911.804993 
42.000000 	126.507004 	908.000000 	907.666992 	911.804993 
42.100000 	126.507004 	908.000000 	907.666992 	911.804993 
42.200000 	126.507004 	908.000000 	907.666992 	911.804993 
42.300000 	126.507004 	908.000000 	907.666992 	911.804993 
42.400000 	126.507004 	908.000000 	907.666992 	911.804993 
42.500000 	126.497002 	908.000000 	907.656006 	911.806030 
42.600000 	126.497002 	908.000000 	907.656006 	911.806030 
42.700000 	126.497002 	908.000000 	907.656006 	911.806030 
42.800000 	126.497002 	908.000000 	907.656006 	911.806030 
42.900000 	126.497002 	908.000000 	907.656006 	911.806030 
43.000000 	126.497002 	908.000000 	907.656006 	911.806030 
43.100000 	126.497002 	908.000000 	907.656006 	911.806030 
43.200000 	126.497002 	908.000000 	907.656006 	911.806030 
43.300000 	126.497002 	908.000000 	907.656006 	911.806030 
43.400000 	126.497002 	908.000000 	907.656006 	911.806030 
43.500000 	126.484001 	908.000000 	907.645020 	911.806030 
43.600000 	126.484001 	908.000000 	907.645020 	911.806030 
43.700000 	126.484001 	908.000000 	907.645020 	911.806030 
43.800000 	126.484001 	908.000000 	907.645020 	911.806030 
43.900000 	126.484001 	908.000000 	907.645020 	911.806030 
44.000000 	126.484001 	908.000000 	907.645020 	911.806030 
44.100000 	126.484001 	908.000000 	907.645020 	911.806030 
44.200000 	126.484001 	908.000000 	907.645020 	911.806030 
44.300000 	126.484001 	908.000000 	907.645020 	911.806030 
44.400000 	126.484001 	908.000000 	907.645020 	911.806030 
44.500000 	126.469002 	908.000000 	907.632996 	911.806030 
44.600000 	126.469002 	908.000000 	907.632996 	911.806030 
44.700000 	126.469002 	908.000000 	907.632996 	911.806030 
44.800000 	126.469002 	908.000000 	907.632996 	911.806030 
44.900000 	126.469002 	908.000000 	907.632996 	911.806030 
45.000000 	126.469002 	908.000000 	907.632996 	911.806030 
45.100000 	126.469002 	908.000000 	907.632996 	911.806030 
45.200000 	126.469002 	908.000000 	907.632996 	911.806030 
45.300000 	126.469002 	908.000000 	907.632996 	911.806030 
45.400000 	126.469002 	908.000000 	907.632996 	911.806030 
45.500000 	126.449997 	908.000000 	907.620972 	911.806030 
45.600000 	126.449997 	908.000000 	907.620972 	911.806030 
45.700000 	126.449997 	908.000000 	907.620972 	911.806030 
45.800000 	126.449997 	908.000000 	907.620972 	911.806030 
45.900000 	126.449997 	908.000000 	907.620972 	911.806030 
46.000000 	126.449997 	908.000000 	907.620972 	911.806030 
46.100000 	126.449997 	908.000000 	907.620972 	911.806030 
46.200000 	126.449997 	908.000000 	907.620972 	911.806030 
46.300000 	126.449997 	908.000000 	907.620972 	911.806030 
46.400000 	126.449997 	908.000000 	907.620972 	911.806030 
46.500000 	126.429001 	908.000000 	907.607971 	911.804993 
46.600000 	126.429001 	908.000000 	907.607971 	911.804993 
46.700000 	126.429001 	908.000000 	907.607971 	911.804993 
46.800000 	126.429001 	908.000000 	907.607971 	911.804993 
46.900000 	126.429001 	908.000000 	907.607971 	911.804993 
47.000000 	126.429001 	908.000000 	907.607971 	911.804993 
47.100000 	126.429001 	908.000000 	907.607971 	911.804993 
47.200000 	126.429001 	908.000000 	907.607971 	911.804993 
47.300000 	126.429001 	908.000000 	907.607971 	911.804993 
47.400000 	126.429001 	908.000000 	907.607971 	911.804993 
47.500000 	126.403999 	908.000000 	907.594971 	911.802979 
47.600000 	126.403999 	908.000000 	907.594971 	911.802979 
47.700000 	126.403999 	908.000000 	907.594971 	911.802979 
47.800000 	126.403999 	908.000000 	907.594971 	911.802979 
47.900000 	126.403999 	908.000000 	907.594971 	911.802979 
48.000000 	126.403999 	908.000000 	907.594971 	911.802979 
48.100000 	126.403999 	908.000000 	907.594971 	911.802979 
48.200000 	126.403999 	908.000000 	907.594971 	911.802979 
48.300000 	126.403999 	908.000000 	907.594971 	911.802979 
48.400000 	126.403999 	908.000000 	907.594971 	911.802979 
48.500000 	126.375000 	908.000000 	907.580994 	911.799988 
48.600000 	126.375000 	908.000000 	907.580994 	911.799988 
48.700000 	126.375000 	908.000000 	907.580994 	911.799988 
48.800000 	126.375000 	908.000000 	907.580994 	911.799988 
48.900000 	126.375000 	908.000000 	907.580994 	911.799988 
49.000000 	126.375000 	908.000000 	907.580994 	911.799988 
49.100000 	126.375000 	908.000000 	907.580994 	911.799988 
49.200000 	126.375000 	908.000000 	907.580994 	911.799988 
49.300000 	126.375000 	908.000000 	907.580994 	911.799988 
49.400000 	126.375000 	908.000000 	907.580994 	911.799988 
49.500000 	126.341003 	908.000000 	907.567017 	911.796997 
49.600000 	126.341003 	908.000000 	907.567017 	911.796997 
49.700000 	126.341003 	908.000000 	907.567017 	911.796997 
49.800000 	126.341003 	908.000000 	907.567017 	911.796997 
49.900000 	126.341003 	908.000000 	907.567017 	911.796997 
50.000000 	126.341003 	908.000000 	907.567017 	911.796997 
50.100000 	126.341003 	908.000000 	907.567017 	911.796997 
50.200000 	126.341003 	908.000000 	907.567017 	911.796997 
50.300000 	126.341003 	908.000000 	907.567017 	911.796997 
50.400000 	126.341003 	908.000000 	907.567017 	911.796997 
50.500000 	126.303001 	908.000000 	907.552002 	911.793030 
50.600000 	126.303001 	908.000000 	907.552002 	911.793030 
50.700000 	126.303001 	908.000000 	907.552002 	911.793030 
50.800000 	126.303001 	908.000000 	907.552002 	911.793030 
50.900000 	126.303001 	908.000000 	907.552002 	911.793030 
51.000000 	126.303001 	908.000000 	907.552002 	911.793030 
51.100000 	126.303001 	908.000000 	907.552002 	911.793030 
51.200000 	126.303001 	908.000000 	907.552002 	911.793030 
51.300000 	126.303001 	908.000000 	907.552002 	911.793030 
51.400000 	126.303001 	908.000000 	907.552002 	911.793030 
51.500000 	126.259003 	908.000000 	907.536987 	911.788025 
51.600000 	126.259003 	908.000000 	907.536987 	911.788025 
51.700000 	126.259003 	908.000000 	907.536987 	911.788025 
51.800000 	126.259003 	908.000000 	907.536987 	911.788025 
51.900000 	126.259003 	908.000000 	907.536987 	911.788025 
52.000000 	126.259003 	908.000000 	907.536987 	911.788025 
52.100000 	126.259003 	908.000000 	907.536987 	911.788025 
52.200000 	126.259003 	908.000000 	907.536987 	911.788025 
52.300000 	126.259003 	908.000000 	907.536987 	911.788025 
52.400000 	126.259003 	908.000000 	907.536987 	911.788025 
52.500000 	126.208000 	908.000000 	907.520996 	911.781982 
52.600000 	126.208000 	908.000000 	907.520996 	911.781982 
52.700000 	126.208000 	908.000000 	907.520996 	911.781982 
52.800000 	126.208000 	908.000000 	907.520996 	911.781982 
52.900000 	126.208000 	908.000000 	907.520996 	911.781982 
53.000000 	126.208000 	908.000000 	907.520996 	911.781982 
53.100000 	126.208000 	908.000000 	907.520996 	911.781982 
53.200000 	126.208000 	908.000000 	907.520996 	911.781982 
53.300000 	126.208000 	908.000000 	907.520996 	911.781982 
53.400000 	126.208000 	908.000000 	907.520996 	911.781982 
53.500000 	126.150002 	908.000000 	907.505005 	911.776001 
53.600000 	126.150002 	908.000000 	907.505005 	911.776001 
53.700000 	126.150002 	908.000000 	907.505005 	911.776001 
53.800000 	126.150002 	908.000000 	907.505005 	911.776001 
53.900000 	126.150002 	908.000000 	907.505005 	911.776001 
54.000000 	126.150002 	908.000000 	907.505005 	911.776001 
54.100000 	126.150002 	908.000000 	907.505005 	911.776001 
54.200000 	126.150002 	908.000000 	907.505005 	911.776001 
54.300000 	126.150002 	908.000000 	907.505005 	911.776001 
54.400000 	126.150002 	908.000000 	907.505005 	911.776001 
54.500000 	126.083000 	908.000000 	907.487976 	911.768982 
54.600000 	126.083000 	908.000000 	907.487976 	911.768982 
54.700000 	126.083000 	908.000000 	907.487976 	911.768982 
54.800000 	126.083000 	908.000000 	907.487976 	911.768982 
54.900000 	126.083000 	908.000000 	907.487976 	911.768982 
55.000000 	126.083000 	908.000000 	907.487976 	911.768982 
55.100000 	126.083000 	908.000000 	907.487976 	911.768982 
55.200000 	126.083000 	908.000000 	907.487976 	911.768982 
55.300000 	126.083000 	908.000000 	907.487976 	911.768982 
55.400000 	126.083000 	908.000000 	907.487976 	911.768982 
55.500000 	126.005997 	908.000000 	907.469971 	911.760986 
55.600000 	126.005997 	908.000000 	907.469971 	911.760986 
55.700000 	126.005997 	908.000000 	907.469971 	911.760986 
55.800000 	126.005997 	908.000000 	907.469971 	911.760986 
55.900000 	126.005997 	908.000000 	907.469971 	911.760986 
56.000000 	126.005997 	908.000000 	907.469971 	911.760986 
56.100000 	126.005997 	908.000000 	907.469971 	911.760986 
56.200000 	126.005997 	908.000000 	907.469971 	911.760986 
56.300000 	126.005997 	908.000000 	907.469971 	911.760986 
56.400000 	126.005997 	908.000000 	907.469971 	911.760986 
56.500000 	125.916000 	908.000000 	907.452026 	911.752014 
56.600000 	125.916000 	908.000000 	907.452026 	911.752014 
56.700000 	125.916000 	908.000000 	907.452026 	911.752014 
56.800000 	125.916000 	908.000000 	907.452026 	911.752014 
56.900000 	125.916000 	908.000000 	907.452026 	911.752014 
57.000000 	125.916000 	908.000000 	907.452026 	911.752014 
57.100000 	125.916000 	908.000000 	907.452026 	911.752014 
57.200000 	125.916000 	908.000000 	907.452026 	911.752014 
57.300000 	125.916000 	908.000000 	907.452026 	911.752014 
57.400000 	125.916000 	908.000000 	907.452026 	911.752014 
57.500000 	125.810997 	908.000000 	907.432983 	911.742004 
57.600000 	125.810997 	908.000000 	907.432983 	911.742004 
57.700000 	125.810997 	908.000000 	907.432983 	911.742004 
57.800000 	125.810997 	908.000000 	907.432983 	911.742004 
57.900000 	125.810997 	908.000000 	907.432983 	911.742004 
58.000000 	125.810997 	908.000000 	907.432983 	911.742004 
58.100000 	125.810997 	908.000000 	907.432983 	911.742004 
58.200000 	125.810997 	908.000000 	907.432983 	911.742004 
58.300000 	125.810997 	908.000000 	907.432983 	911.742004 
58.400000 	125.810997 	908.000000 	907.432983 	911.742004 
58.500000 	125.686996 	908.000000 	907.413025 	911.731995 
58.600000 	125.686996 	908.000000 	907.413025 	911.731995 
58.700000 	125.686996 	908.000000 	907.413025 	911.731995 
58.800000 	125.686996 	908.000000 	907.413025 	911.731995 
58.900000 	125.686996 	908.000000 	907.413025 	911.731995 
59.000000 	125.686996 	908.000000 	907.413025 	911.731995 
59.100000 	125.686996 	908.000000 	907.413025 	911.731995 
59.200000 	125.686996 	908.000000 	907.413025 	911.731995 
59.300000 	125.686996 	908.000000 	907.413025 	911.731995 
59.400000 	125.686996 	908.000000 	907.413025 	911.731995 
59.500000 	125.538002 	908.000000 	907.393005 	911.719971 
59.600000 	125.538002 	908.000000 	907.393005 	911.719971 
59.700000 	125.538002 	908.000000 	907.393005 	911.719971 
59.800000 	125.538002 	908.000000 	907.393005 	911.719971 
59.900000 	125.538002 	908.000000 	907.393005 	911.719971 
60.000000 	125.538002 	908.000000 	907.393005 	911.719971 
