0.500000 	92.326797 	313.000000 	342.947998 	321.165985 
0.600000 	92.326797 	313.000000 	342.947998 	321.165985 
0.700000 	92.326797 	313.000000 	342.947998 	321.165985 
0.800000 	92.326797 	313.000000 	342.947998 	321.165985 
0.900000 	92.326797 	313.000000 	342.947998 	321.165985 
1.000000 	92.326797 	313.000000 	342.947998 	321.165985 
1.100000 	92.326797 	313.000000 	342.947998 	321.165985 
1.200000 	92.326797 	313.000000 	342.947998 	321.165985 
1.300000 	92.326797 	313.000000 	342.947998 	321.165985 
1.400000 	92.326797 	313.000000 	342.947998 	321.165985 
1.500000 	102.220001 	313.000000 	326.351990 	322.622986 
1.600000 	102.220001 	313.000000 	326.351990 	322.622986 
1.700000 	102.220001 	313.000000 	326.351990 	322.622986 
1.800000 	102.220001 	313.000000 	326.351990 	322.622986 
1.900000 	102.220001 	313.000000 	326.351990 	322.622986 
2.000000 	102.220001 	313.000000 	326.351990 	322.622986 
2.100000 	102.220001 	313.000000 	326.351990 	322.622986 
2.200000 	102.220001 	313.000000 	326.351990 	322.622986 
2.300000 	102.220001 	313.000000 	326.351990 	322.622986 
2.400000 	102.220001 	313.000000 	326.351990 	322.622986 
2.500000 	112.749001 	313.000000 	320.235992 	322.852997 
2.600000 	112.749001 	313.000000 	320.235992 	322.852997 
2.700000 	112.749001 	313.000000 	320.235992 	322.852997 
2.800000 	112.749001 	313.000000 	320.235992 	322.852997 
2.900000 	112.749001 	313.000000 	320.235992 	322.852997 
3.000000 	112.749001 	313.000000 	320.235992 	322.852997 
3.100000 	112.749001 	313.000000 	320.235992 	322.852997 
3.200000 	112.749001 	313.000000 	320.235992 	322.852997 
3.300000 	112.749001 	313.000000 	320.235992 	322.852997 
3.400000 	112.749001 	313.000000 	320.235992 	322.852997 
3.500000 	118.015999 	313.000000 	317.398010 	322.940002 
3.600000 	118.015999 	313.000000 	317.398010 	322.940002 
3.700000 	118.015999 	313.000000 	317.398010 	322.940002 
3.800000 	118.015999 	313.000000 	317.398010 	322.940002 
3.900000 	118.015999 	313.000000 	317.398010 	322.940002 
4.000000 	118.015999 	313.000000 	317.398010 	322.940002 
4.100000 	118.015999 	313.000000 	317.398010 	322.940002 
4.200000 	118.015999 	313.000000 	317.398010 	322.940002 
4.300000 	118.015999 	313.000000 	317.398010 	322.940002 
4.400000 	118.015999 	313.000000 	317.398010 	322.940002 
4.500000 	120.822998 	313.000000 	315.904999 	322.989990 
4.600000 	120.822998 	313.000000 	315.904999 	322.989990 
4.700000 	120.822998 	313.000000 	315.904999 	322.989990 
4.800000 	120.822998 	313.000000 	315.904999 	322.989990 
4.900000 	120.822998 	313.000000 	315.904999 	322.989990 
5.000000 	120.822998 	313.000000 	315.904999 	322.989990 
5.100000 	120.822998 	313.000000 	315.904999 	322.989990 
5.200000 	120.822998 	313.000000 	315.904999 	322.989990 
5.300000 	120.822998 	313.000000 	315.904999 	322.989990 
5.400000 	120.822998 	313.000000 	315.904999 	322.989990 
5.500000 	122.460999 	313.000000 	315.037994 	323.028992 
5.600000 	122.460999 	313.000000 	315.037994 	323.028992 
5.700000 	122.460999 	313.000000 	315.037994 	323.028992 
5.800000 	122.460999 	313.000000 	315.037994 	323.028992 
5.900000 	122.460999 	313.000000 	315.037994 	323.028992 
6.000000 	122.460999 	313.000000 	315.037994 	323.028992 
6.100000 	122.460999 	313.000000 	315.037994 	323.028992 
6.200000 	122.460999 	313.000000 	315.037994 	323.028992 
6.300000 	122.460999 	313.000000 	315.037994 	323.028992 
6.400000 	122.460999 	313.000000 	315.037994 	323.028992 
6.500000 	123.490997 	313.000000 	314.493011 	323.062988 
6.600000 	123.490997 	313.000000 	314.493011 	323.062988 
6.700000 	123.490997 	313.000000 	314.493011 	323.062988 
6.800000 	123.490997 	313.000000 	314.493011 	323.062988 
6.900000 	123.490997 	313.000000 	314.493011 	323.062988 
7.000000 	123.490997 	313.000000 	314.493011 	323.062988 
7.100000 	123.490997 	313.000000 	314.493011 	323.062988 
7.200000 	123.490997 	313.000000 	314.493011 	323.062988 
7.300000 	123.490997 	313.000000 	314.493011 	323.062988 
7.400000 	123.490997 	313.000000 	314.493011 	323.062988 
7.500000 	124.179001 	313.000000 	314.130005 	323.096008 
7.600000 	124.179001 	313.000000 	314.130005 	323.096008 
7.700000 	124.179001 	313.000000 	314.130005 	323.096008 
7.800000 	124.179001 	313.000000 	314.130005 	323.096008 
7.900000 	124.179001 	313.000000 	314.130005 	323.096008 
8.000000 	124.179001 	313.000000 	314.130005 	323.096008 
8.100000 	124.179001 	313.000000 	314.130005 	323.096008 
8.200000 	124.179001 	313.000000 	314.130005 	323.096008 
8.300000 	124.179001 	313.000000 	314.130005 	323.096008 
8.400000 	124.179001 	313.000000 	314.130005 	323.096008 
8.500000 	124.662003 	313.000000 	313.876007 	323.131012 
8.600000 	124.662003 	313.000000 	313.876007 	323.131012 
8.700000 	124.662003 	313.000000 	313.876007 	323.131012 
8.800000 	124.662003 	313.000000 	313.876007 	323.131012 
8.900000 	124.662003 	313.000000 	313.876007 	323.131012 
9.000000 	124.662003 	313.000000 	313.876007 	323.131012 
9.100000 	124.662003 	313.000000 	313.876007 	323.131012 
9.200000 	124.662003 	313.000000 	313.876007 	323.131012 
9.300000 	124.662003 	313.000000 	313.876007 	323.131012 
9.400000 	124.662003 	313.000000 	313.876007 	323.131012 
9.500000 	125.012001 	313.000000 	313.691986 	323.167999 
9.600000 	125.012001 	313.000000 	313.691986 	323.167999 
9.700000 	125.012001 	313.000000 	313.691986 	323.167999 
9.800000 	125.012001 	313.000000 	313.691986 	323.167999 
9.900000 	125.012001 	313.000000 	313.691986 	323.167999 
10.000000 	125.012001 	313.000000 	313.691986 	323.167999 
10.100000 	125.012001 	313.000000 	313.691986 	323.167999 
10.200000 	125.012001 	313.000000 	313.691986 	323.167999 
10.300000 	125.012001 	313.000000 	313.691986 	323.167999 
10.400000 	125.012001 	313.000000 	313.691986 	323.167999 
10.500000 	125.276001 	313.000000 	313.554993 	323.204987 
10.600000 	125.276001 	313.000000 	313.554993 	323.204987 
10.700000 	125.276001 	313.000000 	313.554993 	323.204987 
10.800000 	125.276001 	313.000000 	313.554993 	323.204987 
10.900000 	125.276001 	313.000000 	313.554993 	323.204987 
11.000000 	125.276001 	313.000000 	313.554993 	323.204987 
11.100000 	125.276001 	313.000000 	313.554993 	323.204987 
11.200000 	125.276001 	313.000000 	313.554993 	323.204987 
11.300000 	125.276001 	313.000000 	313.554993 	323.204987 
11.400000 	125.276001 	313.000000 	313.554993 	323.204987 
11.500000 	125.480003 	313.000000 	313.449005 	323.243988 
11.600000 	125.480003 	313.000000 	313.449005 	323.243988 
11.700000 	125.480003 	313.000000 	313.449005 	323.243988 
11.800000 	125.480003 	313.000000 	313.449005 	323.243988 
11.900000 	125.480003 	313.000000 	313.449005 	323.243988 
12.000000 	125.480003 	313.000000 	313.449005 	323.243988 
12.100000 	125.480003 	313.000000 	313.449005 	323.243988 
12.200000 	125.480003 	313.000000 	313.449005 	323.243988 
12.300000 	125.480003 	313.000000 	313.449005 	323.243988 
12.400000 	125.480003 	313.000000 	313.449005 	323.243988 
12.500000 	125.639999 	313.000000 	313.365997 	323.285004 
12.600000 	125.639999 	313.000000 	313.365997 	323.285004 
12.700000 	125.639999 	313.000000 	313.365997 	323.285004 
12.800000 	125.639999 	313.000000 	313.365997 	323.285004 
12.900000 	125.639999 	313.000000 	313.365997 	323.285004 
13.000000 	125.639999 	313.000000 	313.365997 	323.285004 
13.100000 	125.639999 	313.000000 	313.365997 	323.285004 
13.200000 	125.639999 	313.000000 	313.365997 	323.285004 
13.300000 	125.639999 	313.000000 	313.365997 	323.285004 
13.400000 	125.639999 	313.000000 	313.365997 	323.285004 
13.500000 	125.769997 	313.000000 	313.299988 	323.326996 
13.600000 	125.769997 	313.000000 	313.299988 	323.326996 
13.700000 	125.769997 	313.000000 	313.299988 	323.326996 
13.800000 	125.769997 	313.000000 	313.299988 	323.326996 
13.900000 	125.769997 	313.000000 	313.299988 	323.326996 
14.000000 	125.769997 	313.000000 	313.299988 	323.326996 
14.100000 	125.769997 	313.000000 	313.299988 	323.326996 
14.200000 	125.769997 	313.000000 	313.299988 	323.326996 
14.300000 	125.769997 	313.000000 	313.299988 	323.326996 
14.400000 	125.769997 	313.000000 	313.299988 	323.326996 
14.500000 	125.875000 	313.000000 	313.247009 	323.371002 
14.600000 	125.875000 	313.000000 	313.247009 	323.371002 
14.700000 	125.875000 	313.000000 	313.247009 	323.371002 
14.800000 	125.875000 	313.000000 	313.247009 	323.371002 
14.900000 	125.875000 	313.000000 	313.247009 	323.371002 
15.000000 	125.875000 	313.000000 	313.247009 	323.371002 
15.100000 	125.875000 	313.000000 	313.247009 	323.371002 
15.200000 	125.875000 	313.000000 	313.247009 	323.371002 
15.300000 	125.875000 	313.000000 	313.247009 	323.371002 
15.400000 	125.875000 	313.000000 	313.247009 	323.371002 
15.500000 	125.963997 	313.000000 	313.201996 	323.416992 
15.600000 	125.963997 	313.000000 	313.201996 	323.416992 
15.700000 	125.963997 	313.000000 	313.201996 	323.416992 
15.800000 	125.963997 	313.000000 	313.201996 	323.416992 
15.900000 	125.963997 	313.000000 	313.201996 	323.416992 
16.000000 	125.963997 	313.000000 	313.201996 	323.416992 
16.100000 	125.963997 	313.000000 	313.201996 	323.416992 
16.200000 	125.963997 	313.000000 	313.201996 	323.416992 
16.300000 	125.963997 	313.000000 	313.201996 	323.416992 
16.400000 	125.963997 	313.000000 	313.201996 	323.416992 
16.500000 	126.038002 	313.000000 	313.165985 	323.464996 
16.600000 	126.038002 	313.000000 	313.165985 	323.464996 
16.700000 	126.038002 	313.000000 	313.165985 	323.464996 
16.800000 	126.038002 	313.000000 	313.165985 	323.464996 
16.900000 	126.038002 	313.000000 	313.165985 	323.464996 
17.000000 	126.038002 	313.000000 	313.165985 	323.464996 
17.100000 	126.038002 	313.000000 	313.165985 	323.464996 
17.200000 	126.038002 	313.000000 	313.165985 	323.464996 
17.300000 	126.038002 	313.000000 	313.165985 	323.464996 
17.400000 	126.038002 	313.000000 	313.165985 	323.464996 
17.500000 	126.100998 	313.000000 	313.134003 	323.514008 
17.600000 	126.100998 	313.000000 	313.134003 	323.514008 
17.700000 	126.100998 	313.000000 	313.134003 	323.514008 
17.800000 	126.100998 	313.000000 	313.134003 	323.514008 
17.900000 	126.100998 	313.000000 	313.134003 	323.514008 
18.000000 	126.100998 	313.000000 	313.134003 	323.514008 
18.100000 	126.100998 	313.000000 	313.134003 	323.514008 
18.200000 	126.100998 	313.000000 	313.134003 	323.514008 
18.300000 	126.100998 	313.000000 	313.134003 	323.514008 
18.400000 	126.100998 	313.000000 	313.134003 	323.514008 
18.500000 	126.155998 	313.000000 	313.108002 	323.565002 
18.600000 	126.155998 	313.000000 	313.108002 	323.565002 
18.700000 	126.155998 	313.000000 	313.108002 	323.565002 
18.800000 	126.155998 	313.000000 	313.108002 	323.565002 
18.900000 	126.155998 	313.000000 	313.108002 	323.565002 
19.000000 	126.155998 	313.000000 	313.108002 	323.565002 
19.100000 	126.155998 	313.000000 	313.108002 	323.565002 
19.200000 	126.155998 	313.000000 	313.108002 	323.565002 
19.300000 	126.155998 	313.000000 	313.108002 	323.565002 
19.400000 	126.155998 	313.000000 	313.108002 	323.565002 
19.500000 	126.203003 	313.000000 	313.084991 	323.618011 
19.600000 	126.203003 	313.000000 	313.084991 	323.618011 
19.700000 	126.203003 	313.000000 	313.084991 	323.618011 
19.800000 	126.203003 	313.000000 	313.084991 	323.618011 
19.900000 	126.203003 	313.000000 	313.084991 	323.618011 
20.000000 	126.203003 	313.000000 	313.084991 	323.618011 
20.100000 	126.203003 	313.000000 	313.084991 	323.618011 
20.200000 	126.203003 	313.000000 	313.084991 	323.618011 
20.300000 	126.203003 	313.000000 	313.084991 	323.618011 
20.400000 	126.203003 	313.000000 	313.084991 	323.618011 
20.500000 	126.245003 	313.000000 	313.065002 	323.670990 
20.600000 	126.245003 	313.000000 	313.065002 	323.670990 
20.700000 	126.245003 	313.000000 	313.065002 	323.670990 
20.800000 	126.245003 	313.000000 	313.065002 	323.670990 
20.900000 	126.245003 	313.000000 	313.065002 	323.670990 
21.000000 	126.245003 	313.000000 	313.065002 	323.670990 
21.100000 	126.245003 	313.000000 	313.065002 	323.670990 
21.200000 	126.245003 	313.000000 	313.065002 	323.670990 
21.300000 	126.245003 	313.000000 	313.065002 	323.670990 
21.400000 	126.245003 	313.000000 	313.065002 	323.670990 
21.500000 	126.281998 	313.000000 	313.048004 	323.726013 
21.600000 	126.281998 	313.000000 	313.048004 	323.726013 
21.700000 	126.281998 	313.000000 	313.048004 	323.726013 
21.800000 	126.281998 	313.000000 	313.048004 	323.726013 
21.900000 	126.281998 	313.000000 	313.048004 	323.726013 
22.000000 	126.281998 	313.000000 	313.048004 	323.726013 
22.100000 	126.281998 	313.000000 	313.048004 	323.726013 
22.200000 	126.281998 	313.000000 	313.048004 	323.726013 
22.300000 	126.281998 	313.000000 	313.048004 	323.726013 
22.400000 	126.281998 	313.000000 	313.048004 	323.726013 
22.500000 	126.315002 	313.000000 	313.032990 	323.782990 
22.600000 	126.315002 	313.000000 	313.032990 	323.782990 
22.700000 	126.315002 	313.000000 	313.032990 	323.782990 
22.800000 	126.315002 	313.000000 	313.032990 	323.782990 
22.900000 	126.315002 	313.000000 	313.032990 	323.782990 
23.000000 	126.315002 	313.000000 	313.032990 	323.782990 
23.100000 	126.315002 	313.000000 	313.032990 	323.782990 
23.200000 	126.315002 	313.000000 	313.032990 	323.782990 
23.300000 	126.315002 	313.000000 	313.032990 	323.782990 
23.400000 	126.315002 	313.000000 	313.032990 	323.782990 
23.500000 	126.344002 	313.000000 	313.019012 	323.839996 
23.600000 	126.344002 	313.000000 	313.019012 	323.839996 
23.700000 	126.344002 	313.000000 	313.019012 	323.839996 
23.800000 	126.344002 	313.000000 	313.019012 	323.839996 
23.900000 	126.344002 	313.000000 	313.019012 	323.839996 
24.000000 	126.344002 	313.000000 	313.019012 	323.839996 
24.100000 	126.344002 	313.000000 	313.019012 	323.839996 
24.200000 	126.344002 	313.000000 	313.019012 	323.839996 
24.300000 	126.344002 	313.000000 	313.019012 	323.839996 
24.400000 	126.344002 	313.000000 	313.019012 	323.839996 
24.500000 	126.370003 	313.000000 	313.006989 	323.898987 
24.600000 	126.370003 	313.000000 	313.006989 	323.898987 
24.700000 	126.370003 	313.000000 	313.006989 	323.898987 
24.800000 	126.370003 	313.000000 	313.006989 	323.898987 
24.900000 	126.370003 	313.000000 	313.006989 	323.898987 
25.000000 	126.370003 	313.000000 	313.006989 	323.898987 
25.100000 	126.370003 	313.000000 	313.006989 	323.898987 
25.200000 	126.370003 	313.000000 	313.006989 	323.898987 
25.300000 	126.370003 	313.000000 	313.006989 	323.898987 
25.400000 	126.370003 	313.000000 	313.006989 	323.898987 
25.500000 	126.393997 	313.000000 	312.996002 	323.958008 
25.600000 	126.393997 	313.000000 	312.996002 	323.958008 
25.700000 	126.393997 	313.000000 	312.996002 	323.958008 
25.800000 	126.393997 	313.000000 	312.996002 	323.958008 
25.900000 	126.393997 	313.000000 	312.996002 	323.958008 
26.000000 	126.393997 	313.000000 	312.996002 	323.958008 
26.100000 	126.393997 	313.000000 	312.996002 	323.958008 
26.200000 	126.393997 	313.000000 	312.996002 	323.958008 
26.300000 	126.393997 	313.000000 	312.996002 	323.958008 
26.400000 	126.393997 	313.000000 	312.996002 	323.958008 
26.500000 	126.415001 	313.000000 	312.985992 	324.019012 
26.600000 	126.415001 	313.000000 	312.985992 	324.019012 
26.700000 	126.415001 	313.000000 	312.985992 	324.019012 
26.800000 	126.415001 	313.000000 	312.985992 	324.019012 
26.900000 	126.415001 	313.000000 	312.985992 	324.019012 
27.000000 	126.415001 	313.000000 	312.985992 	324.019012 
27.100000 	126.415001 	313.000000 	312.985992 	324.019012 
27.200000 	126.415001 	313.000000 	312.985992 	324.019012 
27.300000 	126.415001 	313.000000 	312.985992 	324.019012 
27.400000 	126.415001 	313.000000 	312.985992 	324.019012 
27.500000 	126.433998 	313.000000 	312.976990 	324.079987 
27.600000 	126.433998 	313.000000 	312.976990 	324.079987 
27.700000 	126.433998 	313.000000 	312.976990 	324.079987 
27.800000 	126.433998 	313.000000 	312.976990 	324.079987 
27.900000 	126.433998 	313.000000 	312.976990 	324.079987 
28.000000 	126.433998 	313.000000 	312.976990 	324.079987 
28.100000 	126.433998 	313.000000 	312.976990 	324.079987 
28.200000 	126.433998 	313.000000 	312.976990 	324.079987 
28.300000 	126.433998 	313.000000 	312.976990 	324.079987 
28.400000 	126.433998 	313.000000 	312.976990 	324.079987 
28.500000 	126.450996 	313.000000 	312.967987 	324.143005 
28.600000 	126.450996 	313.000000 	312.967987 	324.143005 
28.700000 	126.450996 	313.000000 	312.967987 	324.143005 
28.800000 	126.450996 	313.000000 	312.967987 	324.143005 
28.900000 	126.450996 	313.000000 	312.967987 	324.143005 
29.000000 	126.450996 	313.000000 	312.967987 	324.143005 
29.100000 	126.450996 	313.000000 	312.967987 	324.143005 
29.200000 	126.450996 	313.000000 	312.967987 	324.143005 
29.300000 	126.450996 	313.000000 	312.967987 	324.143005 
29.400000 	126.450996 	313.000000 	312.967987 	324.143005 
29.500000 	126.467003 	313.000000 	312.960999 	324.205994 
29.600000 	126.467003 	313.000000 	312.960999 	324.205994 
29.700000 	126.467003 	313.000000 	312.960999 	324.205994 
29.800000 	126.467003 	313.000000 	312.960999 	324.205994 
29.900000 	126.467003 	313.000000 	312.960999 	324.205994 
30.000000 	126.467003 	313.000000 	312.960999 	324.205994 
30.100000 	126.467003 	313.000000 	312.960999 	324.205994 
30.200000 	126.467003 	313.000000 	312.960999 	324.205994 
30.300000 	126.467003 	313.000000 	312.960999 	324.205994 
30.400000 	126.467003 	313.000000 	312.960999 	324.205994 
30.500000 	126.480003 	313.000000 	312.953003 	324.269989 
30.600000 	126.480003 	313.000000 	312.953003 	324.269989 
30.700000 	126.480003 	313.000000 	312.953003 	324.269989 
30.800000 	126.480003 	313.000000 	312.953003 	324.269989 
30.900000 	126.480003 	313.000000 	312.953003 	324.269989 
31.000000 	126.480003 	313.000000 	312.953003 	324.269989 
31.100000 	126.480003 	313.000000 	312.953003 	324.269989 
31.200000 	126.480003 	313.000000 	312.953003 	324.269989 
31.300000 	126.480003 	313.000000 	312.953003 	324.269989 
31.400000 	126.480003 	313.000000 	312.953003 	324.269989 
31.500000 	126.492996 	313.000000 	312.946991 	324.334015 
31.600000 	126.492996 	313.000000 	312.946991 	324.334015 
31.700000 	126.492996 	313.000000 	312.946991 	324.334015 
31.800000 	126.492996 	313.000000 	312.946991 	324.334015 
31.900000 	126.492996 	313.000000 	312.946991 	324.334015 
32.000000 	126.492996 	313.000000 	312.946991 	324.334015 
32.100000 	126.492996 	313.000000 	312.946991 	324.334015 
32.200000 	126.492996 	313.000000 	312.946991 	324.334015 
32.300000 	126.492996 	313.000000 	312.946991 	324.334015 
32.400000 	126.492996 	313.000000 	312.946991 	324.334015 
32.500000 	126.502998 	313.000000 	312.940002 	324.398987 
32.600000 	126.502998 	313.000000 	312.940002 	324.398987 
32.700000 	126.502998 	313.000000 	312.940002 	324.398987 
32.800000 	126.502998 	313.000000 	312.940002 	324.398987 
32.900000 	126.502998 	313.000000 	312.940002 	324.398987 
33.000000 	126.502998 	313.000000 	312.940002 	324.398987 
33.100000 	126.502998 	313.000000 	312.940002 	324.398987 
33.200000 	126.502998 	313.000000 	312.940002 	324.398987 
33.300000 	126.502998 	313.000000 	312.940002 	324.398987 
33.400000 	126.502998 	313.000000 	312.940002 	324.398987 
33.500000 	126.512001 	313.000000 	312.933990 	324.464996 
33.600000 	126.512001 	313.000000 	312.933990 	324.464996 
33.700000 	126.512001 	313.000000 	312.933990 	324.464996 
33.800000 	126.512001 	313.000000 	312.933990 	324.464996 
33.900000 	126.512001 	313.000000 	312.933990 	324.464996 
34.000000 	126.512001 	313.000000 	312.933990 	324.464996 
34.100000 	126.512001 	313.000000 	312.933990 	324.464996 
34.200000 	126.512001 	313.000000 	312.933990 	324.464996 
34.300000 	126.512001 	313.000000 	312.933990 	324.464996 
34.400000 	126.512001 	313.000000 	312.933990 	324.464996 
34.500000 	126.518997 	313.000000 	312.928986 	324.531006 
34.600000 	126.518997 	313.000000 	312.928986 	324.531006 
34.700000 	126.518997 	313.000000 	312.928986 	324.531006 
34.800000 	126.518997 	313.000000 	312.928986 	324.531006 
34.900000 	126.518997 	313.000000 	312.928986 	324.531006 
35.000000 	126.518997 	313.000000 	312.928986 	324.531006 
35.100000 	126.518997 	313.000000 	312.928986 	324.531006 
35.200000 	126.518997 	313.000000 	312.928986 	324.531006 
35.300000 	126.518997 	313.000000 	312.928986 	324.531006 
35.400000 	126.518997 	313.000000 	312.928986 	324.531006 
35.500000 	126.525002 	313.000000 	312.923004 	324.596985 
35.600000 	126.525002 	313.000000 	312.923004 	324.596985 
35.700000 	126.525002 	313.000000 	312.923004 	324.596985 
35.800000 	126.525002 	313.000000 	312.923004 	324.596985 
35.900000 	126.525002 	313.000000 	312.923004 	324.596985 
36.000000 	126.525002 	313.000000 	312.923004 	324.596985 
36.100000 	126.525002 	313.000000 	312.923004 	324.596985 
36.200000 	126.525002 	313.000000 	312.923004 	324.596985 
36.300000 	126.525002 	313.000000 	312.923004 	324.596985 
36.400000 	126.525002 	313.000000 	312.923004 	324.596985 
36.500000 	126.528999 	313.000000 	312.917999 	324.664001 
36.600000 	126.528999 	313.000000 	312.917999 	324.664001 
36.700000 	126.528999 	313.000000 	312.917999 	324.664001 
36.800000 	126.528999 	313.000000 	312.917999 	324.664001 
36.900000 	126.528999 	313.000000 	312.917999 	324.664001 
37.000000 	126.528999 	313.000000 	312.917999 	324.664001 
37.100000 	126.528999 	313.000000 	312.917999 	324.664001 
37.200000 	126.528999 	313.000000 	312.917999 	324.664001 
37.300000 	126.528999 	313.000000 	312.917999 	324.664001 
37.400000 	126.528999 	313.000000 	312.917999 	324.664001 
37.500000 	126.531998 	313.000000 	312.911987 	324.730988 
37.600000 	126.531998 	313.000000 	312.911987 	324.730988 
37.700000 	126.531998 	313.000000 	312.911987 	324.730988 
37.800000 	126.531998 	313.000000 	312.911987 	324.730988 
37.900000 	126.531998 	313.000000 	312.911987 	324.730988 
38.000000 	126.531998 	313.000000 	312.911987 	324.730988 
38.100000 	126.531998 	313.000000 	312.911987 	324.730988 
38.200000 	126.531998 	313.000000 	312.911987 	324.730988 
38.300000 	126.531998 	313.000000 	312.911987 	324.730988 
38.400000 	126.531998 	313.000000 	312.911987 	324.730988 
38.500000 	126.532997 	313.000000 	312.907013 	324.799011 
38.600000 	126.532997 	313.000000 	312.907013 	324.799011 
38.700000 	126.532997 	313.000000 	312.907013 	324.799011 
38.800000 	126.532997 	313.000000 	312.907013 	324.799011 
38.900000 	126.532997 	313.000000 	312.907013 	324.799011 
39.000000 	126.532997 	313.000000 	312.907013 	324.799011 
39.100000 	126.532997 	313.000000 	312.907013 	324.799011 
39.200000 	126.532997 	313.000000 	312.907013 	324.799011 
39.300000 	126.532997 	313.000000 	312.907013 	324.799011 
39.400000 	126.532997 	313.000000 	312.907013 	324.799011 
39.500000 	126.531998 	313.000000 	312.902008 	324.867004 
39.600000 	126.531998 	313.000000 	312.902008 	324.867004 
39.700000 	126.531998 	313.000000 	312.902008 	324.867004 
39.800000 	126.531998 	313.000000 	312.902008 	324.867004 
39.900000 	126.531998 	313.000000 	312.902008 	324.867004 
40.000000 	126.531998 	313.000000 	312.902008 	324.867004 
40.100000 	126.531998 	313.000000 	312.902008 	324.867004 
40.200000 	126.531998 	313.000000 	312.902008 	324.867004 
40.300000 	126.531998 	313.000000 	312.902008 	324.867004 
40.400000 	126.531998 	313.000000 	312.902008 	324.867004 
40.500000 	126.528999 	313.000000 	312.898010 	324.934998 
40.600000 	126.528999 	313.000000 	312.898010 	324.934998 
40.700000 	126.528999 	313.000000 	312.898010 	324.934998 
40.800000 	126.528999 	313.000000 	312.898010 	324.934998 
40.900000 	126.528999 	313.000000 	312.898010 	324.934998 
41.000000 	126.528999 	313.000000 	312.898010 	324.934998 
41.100000 	126.528999 	313.000000 	312.898010 	324.934998 
41.200000 	126.528999 	313.000000 	312.898010 	324.934998 
41.300000 	126.528999 	313.000000 	312.898010 	324.934998 
41.400000 	126.528999 	313.000000 	312.898010 	324.934998 
41.500000 	126.524002 	313.000000 	312.893005 	325.002991 
41.600000 	126.524002 	313.000000 	312.893005 	325.002991 
41.700000 	126.524002 	313.000000 	312.893005 	325.002991 
41.800000 	126.524002 	313.000000 	312.893005 	325.002991 
41.900000 	126.524002 	313.000000 	312.893005 	325.002991 
42.000000 	126.524002 	313.000000 	312.893005 	325.002991 
42.100000 	126.524002 	313.000000 	312.893005 	325.002991 
42.200000 	126.524002 	313.000000 	312.893005 	325.002991 
42.300000 	126.524002 	313.000000 	312.893005 	325.002991 
42.400000 	126.524002 	313.000000 	312.893005 	325.002991 
42.500000 	126.515999 	313.000000 	312.888000 	325.071014 
42.600000 	126.515999 	313.000000 	312.888000 	325.071014 
42.700000 	126.515999 	313.000000 	312.888000 	325.071014 
42.800000 	126.515999 	313.000000 	312.888000 	325.071014 
42.900000 	126.515999 	313.000000 	312.888000 	325.071014 
43.000000 	126.515999 	313.000000 	312.888000 	325.071014 
43.100000 	126.515999 	313.000000 	312.888000 	325.071014 
43.200000 	126.515999 	313.000000 	312.888000 	325.071014 
43.300000 	126.515999 	313.000000 	312.888000 	325.071014 
43.400000 	126.515999 	313.000000 	312.888000 	325.071014 
43.500000 	126.507004 	313.000000 	312.882996 	325.139008 
43.600000 	126.507004 	313.000000 	312.882996 	325.139008 
43.700000 	126.507004 	313.000000 	312.882996 	325.139008 
43.800000 	126.507004 	313.000000 	312.882996 	325.139008 
43.900000 	126.507004 	313.000000 	312.882996 	325.139008 
44.000000 	126.507004 	313.000000 	312.882996 	325.139008 
44.100000 	126.507004 	313.000000 	312.882996 	325.139008 
44.200000 	126.507004 	313.000000 	312.882996 	325.139008 
44.300000 	126.507004 	313.000000 	312.882996 	325.139008 
44.400000 	126.507004 	313.000000 	312.882996 	325.139008 
44.500000 	126.494003 	313.000000 	312.877991 	325.208008 
44.600000 	126.494003 	313.000000 	312.877991 	325.208008 
44.700000 	126.494003 	313.000000 	312.877991 	325.208008 
44.800000 	126.494003 	313.000000 	312.877991 	325.208008 
44.900000 	126.494003 	313.000000 	312.877991 	325.208008 
45.000000 	126.494003 	313.000000 	312.877991 	325.208008 
45.100000 	126.494003 	313.000000 	312.877991 	325.208008 
45.200000 	126.494003 	313.000000 	312.877991 	325.208008 
45.300000 	126.494003 	313.000000 	312.877991 	325.208008 
45.400000 	126.494003 	313.000000 	312.877991 	325.208008 
45.500000 	126.478996 	313.000000 	312.873993 	325.276001 
45.600000 	126.478996 	313.000000 	312.873993 	325.276001 
45.700000 	126.478996 	313.000000 	312.873993 	325.276001 
45.800000 	126.478996 	313.000000 	312.873993 	325.276001 
45.900000 	126.478996 	313.000000 	312.873993 	325.276001 
46.000000 	126.478996 	313.000000 	312.873993 	325.276001 
46.100000 	126.478996 	313.000000 	312.873993 	325.276001 
46.200000 	126.478996 	313.000000 	312.873993 	325.276001 
46.300000 	126.478996 	313.000000 	312.873993 	325.276001 
46.400000 	126.478996 	313.000000 	312.873993 	325.276001 
46.500000 	126.459999 	313.000000 	312.868988 	325.345001 
46.600000 	126.459999 	313.000000 	312.868988 	325.345001 
46.700000 	126.459999 	313.000000 	312.868988 	325.345001 
46.800000 	126.459999 	313.000000 	312.868988 	325.345001 
46.900000 	126.459999 	313.000000 	312.868988 	325.345001 
47.000000 	126.459999 	313.000000 	312.868988 	325.345001 
47.100000 	126.459999 	313.000000 	312.868988 	325.345001 
47.200000 	126.459999 	313.000000 	312.868988 	325.345001 
47.300000 	126.459999 	313.000000 	312.868988 	325.345001 
47.400000 	126.459999 	313.000000 	312.868988 	325.345001 
47.500000 	126.438004 	313.000000 	312.864014 	325.412994 
47.600000 	126.438004 	313.000000 	312.864014 	325.412994 
47.700000 	126.438004 	313.000000 	312.864014 	325.412994 
47.800000 	126.438004 	313.000000 	312.864014 	325.412994 
47.900000 	126.438004 	313.000000 	312.864014 	325.412994 
48.000000 	126.438004 	313.000000 	312.864014 	325.412994 
48.100000 	126.438004 	313.000000 	312.864014 	325.412994 
48.200000 	126.438004 	313.000000 	312.864014 	325.412994 
48.300000 	126.438004 	313.000000 	312.864014 	325.412994 
48.400000 	126.438004 	313.000000 	312.864014 	325.412994 
48.500000 	126.412003 	313.000000 	312.859009 	325.480988 
48.600000 	126.412003 	313.000000 	312.859009 	325.480988 
48.700000 	126.412003 	313.000000 	312.859009 	325.480988 
48.800000 	126.412003 	313.000000 	312.859009 	325.480988 
48.900000 	126.412003 	313.000000 	312.859009 	325.480988 
49.000000 	126.412003 	313.000000 	312.859009 	325.480988 
49.100000 	126.412003 	313.000000 	312.859009 	325.480988 
49.200000 	126.412003 	313.000000 	312.859009 	325.480988 
49.300000 	126.412003 	313.000000 	312.859009 	325.480988 
49.400000 	126.412003 	313.000000 	312.859009 	325.480988 
49.500000 	126.382004 	313.000000 	312.854004 	325.549011 
49.600000 	126.382004 	313.000000 	312.854004 	325.549011 
49.700000 	126.382004 	313.000000 	312.854004 	325.549011 
49.800000 	126.382004 	313.000000 	312.854004 	325.549011 
49.900000 	126.382004 	313.000000 	312.854004 	325.549011 
50.000000 	126.382004 	313.000000 	312.854004 	325.549011 
50.100000 	126.382004 	313.000000 	312.854004 	325.549011 
50.200000 	126.382004 	313.000000 	312.854004 	325.549011 
50.300000 	126.382004 	313.000000 	312.854004 	325.549011 
50.400000 	126.382004 	313.000000 	312.854004 	325.549011 
50.500000 	126.346001 	313.000000 	312.848999 	325.615997 
50.600000 	126.346001 	313.000000 	312.848999 	325.615997 
50.700000 	126.346001 	313.000000 	312.848999 	325.615997 
50.800000 	126.346001 	313.000000 	312.848999 	325.615997 
50.900000 	126.346001 	313.000000 	312.848999 	325.615997 
51.000000 	126.346001 	313.000000 	312.848999 	325.615997 
51.100000 	126.346001 	313.000000 	312.848999 	325.615997 
51.200000 	126.346001 	313.000000 	312.848999 	325.615997 
51.300000 	126.346001 	313.000000 	312.848999 	325.615997 
51.400000 	126.346001 	313.000000 	312.848999 	325.615997 
51.500000 	126.305000 	313.000000 	312.843994 	325.683990 
51.600000 	126.305000 	313.000000 	312.843994 	325.683990 
51.700000 	126.305000 	313.000000 	312.843994 	325.683990 
51.800000 	126.305000 	313.000000 	312.843994 	325.683990 
51.900000 	126.305000 	313.000000 	312.843994 	325.683990 
52.000000 	126.305000 	313.000000 	312.843994 	325.683990 
52.100000 	126.305000 	313.000000 	312.843994 	325.683990 
52.200000 	126.305000 	313.000000 	312.843994 	325.683990 
52.300000 	126.305000 	313.000000 	312.843994 	325.683990 
52.400000 	126.305000 	313.000000 	312.843994 	325.683990 
52.500000 	126.257004 	313.000000 	312.838989 	325.751007 
52.600000 	126.257004 	313.000000 	312.838989 	325.751007 
52.700000 	126.257004 	313.000000 	312.838989 	325.751007 
52.800000 	126.257004 	313.000000 	312.838989 	325.751007 
52.900000 	126.257004 	313.000000 	312.838989 	325.751007 
53.000000 	126.257004 	313.000000 	312.838989 	325.751007 
53.100000 	126.257004 	313.000000 	312.838989 	325.751007 
53.200000 	126.257004 	313.000000 	312.838989 	325.751007 
53.300000 	126.257004 	313.000000 	312.838989 	325.751007 
53.400000 	126.257004 	313.000000 	312.838989 	325.751007 
53.500000 	126.202003 	313.000000 	312.834015 	325.817993 
53.600000 	126.202003 	313.000000 	312.834015 	325.817993 
53.700000 	126.202003 	313.000000 	312.834015 	325.817993 
53.800000 	126.202003 	313.000000 	312.834015 	325.817993 
53.900000 	126.202003 	313.000000 	312.834015 	325.817993 
54.000000 	126.202003 	313.000000 	312.834015 	325.817993 
54.100000 	126.202003 	313.000000 	312.834015 	325.817993 
54.200000 	126.202003 	313.000000 	312.834015 	325.817993 
54.300000 	126.202003 	313.000000 	312.834015 	325.817993 
54.400000 	126.202003 	313.000000 	312.834015 	325.817993 
54.500000 	126.137001 	313.000000 	312.828003 	325.884003 
54.600000 	126.137001 	313.000000 	312.828003 	325.884003 
54.700000 	126.137001 	313.000000 	312.828003 	325.884003 
54.800000 	126.137001 	313.000000 	312.828003 	325.884003 
54.900000 	126.137001 	313.000000 	312.828003 	325.884003 
55.000000 	126.137001 	313.000000 	312.828003 	325.884003 
55.100000 	126.137001 	313.000000 	312.828003 	325.884003 
55.200000 	126.137001 	313.000000 	312.828003 	325.884003 
55.300000 	126.137001 	313.000000 	312.828003 	325.884003 
55.400000 	126.137001 	313.000000 	312.828003 	325.884003 
55.500000 	126.063004 	313.000000 	312.822998 	325.950012 
55.600000 	126.063004 	313.000000 	312.822998 	325.950012 
55.700000 	126.063004 	313.000000 	312.822998 	325.950012 
55.800000 	126.063004 	313.000000 	312.822998 	325.950012 
55.900000 	126.063004 	313.000000 	312.822998 	325.950012 
56.000000 	126.063004 	313.000000 	312.822998 	325.950012 
56.100000 	126.063004 	313.000000 	312.822998 	325.950012 
56.200000 	126.063004 	313.000000 	312.822998 	325.950012 
56.300000 	126.063004 	313.000000 	312.822998 	325.950012 
56.400000 	126.063004 	313.000000 	312.822998 	325.950012 
56.500000 	125.975998 	313.000000 	312.816986 	326.015991 
56.600000 	125.975998 	313.000000 	312.816986 	326.015991 
56.700000 	125.975998 	313.000000 	312.816986 	326.015991 
56.800000 	125.975998 	313.000000 	312.816986 	326.015991 
56.900000 	125.975998 	313.000000 	312.816986 	326.015991 
57.000000 	125.975998 	313.000000 	312.816986 	326.015991 
57.100000 	125.975998 	313.000000 	312.816986 	326.015991 
57.200000 	125.975998 	313.000000 	312.816986 	326.015991 
57.300000 	125.975998 	313.000000 	312.816986 	326.015991 
57.400000 	125.975998 	313.000000 	312.816986 	326.015991 
57.500000 	125.873001 	313.000000 	312.811005 	326.080994 
57.600000 	125.873001 	313.000000 	312.811005 	326.080994 
57.700000 	125.873001 	313.000000 	312.811005 	326.080994 
57.800000 	125.873001 	313.000000 	312.811005 	326.080994 
57.900000 	125.873001 	313.000000 	312.811005 	326.080994 
58.000000 	125.873001 	313.000000 	312.811005 	326.080994 
58.100000 	125.873001 	313.000000 	312.811005 	326.080994 
58.200000 	125.873001 	313.000000 	312.811005 	326.080994 
58.300000 	125.873001 	313.000000 	312.811005 	326.080994 
58.400000 	125.873001 	313.000000 	312.811005 	326.080994 
58.500000 	125.751999 	313.000000 	312.804993 	326.145996 
58.600000 	125.751999 	313.000000 	312.804993 	326.145996 
58.700000 	125.751999 	313.000000 	312.804993 	326.145996 
58.800000 	125.751999 	313.000000 	312.804993 	326.145996 
58.900000 	125.751999 	313.000000 	312.804993 	326.145996 
59.000000 	125.751999 	313.000000 	312.804993 	326.145996 
59.100000 	125.751999 	313.000000 	312.804993 	326.145996 
59.200000 	125.751999 	313.000000 	312.804993 	326.145996 
59.300000 	125.751999 	313.000000 	312.804993 	326.145996 
59.400000 	125.751999 	313.000000 	312.804993 	326.145996 
59.500000 	125.607002 	313.000000 	312.799011 	326.209991 
59.600000 	125.607002 	313.000000 	312.799011 	326.209991 
59.700000 	125.607002 	313.000000 	312.799011 	326.209991 
59.800000 	125.607002 	313.000000 	312.799011 	326.209991 
59.900000 	125.607002 	313.000000 	312.799011 	326.209991 
60.000000 	125.607002 	313.000000 	312.799011 	326.209991 
