0.500000 	94.364098 	573.000000 	587.323975 	578.419006 
0.600000 	94.364098 	573.000000 	587.323975 	578.419006 
0.700000 	94.364098 	573.000000 	587.323975 	578.419006 
0.800000 	94.364098 	573.000000 	587.323975 	578.419006 
0.900000 	94.364098 	573.000000 	587.323975 	578.419006 
1.000000 	94.364098 	573.000000 	587.323975 	578.419006 
1.100000 	94.364098 	573.000000 	587.323975 	578.419006 
1.200000 	94.364098 	573.000000 	587.323975 	578.419006 
1.300000 	94.364098 	573.000000 	587.323975 	578.419006 
1.400000 	94.364098 	573.000000 	587.323975 	578.419006 
1.500000 	104.558998 	573.000000 	579.388000 	578.776978 
1.600000 	104.558998 	573.000000 	579.388000 	578.776978 
1.700000 	104.558998 	573.000000 	579.388000 	578.776978 
1.800000 	104.558998 	573.000000 	579.388000 	578.776978 
1.900000 	104.558998 	573.000000 	579.388000 	578.776978 
2.000000 	104.558998 	573.000000 	579.388000 	578.776978 
2.100000 	104.558998 	573.000000 	579.388000 	578.776978 
2.200000 	104.558998 	573.000000 	579.388000 	578.776978 
2.300000 	104.558998 	573.000000 	579.388000 	578.776978 
2.400000 	104.558998 	573.000000 	579.388000 	578.776978 
2.500000 	114.380997 	573.000000 	576.366028 	578.736023 
2.600000 	114.380997 	573.000000 	576.366028 	578.736023 
2.700000 	114.380997 	573.000000 	576.366028 	578.736023 
2.800000 	114.380997 	573.000000 	576.366028 	578.736023 
2.900000 	114.380997 	573.000000 	576.366028 	578.736023 
3.000000 	114.380997 	573.000000 	576.366028 	578.736023 
3.100000 	114.380997 	573.000000 	576.366028 	578.736023 
3.200000 	114.380997 	573.000000 	576.366028 	578.736023 
3.300000 	114.380997 	573.000000 	576.366028 	578.736023 
3.400000 	114.380997 	573.000000 	576.366028 	578.736023 
3.500000 	119.121002 	573.000000 	574.994995 	578.723022 
3.600000 	119.121002 	573.000000 	574.994995 	578.723022 
3.700000 	119.121002 	573.000000 	574.994995 	578.723022 
3.800000 	119.121002 	573.000000 	574.994995 	578.723022 
3.900000 	119.121002 	573.000000 	574.994995 	578.723022 
4.000000 	119.121002 	573.000000 	574.994995 	578.723022 
4.100000 	119.121002 	573.000000 	574.994995 	578.723022 
4.200000 	119.121002 	573.000000 	574.994995 	578.723022 
4.300000 	119.121002 	573.000000 	574.994995 	578.723022 
4.400000 	119.121002 	573.000000 	574.994995 	578.723022 
4.500000 	121.600998 	573.000000 	574.286011 	578.721985 
4.600000 	121.600998 	573.000000 	574.286011 	578.721985 
4.700000 	121.600998 	573.000000 	574.286011 	578.721985 
4.800000 	121.600998 	573.000000 	574.286011 	578.721985 
4.900000 	121.600998 	573.000000 	574.286011 	578.721985 
5.000000 	121.600998 	573.000000 	574.286011 	578.721985 
5.100000 	121.600998 	573.000000 	574.286011 	578.721985 
5.200000 	121.600998 	573.000000 	574.286011 	578.721985 
5.300000 	121.600998 	573.000000 	574.286011 	578.721985 
5.400000 	121.600998 	573.000000 	574.286011 	578.721985 
5.500000 	123.033997 	573.000000 	573.879028 	578.726013 
5.600000 	123.033997 	573.000000 	573.879028 	578.726013 
5.700000 	123.033997 	573.000000 	573.879028 	578.726013 
5.800000 	123.033997 	573.000000 	573.879028 	578.726013 
5.900000 	123.033997 	573.000000 	573.879028 	578.726013 
6.000000 	123.033997 	573.000000 	573.879028 	578.726013 
6.100000 	123.033997 	573.000000 	573.879028 	578.726013 
6.200000 	123.033997 	573.000000 	573.879028 	578.726013 
6.300000 	123.033997 	573.000000 	573.879028 	578.726013 
6.400000 	123.033997 	573.000000 	573.879028 	578.726013 
6.500000 	123.930000 	573.000000 	573.625000 	578.734009 
6.600000 	123.930000 	573.000000 	573.625000 	578.734009 
6.700000 	123.930000 	573.000000 	573.625000 	578.734009 
6.800000 	123.930000 	573.000000 	573.625000 	578.734009 
6.900000 	123.930000 	573.000000 	573.625000 	578.734009 
7.000000 	123.930000 	573.000000 	573.625000 	578.734009 
7.100000 	123.930000 	573.000000 	573.625000 	578.734009 
7.200000 	123.930000 	573.000000 	573.625000 	578.734009 
7.300000 	123.930000 	573.000000 	573.625000 	578.734009 
7.400000 	123.930000 	573.000000 	573.625000 	578.734009 
7.500000 	124.526001 	573.000000 	573.455994 	578.744019 
7.600000 	124.526001 	573.000000 	573.455994 	578.744019 
7.700000 	124.526001 	573.000000 	573.455994 	578.744019 
7.800000 	124.526001 	573.000000 	573.455994 	578.744019 
7.900000 	124.526001 	573.000000 	573.455994 	578.744019 
8.000000 	124.526001 	573.000000 	573.455994 	578.744019 
8.100000 	124.526001 	573.000000 	573.455994 	578.744019 
8.200000 	124.526001 	573.000000 	573.455994 	578.744019 
8.300000 	124.526001 	573.000000 	573.455994 	578.744019 
8.400000 	124.526001 	573.000000 	573.455994 	578.744019 
8.500000 	124.942001 	573.000000 	573.338989 	578.755981 
8.600000 	124.942001 	573.000000 	573.338989 	578.755981 
8.700000 	124.942001 	573.000000 	573.338989 	578.755981 
8.800000 	124.942001 	573.000000 	573.338989 	578.755981 
8.900000 	124.942001 	573.000000 	573.338989 	578.755981 
9.000000 	124.942001 	573.000000 	573.338989 	578.755981 
9.100000 	124.942001 	573.000000 	573.338989 	578.755981 
9.200000 	124.942001 	573.000000 	573.338989 	578.755981 
9.300000 	124.942001 	573.000000 	573.338989 	578.755981 
9.400000 	124.942001 	573.000000 	573.338989 	578.755981 
9.500000 	125.245003 	573.000000 	573.254028 	578.770020 
9.600000 	125.245003 	573.000000 	573.254028 	578.770020 
9.700000 	125.245003 	573.000000 	573.254028 	578.770020 
9.800000 	125.245003 	573.000000 	573.254028 	578.770020 
9.900000 	125.245003 	573.000000 	573.254028 	578.770020 
10.000000 	125.245003 	573.000000 	573.254028 	578.770020 
10.100000 	125.245003 	573.000000 	573.254028 	578.770020 
10.200000 	125.245003 	573.000000 	573.254028 	578.770020 
10.300000 	125.245003 	573.000000 	573.254028 	578.770020 
10.400000 	125.245003 	573.000000 	573.254028 	578.770020 
10.500000 	125.471001 	573.000000 	573.190979 	578.784973 
10.600000 	125.471001 	573.000000 	573.190979 	578.784973 
10.700000 	125.471001 	573.000000 	573.190979 	578.784973 
10.800000 	125.471001 	573.000000 	573.190979 	578.784973 
10.900000 	125.471001 	573.000000 	573.190979 	578.784973 
11.000000 	125.471001 	573.000000 	573.190979 	578.784973 
11.100000 	125.471001 	573.000000 	573.190979 	578.784973 
11.200000 	125.471001 	573.000000 	573.190979 	578.784973 
11.300000 	125.471001 	573.000000 	573.190979 	578.784973 
11.400000 	125.471001 	573.000000 	573.190979 	578.784973 
11.500000 	125.646004 	573.000000 	573.142029 	578.801025 
11.600000 	125.646004 	573.000000 	573.142029 	578.801025 
11.700000 	125.646004 	573.000000 	573.142029 	578.801025 
11.800000 	125.646004 	573.000000 	573.142029 	578.801025 
11.900000 	125.646004 	573.000000 	573.142029 	578.801025 
12.000000 	125.646004 	573.000000 	573.142029 	578.801025 
12.100000 	125.646004 	573.000000 	573.142029 	578.801025 
12.200000 	125.646004 	573.000000 	573.142029 	578.801025 
12.300000 	125.646004 	573.000000 	573.142029 	578.801025 
12.400000 	125.646004 	573.000000 	573.142029 	578.801025 
12.500000 	125.783997 	573.000000 	573.104004 	578.817993 
12.600000 	125.783997 	573.000000 	573.104004 	578.817993 
12.700000 	125.783997 	573.000000 	573.104004 	578.817993 
12.800000 	125.783997 	573.000000 	573.104004 	578.817993 
12.900000 	125.783997 	573.000000 	573.104004 	578.817993 
13.000000 	125.783997 	573.000000 	573.104004 	578.817993 
13.100000 	125.783997 	573.000000 	573.104004 	578.817993 
13.200000 	125.783997 	573.000000 	573.104004 	578.817993 
13.300000 	125.783997 	573.000000 	573.104004 	578.817993 
13.400000 	125.783997 	573.000000 	573.104004 	578.817993 
13.500000 	125.894997 	573.000000 	573.073975 	578.835999 
13.600000 	125.894997 	573.000000 	573.073975 	578.835999 
13.700000 	125.894997 	573.000000 	573.073975 	578.835999 
13.800000 	125.894997 	573.000000 	573.073975 	578.835999 
13.900000 	125.894997 	573.000000 	573.073975 	578.835999 
14.000000 	125.894997 	573.000000 	573.073975 	578.835999 
14.100000 	125.894997 	573.000000 	573.073975 	578.835999 
14.200000 	125.894997 	573.000000 	573.073975 	578.835999 
14.300000 	125.894997 	573.000000 	573.073975 	578.835999 
14.400000 	125.894997 	573.000000 	573.073975 	578.835999 
14.500000 	125.985001 	573.000000 	573.049011 	578.854980 
14.600000 	125.985001 	573.000000 	573.049011 	578.854980 
14.700000 	125.985001 	573.000000 	573.049011 	578.854980 
14.800000 	125.985001 	573.000000 	573.049011 	578.854980 
14.900000 	125.985001 	573.000000 	573.049011 	578.854980 
15.000000 	125.985001 	573.000000 	573.049011 	578.854980 
15.100000 	125.985001 	573.000000 	573.049011 	578.854980 
15.200000 	125.985001 	573.000000 	573.049011 	578.854980 
15.300000 	125.985001 	573.000000 	573.049011 	578.854980 
15.400000 	125.985001 	573.000000 	573.049011 	578.854980 
15.500000 	126.060997 	573.000000 	573.028992 	578.874023 
15.600000 	126.060997 	573.000000 	573.028992 	578.874023 
15.700000 	126.060997 	573.000000 	573.028992 	578.874023 
15.800000 	126.060997 	573.000000 	573.028992 	578.874023 
15.900000 	126.060997 	573.000000 	573.028992 	578.874023 
16.000000 	126.060997 	573.000000 	573.028992 	578.874023 
16.100000 	126.060997 	573.000000 	573.028992 	578.874023 
16.200000 	126.060997 	573.000000 	573.028992 	578.874023 
16.300000 	126.060997 	573.000000 	573.028992 	578.874023 
16.400000 	126.060997 	573.000000 	573.028992 	578.874023 
16.500000 	126.124001 	573.000000 	573.012024 	578.895020 
16.600000 	126.124001 	573.000000 	573.012024 	578.895020 
16.700000 	126.124001 	573.000000 	573.012024 	578.895020 
16.800000 	126.124001 	573.000000 	573.012024 	578.895020 
16.900000 	126.124001 	573.000000 	573.012024 	578.895020 
17.000000 	126.124001 	573.000000 	573.012024 	578.895020 
17.100000 	126.124001 	573.000000 	573.012024 	578.895020 
17.200000 	126.124001 	573.000000 	573.012024 	578.895020 
17.300000 	126.124001 	573.000000 	573.012024 	578.895020 
17.400000 	126.124001 	573.000000 	573.012024 	578.895020 
17.500000 	126.178001 	573.000000 	572.997009 	578.916016 
17.600000 	126.178001 	573.000000 	572.997009 	578.916016 
17.700000 	126.178001 	573.000000 	572.997009 	578.916016 
17.800000 	126.178001 	573.000000 	572.997009 	578.916016 
17.900000 	126.178001 	573.000000 	572.997009 	578.916016 
18.000000 	126.178001 	573.000000 	572.997009 	578.916016 
18.100000 	126.178001 	573.000000 	572.997009 	578.916016 
18.200000 	126.178001 	573.000000 	572.997009 	578.916016 
18.300000 	126.178001 	573.000000 	572.997009 	578.916016 
18.400000 	126.178001 	573.000000 	572.997009 	578.916016 
18.500000 	126.223999 	573.000000 	572.984985 	578.937988 
18.600000 	126.223999 	573.000000 	572.984985 	578.937988 
18.700000 	126.223999 	573.000000 	572.984985 	578.937988 
18.800000 	126.223999 	573.000000 	572.984985 	578.937988 
18.900000 	126.223999 	573.000000 	572.984985 	578.937988 
19.000000 	126.223999 	573.000000 	572.984985 	578.937988 
19.100000 	126.223999 	573.000000 	572.984985 	578.937988 
19.200000 	126.223999 	573.000000 	572.984985 	578.937988 
19.300000 	126.223999 	573.000000 	572.984985 	578.937988 
19.400000 	126.223999 	573.000000 	572.984985 	578.937988 
19.500000 	126.264999 	573.000000 	572.973999 	578.960022 
19.600000 	126.264999 	573.000000 	572.973999 	578.960022 
19.700000 	126.264999 	573.000000 	572.973999 	578.960022 
19.800000 	126.264999 	573.000000 	572.973999 	578.960022 
19.900000 	126.264999 	573.000000 	572.973999 	578.960022 
20.000000 	126.264999 	573.000000 	572.973999 	578.960022 
20.100000 	126.264999 	573.000000 	572.973999 	578.960022 
20.200000 	126.264999 	573.000000 	572.973999 	578.960022 
20.300000 	126.264999 	573.000000 	572.973999 	578.960022 
20.400000 	126.264999 	573.000000 	572.973999 	578.960022 
20.500000 	126.300003 	573.000000 	572.963989 	578.982971 
20.600000 	126.300003 	573.000000 	572.963989 	578.982971 
20.700000 	126.300003 	573.000000 	572.963989 	578.982971 
20.800000 	126.300003 	573.000000 	572.963989 	578.982971 
20.900000 	126.300003 	573.000000 	572.963989 	578.982971 
21.000000 	126.300003 	573.000000 	572.963989 	578.982971 
21.100000 	126.300003 	573.000000 	572.963989 	578.982971 
21.200000 	126.300003 	573.000000 	572.963989 	578.982971 
21.300000 	126.300003 	573.000000 	572.963989 	578.982971 
21.400000 	126.300003 	573.000000 	572.963989 	578.982971 
21.500000 	126.331001 	573.000000 	572.955994 	579.005981 
21.600000 	126.331001 	573.000000 	572.955994 	579.005981 
21.700000 	126.331001 	573.000000 	572.955994 	579.005981 
21.800000 	126.331001 	573.000000 	572.955994 	579.005981 
21.900000 	126.331001 	573.000000 	572.955994 	579.005981 
22.000000 	126.331001 	573.000000 	572.955994 	579.005981 
22.100000 	126.331001 	573.000000 	572.955994 	579.005981 
22.200000 	126.331001 	573.000000 	572.955994 	579.005981 
22.300000 	126.331001 	573.000000 	572.955994 	579.005981 
22.400000 	126.331001 	573.000000 	572.955994 	579.005981 
22.500000 	126.359001 	573.000000 	572.947998 	579.030029 
22.600000 	126.359001 	573.000000 	572.947998 	579.030029 
22.700000 	126.359001 	573.000000 	572.947998 	579.030029 
22.800000 	126.359001 	573.000000 	572.947998 	579.030029 
22.900000 	126.359001 	573.000000 	572.947998 	579.030029 
23.000000 	126.359001 	573.000000 	572.947998 	579.030029 
23.100000 	126.359001 	573.000000 	572.947998 	579.030029 
23.200000 	126.359001 	573.000000 	572.947998 	579.030029 
23.300000 	126.359001 	573.000000 	572.947998 	579.030029 
23.400000 	126.359001 	573.000000 	572.947998 	579.030029 
23.500000 	126.383003 	573.000000 	572.940979 	579.054016 
23.600000 	126.383003 	573.000000 	572.940979 	579.054016 
23.700000 	126.383003 	573.000000 	572.940979 	579.054016 
23.800000 	126.383003 	573.000000 	572.940979 	579.054016 
23.900000 	126.383003 	573.000000 	572.940979 	579.054016 
24.000000 	126.383003 	573.000000 	572.940979 	579.054016 
24.100000 	126.383003 	573.000000 	572.940979 	579.054016 
24.200000 	126.383003 	573.000000 	572.940979 	579.054016 
24.300000 	126.383003 	573.000000 	572.940979 	579.054016 
24.400000 	126.383003 	573.000000 	572.940979 	579.054016 
24.500000 	126.404999 	573.000000 	572.934998 	579.078979 
24.600000 	126.404999 	573.000000 	572.934998 	579.078979 
24.700000 	126.404999 	573.000000 	572.934998 	579.078979 
24.800000 	126.404999 	573.000000 	572.934998 	579.078979 
24.900000 	126.404999 	573.000000 	572.934998 	579.078979 
25.000000 	126.404999 	573.000000 	572.934998 	579.078979 
25.100000 	126.404999 	573.000000 	572.934998 	579.078979 
25.200000 	126.404999 	573.000000 	572.934998 	579.078979 
25.300000 	126.404999 	573.000000 	572.934998 	579.078979 
25.400000 	126.404999 	573.000000 	572.934998 	579.078979 
25.500000 	126.425003 	573.000000 	572.929016 	579.104004 
25.600000 	126.425003 	573.000000 	572.929016 	579.104004 
25.700000 	126.425003 	573.000000 	572.929016 	579.104004 
25.800000 	126.425003 	573.000000 	572.929016 	579.104004 
25.900000 	126.425003 	573.000000 	572.929016 	579.104004 
26.000000 	126.425003 	573.000000 	572.929016 	579.104004 
26.100000 	126.425003 	573.000000 	572.929016 	579.104004 
26.200000 	126.425003 	573.000000 	572.929016 	579.104004 
26.300000 	126.425003 	573.000000 	572.929016 	579.104004 
26.400000 	126.425003 	573.000000 	572.929016 	579.104004 
26.500000 	126.442001 	573.000000 	572.922974 	579.129028 
26.600000 	126.442001 	573.000000 	572.922974 	579.129028 
26.700000 	126.442001 	573.000000 	572.922974 	579.129028 
26.800000 	126.442001 	573.000000 	572.922974 	579.129028 
26.900000 	126.442001 	573.000000 	572.922974 	579.129028 
27.000000 	126.442001 	573.000000 	572.922974 	579.129028 
27.100000 	126.442001 	573.000000 	572.922974 	579.129028 
27.200000 	126.442001 	573.000000 	572.922974 	579.129028 
27.300000 	126.442001 	573.000000 	572.922974 	579.129028 
27.400000 	126.442001 	573.000000 	572.922974 	579.129028 
27.500000 	126.458000 	573.000000 	572.918030 	579.155029 
27.600000 	126.458000 	573.000000 	572.918030 	579.155029 
27.700000 	126.458000 	573.000000 	572.918030 	579.155029 
27.800000 	126.458000 	573.000000 	572.918030 	579.155029 
27.900000 	126.458000 	573.000000 	572.918030 	579.155029 
28.000000 	126.458000 	573.000000 	572.918030 	579.155029 
28.100000 	126.458000 	573.000000 	572.918030 	579.155029 
28.200000 	126.458000 	573.000000 	572.918030 	579.155029 
28.300000 	126.458000 	573.000000 	572.918030 	579.155029 
28.400000 	126.458000 	573.000000 	572.918030 	579.155029 
28.500000 	126.472000 	573.000000 	572.913025 	579.181030 
28.600000 	126.472000 	573.000000 	572.913025 	579.181030 
28.700000 	126.472000 	573.000000 	572.913025 	579.181030 
28.800000 	126.472000 	573.000000 	572.913025 	579.181030 
28.900000 	126.472000 	573.000000 	572.913025 	579.181030 
29.000000 	126.472000 	573.000000 	572.913025 	579.181030 
29.100000 	126.472000 	573.000000 	572.913025 	579.181030 
29.200000 	126.472000 	573.000000 	572.913025 	579.181030 
29.300000 	126.472000 	573.000000 	572.913025 	579.181030 
29.400000 	126.472000 	573.000000 	572.913025 	579.181030 
29.500000 	126.484001 	573.000000 	572.908020 	579.206970 
29.600000 	126.484001 	573.000000 	572.908020 	579.206970 
29.700000 	126.484001 	573.000000 	572.908020 	579.206970 
29.800000 	126.484001 	573.000000 	572.908020 	579.206970 
29.900000 	126.484001 	573.000000 	572.908020 	579.206970 
30.000000 	126.484001 	573.000000 	572.908020 	579.206970 
30.100000 	126.484001 	573.000000 	572.908020 	579.206970 
30.200000 	126.484001 	573.000000 	572.908020 	579.206970 
30.300000 	126.484001 	573.000000 	572.908020 	579.206970 
30.400000 	126.484001 	573.000000 	572.908020 	579.206970 
30.500000 	126.495003 	573.000000 	572.903015 	579.232971 
30.600000 	126.495003 	573.000000 	572.903015 	579.232971 
30.700000 	126.495003 	573.000000 	572.903015 	579.232971 
30.800000 	126.495003 	573.000000 	572.903015 	579.232971 
30.900000 	126.495003 	573.000000 	572.903015 	579.232971 
31.000000 	126.495003 	573.000000 	572.903015 	579.232971 
31.100000 	126.495003 	573.000000 	572.903015 	579.232971 
31.200000 	126.495003 	573.000000 	572.903015 	579.232971 
31.300000 	126.495003 	573.000000 	572.903015 	579.232971 
31.400000 	126.495003 	573.000000 	572.903015 	579.232971 
31.500000 	126.503998 	573.000000 	572.898010 	579.258972 
31.600000 	126.503998 	573.000000 	572.898010 	579.258972 
31.700000 	126.503998 	573.000000 	572.898010 	579.258972 
31.800000 	126.503998 	573.000000 	572.898010 	579.258972 
31.900000 	126.503998 	573.000000 	572.898010 	579.258972 
32.000000 	126.503998 	573.000000 	572.898010 	579.258972 
32.100000 	126.503998 	573.000000 	572.898010 	579.258972 
32.200000 	126.503998 	573.000000 	572.898010 	579.258972 
32.300000 	126.503998 	573.000000 	572.898010 	579.258972 
32.400000 	126.503998 	573.000000 	572.898010 	579.258972 
32.500000 	126.512001 	573.000000 	572.893982 	579.284973 
32.600000 	126.512001 	573.000000 	572.893982 	579.284973 
32.700000 	126.512001 	573.000000 	572.893982 	579.284973 
32.800000 	126.512001 	573.000000 	572.893982 	579.284973 
32.900000 	126.512001 	573.000000 	572.893982 	579.284973 
33.000000 	126.512001 	573.000000 	572.893982 	579.284973 
33.100000 	126.512001 	573.000000 	572.893982 	579.284973 
33.200000 	126.512001 	573.000000 	572.893982 	579.284973 
33.300000 	126.512001 	573.000000 	572.893982 	579.284973 
33.400000 	126.512001 	573.000000 	572.893982 	579.284973 
33.500000 	126.517998 	573.000000 	572.888977 	579.312012 
33.600000 	126.517998 	573.000000 	572.888977 	579.312012 
33.700000 	126.517998 	573.000000 	572.888977 	579.312012 
33.800000 	126.517998 	573.000000 	572.888977 	579.312012 
33.900000 	126.517998 	573.000000 	572.888977 	579.312012 
34.000000 	126.517998 	573.000000 	572.888977 	579.312012 
34.100000 	126.517998 	573.000000 	572.888977 	579.312012 
34.200000 	126.517998 	573.000000 	572.888977 	579.312012 
34.300000 	126.517998 	573.000000 	572.888977 	579.312012 
34.400000 	126.517998 	573.000000 	572.888977 	579.312012 
34.500000 	126.523003 	573.000000 	572.885010 	579.338013 
34.600000 	126.523003 	573.000000 	572.885010 	579.338013 
34.700000 	126.523003 	573.000000 	572.885010 	579.338013 
34.800000 	126.523003 	573.000000 	572.885010 	579.338013 
34.900000 	126.523003 	573.000000 	572.885010 	579.338013 
35.000000 	126.523003 	573.000000 	572.885010 	579.338013 
35.100000 	126.523003 	573.000000 	572.885010 	579.338013 
35.200000 	126.523003 	573.000000 	572.885010 	579.338013 
35.300000 	126.523003 	573.000000 	572.885010 	579.338013 
35.400000 	126.523003 	573.000000 	572.885010 	579.338013 
35.500000 	126.526001 	573.000000 	572.880005 	579.364990 
35.600000 	126.526001 	573.000000 	572.880005 	579.364990 
35.700000 	126.526001 	573.000000 	572.880005 	579.364990 
35.800000 	126.526001 	573.000000 	572.880005 	579.364990 
35.900000 	126.526001 	573.000000 	572.880005 	579.364990 
36.000000 	126.526001 	573.000000 	572.880005 	579.364990 
36.100000 	126.526001 	573.000000 	572.880005 	579.364990 
36.200000 	126.526001 	573.000000 	572.880005 	579.364990 
36.300000 	126.526001 	573.000000 	572.880005 	579.364990 
36.400000 	126.526001 	573.000000 	572.880005 	579.364990 
36.500000 	126.528000 	573.000000 	572.875977 	579.390991 
36.600000 	126.528000 	573.000000 	572.875977 	579.390991 
36.700000 	126.528000 	573.000000 	572.875977 	579.390991 
36.800000 	126.528000 	573.000000 	572.875977 	579.390991 
36.900000 	126.528000 	573.000000 	572.875977 	579.390991 
37.000000 	126.528000 	573.000000 	572.875977 	579.390991 
37.100000 	126.528000 	573.000000 	572.875977 	579.390991 
37.200000 	126.528000 	573.000000 	572.875977 	579.390991 
37.300000 	126.528000 	573.000000 	572.875977 	579.390991 
37.400000 	126.528000 	573.000000 	572.875977 	579.390991 
37.500000 	126.528999 	573.000000 	572.870972 	579.416992 
37.600000 	126.528999 	573.000000 	572.870972 	579.416992 
37.700000 	126.528999 	573.000000 	572.870972 	579.416992 
37.800000 	126.528999 	573.000000 	572.870972 	579.416992 
37.900000 	126.528999 	573.000000 	572.870972 	579.416992 
38.000000 	126.528999 	573.000000 	572.870972 	579.416992 
38.100000 	126.528999 	573.000000 	572.870972 	579.416992 
38.200000 	126.528999 	573.000000 	572.870972 	579.416992 
38.300000 	126.528999 	573.000000 	572.870972 	579.416992 
38.400000 	126.528999 	573.000000 	572.870972 	579.416992 
38.500000 	126.527000 	573.000000 	572.866028 	579.443970 
38.600000 	126.527000 	573.000000 	572.866028 	579.443970 
38.700000 	126.527000 	573.000000 	572.866028 	579.443970 
38.800000 	126.527000 	573.000000 	572.866028 	579.443970 
38.900000 	126.527000 	573.000000 	572.866028 	579.443970 
39.000000 	126.527000 	573.000000 	572.866028 	579.443970 
39.100000 	126.527000 	573.000000 	572.866028 	579.443970 
39.200000 	126.527000 	573.000000 	572.866028 	579.443970 
39.300000 	126.527000 	573.000000 	572.866028 	579.443970 
39.400000 	126.527000 	573.000000 	572.866028 	579.443970 
39.500000 	126.524002 	573.000000 	572.861023 	579.469971 
39.600000 	126.524002 	573.000000 	572.861023 	579.469971 
39.700000 	126.524002 	573.000000 	572.861023 	579.469971 
39.800000 	126.524002 	573.000000 	572.861023 	579.469971 
39.900000 	126.524002 	573.000000 	572.861023 	579.469971 
40.000000 	126.524002 	573.000000 	572.861023 	579.469971 
40.100000 	126.524002 	573.000000 	572.861023 	579.469971 
40.200000 	126.524002 	573.000000 	572.861023 	579.469971 
40.300000 	126.524002 	573.000000 	572.861023 	579.469971 
40.400000 	126.524002 	573.000000 	572.861023 	579.469971 
40.500000 	126.518997 	573.000000 	572.856018 	579.495972 
40.600000 	126.518997 	573.000000 	572.856018 	579.495972 
40.700000 	126.518997 	573.000000 	572.856018 	579.495972 
40.800000 	126.518997 	573.000000 	572.856018 	579.495972 
40.900000 	126.518997 	573.000000 	572.856018 	579.495972 
41.000000 	126.518997 	573.000000 	572.856018 	579.495972 
41.100000 	126.518997 	573.000000 	572.856018 	579.495972 
41.200000 	126.518997 	573.000000 	572.856018 	579.495972 
41.300000 	126.518997 	573.000000 	572.856018 	579.495972 
41.400000 	126.518997 	573.000000 	572.856018 	579.495972 
41.500000 	126.512001 	573.000000 	572.851013 	579.521973 
41.600000 	126.512001 	573.000000 	572.851013 	579.521973 
41.700000 	126.512001 	573.000000 	572.851013 	579.521973 
41.800000 	126.512001 	573.000000 	572.851013 	579.521973 
41.900000 	126.512001 	573.000000 	572.851013 	579.521973 
42.000000 	126.512001 	573.000000 	572.851013 	579.521973 
42.100000 	126.512001 	573.000000 	572.851013 	579.521973 
42.200000 	126.512001 	573.000000 	572.851013 	579.521973 
42.300000 	126.512001 	573.000000 	572.851013 	579.521973 
42.400000 	126.512001 	573.000000 	572.851013 	579.521973 
42.500000 	126.501999 	573.000000 	572.846008 	579.546997 
42.600000 	126.501999 	573.000000 	572.846008 	579.546997 
42.700000 	126.501999 	573.000000 	572.846008 	579.546997 
42.800000 	126.501999 	573.000000 	572.846008 	579.546997 
42.900000 	126.501999 	573.000000 	572.846008 	579.546997 
43.000000 	126.501999 	573.000000 	572.846008 	579.546997 
43.100000 	126.501999 	573.000000 	572.846008 	579.546997 
43.200000 	126.501999 	573.000000 	572.846008 	579.546997 
43.300000 	126.501999 	573.000000 	572.846008 	579.546997 
43.400000 	126.501999 	573.000000 	572.846008 	579.546997 
43.500000 	126.490997 	573.000000 	572.840027 	579.572998 
43.600000 	126.490997 	573.000000 	572.840027 	579.572998 
43.700000 	126.490997 	573.000000 	572.840027 	579.572998 
43.800000 	126.490997 	573.000000 	572.840027 	579.572998 
43.900000 	126.490997 	573.000000 	572.840027 	579.572998 
44.000000 	126.490997 	573.000000 	572.840027 	579.572998 
44.100000 	126.490997 	573.000000 	572.840027 	579.572998 
44.200000 	126.490997 	573.000000 	572.840027 	579.572998 
44.300000 	126.490997 	573.000000 	572.840027 	579.572998 
44.400000 	126.490997 	573.000000 	572.840027 	579.572998 
44.500000 	126.475998 	573.000000 	572.835022 	579.598022 
44.600000 	126.475998 	573.000000 	572.835022 	579.598022 
44.700000 	126.475998 	573.000000 	572.835022 	579.598022 
44.800000 	126.475998 	573.000000 	572.835022 	579.598022 
44.900000 	126.475998 	573.000000 	572.835022 	579.598022 
45.000000 	126.475998 	573.000000 	572.835022 	579.598022 
45.100000 	126.475998 	573.000000 	572.835022 	579.598022 
45.200000 	126.475998 	573.000000 	572.835022 	579.598022 
45.300000 	126.475998 	573.000000 	572.835022 	579.598022 
45.400000 	126.475998 	573.000000 	572.835022 	579.598022 
45.500000 	126.459000 	573.000000 	572.828979 	579.622986 
45.600000 	126.459000 	573.000000 	572.828979 	579.622986 
45.700000 	126.459000 	573.000000 	572.828979 	579.622986 
45.800000 	126.459000 	573.000000 	572.828979 	579.622986 
45.900000 	126.459000 	573.000000 	572.828979 	579.622986 
46.000000 	126.459000 	573.000000 	572.828979 	579.622986 
46.100000 	126.459000 	573.000000 	572.828979 	579.622986 
46.200000 	126.459000 	573.000000 	572.828979 	579.622986 
46.300000 	126.459000 	573.000000 	572.828979 	579.622986 
46.400000 	126.459000 	573.000000 	572.828979 	579.622986 
46.500000 	126.439003 	573.000000 	572.822998 	579.648010 
46.600000 	126.439003 	573.000000 	572.822998 	579.648010 
46.700000 	126.439003 	573.000000 	572.822998 	579.648010 
46.800000 	126.439003 	573.000000 	572.822998 	579.648010 
46.900000 	126.439003 	573.000000 	572.822998 	579.648010 
47.000000 	126.439003 	573.000000 	572.822998 	579.648010 
47.100000 	126.439003 	573.000000 	572.822998 	579.648010 
47.200000 	126.439003 	573.000000 	572.822998 	579.648010 
47.300000 	126.439003 	573.000000 	572.822998 	579.648010 
47.400000 	126.439003 	573.000000 	572.822998 	579.648010 
47.500000 	126.415001 	573.000000 	572.817017 	579.671997 
47.600000 	126.415001 	573.000000 	572.817017 	579.671997 
47.700000 	126.415001 	573.000000 	572.817017 	579.671997 
47.800000 	126.415001 	573.000000 	572.817017 	579.671997 
47.900000 	126.415001 	573.000000 	572.817017 	579.671997 
48.000000 	126.415001 	573.000000 	572.817017 	579.671997 
48.100000 	126.415001 	573.000000 	572.817017 	579.671997 
48.200000 	126.415001 	573.000000 	572.817017 	579.671997 
48.300000 	126.415001 	573.000000 	572.817017 	579.671997 
48.400000 	126.415001 	573.000000 	572.817017 	579.671997 
48.500000 	126.387001 	573.000000 	572.809998 	579.695984 
48.600000 	126.387001 	573.000000 	572.809998 	579.695984 
48.700000 	126.387001 	573.000000 	572.809998 	579.695984 
48.800000 	126.387001 	573.000000 	572.809998 	579.695984 
48.900000 	126.387001 	573.000000 	572.809998 	579.695984 
49.000000 	126.387001 	573.000000 	572.809998 	579.695984 
49.100000 	126.387001 	573.000000 	572.809998 	579.695984 
49.200000 	126.387001 	573.000000 	572.809998 	579.695984 
49.300000 	126.387001 	573.000000 	572.809998 	579.695984 
49.400000 	126.387001 	573.000000 	572.809998 	579.695984 
49.500000 	126.353996 	573.000000 	572.804016 	579.719971 
49.600000 	126.353996 	573.000000 	572.804016 	579.719971 
49.700000 	126.353996 	573.000000 	572.804016 	579.719971 
49.800000 	126.353996 	573.000000 	572.804016 	579.719971 
49.900000 	126.353996 	573.000000 	572.804016 	579.719971 
50.000000 	126.353996 	573.000000 	572.804016 	579.719971 
50.100000 	126.353996 	573.000000 	572.804016 	579.719971 
50.200000 	126.353996 	573.000000 	572.804016 	579.719971 
50.300000 	126.353996 	573.000000 	572.804016 	579.719971 
50.400000 	126.353996 	573.000000 	572.804016 	579.719971 
50.500000 	126.317001 	573.000000 	572.796997 	579.742981 
50.600000 	126.317001 	573.000000 	572.796997 	579.742981 
50.700000 	126.317001 	573.000000 	572.796997 	579.742981 
50.800000 	126.317001 	573.000000 	572.796997 	579.742981 
50.900000 	126.317001 	573.000000 	572.796997 	579.742981 
51.000000 	126.317001 	573.000000 	572.796997 	579.742981 
51.100000 	126.317001 	573.000000 	572.796997 	579.742981 
51.200000 	126.317001 	573.000000 	572.796997 	579.742981 
51.300000 	126.317001 	573.000000 	572.796997 	579.742981 
51.400000 	126.317001 	573.000000 	572.796997 	579.742981 
51.500000 	126.274002 	573.000000 	572.789978 	579.765991 
51.600000 	126.274002 	573.000000 	572.789978 	579.765991 
51.700000 	126.274002 	573.000000 	572.789978 	579.765991 
51.800000 	126.274002 	573.000000 	572.789978 	579.765991 
51.900000 	126.274002 	573.000000 	572.789978 	579.765991 
52.000000 	126.274002 	573.000000 	572.789978 	579.765991 
52.100000 	126.274002 	573.000000 	572.789978 	579.765991 
52.200000 	126.274002 	573.000000 	572.789978 	579.765991 
52.300000 	126.274002 	573.000000 	572.789978 	579.765991 
52.400000 	126.274002 	573.000000 	572.789978 	579.765991 
52.500000 	126.223999 	573.000000 	572.781982 	579.789001 
52.600000 	126.223999 	573.000000 	572.781982 	579.789001 
52.700000 	126.223999 	573.000000 	572.781982 	579.789001 
52.800000 	126.223999 	573.000000 	572.781982 	579.789001 
52.900000 	126.223999 	573.000000 	572.781982 	579.789001 
53.000000 	126.223999 	573.000000 	572.781982 	579.789001 
53.100000 	126.223999 	573.000000 	572.781982 	579.789001 
53.200000 	126.223999 	573.000000 	572.781982 	579.789001 
53.300000 	126.223999 	573.000000 	572.781982 	579.789001 
53.400000 	126.223999 	573.000000 	572.781982 	579.789001 
53.500000 	126.167000 	573.000000 	572.773987 	579.810974 
53.600000 	126.167000 	573.000000 	572.773987 	579.810974 
53.700000 	126.167000 	573.000000 	572.773987 	579.810974 
53.800000 	126.167000 	573.000000 	572.773987 	579.810974 
53.900000 	126.167000 	573.000000 	572.773987 	579.810974 
54.000000 	126.167000 	573.000000 	572.773987 	579.810974 
54.100000 	126.167000 	573.000000 	572.773987 	579.810974 
54.200000 	126.167000 	573.000000 	572.773987 	579.810974 
54.300000 	126.167000 	573.000000 	572.773987 	579.810974 
54.400000 	126.167000 	573.000000 	572.773987 	579.810974 
54.500000 	126.100998 	573.000000 	572.765991 	579.831970 
54.600000 	126.100998 	573.000000 	572.765991 	579.831970 
54.700000 	126.100998 	573.000000 	572.765991 	579.831970 
54.800000 	126.100998 	573.000000 	572.765991 	579.831970 
54.900000 	126.100998 	573.000000 	572.765991 	579.831970 
55.000000 	126.100998 	573.000000 	572.765991 	579.831970 
55.100000 	126.100998 	573.000000 	572.765991 	579.831970 
55.200000 	126.100998 	573.000000 	572.765991 	579.831970 
55.300000 	126.100998 	573.000000 	572.765991 	579.831970 
55.400000 	126.100998 	573.000000 	572.765991 	579.831970 
55.500000 	126.024002 	573.000000 	572.757996 	579.853027 
55.600000 	126.024002 	573.000000 	572.757996 	579.853027 
55.700000 	126.024002 	573.000000 	572.757996 	579.853027 
55.800000 	126.024002 	573.000000 	572.757996 	579.853027 
55.900000 	126.024002 	573.000000 	572.757996 	579.853027 
56.000000 	126.024002 	573.000000 	572.757996 	579.853027 
56.100000 	126.024002 	573.000000 	572.757996 	579.853027 
56.200000 	126.024002 	573.000000 	572.757996 	579.853027 
56.300000 	126.024002 	573.000000 	572.757996 	579.853027 
56.400000 	126.024002 	573.000000 	572.757996 	579.853027 
56.500000 	125.934998 	573.000000 	572.749023 	579.874023 
56.600000 	125.934998 	573.000000 	572.749023 	579.874023 
56.700000 	125.934998 	573.000000 	572.749023 	579.874023 
56.800000 	125.934998 	573.000000 	572.749023 	579.874023 
56.900000 	125.934998 	573.000000 	572.749023 	579.874023 
57.000000 	125.934998 	573.000000 	572.749023 	579.874023 
57.100000 	125.934998 	573.000000 	572.749023 	579.874023 
57.200000 	125.934998 	573.000000 	572.749023 	579.874023 
57.300000 	125.934998 	573.000000 	572.749023 	579.874023 
57.400000 	125.934998 	573.000000 	572.749023 	579.874023 
57.500000 	125.831001 	573.000000 	572.739990 	579.893982 
57.600000 	125.831001 	573.000000 	572.739990 	579.893982 
57.700000 	125.831001 	573.000000 	572.739990 	579.893982 
57.800000 	125.831001 	573.000000 	572.739990 	579.893982 
57.900000 	125.831001 	573.000000 	572.739990 	579.893982 
58.000000 	125.831001 	573.000000 	572.739990 	579.893982 
58.100000 	125.831001 	573.000000 	572.739990 	579.893982 
58.200000 	125.831001 	573.000000 	572.739990 	579.893982 
58.300000 	125.831001 	573.000000 	572.739990 	579.893982 
58.400000 	125.831001 	573.000000 	572.739990 	579.893982 
58.500000 	125.708000 	573.000000 	572.729980 	579.913025 
58.600000 	125.708000 	573.000000 	572.729980 	579.913025 
58.700000 	125.708000 	573.000000 	572.729980 	579.913025 
58.800000 	125.708000 	573.000000 	572.729980 	579.913025 
58.900000 	125.708000 	573.000000 	572.729980 	579.913025 
59.000000 	125.708000 	573.000000 	572.729980 	579.913025 
59.100000 	125.708000 	573.000000 	572.729980 	579.913025 
59.200000 	125.708000 	573.000000 	572.729980 	579.913025 
59.300000 	125.708000 	573.000000 	572.729980 	579.913025 
59.400000 	125.708000 	573.000000 	572.729980 	579.913025 
59.500000 	125.560997 	573.000000 	572.719971 	579.932007 
59.600000 	125.560997 	573.000000 	572.719971 	579.932007 
59.700000 	125.560997 	573.000000 	572.719971 	579.932007 
59.800000 	125.560997 	573.000000 	572.719971 	579.932007 
59.900000 	125.560997 	573.000000 	572.719971 	579.932007 
60.000000 	125.560997 	573.000000 	572.719971 	579.932007 
