0.500000 	86.727600 	194.000000 	240.281006 	205.552994 
0.600000 	86.727600 	194.000000 	240.281006 	205.552994 
0.700000 	86.727600 	194.000000 	240.281006 	205.552994 
0.800000 	86.727600 	194.000000 	240.281006 	205.552994 
0.900000 	86.727600 	194.000000 	240.281006 	205.552994 
1.000000 	86.727600 	194.000000 	240.281006 	205.552994 
1.100000 	86.727600 	194.000000 	240.281006 	205.552994 
1.200000 	86.727600 	194.000000 	240.281006 	205.552994 
1.300000 	86.727600 	194.000000 	240.281006 	205.552994 
1.400000 	86.727600 	194.000000 	240.281006 	205.552994 
1.500000 	96.150299 	194.000000 	216.979004 	208.546005 
1.600000 	96.150299 	194.000000 	216.979004 	208.546005 
1.700000 	96.150299 	194.000000 	216.979004 	208.546005 
1.800000 	96.150299 	194.000000 	216.979004 	208.546005 
1.900000 	96.150299 	194.000000 	216.979004 	208.546005 
2.000000 	96.150299 	194.000000 	216.979004 	208.546005 
2.100000 	96.150299 	194.000000 	216.979004 	208.546005 
2.200000 	96.150299 	194.000000 	216.979004 	208.546005 
2.300000 	96.150299 	194.000000 	216.979004 	208.546005 
2.400000 	96.150299 	194.000000 	216.979004 	208.546005 
2.500000 	107.976997 	194.000000 	207.630005 	209.108994 
2.600000 	107.976997 	194.000000 	207.630005 	209.108994 
2.700000 	107.976997 	194.000000 	207.630005 	209.108994 
2.800000 	107.976997 	194.000000 	207.630005 	209.108994 
2.900000 	107.976997 	194.000000 	207.630005 	209.108994 
3.000000 	107.976997 	194.000000 	207.630005 	209.108994 
3.100000 	107.976997 	194.000000 	207.630005 	209.108994 
3.200000 	107.976997 	194.000000 	207.630005 	209.108994 
3.300000 	107.976997 	194.000000 	207.630005 	209.108994 
3.400000 	107.976997 	194.000000 	207.630005 	209.108994 
3.500000 	114.501999 	194.000000 	202.781006 	209.326004 
3.600000 	114.501999 	194.000000 	202.781006 	209.326004 
3.700000 	114.501999 	194.000000 	202.781006 	209.326004 
3.800000 	114.501999 	194.000000 	202.781006 	209.326004 
3.900000 	114.501999 	194.000000 	202.781006 	209.326004 
4.000000 	114.501999 	194.000000 	202.781006 	209.326004 
4.100000 	114.501999 	194.000000 	202.781006 	209.326004 
4.200000 	114.501999 	194.000000 	202.781006 	209.326004 
4.300000 	114.501999 	194.000000 	202.781006 	209.326004 
4.400000 	114.501999 	194.000000 	202.781006 	209.326004 
4.500000 	118.207001 	194.000000 	200.026993 	209.447006 
4.600000 	118.207001 	194.000000 	200.026993 	209.447006 
4.700000 	118.207001 	194.000000 	200.026993 	209.447006 
4.800000 	118.207001 	194.000000 	200.026993 	209.447006 
4.900000 	118.207001 	194.000000 	200.026993 	209.447006 
5.000000 	118.207001 	194.000000 	200.026993 	209.447006 
5.100000 	118.207001 	194.000000 	200.026993 	209.447006 
5.200000 	118.207001 	194.000000 	200.026993 	209.447006 
5.300000 	118.207001 	194.000000 	200.026993 	209.447006 
5.400000 	118.207001 	194.000000 	200.026993 	209.447006 
5.500000 	120.461998 	194.000000 	198.343994 	209.533005 
5.600000 	120.461998 	194.000000 	198.343994 	209.533005 
5.700000 	120.461998 	194.000000 	198.343994 	209.533005 
5.800000 	120.461998 	194.000000 	198.343994 	209.533005 
5.900000 	120.461998 	194.000000 	198.343994 	209.533005 
6.000000 	120.461998 	194.000000 	198.343994 	209.533005 
6.100000 	120.461998 	194.000000 	198.343994 	209.533005 
6.200000 	120.461998 	194.000000 	198.343994 	209.533005 
6.300000 	120.461998 	194.000000 	198.343994 	209.533005 
6.400000 	120.461998 	194.000000 	198.343994 	209.533005 
6.500000 	121.922997 	194.000000 	197.250000 	209.606003 
6.600000 	121.922997 	194.000000 	197.250000 	209.606003 
6.700000 	121.922997 	194.000000 	197.250000 	209.606003 
6.800000 	121.922997 	194.000000 	197.250000 	209.606003 
6.900000 	121.922997 	194.000000 	197.250000 	209.606003 
7.000000 	121.922997 	194.000000 	197.250000 	209.606003 
7.100000 	121.922997 	194.000000 	197.250000 	209.606003 
7.200000 	121.922997 	194.000000 	197.250000 	209.606003 
7.300000 	121.922997 	194.000000 	197.250000 	209.606003 
7.400000 	121.922997 	194.000000 	197.250000 	209.606003 
7.500000 	122.918999 	194.000000 	196.503006 	209.673996 
7.600000 	122.918999 	194.000000 	196.503006 	209.673996 
7.700000 	122.918999 	194.000000 	196.503006 	209.673996 
7.800000 	122.918999 	194.000000 	196.503006 	209.673996 
7.900000 	122.918999 	194.000000 	196.503006 	209.673996 
8.000000 	122.918999 	194.000000 	196.503006 	209.673996 
8.100000 	122.918999 	194.000000 	196.503006 	209.673996 
8.200000 	122.918999 	194.000000 	196.503006 	209.673996 
8.300000 	122.918999 	194.000000 	196.503006 	209.673996 
8.400000 	122.918999 	194.000000 	196.503006 	209.673996 
8.500000 	123.626999 	194.000000 	195.972000 	209.740005 
8.600000 	123.626999 	194.000000 	195.972000 	209.740005 
8.700000 	123.626999 	194.000000 	195.972000 	209.740005 
8.800000 	123.626999 	194.000000 	195.972000 	209.740005 
8.900000 	123.626999 	194.000000 	195.972000 	209.740005 
9.000000 	123.626999 	194.000000 	195.972000 	209.740005 
9.100000 	123.626999 	194.000000 	195.972000 	209.740005 
9.200000 	123.626999 	194.000000 	195.972000 	209.740005 
9.300000 	123.626999 	194.000000 	195.972000 	209.740005 
9.400000 	123.626999 	194.000000 	195.972000 	209.740005 
9.500000 	124.148003 	194.000000 	195.582001 	209.807999 
9.600000 	124.148003 	194.000000 	195.582001 	209.807999 
9.700000 	124.148003 	194.000000 	195.582001 	209.807999 
9.800000 	124.148003 	194.000000 	195.582001 	209.807999 
9.900000 	124.148003 	194.000000 	195.582001 	209.807999 
10.000000 	124.148003 	194.000000 	195.582001 	209.807999 
10.100000 	124.148003 	194.000000 	195.582001 	209.807999 
10.200000 	124.148003 	194.000000 	195.582001 	209.807999 
10.300000 	124.148003 	194.000000 	195.582001 	209.807999 
10.400000 	124.148003 	194.000000 	195.582001 	209.807999 
10.500000 	124.542000 	194.000000 	195.287003 	209.876999 
10.600000 	124.542000 	194.000000 	195.287003 	209.876999 
10.700000 	124.542000 	194.000000 	195.287003 	209.876999 
10.800000 	124.542000 	194.000000 	195.287003 	209.876999 
10.900000 	124.542000 	194.000000 	195.287003 	209.876999 
11.000000 	124.542000 	194.000000 	195.287003 	209.876999 
11.100000 	124.542000 	194.000000 	195.287003 	209.876999 
11.200000 	124.542000 	194.000000 	195.287003 	209.876999 
11.300000 	124.542000 	194.000000 	195.287003 	209.876999 
11.400000 	124.542000 	194.000000 	195.287003 	209.876999 
11.500000 	124.848999 	194.000000 	195.059006 	209.949997 
11.600000 	124.848999 	194.000000 	195.059006 	209.949997 
11.700000 	124.848999 	194.000000 	195.059006 	209.949997 
11.800000 	124.848999 	194.000000 	195.059006 	209.949997 
11.900000 	124.848999 	194.000000 	195.059006 	209.949997 
12.000000 	124.848999 	194.000000 	195.059006 	209.949997 
12.100000 	124.848999 	194.000000 	195.059006 	209.949997 
12.200000 	124.848999 	194.000000 	195.059006 	209.949997 
12.300000 	124.848999 	194.000000 	195.059006 	209.949997 
12.400000 	124.848999 	194.000000 	195.059006 	209.949997 
12.500000 	125.092003 	194.000000 	194.878998 	210.026001 
12.600000 	125.092003 	194.000000 	194.878998 	210.026001 
12.700000 	125.092003 	194.000000 	194.878998 	210.026001 
12.800000 	125.092003 	194.000000 	194.878998 	210.026001 
12.900000 	125.092003 	194.000000 	194.878998 	210.026001 
13.000000 	125.092003 	194.000000 	194.878998 	210.026001 
13.100000 	125.092003 	194.000000 	194.878998 	210.026001 
13.200000 	125.092003 	194.000000 	194.878998 	210.026001 
13.300000 	125.092003 	194.000000 	194.878998 	210.026001 
13.400000 	125.092003 	194.000000 	194.878998 	210.026001 
13.500000 	125.288002 	194.000000 	194.733994 	210.104004 
13.600000 	125.288002 	194.000000 	194.733994 	210.104004 
13.700000 	125.288002 	194.000000 	194.733994 	210.104004 
13.800000 	125.288002 	194.000000 	194.733994 	210.104004 
13.900000 	125.288002 	194.000000 	194.733994 	210.104004 
14.000000 	125.288002 	194.000000 	194.733994 	210.104004 
14.100000 	125.288002 	194.000000 	194.733994 	210.104004 
14.200000 	125.288002 	194.000000 	194.733994 	210.104004 
14.300000 	125.288002 	194.000000 	194.733994 	210.104004 
14.400000 	125.288002 	194.000000 	194.733994 	210.104004 
14.500000 	125.448997 	194.000000 	194.617004 	210.184998 
14.600000 	125.448997 	194.000000 	194.617004 	210.184998 
14.700000 	125.448997 	194.000000 	194.617004 	210.184998 
14.800000 	125.448997 	194.000000 	194.617004 	210.184998 
14.900000 	125.448997 	194.000000 	194.617004 	210.184998 
15.000000 	125.448997 	194.000000 	194.617004 	210.184998 
15.100000 	125.448997 	194.000000 	194.617004 	210.184998 
15.200000 	125.448997 	194.000000 	194.617004 	210.184998 
15.300000 	125.448997 	194.000000 	194.617004 	210.184998 
15.400000 	125.448997 	194.000000 	194.617004 	210.184998 
15.500000 	125.583000 	194.000000 	194.518997 	210.268997 
15.600000 	125.583000 	194.000000 	194.518997 	210.268997 
15.700000 	125.583000 	194.000000 	194.518997 	210.268997 
15.800000 	125.583000 	194.000000 	194.518997 	210.268997 
15.900000 	125.583000 	194.000000 	194.518997 	210.268997 
16.000000 	125.583000 	194.000000 	194.518997 	210.268997 
16.100000 	125.583000 	194.000000 	194.518997 	210.268997 
16.200000 	125.583000 	194.000000 	194.518997 	210.268997 
16.300000 	125.583000 	194.000000 	194.518997 	210.268997 
16.400000 	125.583000 	194.000000 	194.518997 	210.268997 
16.500000 	125.696999 	194.000000 	194.438004 	210.356003 
16.600000 	125.696999 	194.000000 	194.438004 	210.356003 
16.700000 	125.696999 	194.000000 	194.438004 	210.356003 
16.800000 	125.696999 	194.000000 	194.438004 	210.356003 
16.900000 	125.696999 	194.000000 	194.438004 	210.356003 
17.000000 	125.696999 	194.000000 	194.438004 	210.356003 
17.100000 	125.696999 	194.000000 	194.438004 	210.356003 
17.200000 	125.696999 	194.000000 	194.438004 	210.356003 
17.300000 	125.696999 	194.000000 	194.438004 	210.356003 
17.400000 	125.696999 	194.000000 	194.438004 	210.356003 
17.500000 	125.792999 	194.000000 	194.369003 	210.445007 
17.600000 	125.792999 	194.000000 	194.369003 	210.445007 
17.700000 	125.792999 	194.000000 	194.369003 	210.445007 
17.800000 	125.792999 	194.000000 	194.369003 	210.445007 
17.900000 	125.792999 	194.000000 	194.369003 	210.445007 
18.000000 	125.792999 	194.000000 	194.369003 	210.445007 
18.100000 	125.792999 	194.000000 	194.369003 	210.445007 
18.200000 	125.792999 	194.000000 	194.369003 	210.445007 
18.300000 	125.792999 	194.000000 	194.369003 	210.445007 
18.400000 	125.792999 	194.000000 	194.369003 	210.445007 
18.500000 	125.876999 	194.000000 	194.309998 	210.537003 
18.600000 	125.876999 	194.000000 	194.309998 	210.537003 
18.700000 	125.876999 	194.000000 	194.309998 	210.537003 
18.800000 	125.876999 	194.000000 	194.309998 	210.537003 
18.900000 	125.876999 	194.000000 	194.309998 	210.537003 
19.000000 	125.876999 	194.000000 	194.309998 	210.537003 
19.100000 	125.876999 	194.000000 	194.309998 	210.537003 
19.200000 	125.876999 	194.000000 	194.309998 	210.537003 
19.300000 	125.876999 	194.000000 	194.309998 	210.537003 
19.400000 	125.876999 	194.000000 	194.309998 	210.537003 
19.500000 	125.948997 	194.000000 	194.259995 	210.632004 
19.600000 	125.948997 	194.000000 	194.259995 	210.632004 
19.700000 	125.948997 	194.000000 	194.259995 	210.632004 
19.800000 	125.948997 	194.000000 	194.259995 	210.632004 
19.900000 	125.948997 	194.000000 	194.259995 	210.632004 
20.000000 	125.948997 	194.000000 	194.259995 	210.632004 
20.100000 	125.948997 	194.000000 	194.259995 	210.632004 
20.200000 	125.948997 	194.000000 	194.259995 	210.632004 
20.300000 	125.948997 	194.000000 	194.259995 	210.632004 
20.400000 	125.948997 	194.000000 	194.259995 	210.632004 
20.500000 	126.013000 	194.000000 	194.216003 	210.729004 
20.600000 	126.013000 	194.000000 	194.216003 	210.729004 
20.700000 	126.013000 	194.000000 	194.216003 	210.729004 
20.800000 	126.013000 	194.000000 	194.216003 	210.729004 
20.900000 	126.013000 	194.000000 	194.216003 	210.729004 
21.000000 	126.013000 	194.000000 	194.216003 	210.729004 
21.100000 	126.013000 	194.000000 	194.216003 	210.729004 
21.200000 	126.013000 	194.000000 	194.216003 	210.729004 
21.300000 	126.013000 	194.000000 	194.216003 	210.729004 
21.400000 	126.013000 	194.000000 	194.216003 	210.729004 
21.500000 	126.069000 	194.000000 	194.177994 	210.828003 
21.600000 	126.069000 	194.000000 	194.177994 	210.828003 
21.700000 	126.069000 	194.000000 	194.177994 	210.828003 
21.800000 	126.069000 	194.000000 	194.177994 	210.828003 
21.900000 	126.069000 	194.000000 	194.177994 	210.828003 
22.000000 	126.069000 	194.000000 	194.177994 	210.828003 
22.100000 	126.069000 	194.000000 	194.177994 	210.828003 
22.200000 	126.069000 	194.000000 	194.177994 	210.828003 
22.300000 	126.069000 	194.000000 	194.177994 	210.828003 
22.400000 	126.069000 	194.000000 	194.177994 	210.828003 
22.500000 	126.119003 	194.000000 	194.143997 	210.929993 
22.600000 	126.119003 	194.000000 	194.143997 	210.929993 
22.700000 	126.119003 	194.000000 	194.143997 	210.929993 
22.800000 	126.119003 	194.000000 	194.143997 	210.929993 
22.900000 	126.119003 	194.000000 	194.143997 	210.929993 
23.000000 	126.119003 	194.000000 	194.143997 	210.929993 
23.100000 	126.119003 	194.000000 	194.143997 	210.929993 
23.200000 	126.119003 	194.000000 	194.143997 	210.929993 
23.300000 	126.119003 	194.000000 	194.143997 	210.929993 
23.400000 	126.119003 	194.000000 	194.143997 	210.929993 
23.500000 	126.164001 	194.000000 	194.113998 	211.033997 
23.600000 	126.164001 	194.000000 	194.113998 	211.033997 
23.700000 	126.164001 	194.000000 	194.113998 	211.033997 
23.800000 	126.164001 	194.000000 	194.113998 	211.033997 
23.900000 	126.164001 	194.000000 	194.113998 	211.033997 
24.000000 	126.164001 	194.000000 	194.113998 	211.033997 
24.100000 	126.164001 	194.000000 	194.113998 	211.033997 
24.200000 	126.164001 	194.000000 	194.113998 	211.033997 
24.300000 	126.164001 	194.000000 	194.113998 	211.033997 
24.400000 	126.164001 	194.000000 	194.113998 	211.033997 
24.500000 	126.204002 	194.000000 	194.087997 	211.139008 
24.600000 	126.204002 	194.000000 	194.087997 	211.139008 
24.700000 	126.204002 	194.000000 	194.087997 	211.139008 
24.800000 	126.204002 	194.000000 	194.087997 	211.139008 
24.900000 	126.204002 	194.000000 	194.087997 	211.139008 
25.000000 	126.204002 	194.000000 	194.087997 	211.139008 
25.100000 	126.204002 	194.000000 	194.087997 	211.139008 
25.200000 	126.204002 	194.000000 	194.087997 	211.139008 
25.300000 	126.204002 	194.000000 	194.087997 	211.139008 
25.400000 	126.204002 	194.000000 	194.087997 	211.139008 
25.500000 	126.239998 	194.000000 	194.063995 	211.246994 
25.600000 	126.239998 	194.000000 	194.063995 	211.246994 
25.700000 	126.239998 	194.000000 	194.063995 	211.246994 
25.800000 	126.239998 	194.000000 	194.063995 	211.246994 
25.900000 	126.239998 	194.000000 	194.063995 	211.246994 
26.000000 	126.239998 	194.000000 	194.063995 	211.246994 
26.100000 	126.239998 	194.000000 	194.063995 	211.246994 
26.200000 	126.239998 	194.000000 	194.063995 	211.246994 
26.300000 	126.239998 	194.000000 	194.063995 	211.246994 
26.400000 	126.239998 	194.000000 	194.063995 	211.246994 
26.500000 	126.272003 	194.000000 	194.042999 	211.356003 
26.600000 	126.272003 	194.000000 	194.042999 	211.356003 
26.700000 	126.272003 	194.000000 	194.042999 	211.356003 
26.800000 	126.272003 	194.000000 	194.042999 	211.356003 
26.900000 	126.272003 	194.000000 	194.042999 	211.356003 
27.000000 	126.272003 	194.000000 	194.042999 	211.356003 
27.100000 	126.272003 	194.000000 	194.042999 	211.356003 
27.200000 	126.272003 	194.000000 	194.042999 	211.356003 
27.300000 	126.272003 	194.000000 	194.042999 	211.356003 
27.400000 	126.272003 	194.000000 	194.042999 	211.356003 
27.500000 	126.302002 	194.000000 	194.024002 	211.466995 
27.600000 	126.302002 	194.000000 	194.024002 	211.466995 
27.700000 	126.302002 	194.000000 	194.024002 	211.466995 
27.800000 	126.302002 	194.000000 	194.024002 	211.466995 
27.900000 	126.302002 	194.000000 	194.024002 	211.466995 
28.000000 	126.302002 	194.000000 	194.024002 	211.466995 
28.100000 	126.302002 	194.000000 	194.024002 	211.466995 
28.200000 	126.302002 	194.000000 	194.024002 	211.466995 
28.300000 	126.302002 	194.000000 	194.024002 	211.466995 
28.400000 	126.302002 	194.000000 	194.024002 	211.466995 
28.500000 	126.329002 	194.000000 	194.005997 	211.578995 
28.600000 	126.329002 	194.000000 	194.005997 	211.578995 
28.700000 	126.329002 	194.000000 	194.005997 	211.578995 
28.800000 	126.329002 	194.000000 	194.005997 	211.578995 
28.900000 	126.329002 	194.000000 	194.005997 	211.578995 
29.000000 	126.329002 	194.000000 	194.005997 	211.578995 
29.100000 	126.329002 	194.000000 	194.005997 	211.578995 
29.200000 	126.329002 	194.000000 	194.005997 	211.578995 
29.300000 	126.329002 	194.000000 	194.005997 	211.578995 
29.400000 	126.329002 	194.000000 	194.005997 	211.578995 
29.500000 	126.352997 	194.000000 	193.990005 	211.692001 
29.600000 	126.352997 	194.000000 	193.990005 	211.692001 
29.700000 	126.352997 	194.000000 	193.990005 	211.692001 
29.800000 	126.352997 	194.000000 	193.990005 	211.692001 
29.900000 	126.352997 	194.000000 	193.990005 	211.692001 
30.000000 	126.352997 	194.000000 	193.990005 	211.692001 
30.100000 	126.352997 	194.000000 	193.990005 	211.692001 
30.200000 	126.352997 	194.000000 	193.990005 	211.692001 
30.300000 	126.352997 	194.000000 	193.990005 	211.692001 
30.400000 	126.352997 	194.000000 	193.990005 	211.692001 
30.500000 	126.375000 	194.000000 	193.975006 	211.807007 
30.600000 	126.375000 	194.000000 	193.975006 	211.807007 
30.700000 	126.375000 	194.000000 	193.975006 	211.807007 
30.800000 	126.375000 	194.000000 	193.975006 	211.807007 
30.900000 	126.375000 	194.000000 	193.975006 	211.807007 
31.000000 	126.375000 	194.000000 	193.975006 	211.807007 
31.100000 	126.375000 	194.000000 	193.975006 	211.807007 
31.200000 	126.375000 	194.000000 	193.975006 	211.807007 
31.300000 	126.375000 	194.000000 	193.975006 	211.807007 
31.400000 	126.375000 	194.000000 	193.975006 	211.807007 
31.500000 	126.394997 	194.000000 	193.962006 	211.923004 
31.600000 	126.394997 	194.000000 	193.962006 	211.923004 
31.700000 	126.394997 	194.000000 	193.962006 	211.923004 
31.800000 	126.394997 	194.000000 	193.962006 	211.923004 
31.900000 	126.394997 	194.000000 	193.962006 	211.923004 
32.000000 	126.394997 	194.000000 	193.962006 	211.923004 
32.100000 	126.394997 	194.000000 	193.962006 	211.923004 
32.200000 	126.394997 	194.000000 	193.962006 	211.923004 
32.300000 	126.394997 	194.000000 	193.962006 	211.923004 
32.400000 	126.394997 	194.000000 	193.962006 	211.923004 
32.500000 	126.412003 	194.000000 	193.949005 	212.041000 
32.600000 	126.412003 	194.000000 	193.949005 	212.041000 
32.700000 	126.412003 	194.000000 	193.949005 	212.041000 
32.800000 	126.412003 	194.000000 	193.949005 	212.041000 
32.900000 	126.412003 	194.000000 	193.949005 	212.041000 
33.000000 	126.412003 	194.000000 	193.949005 	212.041000 
33.100000 	126.412003 	194.000000 	193.949005 	212.041000 
33.200000 	126.412003 	194.000000 	193.949005 	212.041000 
33.300000 	126.412003 	194.000000 	193.949005 	212.041000 
33.400000 	126.412003 	194.000000 	193.949005 	212.041000 
33.500000 	126.428001 	194.000000 	193.938004 	212.158997 
33.600000 	126.428001 	194.000000 	193.938004 	212.158997 
33.700000 	126.428001 	194.000000 	193.938004 	212.158997 
33.800000 	126.428001 	194.000000 	193.938004 	212.158997 
33.900000 	126.428001 	194.000000 	193.938004 	212.158997 
34.000000 	126.428001 	194.000000 	193.938004 	212.158997 
34.100000 	126.428001 	194.000000 	193.938004 	212.158997 
34.200000 	126.428001 	194.000000 	193.938004 	212.158997 
34.300000 	126.428001 	194.000000 	193.938004 	212.158997 
34.400000 	126.428001 	194.000000 	193.938004 	212.158997 
34.500000 	126.442001 	194.000000 	193.927002 	212.278000 
34.600000 	126.442001 	194.000000 	193.927002 	212.278000 
34.700000 	126.442001 	194.000000 	193.927002 	212.278000 
34.800000 	126.442001 	194.000000 	193.927002 	212.278000 
34.900000 	126.442001 	194.000000 	193.927002 	212.278000 
35.000000 	126.442001 	194.000000 	193.927002 	212.278000 
35.100000 	126.442001 	194.000000 	193.927002 	212.278000 
35.200000 	126.442001 	194.000000 	193.927002 	212.278000 
35.300000 	126.442001 	194.000000 	193.927002 	212.278000 
35.400000 	126.442001 	194.000000 	193.927002 	212.278000 
35.500000 	126.453003 	194.000000 	193.916000 	212.397995 
35.600000 	126.453003 	194.000000 	193.916000 	212.397995 
35.700000 	126.453003 	194.000000 	193.916000 	212.397995 
35.800000 	126.453003 	194.000000 	193.916000 	212.397995 
35.900000 	126.453003 	194.000000 	193.916000 	212.397995 
36.000000 	126.453003 	194.000000 	193.916000 	212.397995 
36.100000 	126.453003 	194.000000 	193.916000 	212.397995 
36.200000 	126.453003 	194.000000 	193.916000 	212.397995 
36.300000 	126.453003 	194.000000 	193.916000 	212.397995 
36.400000 	126.453003 	194.000000 	193.916000 	212.397995 
36.500000 	126.462997 	194.000000 	193.906998 	212.518997 
36.600000 	126.462997 	194.000000 	193.906998 	212.518997 
36.700000 	126.462997 	194.000000 	193.906998 	212.518997 
36.800000 	126.462997 	194.000000 	193.906998 	212.518997 
36.900000 	126.462997 	194.000000 	193.906998 	212.518997 
37.000000 	126.462997 	194.000000 	193.906998 	212.518997 
37.100000 	126.462997 	194.000000 	193.906998 	212.518997 
37.200000 	126.462997 	194.000000 	193.906998 	212.518997 
37.300000 	126.462997 	194.000000 	193.906998 	212.518997 
37.400000 	126.462997 	194.000000 	193.906998 	212.518997 
37.500000 	126.471001 	194.000000 	193.897995 	212.639999 
37.600000 	126.471001 	194.000000 	193.897995 	212.639999 
37.700000 	126.471001 	194.000000 	193.897995 	212.639999 
37.800000 	126.471001 	194.000000 	193.897995 	212.639999 
37.900000 	126.471001 	194.000000 	193.897995 	212.639999 
38.000000 	126.471001 	194.000000 	193.897995 	212.639999 
38.100000 	126.471001 	194.000000 	193.897995 	212.639999 
38.200000 	126.471001 	194.000000 	193.897995 	212.639999 
38.300000 	126.471001 	194.000000 	193.897995 	212.639999 
38.400000 	126.471001 	194.000000 	193.897995 	212.639999 
38.500000 	126.476997 	194.000000 	193.889008 	212.761993 
38.600000 	126.476997 	194.000000 	193.889008 	212.761993 
38.700000 	126.476997 	194.000000 	193.889008 	212.761993 
38.800000 	126.476997 	194.000000 	193.889008 	212.761993 
38.900000 	126.476997 	194.000000 	193.889008 	212.761993 
39.000000 	126.476997 	194.000000 	193.889008 	212.761993 
39.100000 	126.476997 	194.000000 	193.889008 	212.761993 
39.200000 	126.476997 	194.000000 	193.889008 	212.761993 
39.300000 	126.476997 	194.000000 	193.889008 	212.761993 
39.400000 	126.476997 	194.000000 	193.889008 	212.761993 
39.500000 	126.480003 	194.000000 	193.880997 	212.884003 
39.600000 	126.480003 	194.000000 	193.880997 	212.884003 
39.700000 	126.480003 	194.000000 	193.880997 	212.884003 
39.800000 	126.480003 	194.000000 	193.880997 	212.884003 
39.900000 	126.480003 	194.000000 	193.880997 	212.884003 
40.000000 	126.480003 	194.000000 	193.880997 	212.884003 
40.100000 	126.480003 	194.000000 	193.880997 	212.884003 
40.200000 	126.480003 	194.000000 	193.880997 	212.884003 
40.300000 	126.480003 	194.000000 	193.880997 	212.884003 
40.400000 	126.480003 	194.000000 	193.880997 	212.884003 
40.500000 	126.482002 	194.000000 	193.873001 	213.007004 
40.600000 	126.482002 	194.000000 	193.873001 	213.007004 
40.700000 	126.482002 	194.000000 	193.873001 	213.007004 
40.800000 	126.482002 	194.000000 	193.873001 	213.007004 
40.900000 	126.482002 	194.000000 	193.873001 	213.007004 
41.000000 	126.482002 	194.000000 	193.873001 	213.007004 
41.100000 	126.482002 	194.000000 	193.873001 	213.007004 
41.200000 	126.482002 	194.000000 	193.873001 	213.007004 
41.300000 	126.482002 	194.000000 	193.873001 	213.007004 
41.400000 	126.482002 	194.000000 	193.873001 	213.007004 
41.500000 	126.481003 	194.000000 	193.865997 	213.130005 
41.600000 	126.481003 	194.000000 	193.865997 	213.130005 
41.700000 	126.481003 	194.000000 	193.865997 	213.130005 
41.800000 	126.481003 	194.000000 	193.865997 	213.130005 
41.900000 	126.481003 	194.000000 	193.865997 	213.130005 
42.000000 	126.481003 	194.000000 	193.865997 	213.130005 
42.100000 	126.481003 	194.000000 	193.865997 	213.130005 
42.200000 	126.481003 	194.000000 	193.865997 	213.130005 
42.300000 	126.481003 	194.000000 	193.865997 	213.130005 
42.400000 	126.481003 	194.000000 	193.865997 	213.130005 
42.500000 	126.477997 	194.000000 	193.858994 	213.253998 
42.600000 	126.477997 	194.000000 	193.858994 	213.253998 
42.700000 	126.477997 	194.000000 	193.858994 	213.253998 
42.800000 	126.477997 	194.000000 	193.858994 	213.253998 
42.900000 	126.477997 	194.000000 	193.858994 	213.253998 
43.000000 	126.477997 	194.000000 	193.858994 	213.253998 
43.100000 	126.477997 	194.000000 	193.858994 	213.253998 
43.200000 	126.477997 	194.000000 	193.858994 	213.253998 
43.300000 	126.477997 	194.000000 	193.858994 	213.253998 
43.400000 	126.477997 	194.000000 	193.858994 	213.253998 
43.500000 	126.472000 	194.000000 	193.852005 	213.376999 
43.600000 	126.472000 	194.000000 	193.852005 	213.376999 
43.700000 	126.472000 	194.000000 	193.852005 	213.376999 
43.800000 	126.472000 	194.000000 	193.852005 	213.376999 
43.900000 	126.472000 	194.000000 	193.852005 	213.376999 
44.000000 	126.472000 	194.000000 	193.852005 	213.376999 
44.100000 	126.472000 	194.000000 	193.852005 	213.376999 
44.200000 	126.472000 	194.000000 	193.852005 	213.376999 
44.300000 	126.472000 	194.000000 	193.852005 	213.376999 
44.400000 	126.472000 	194.000000 	193.852005 	213.376999 
44.500000 	126.463997 	194.000000 	193.845001 	213.501007 
44.600000 	126.463997 	194.000000 	193.845001 	213.501007 
44.700000 	126.463997 	194.000000 	193.845001 	213.501007 
44.800000 	126.463997 	194.000000 	193.845001 	213.501007 
44.900000 	126.463997 	194.000000 	193.845001 	213.501007 
45.000000 	126.463997 	194.000000 	193.845001 	213.501007 
45.100000 	126.463997 	194.000000 	193.845001 	213.501007 
45.200000 	126.463997 	194.000000 	193.845001 	213.501007 
45.300000 	126.463997 	194.000000 	193.845001 	213.501007 
45.400000 	126.463997 	194.000000 	193.845001 	213.501007 
45.500000 	126.452003 	194.000000 	193.839005 	213.625000 
45.600000 	126.452003 	194.000000 	193.839005 	213.625000 
45.700000 	126.452003 	194.000000 	193.839005 	213.625000 
45.800000 	126.452003 	194.000000 	193.839005 	213.625000 
45.900000 	126.452003 	194.000000 	193.839005 	213.625000 
46.000000 	126.452003 	194.000000 	193.839005 	213.625000 
46.100000 	126.452003 	194.000000 	193.839005 	213.625000 
46.200000 	126.452003 	194.000000 	193.839005 	213.625000 
46.300000 	126.452003 	194.000000 	193.839005 	213.625000 
46.400000 	126.452003 	194.000000 	193.839005 	213.625000 
46.500000 	126.436996 	194.000000 	193.832001 	213.748993 
46.600000 	126.436996 	194.000000 	193.832001 	213.748993 
46.700000 	126.436996 	194.000000 	193.832001 	213.748993 
46.800000 	126.436996 	194.000000 	193.832001 	213.748993 
46.900000 	126.436996 	194.000000 	193.832001 	213.748993 
47.000000 	126.436996 	194.000000 	193.832001 	213.748993 
47.100000 	126.436996 	194.000000 	193.832001 	213.748993 
47.200000 	126.436996 	194.000000 	193.832001 	213.748993 
47.300000 	126.436996 	194.000000 	193.832001 	213.748993 
47.400000 	126.436996 	194.000000 	193.832001 	213.748993 
47.500000 	126.418999 	194.000000 	193.826004 	213.873001 
47.600000 	126.418999 	194.000000 	193.826004 	213.873001 
47.700000 	126.418999 	194.000000 	193.826004 	213.873001 
47.800000 	126.418999 	194.000000 	193.826004 	213.873001 
47.900000 	126.418999 	194.000000 	193.826004 	213.873001 
48.000000 	126.418999 	194.000000 	193.826004 	213.873001 
48.100000 	126.418999 	194.000000 	193.826004 	213.873001 
48.200000 	126.418999 	194.000000 	193.826004 	213.873001 
48.300000 	126.418999 	194.000000 	193.826004 	213.873001 
48.400000 	126.418999 	194.000000 	193.826004 	213.873001 
48.500000 	126.396004 	194.000000 	193.820007 	213.996994 
48.600000 	126.396004 	194.000000 	193.820007 	213.996994 
48.700000 	126.396004 	194.000000 	193.820007 	213.996994 
48.800000 	126.396004 	194.000000 	193.820007 	213.996994 
48.900000 	126.396004 	194.000000 	193.820007 	213.996994 
49.000000 	126.396004 	194.000000 	193.820007 	213.996994 
49.100000 	126.396004 	194.000000 	193.820007 	213.996994 
49.200000 	126.396004 	194.000000 	193.820007 	213.996994 
49.300000 	126.396004 	194.000000 	193.820007 	213.996994 
49.400000 	126.396004 	194.000000 	193.820007 	213.996994 
49.500000 	126.369003 	194.000000 	193.813995 	214.119995 
49.600000 	126.369003 	194.000000 	193.813995 	214.119995 
49.700000 	126.369003 	194.000000 	193.813995 	214.119995 
49.800000 	126.369003 	194.000000 	193.813995 	214.119995 
49.900000 	126.369003 	194.000000 	193.813995 	214.119995 
50.000000 	126.369003 	194.000000 	193.813995 	214.119995 
50.100000 	126.369003 	194.000000 	193.813995 	214.119995 
50.200000 	126.369003 	194.000000 	193.813995 	214.119995 
50.300000 	126.369003 	194.000000 	193.813995 	214.119995 
50.400000 	126.369003 	194.000000 	193.813995 	214.119995 
50.500000 	126.335999 	194.000000 	193.807999 	214.242996 
50.600000 	126.335999 	194.000000 	193.807999 	214.242996 
50.700000 	126.335999 	194.000000 	193.807999 	214.242996 
50.800000 	126.335999 	194.000000 	193.807999 	214.242996 
50.900000 	126.335999 	194.000000 	193.807999 	214.242996 
51.000000 	126.335999 	194.000000 	193.807999 	214.242996 
51.100000 	126.335999 	194.000000 	193.807999 	214.242996 
51.200000 	126.335999 	194.000000 	193.807999 	214.242996 
51.300000 	126.335999 	194.000000 	193.807999 	214.242996 
51.400000 	126.335999 	194.000000 	193.807999 	214.242996 
51.500000 	126.297997 	194.000000 	193.802002 	214.365997 
51.600000 	126.297997 	194.000000 	193.802002 	214.365997 
51.700000 	126.297997 	194.000000 	193.802002 	214.365997 
51.800000 	126.297997 	194.000000 	193.802002 	214.365997 
51.900000 	126.297997 	194.000000 	193.802002 	214.365997 
52.000000 	126.297997 	194.000000 	193.802002 	214.365997 
52.100000 	126.297997 	194.000000 	193.802002 	214.365997 
52.200000 	126.297997 	194.000000 	193.802002 	214.365997 
52.300000 	126.297997 	194.000000 	193.802002 	214.365997 
52.400000 	126.297997 	194.000000 	193.802002 	214.365997 
52.500000 	126.252998 	194.000000 	193.796005 	214.488998 
52.600000 	126.252998 	194.000000 	193.796005 	214.488998 
52.700000 	126.252998 	194.000000 	193.796005 	214.488998 
52.800000 	126.252998 	194.000000 	193.796005 	214.488998 
52.900000 	126.252998 	194.000000 	193.796005 	214.488998 
53.000000 	126.252998 	194.000000 	193.796005 	214.488998 
53.100000 	126.252998 	194.000000 	193.796005 	214.488998 
53.200000 	126.252998 	194.000000 	193.796005 	214.488998 
53.300000 	126.252998 	194.000000 	193.796005 	214.488998 
53.400000 	126.252998 	194.000000 	193.796005 	214.488998 
53.500000 	126.200996 	194.000000 	193.789993 	214.610992 
53.600000 	126.200996 	194.000000 	193.789993 	214.610992 
53.700000 	126.200996 	194.000000 	193.789993 	214.610992 
53.800000 	126.200996 	194.000000 	193.789993 	214.610992 
53.900000 	126.200996 	194.000000 	193.789993 	214.610992 
54.000000 	126.200996 	194.000000 	193.789993 	214.610992 
54.100000 	126.200996 	194.000000 	193.789993 	214.610992 
54.200000 	126.200996 	194.000000 	193.789993 	214.610992 
54.300000 	126.200996 	194.000000 	193.789993 	214.610992 
54.400000 	126.200996 	194.000000 	193.789993 	214.610992 
54.500000 	126.139000 	194.000000 	193.783997 	214.733002 
54.600000 	126.139000 	194.000000 	193.783997 	214.733002 
54.700000 	126.139000 	194.000000 	193.783997 	214.733002 
54.800000 	126.139000 	194.000000 	193.783997 	214.733002 
54.900000 	126.139000 	194.000000 	193.783997 	214.733002 
55.000000 	126.139000 	194.000000 	193.783997 	214.733002 
55.100000 	126.139000 	194.000000 	193.783997 	214.733002 
55.200000 	126.139000 	194.000000 	193.783997 	214.733002 
55.300000 	126.139000 	194.000000 	193.783997 	214.733002 
55.400000 	126.139000 	194.000000 	193.783997 	214.733002 
55.500000 	126.067001 	194.000000 	193.779007 	214.854004 
55.600000 	126.067001 	194.000000 	193.779007 	214.854004 
55.700000 	126.067001 	194.000000 	193.779007 	214.854004 
55.800000 	126.067001 	194.000000 	193.779007 	214.854004 
55.900000 	126.067001 	194.000000 	193.779007 	214.854004 
56.000000 	126.067001 	194.000000 	193.779007 	214.854004 
56.100000 	126.067001 	194.000000 	193.779007 	214.854004 
56.200000 	126.067001 	194.000000 	193.779007 	214.854004 
56.300000 	126.067001 	194.000000 	193.779007 	214.854004 
56.400000 	126.067001 	194.000000 	193.779007 	214.854004 
56.500000 	125.983002 	194.000000 	193.772995 	214.973999 
56.600000 	125.983002 	194.000000 	193.772995 	214.973999 
56.700000 	125.983002 	194.000000 	193.772995 	214.973999 
56.800000 	125.983002 	194.000000 	193.772995 	214.973999 
56.900000 	125.983002 	194.000000 	193.772995 	214.973999 
57.000000 	125.983002 	194.000000 	193.772995 	214.973999 
57.100000 	125.983002 	194.000000 	193.772995 	214.973999 
57.200000 	125.983002 	194.000000 	193.772995 	214.973999 
57.300000 	125.983002 	194.000000 	193.772995 	214.973999 
57.400000 	125.983002 	194.000000 	193.772995 	214.973999 
57.500000 	125.883003 	194.000000 	193.766998 	215.093994 
57.600000 	125.883003 	194.000000 	193.766998 	215.093994 
57.700000 	125.883003 	194.000000 	193.766998 	215.093994 
57.800000 	125.883003 	194.000000 	193.766998 	215.093994 
57.900000 	125.883003 	194.000000 	193.766998 	215.093994 
58.000000 	125.883003 	194.000000 	193.766998 	215.093994 
58.100000 	125.883003 	194.000000 	193.766998 	215.093994 
58.200000 	125.883003 	194.000000 	193.766998 	215.093994 
58.300000 	125.883003 	194.000000 	193.766998 	215.093994 
58.400000 	125.883003 	194.000000 	193.766998 	215.093994 
58.500000 	125.764999 	194.000000 	193.759995 	215.212997 
58.600000 	125.764999 	194.000000 	193.759995 	215.212997 
58.700000 	125.764999 	194.000000 	193.759995 	215.212997 
58.800000 	125.764999 	194.000000 	193.759995 	215.212997 
58.900000 	125.764999 	194.000000 	193.759995 	215.212997 
59.000000 	125.764999 	194.000000 	193.759995 	215.212997 
59.100000 	125.764999 	194.000000 	193.759995 	215.212997 
59.200000 	125.764999 	194.000000 	193.759995 	215.212997 
59.300000 	125.764999 	194.000000 	193.759995 	215.212997 
59.400000 	125.764999 	194.000000 	193.759995 	215.212997 
59.500000 	125.622002 	194.000000 	193.753998 	215.332001 
59.600000 	125.622002 	194.000000 	193.753998 	215.332001 
59.700000 	125.622002 	194.000000 	193.753998 	215.332001 
59.800000 	125.622002 	194.000000 	193.753998 	215.332001 
59.900000 	125.622002 	194.000000 	193.753998 	215.332001 
60.000000 	125.622002 	194.000000 	193.753998 	215.332001 
