0.500000 	94.431702 	605.000000 	618.094971 	609.981995 
0.600000 	94.431702 	605.000000 	618.094971 	609.981995 
0.700000 	94.431702 	605.000000 	618.094971 	609.981995 
0.800000 	94.431702 	605.000000 	618.094971 	609.981995 
0.900000 	94.431702 	605.000000 	618.094971 	609.981995 
1.000000 	94.431702 	605.000000 	618.094971 	609.981995 
1.100000 	94.431702 	605.000000 	618.094971 	609.981995 
1.200000 	94.431702 	605.000000 	618.094971 	609.981995 
1.300000 	94.431702 	605.000000 	618.094971 	609.981995 
1.400000 	94.431702 	605.000000 	618.094971 	609.981995 
1.500000 	104.656998 	605.000000 	610.893005 	610.392029 
1.600000 	104.656998 	605.000000 	610.893005 	610.392029 
1.700000 	104.656998 	605.000000 	610.893005 	610.392029 
1.800000 	104.656998 	605.000000 	610.893005 	610.392029 
1.900000 	104.656998 	605.000000 	610.893005 	610.392029 
2.000000 	104.656998 	605.000000 	610.893005 	610.392029 
2.100000 	104.656998 	605.000000 	610.893005 	610.392029 
2.200000 	104.656998 	605.000000 	610.893005 	610.392029 
2.300000 	104.656998 	605.000000 	610.893005 	610.392029 
2.400000 	104.656998 	605.000000 	610.893005 	610.392029 
2.500000 	114.448997 	605.000000 	608.091980 	610.393982 
2.600000 	114.448997 	605.000000 	608.091980 	610.393982 
2.700000 	114.448997 	605.000000 	608.091980 	610.393982 
2.800000 	114.448997 	605.000000 	608.091980 	610.393982 
2.900000 	114.448997 	605.000000 	608.091980 	610.393982 
3.000000 	114.448997 	605.000000 	608.091980 	610.393982 
3.100000 	114.448997 	605.000000 	608.091980 	610.393982 
3.200000 	114.448997 	605.000000 	608.091980 	610.393982 
3.300000 	114.448997 	605.000000 	608.091980 	610.393982 
3.400000 	114.448997 	605.000000 	608.091980 	610.393982 
3.500000 	119.166000 	605.000000 	606.820007 	610.395996 
3.600000 	119.166000 	605.000000 	606.820007 	610.395996 
3.700000 	119.166000 	605.000000 	606.820007 	610.395996 
3.800000 	119.166000 	605.000000 	606.820007 	610.395996 
3.900000 	119.166000 	605.000000 	606.820007 	610.395996 
4.000000 	119.166000 	605.000000 	606.820007 	610.395996 
4.100000 	119.166000 	605.000000 	606.820007 	610.395996 
4.200000 	119.166000 	605.000000 	606.820007 	610.395996 
4.300000 	119.166000 	605.000000 	606.820007 	610.395996 
4.400000 	119.166000 	605.000000 	606.820007 	610.395996 
4.500000 	121.633003 	605.000000 	606.161987 	610.400024 
4.600000 	121.633003 	605.000000 	606.161987 	610.400024 
4.700000 	121.633003 	605.000000 	606.161987 	610.400024 
4.800000 	121.633003 	605.000000 	606.161987 	610.400024 
4.900000 	121.633003 	605.000000 	606.161987 	610.400024 
5.000000 	121.633003 	605.000000 	606.161987 	610.400024 
5.100000 	121.633003 	605.000000 	606.161987 	610.400024 
5.200000 	121.633003 	605.000000 	606.161987 	610.400024 
5.300000 	121.633003 	605.000000 	606.161987 	610.400024 
5.400000 	121.633003 	605.000000 	606.161987 	610.400024 
5.500000 	123.057999 	605.000000 	605.784973 	610.408020 
5.600000 	123.057999 	605.000000 	605.784973 	610.408020 
5.700000 	123.057999 	605.000000 	605.784973 	610.408020 
5.800000 	123.057999 	605.000000 	605.784973 	610.408020 
5.900000 	123.057999 	605.000000 	605.784973 	610.408020 
6.000000 	123.057999 	605.000000 	605.784973 	610.408020 
6.100000 	123.057999 	605.000000 	605.784973 	610.408020 
6.200000 	123.057999 	605.000000 	605.784973 	610.408020 
6.300000 	123.057999 	605.000000 	605.784973 	610.408020 
6.400000 	123.057999 	605.000000 	605.784973 	610.408020 
6.500000 	123.947998 	605.000000 	605.549988 	610.416992 
6.600000 	123.947998 	605.000000 	605.549988 	610.416992 
6.700000 	123.947998 	605.000000 	605.549988 	610.416992 
6.800000 	123.947998 	605.000000 	605.549988 	610.416992 
6.900000 	123.947998 	605.000000 	605.549988 	610.416992 
7.000000 	123.947998 	605.000000 	605.549988 	610.416992 
7.100000 	123.947998 	605.000000 	605.549988 	610.416992 
7.200000 	123.947998 	605.000000 	605.549988 	610.416992 
7.300000 	123.947998 	605.000000 	605.549988 	610.416992 
7.400000 	123.947998 	605.000000 	605.549988 	610.416992 
7.500000 	124.541000 	605.000000 	605.393982 	610.427979 
7.600000 	124.541000 	605.000000 	605.393982 	610.427979 
7.700000 	124.541000 	605.000000 	605.393982 	610.427979 
7.800000 	124.541000 	605.000000 	605.393982 	610.427979 
7.900000 	124.541000 	605.000000 	605.393982 	610.427979 
8.000000 	124.541000 	605.000000 	605.393982 	610.427979 
8.100000 	124.541000 	605.000000 	605.393982 	610.427979 
8.200000 	124.541000 	605.000000 	605.393982 	610.427979 
8.300000 	124.541000 	605.000000 	605.393982 	610.427979 
8.400000 	124.541000 	605.000000 	605.393982 	610.427979 
8.500000 	124.954002 	605.000000 	605.284973 	610.440002 
8.600000 	124.954002 	605.000000 	605.284973 	610.440002 
8.700000 	124.954002 	605.000000 	605.284973 	610.440002 
8.800000 	124.954002 	605.000000 	605.284973 	610.440002 
8.900000 	124.954002 	605.000000 	605.284973 	610.440002 
9.000000 	124.954002 	605.000000 	605.284973 	610.440002 
9.100000 	124.954002 	605.000000 	605.284973 	610.440002 
9.200000 	124.954002 	605.000000 	605.284973 	610.440002 
9.300000 	124.954002 	605.000000 	605.284973 	610.440002 
9.400000 	124.954002 	605.000000 	605.284973 	610.440002 
9.500000 	125.254997 	605.000000 	605.206970 	610.453003 
9.600000 	125.254997 	605.000000 	605.206970 	610.453003 
9.700000 	125.254997 	605.000000 	605.206970 	610.453003 
9.800000 	125.254997 	605.000000 	605.206970 	610.453003 
9.900000 	125.254997 	605.000000 	605.206970 	610.453003 
10.000000 	125.254997 	605.000000 	605.206970 	610.453003 
10.100000 	125.254997 	605.000000 	605.206970 	610.453003 
10.200000 	125.254997 	605.000000 	605.206970 	610.453003 
10.300000 	125.254997 	605.000000 	605.206970 	610.453003 
10.400000 	125.254997 	605.000000 	605.206970 	610.453003 
10.500000 	125.480003 	605.000000 	605.148987 	610.468018 
10.600000 	125.480003 	605.000000 	605.148987 	610.468018 
10.700000 	125.480003 	605.000000 	605.148987 	610.468018 
10.800000 	125.480003 	605.000000 	605.148987 	610.468018 
10.900000 	125.480003 	605.000000 	605.148987 	610.468018 
11.000000 	125.480003 	605.000000 	605.148987 	610.468018 
11.100000 	125.480003 	605.000000 	605.148987 	610.468018 
11.200000 	125.480003 	605.000000 	605.148987 	610.468018 
11.300000 	125.480003 	605.000000 	605.148987 	610.468018 
11.400000 	125.480003 	605.000000 	605.148987 	610.468018 
11.500000 	125.653000 	605.000000 	605.104004 	610.482971 
11.600000 	125.653000 	605.000000 	605.104004 	610.482971 
11.700000 	125.653000 	605.000000 	605.104004 	610.482971 
11.800000 	125.653000 	605.000000 	605.104004 	610.482971 
11.900000 	125.653000 	605.000000 	605.104004 	610.482971 
12.000000 	125.653000 	605.000000 	605.104004 	610.482971 
12.100000 	125.653000 	605.000000 	605.104004 	610.482971 
12.200000 	125.653000 	605.000000 	605.104004 	610.482971 
12.300000 	125.653000 	605.000000 	605.104004 	610.482971 
12.400000 	125.653000 	605.000000 	605.104004 	610.482971 
12.500000 	125.790001 	605.000000 	605.068970 	610.499023 
12.600000 	125.790001 	605.000000 	605.068970 	610.499023 
12.700000 	125.790001 	605.000000 	605.068970 	610.499023 
12.800000 	125.790001 	605.000000 	605.068970 	610.499023 
12.900000 	125.790001 	605.000000 	605.068970 	610.499023 
13.000000 	125.790001 	605.000000 	605.068970 	610.499023 
13.100000 	125.790001 	605.000000 	605.068970 	610.499023 
13.200000 	125.790001 	605.000000 	605.068970 	610.499023 
13.300000 	125.790001 	605.000000 	605.068970 	610.499023 
13.400000 	125.790001 	605.000000 	605.068970 	610.499023 
13.500000 	125.900002 	605.000000 	605.041016 	610.515991 
13.600000 	125.900002 	605.000000 	605.041016 	610.515991 
13.700000 	125.900002 	605.000000 	605.041016 	610.515991 
13.800000 	125.900002 	605.000000 	605.041016 	610.515991 
13.900000 	125.900002 	605.000000 	605.041016 	610.515991 
14.000000 	125.900002 	605.000000 	605.041016 	610.515991 
14.100000 	125.900002 	605.000000 	605.041016 	610.515991 
14.200000 	125.900002 	605.000000 	605.041016 	610.515991 
14.300000 	125.900002 	605.000000 	605.041016 	610.515991 
14.400000 	125.900002 	605.000000 	605.041016 	610.515991 
14.500000 	125.989998 	605.000000 	605.018005 	610.533020 
14.600000 	125.989998 	605.000000 	605.018005 	610.533020 
14.700000 	125.989998 	605.000000 	605.018005 	610.533020 
14.800000 	125.989998 	605.000000 	605.018005 	610.533020 
14.900000 	125.989998 	605.000000 	605.018005 	610.533020 
15.000000 	125.989998 	605.000000 	605.018005 	610.533020 
15.100000 	125.989998 	605.000000 	605.018005 	610.533020 
15.200000 	125.989998 	605.000000 	605.018005 	610.533020 
15.300000 	125.989998 	605.000000 	605.018005 	610.533020 
15.400000 	125.989998 	605.000000 	605.018005 	610.533020 
15.500000 	126.065002 	605.000000 	604.999023 	610.552002 
15.600000 	126.065002 	605.000000 	604.999023 	610.552002 
15.700000 	126.065002 	605.000000 	604.999023 	610.552002 
15.800000 	126.065002 	605.000000 	604.999023 	610.552002 
15.900000 	126.065002 	605.000000 	604.999023 	610.552002 
16.000000 	126.065002 	605.000000 	604.999023 	610.552002 
16.100000 	126.065002 	605.000000 	604.999023 	610.552002 
16.200000 	126.065002 	605.000000 	604.999023 	610.552002 
16.300000 	126.065002 	605.000000 	604.999023 	610.552002 
16.400000 	126.065002 	605.000000 	604.999023 	610.552002 
16.500000 	126.127998 	605.000000 	604.982971 	610.570984 
16.600000 	126.127998 	605.000000 	604.982971 	610.570984 
16.700000 	126.127998 	605.000000 	604.982971 	610.570984 
16.800000 	126.127998 	605.000000 	604.982971 	610.570984 
16.900000 	126.127998 	605.000000 	604.982971 	610.570984 
17.000000 	126.127998 	605.000000 	604.982971 	610.570984 
17.100000 	126.127998 	605.000000 	604.982971 	610.570984 
17.200000 	126.127998 	605.000000 	604.982971 	610.570984 
17.300000 	126.127998 	605.000000 	604.982971 	610.570984 
17.400000 	126.127998 	605.000000 	604.982971 	610.570984 
17.500000 	126.181000 	605.000000 	604.969971 	610.590027 
17.600000 	126.181000 	605.000000 	604.969971 	610.590027 
17.700000 	126.181000 	605.000000 	604.969971 	610.590027 
17.800000 	126.181000 	605.000000 	604.969971 	610.590027 
17.900000 	126.181000 	605.000000 	604.969971 	610.590027 
18.000000 	126.181000 	605.000000 	604.969971 	610.590027 
18.100000 	126.181000 	605.000000 	604.969971 	610.590027 
18.200000 	126.181000 	605.000000 	604.969971 	610.590027 
18.300000 	126.181000 	605.000000 	604.969971 	610.590027 
18.400000 	126.181000 	605.000000 	604.969971 	610.590027 
18.500000 	126.227997 	605.000000 	604.958008 	610.609985 
18.600000 	126.227997 	605.000000 	604.958008 	610.609985 
18.700000 	126.227997 	605.000000 	604.958008 	610.609985 
18.800000 	126.227997 	605.000000 	604.958008 	610.609985 
18.900000 	126.227997 	605.000000 	604.958008 	610.609985 
19.000000 	126.227997 	605.000000 	604.958008 	610.609985 
19.100000 	126.227997 	605.000000 	604.958008 	610.609985 
19.200000 	126.227997 	605.000000 	604.958008 	610.609985 
19.300000 	126.227997 	605.000000 	604.958008 	610.609985 
19.400000 	126.227997 	605.000000 	604.958008 	610.609985 
19.500000 	126.267998 	605.000000 	604.947998 	610.630981 
19.600000 	126.267998 	605.000000 	604.947998 	610.630981 
19.700000 	126.267998 	605.000000 	604.947998 	610.630981 
19.800000 	126.267998 	605.000000 	604.947998 	610.630981 
19.900000 	126.267998 	605.000000 	604.947998 	610.630981 
20.000000 	126.267998 	605.000000 	604.947998 	610.630981 
20.100000 	126.267998 	605.000000 	604.947998 	610.630981 
20.200000 	126.267998 	605.000000 	604.947998 	610.630981 
20.300000 	126.267998 	605.000000 	604.947998 	610.630981 
20.400000 	126.267998 	605.000000 	604.947998 	610.630981 
20.500000 	126.303001 	605.000000 	604.939026 	610.651978 
20.600000 	126.303001 	605.000000 	604.939026 	610.651978 
20.700000 	126.303001 	605.000000 	604.939026 	610.651978 
20.800000 	126.303001 	605.000000 	604.939026 	610.651978 
20.900000 	126.303001 	605.000000 	604.939026 	610.651978 
21.000000 	126.303001 	605.000000 	604.939026 	610.651978 
21.100000 	126.303001 	605.000000 	604.939026 	610.651978 
21.200000 	126.303001 	605.000000 	604.939026 	610.651978 
21.300000 	126.303001 	605.000000 	604.939026 	610.651978 
21.400000 	126.303001 	605.000000 	604.939026 	610.651978 
21.500000 	126.333000 	605.000000 	604.931030 	610.672974 
21.600000 	126.333000 	605.000000 	604.931030 	610.672974 
21.700000 	126.333000 	605.000000 	604.931030 	610.672974 
21.800000 	126.333000 	605.000000 	604.931030 	610.672974 
21.900000 	126.333000 	605.000000 	604.931030 	610.672974 
22.000000 	126.333000 	605.000000 	604.931030 	610.672974 
22.100000 	126.333000 	605.000000 	604.931030 	610.672974 
22.200000 	126.333000 	605.000000 	604.931030 	610.672974 
22.300000 	126.333000 	605.000000 	604.931030 	610.672974 
22.400000 	126.333000 	605.000000 	604.931030 	610.672974 
22.500000 	126.361000 	605.000000 	604.924011 	610.695007 
22.600000 	126.361000 	605.000000 	604.924011 	610.695007 
22.700000 	126.361000 	605.000000 	604.924011 	610.695007 
22.800000 	126.361000 	605.000000 	604.924011 	610.695007 
22.900000 	126.361000 	605.000000 	604.924011 	610.695007 
23.000000 	126.361000 	605.000000 	604.924011 	610.695007 
23.100000 	126.361000 	605.000000 	604.924011 	610.695007 
23.200000 	126.361000 	605.000000 	604.924011 	610.695007 
23.300000 	126.361000 	605.000000 	604.924011 	610.695007 
23.400000 	126.361000 	605.000000 	604.924011 	610.695007 
23.500000 	126.385002 	605.000000 	604.916992 	610.716980 
23.600000 	126.385002 	605.000000 	604.916992 	610.716980 
23.700000 	126.385002 	605.000000 	604.916992 	610.716980 
23.800000 	126.385002 	605.000000 	604.916992 	610.716980 
23.900000 	126.385002 	605.000000 	604.916992 	610.716980 
24.000000 	126.385002 	605.000000 	604.916992 	610.716980 
24.100000 	126.385002 	605.000000 	604.916992 	610.716980 
24.200000 	126.385002 	605.000000 	604.916992 	610.716980 
24.300000 	126.385002 	605.000000 	604.916992 	610.716980 
24.400000 	126.385002 	605.000000 	604.916992 	610.716980 
24.500000 	126.406998 	605.000000 	604.911011 	610.739990 
24.600000 	126.406998 	605.000000 	604.911011 	610.739990 
24.700000 	126.406998 	605.000000 	604.911011 	610.739990 
24.800000 	126.406998 	605.000000 	604.911011 	610.739990 
24.900000 	126.406998 	605.000000 	604.911011 	610.739990 
25.000000 	126.406998 	605.000000 	604.911011 	610.739990 
25.100000 	126.406998 	605.000000 	604.911011 	610.739990 
25.200000 	126.406998 	605.000000 	604.911011 	610.739990 
25.300000 	126.406998 	605.000000 	604.911011 	610.739990 
25.400000 	126.406998 	605.000000 	604.911011 	610.739990 
25.500000 	126.426003 	605.000000 	604.905029 	610.763000 
25.600000 	126.426003 	605.000000 	604.905029 	610.763000 
25.700000 	126.426003 	605.000000 	604.905029 	610.763000 
25.800000 	126.426003 	605.000000 	604.905029 	610.763000 
25.900000 	126.426003 	605.000000 	604.905029 	610.763000 
26.000000 	126.426003 	605.000000 	604.905029 	610.763000 
26.100000 	126.426003 	605.000000 	604.905029 	610.763000 
26.200000 	126.426003 	605.000000 	604.905029 	610.763000 
26.300000 	126.426003 	605.000000 	604.905029 	610.763000 
26.400000 	126.426003 	605.000000 	604.905029 	610.763000 
26.500000 	126.444000 	605.000000 	604.900024 	610.786011 
26.600000 	126.444000 	605.000000 	604.900024 	610.786011 
26.700000 	126.444000 	605.000000 	604.900024 	610.786011 
26.800000 	126.444000 	605.000000 	604.900024 	610.786011 
26.900000 	126.444000 	605.000000 	604.900024 	610.786011 
27.000000 	126.444000 	605.000000 	604.900024 	610.786011 
27.100000 	126.444000 	605.000000 	604.900024 	610.786011 
27.200000 	126.444000 	605.000000 	604.900024 	610.786011 
27.300000 	126.444000 	605.000000 	604.900024 	610.786011 
27.400000 	126.444000 	605.000000 	604.900024 	610.786011 
27.500000 	126.459000 	605.000000 	604.895020 	610.809021 
27.600000 	126.459000 	605.000000 	604.895020 	610.809021 
27.700000 	126.459000 	605.000000 	604.895020 	610.809021 
27.800000 	126.459000 	605.000000 	604.895020 	610.809021 
27.900000 	126.459000 	605.000000 	604.895020 	610.809021 
28.000000 	126.459000 	605.000000 	604.895020 	610.809021 
28.100000 	126.459000 	605.000000 	604.895020 	610.809021 
28.200000 	126.459000 	605.000000 	604.895020 	610.809021 
28.300000 	126.459000 	605.000000 	604.895020 	610.809021 
28.400000 	126.459000 	605.000000 	604.895020 	610.809021 
28.500000 	126.473000 	605.000000 	604.890015 	610.833008 
28.600000 	126.473000 	605.000000 	604.890015 	610.833008 
28.700000 	126.473000 	605.000000 	604.890015 	610.833008 
28.800000 	126.473000 	605.000000 	604.890015 	610.833008 
28.900000 	126.473000 	605.000000 	604.890015 	610.833008 
29.000000 	126.473000 	605.000000 	604.890015 	610.833008 
29.100000 	126.473000 	605.000000 	604.890015 	610.833008 
29.200000 	126.473000 	605.000000 	604.890015 	610.833008 
29.300000 	126.473000 	605.000000 	604.890015 	610.833008 
29.400000 	126.473000 	605.000000 	604.890015 	610.833008 
29.500000 	126.485001 	605.000000 	604.885010 	610.856018 
29.600000 	126.485001 	605.000000 	604.885010 	610.856018 
29.700000 	126.485001 	605.000000 	604.885010 	610.856018 
29.800000 	126.485001 	605.000000 	604.885010 	610.856018 
29.900000 	126.485001 	605.000000 	604.885010 	610.856018 
30.000000 	126.485001 	605.000000 	604.885010 	610.856018 
30.100000 	126.485001 	605.000000 	604.885010 	610.856018 
30.200000 	126.485001 	605.000000 	604.885010 	610.856018 
30.300000 	126.485001 	605.000000 	604.885010 	610.856018 
30.400000 	126.485001 	605.000000 	604.885010 	610.856018 
30.500000 	126.495003 	605.000000 	604.880005 	610.880005 
30.600000 	126.495003 	605.000000 	604.880005 	610.880005 
30.700000 	126.495003 	605.000000 	604.880005 	610.880005 
30.800000 	126.495003 	605.000000 	604.880005 	610.880005 
30.900000 	126.495003 	605.000000 	604.880005 	610.880005 
31.000000 	126.495003 	605.000000 	604.880005 	610.880005 
31.100000 	126.495003 	605.000000 	604.880005 	610.880005 
31.200000 	126.495003 	605.000000 	604.880005 	610.880005 
31.300000 	126.495003 	605.000000 	604.880005 	610.880005 
31.400000 	126.495003 	605.000000 	604.880005 	610.880005 
31.500000 	126.504997 	605.000000 	604.875977 	610.903992 
31.600000 	126.504997 	605.000000 	604.875977 	610.903992 
31.700000 	126.504997 	605.000000 	604.875977 	610.903992 
31.800000 	126.504997 	605.000000 	604.875977 	610.903992 
31.900000 	126.504997 	605.000000 	604.875977 	610.903992 
32.000000 	126.504997 	605.000000 	604.875977 	610.903992 
32.100000 	126.504997 	605.000000 	604.875977 	610.903992 
32.200000 	126.504997 	605.000000 	604.875977 	610.903992 
32.300000 	126.504997 	605.000000 	604.875977 	610.903992 
32.400000 	126.504997 	605.000000 	604.875977 	610.903992 
32.500000 	126.512001 	605.000000 	604.870972 	610.927979 
32.600000 	126.512001 	605.000000 	604.870972 	610.927979 
32.700000 	126.512001 	605.000000 	604.870972 	610.927979 
32.800000 	126.512001 	605.000000 	604.870972 	610.927979 
32.900000 	126.512001 	605.000000 	604.870972 	610.927979 
33.000000 	126.512001 	605.000000 	604.870972 	610.927979 
33.100000 	126.512001 	605.000000 	604.870972 	610.927979 
33.200000 	126.512001 	605.000000 	604.870972 	610.927979 
33.300000 	126.512001 	605.000000 	604.870972 	610.927979 
33.400000 	126.512001 	605.000000 	604.870972 	610.927979 
33.500000 	126.517998 	605.000000 	604.867004 	610.950989 
33.600000 	126.517998 	605.000000 	604.867004 	610.950989 
33.700000 	126.517998 	605.000000 	604.867004 	610.950989 
33.800000 	126.517998 	605.000000 	604.867004 	610.950989 
33.900000 	126.517998 	605.000000 	604.867004 	610.950989 
34.000000 	126.517998 	605.000000 	604.867004 	610.950989 
34.100000 	126.517998 	605.000000 	604.867004 	610.950989 
34.200000 	126.517998 	605.000000 	604.867004 	610.950989 
34.300000 	126.517998 	605.000000 	604.867004 	610.950989 
34.400000 	126.517998 	605.000000 	604.867004 	610.950989 
34.500000 	126.523003 	605.000000 	604.862000 	610.974976 
34.600000 	126.523003 	605.000000 	604.862000 	610.974976 
34.700000 	126.523003 	605.000000 	604.862000 	610.974976 
34.800000 	126.523003 	605.000000 	604.862000 	610.974976 
34.900000 	126.523003 	605.000000 	604.862000 	610.974976 
35.000000 	126.523003 	605.000000 	604.862000 	610.974976 
35.100000 	126.523003 	605.000000 	604.862000 	610.974976 
35.200000 	126.523003 	605.000000 	604.862000 	610.974976 
35.300000 	126.523003 	605.000000 	604.862000 	610.974976 
35.400000 	126.523003 	605.000000 	604.862000 	610.974976 
35.500000 	126.526001 	605.000000 	604.856995 	610.999023 
35.600000 	126.526001 	605.000000 	604.856995 	610.999023 
35.700000 	126.526001 	605.000000 	604.856995 	610.999023 
35.800000 	126.526001 	605.000000 	604.856995 	610.999023 
35.900000 	126.526001 	605.000000 	604.856995 	610.999023 
36.000000 	126.526001 	605.000000 	604.856995 	610.999023 
36.100000 	126.526001 	605.000000 	604.856995 	610.999023 
36.200000 	126.526001 	605.000000 	604.856995 	610.999023 
36.300000 	126.526001 	605.000000 	604.856995 	610.999023 
36.400000 	126.526001 	605.000000 	604.856995 	610.999023 
36.500000 	126.528000 	605.000000 	604.851990 	611.023010 
36.600000 	126.528000 	605.000000 	604.851990 	611.023010 
36.700000 	126.528000 	605.000000 	604.851990 	611.023010 
36.800000 	126.528000 	605.000000 	604.851990 	611.023010 
36.900000 	126.528000 	605.000000 	604.851990 	611.023010 
37.000000 	126.528000 	605.000000 	604.851990 	611.023010 
37.100000 	126.528000 	605.000000 	604.851990 	611.023010 
37.200000 	126.528000 	605.000000 	604.851990 	611.023010 
37.300000 	126.528000 	605.000000 	604.851990 	611.023010 
37.400000 	126.528000 	605.000000 	604.851990 	611.023010 
37.500000 	126.528000 	605.000000 	604.848022 	611.046997 
37.600000 	126.528000 	605.000000 	604.848022 	611.046997 
37.700000 	126.528000 	605.000000 	604.848022 	611.046997 
37.800000 	126.528000 	605.000000 	604.848022 	611.046997 
37.900000 	126.528000 	605.000000 	604.848022 	611.046997 
38.000000 	126.528000 	605.000000 	604.848022 	611.046997 
38.100000 	126.528000 	605.000000 	604.848022 	611.046997 
38.200000 	126.528000 	605.000000 	604.848022 	611.046997 
38.300000 	126.528000 	605.000000 	604.848022 	611.046997 
38.400000 	126.528000 	605.000000 	604.848022 	611.046997 
38.500000 	126.527000 	605.000000 	604.843018 	611.070007 
38.600000 	126.527000 	605.000000 	604.843018 	611.070007 
38.700000 	126.527000 	605.000000 	604.843018 	611.070007 
38.800000 	126.527000 	605.000000 	604.843018 	611.070007 
38.900000 	126.527000 	605.000000 	604.843018 	611.070007 
39.000000 	126.527000 	605.000000 	604.843018 	611.070007 
39.100000 	126.527000 	605.000000 	604.843018 	611.070007 
39.200000 	126.527000 	605.000000 	604.843018 	611.070007 
39.300000 	126.527000 	605.000000 	604.843018 	611.070007 
39.400000 	126.527000 	605.000000 	604.843018 	611.070007 
39.500000 	126.523003 	605.000000 	604.838013 	611.093018 
39.600000 	126.523003 	605.000000 	604.838013 	611.093018 
39.700000 	126.523003 	605.000000 	604.838013 	611.093018 
39.800000 	126.523003 	605.000000 	604.838013 	611.093018 
39.900000 	126.523003 	605.000000 	604.838013 	611.093018 
40.000000 	126.523003 	605.000000 	604.838013 	611.093018 
40.100000 	126.523003 	605.000000 	604.838013 	611.093018 
40.200000 	126.523003 	605.000000 	604.838013 	611.093018 
40.300000 	126.523003 	605.000000 	604.838013 	611.093018 
40.400000 	126.523003 	605.000000 	604.838013 	611.093018 
40.500000 	126.517998 	605.000000 	604.831970 	611.117004 
40.600000 	126.517998 	605.000000 	604.831970 	611.117004 
40.700000 	126.517998 	605.000000 	604.831970 	611.117004 
40.800000 	126.517998 	605.000000 	604.831970 	611.117004 
40.900000 	126.517998 	605.000000 	604.831970 	611.117004 
41.000000 	126.517998 	605.000000 	604.831970 	611.117004 
41.100000 	126.517998 	605.000000 	604.831970 	611.117004 
41.200000 	126.517998 	605.000000 	604.831970 	611.117004 
41.300000 	126.517998 	605.000000 	604.831970 	611.117004 
41.400000 	126.517998 	605.000000 	604.831970 	611.117004 
41.500000 	126.511002 	605.000000 	604.827026 	611.140015 
41.600000 	126.511002 	605.000000 	604.827026 	611.140015 
41.700000 	126.511002 	605.000000 	604.827026 	611.140015 
41.800000 	126.511002 	605.000000 	604.827026 	611.140015 
41.900000 	126.511002 	605.000000 	604.827026 	611.140015 
42.000000 	126.511002 	605.000000 	604.827026 	611.140015 
42.100000 	126.511002 	605.000000 	604.827026 	611.140015 
42.200000 	126.511002 	605.000000 	604.827026 	611.140015 
42.300000 	126.511002 	605.000000 	604.827026 	611.140015 
42.400000 	126.511002 	605.000000 	604.827026 	611.140015 
42.500000 	126.500999 	605.000000 	604.820984 	611.163025 
42.600000 	126.500999 	605.000000 	604.820984 	611.163025 
42.700000 	126.500999 	605.000000 	604.820984 	611.163025 
42.800000 	126.500999 	605.000000 	604.820984 	611.163025 
42.900000 	126.500999 	605.000000 	604.820984 	611.163025 
43.000000 	126.500999 	605.000000 	604.820984 	611.163025 
43.100000 	126.500999 	605.000000 	604.820984 	611.163025 
43.200000 	126.500999 	605.000000 	604.820984 	611.163025 
43.300000 	126.500999 	605.000000 	604.820984 	611.163025 
43.400000 	126.500999 	605.000000 	604.820984 	611.163025 
43.500000 	126.489998 	605.000000 	604.815979 	611.184998 
43.600000 	126.489998 	605.000000 	604.815979 	611.184998 
43.700000 	126.489998 	605.000000 	604.815979 	611.184998 
43.800000 	126.489998 	605.000000 	604.815979 	611.184998 
43.900000 	126.489998 	605.000000 	604.815979 	611.184998 
44.000000 	126.489998 	605.000000 	604.815979 	611.184998 
44.100000 	126.489998 	605.000000 	604.815979 	611.184998 
44.200000 	126.489998 	605.000000 	604.815979 	611.184998 
44.300000 	126.489998 	605.000000 	604.815979 	611.184998 
44.400000 	126.489998 	605.000000 	604.815979 	611.184998 
44.500000 	126.474998 	605.000000 	604.809998 	611.206970 
44.600000 	126.474998 	605.000000 	604.809998 	611.206970 
44.700000 	126.474998 	605.000000 	604.809998 	611.206970 
44.800000 	126.474998 	605.000000 	604.809998 	611.206970 
44.900000 	126.474998 	605.000000 	604.809998 	611.206970 
45.000000 	126.474998 	605.000000 	604.809998 	611.206970 
45.100000 	126.474998 	605.000000 	604.809998 	611.206970 
45.200000 	126.474998 	605.000000 	604.809998 	611.206970 
45.300000 	126.474998 	605.000000 	604.809998 	611.206970 
45.400000 	126.474998 	605.000000 	604.809998 	611.206970 
45.500000 	126.458000 	605.000000 	604.804016 	611.229004 
45.600000 	126.458000 	605.000000 	604.804016 	611.229004 
45.700000 	126.458000 	605.000000 	604.804016 	611.229004 
45.800000 	126.458000 	605.000000 	604.804016 	611.229004 
45.900000 	126.458000 	605.000000 	604.804016 	611.229004 
46.000000 	126.458000 	605.000000 	604.804016 	611.229004 
46.100000 	126.458000 	605.000000 	604.804016 	611.229004 
46.200000 	126.458000 	605.000000 	604.804016 	611.229004 
46.300000 	126.458000 	605.000000 	604.804016 	611.229004 
46.400000 	126.458000 	605.000000 	604.804016 	611.229004 
46.500000 	126.436996 	605.000000 	604.796997 	611.250977 
46.600000 	126.436996 	605.000000 	604.796997 	611.250977 
46.700000 	126.436996 	605.000000 	604.796997 	611.250977 
46.800000 	126.436996 	605.000000 	604.796997 	611.250977 
46.900000 	126.436996 	605.000000 	604.796997 	611.250977 
47.000000 	126.436996 	605.000000 	604.796997 	611.250977 
47.100000 	126.436996 	605.000000 	604.796997 	611.250977 
47.200000 	126.436996 	605.000000 	604.796997 	611.250977 
47.300000 	126.436996 	605.000000 	604.796997 	611.250977 
47.400000 	126.436996 	605.000000 	604.796997 	611.250977 
47.500000 	126.413002 	605.000000 	604.791016 	611.271973 
47.600000 	126.413002 	605.000000 	604.791016 	611.271973 
47.700000 	126.413002 	605.000000 	604.791016 	611.271973 
47.800000 	126.413002 	605.000000 	604.791016 	611.271973 
47.900000 	126.413002 	605.000000 	604.791016 	611.271973 
48.000000 	126.413002 	605.000000 	604.791016 	611.271973 
48.100000 	126.413002 	605.000000 	604.791016 	611.271973 
48.200000 	126.413002 	605.000000 	604.791016 	611.271973 
48.300000 	126.413002 	605.000000 	604.791016 	611.271973 
48.400000 	126.413002 	605.000000 	604.791016 	611.271973 
48.500000 	126.385002 	605.000000 	604.783997 	611.293030 
48.600000 	126.385002 	605.000000 	604.783997 	611.293030 
48.700000 	126.385002 	605.000000 	604.783997 	611.293030 
48.800000 	126.385002 	605.000000 	604.783997 	611.293030 
48.900000 	126.385002 	605.000000 	604.783997 	611.293030 
49.000000 	126.385002 	605.000000 	604.783997 	611.293030 
49.100000 	126.385002 	605.000000 	604.783997 	611.293030 
49.200000 	126.385002 	605.000000 	604.783997 	611.293030 
49.300000 	126.385002 	605.000000 	604.783997 	611.293030 
49.400000 	126.385002 	605.000000 	604.783997 	611.293030 
49.500000 	126.351997 	605.000000 	604.776978 	611.314026 
49.600000 	126.351997 	605.000000 	604.776978 	611.314026 
49.700000 	126.351997 	605.000000 	604.776978 	611.314026 
49.800000 	126.351997 	605.000000 	604.776978 	611.314026 
49.900000 	126.351997 	605.000000 	604.776978 	611.314026 
50.000000 	126.351997 	605.000000 	604.776978 	611.314026 
50.100000 	126.351997 	605.000000 	604.776978 	611.314026 
50.200000 	126.351997 	605.000000 	604.776978 	611.314026 
50.300000 	126.351997 	605.000000 	604.776978 	611.314026 
50.400000 	126.351997 	605.000000 	604.776978 	611.314026 
50.500000 	126.315002 	605.000000 	604.768982 	611.333984 
50.600000 	126.315002 	605.000000 	604.768982 	611.333984 
50.700000 	126.315002 	605.000000 	604.768982 	611.333984 
50.800000 	126.315002 	605.000000 	604.768982 	611.333984 
50.900000 	126.315002 	605.000000 	604.768982 	611.333984 
51.000000 	126.315002 	605.000000 	604.768982 	611.333984 
51.100000 	126.315002 	605.000000 	604.768982 	611.333984 
51.200000 	126.315002 	605.000000 	604.768982 	611.333984 
51.300000 	126.315002 	605.000000 	604.768982 	611.333984 
51.400000 	126.315002 	605.000000 	604.768982 	611.333984 
51.500000 	126.271004 	605.000000 	604.760986 	611.354004 
51.600000 	126.271004 	605.000000 	604.760986 	611.354004 
51.700000 	126.271004 	605.000000 	604.760986 	611.354004 
51.800000 	126.271004 	605.000000 	604.760986 	611.354004 
51.900000 	126.271004 	605.000000 	604.760986 	611.354004 
52.000000 	126.271004 	605.000000 	604.760986 	611.354004 
52.100000 	126.271004 	605.000000 	604.760986 	611.354004 
52.200000 	126.271004 	605.000000 	604.760986 	611.354004 
52.300000 	126.271004 	605.000000 	604.760986 	611.354004 
52.400000 	126.271004 	605.000000 	604.760986 	611.354004 
52.500000 	126.222000 	605.000000 	604.752991 	611.372986 
52.600000 	126.222000 	605.000000 	604.752991 	611.372986 
52.700000 	126.222000 	605.000000 	604.752991 	611.372986 
52.800000 	126.222000 	605.000000 	604.752991 	611.372986 
52.900000 	126.222000 	605.000000 	604.752991 	611.372986 
53.000000 	126.222000 	605.000000 	604.752991 	611.372986 
53.100000 	126.222000 	605.000000 	604.752991 	611.372986 
53.200000 	126.222000 	605.000000 	604.752991 	611.372986 
53.300000 	126.222000 	605.000000 	604.752991 	611.372986 
53.400000 	126.222000 	605.000000 	604.752991 	611.372986 
53.500000 	126.164001 	605.000000 	604.744995 	611.392029 
53.600000 	126.164001 	605.000000 	604.744995 	611.392029 
53.700000 	126.164001 	605.000000 	604.744995 	611.392029 
53.800000 	126.164001 	605.000000 	604.744995 	611.392029 
53.900000 	126.164001 	605.000000 	604.744995 	611.392029 
54.000000 	126.164001 	605.000000 	604.744995 	611.392029 
54.100000 	126.164001 	605.000000 	604.744995 	611.392029 
54.200000 	126.164001 	605.000000 	604.744995 	611.392029 
54.300000 	126.164001 	605.000000 	604.744995 	611.392029 
54.400000 	126.164001 	605.000000 	604.744995 	611.392029 
54.500000 	126.098000 	605.000000 	604.736023 	611.409973 
54.600000 	126.098000 	605.000000 	604.736023 	611.409973 
54.700000 	126.098000 	605.000000 	604.736023 	611.409973 
54.800000 	126.098000 	605.000000 	604.736023 	611.409973 
54.900000 	126.098000 	605.000000 	604.736023 	611.409973 
55.000000 	126.098000 	605.000000 	604.736023 	611.409973 
55.100000 	126.098000 	605.000000 	604.736023 	611.409973 
55.200000 	126.098000 	605.000000 	604.736023 	611.409973 
55.300000 	126.098000 	605.000000 	604.736023 	611.409973 
55.400000 	126.098000 	605.000000 	604.736023 	611.409973 
55.500000 	126.021004 	605.000000 	604.726990 	611.427979 
55.600000 	126.021004 	605.000000 	604.726990 	611.427979 
55.700000 	126.021004 	605.000000 	604.726990 	611.427979 
55.800000 	126.021004 	605.000000 	604.726990 	611.427979 
55.900000 	126.021004 	605.000000 	604.726990 	611.427979 
56.000000 	126.021004 	605.000000 	604.726990 	611.427979 
56.100000 	126.021004 	605.000000 	604.726990 	611.427979 
56.200000 	126.021004 	605.000000 	604.726990 	611.427979 
56.300000 	126.021004 	605.000000 	604.726990 	611.427979 
56.400000 	126.021004 	605.000000 	604.726990 	611.427979 
56.500000 	125.931999 	605.000000 	604.718018 	611.445007 
56.600000 	125.931999 	605.000000 	604.718018 	611.445007 
56.700000 	125.931999 	605.000000 	604.718018 	611.445007 
56.800000 	125.931999 	605.000000 	604.718018 	611.445007 
56.900000 	125.931999 	605.000000 	604.718018 	611.445007 
57.000000 	125.931999 	605.000000 	604.718018 	611.445007 
57.100000 	125.931999 	605.000000 	604.718018 	611.445007 
57.200000 	125.931999 	605.000000 	604.718018 	611.445007 
57.300000 	125.931999 	605.000000 	604.718018 	611.445007 
57.400000 	125.931999 	605.000000 	604.718018 	611.445007 
57.500000 	125.828003 	605.000000 	604.708008 	611.461975 
57.600000 	125.828003 	605.000000 	604.708008 	611.461975 
57.700000 	125.828003 	605.000000 	604.708008 	611.461975 
57.800000 	125.828003 	605.000000 	604.708008 	611.461975 
57.900000 	125.828003 	605.000000 	604.708008 	611.461975 
58.000000 	125.828003 	605.000000 	604.708008 	611.461975 
58.100000 	125.828003 	605.000000 	604.708008 	611.461975 
58.200000 	125.828003 	605.000000 	604.708008 	611.461975 
58.300000 	125.828003 	605.000000 	604.708008 	611.461975 
58.400000 	125.828003 	605.000000 	604.708008 	611.461975 
58.500000 	125.705002 	605.000000 	604.697998 	611.478027 
58.600000 	125.705002 	605.000000 	604.697998 	611.478027 
58.700000 	125.705002 	605.000000 	604.697998 	611.478027 
58.800000 	125.705002 	605.000000 	604.697998 	611.478027 
58.900000 	125.705002 	605.000000 	604.697998 	611.478027 
59.000000 	125.705002 	605.000000 	604.697998 	611.478027 
59.100000 	125.705002 	605.000000 	604.697998 	611.478027 
59.200000 	125.705002 	605.000000 	604.697998 	611.478027 
59.300000 	125.705002 	605.000000 	604.697998 	611.478027 
59.400000 	125.705002 	605.000000 	604.697998 	611.478027 
59.500000 	125.557999 	605.000000 	604.687012 	611.494019 
59.600000 	125.557999 	605.000000 	604.687012 	611.494019 
59.700000 	125.557999 	605.000000 	604.687012 	611.494019 
59.800000 	125.557999 	605.000000 	604.687012 	611.494019 
59.900000 	125.557999 	605.000000 	604.687012 	611.494019 
60.000000 	125.557999 	605.000000 	604.687012 	611.494019 
