0.500000 	93.859703 	444.000000 	464.807007 	451.670990 
0.600000 	93.859703 	444.000000 	464.807007 	451.670990 
0.700000 	93.859703 	444.000000 	464.807007 	451.670990 
0.800000 	93.859703 	444.000000 	464.807007 	451.670990 
0.900000 	93.859703 	444.000000 	464.807007 	451.670990 
1.000000 	93.859703 	444.000000 	464.807007 	451.670990 
1.100000 	93.859703 	444.000000 	464.807007 	451.670990 
1.200000 	93.859703 	444.000000 	464.807007 	451.670990 
1.300000 	93.859703 	444.000000 	464.807007 	451.670990 
1.400000 	93.859703 	444.000000 	464.807007 	451.670990 
1.500000 	103.916000 	444.000000 	452.993988 	451.502014 
1.600000 	103.916000 	444.000000 	452.993988 	451.502014 
1.700000 	103.916000 	444.000000 	452.993988 	451.502014 
1.800000 	103.916000 	444.000000 	452.993988 	451.502014 
1.900000 	103.916000 	444.000000 	452.993988 	451.502014 
2.000000 	103.916000 	444.000000 	452.993988 	451.502014 
2.100000 	103.916000 	444.000000 	452.993988 	451.502014 
2.200000 	103.916000 	444.000000 	452.993988 	451.502014 
2.300000 	103.916000 	444.000000 	452.993988 	451.502014 
2.400000 	103.916000 	444.000000 	452.993988 	451.502014 
2.500000 	113.938004 	444.000000 	448.779999 	451.395996 
2.600000 	113.938004 	444.000000 	448.779999 	451.395996 
2.700000 	113.938004 	444.000000 	448.779999 	451.395996 
2.800000 	113.938004 	444.000000 	448.779999 	451.395996 
2.900000 	113.938004 	444.000000 	448.779999 	451.395996 
3.000000 	113.938004 	444.000000 	448.779999 	451.395996 
3.100000 	113.938004 	444.000000 	448.779999 	451.395996 
3.200000 	113.938004 	444.000000 	448.779999 	451.395996 
3.300000 	113.938004 	444.000000 	448.779999 	451.395996 
3.400000 	113.938004 	444.000000 	448.779999 	451.395996 
3.500000 	118.823997 	444.000000 	446.877014 	451.359009 
3.600000 	118.823997 	444.000000 	446.877014 	451.359009 
3.700000 	118.823997 	444.000000 	446.877014 	451.359009 
3.800000 	118.823997 	444.000000 	446.877014 	451.359009 
3.900000 	118.823997 	444.000000 	446.877014 	451.359009 
4.000000 	118.823997 	444.000000 	446.877014 	451.359009 
4.100000 	118.823997 	444.000000 	446.877014 	451.359009 
4.200000 	118.823997 	444.000000 	446.877014 	451.359009 
4.300000 	118.823997 	444.000000 	446.877014 	451.359009 
4.400000 	118.823997 	444.000000 	446.877014 	451.359009 
4.500000 	121.392998 	444.000000 	445.891998 	451.346985 
4.600000 	121.392998 	444.000000 	445.891998 	451.346985 
4.700000 	121.392998 	444.000000 	445.891998 	451.346985 
4.800000 	121.392998 	444.000000 	445.891998 	451.346985 
4.900000 	121.392998 	444.000000 	445.891998 	451.346985 
5.000000 	121.392998 	444.000000 	445.891998 	451.346985 
5.100000 	121.392998 	444.000000 	445.891998 	451.346985 
5.200000 	121.392998 	444.000000 	445.891998 	451.346985 
5.300000 	121.392998 	444.000000 	445.891998 	451.346985 
5.400000 	121.392998 	444.000000 	445.891998 	451.346985 
5.500000 	122.880997 	444.000000 	445.325012 	451.347992 
5.600000 	122.880997 	444.000000 	445.325012 	451.347992 
5.700000 	122.880997 	444.000000 	445.325012 	451.347992 
5.800000 	122.880997 	444.000000 	445.325012 	451.347992 
5.900000 	122.880997 	444.000000 	445.325012 	451.347992 
6.000000 	122.880997 	444.000000 	445.325012 	451.347992 
6.100000 	122.880997 	444.000000 	445.325012 	451.347992 
6.200000 	122.880997 	444.000000 	445.325012 	451.347992 
6.300000 	122.880997 	444.000000 	445.325012 	451.347992 
6.400000 	122.880997 	444.000000 	445.325012 	451.347992 
6.500000 	123.813004 	444.000000 	444.971008 	451.355011 
6.600000 	123.813004 	444.000000 	444.971008 	451.355011 
6.700000 	123.813004 	444.000000 	444.971008 	451.355011 
6.800000 	123.813004 	444.000000 	444.971008 	451.355011 
6.900000 	123.813004 	444.000000 	444.971008 	451.355011 
7.000000 	123.813004 	444.000000 	444.971008 	451.355011 
7.100000 	123.813004 	444.000000 	444.971008 	451.355011 
7.200000 	123.813004 	444.000000 	444.971008 	451.355011 
7.300000 	123.813004 	444.000000 	444.971008 	451.355011 
7.400000 	123.813004 	444.000000 	444.971008 	451.355011 
7.500000 	124.432999 	444.000000 	444.734985 	451.365997 
7.600000 	124.432999 	444.000000 	444.734985 	451.365997 
7.700000 	124.432999 	444.000000 	444.734985 	451.365997 
7.800000 	124.432999 	444.000000 	444.734985 	451.365997 
7.900000 	124.432999 	444.000000 	444.734985 	451.365997 
8.000000 	124.432999 	444.000000 	444.734985 	451.365997 
8.100000 	124.432999 	444.000000 	444.734985 	451.365997 
8.200000 	124.432999 	444.000000 	444.734985 	451.365997 
8.300000 	124.432999 	444.000000 	444.734985 	451.365997 
8.400000 	124.432999 	444.000000 	444.734985 	451.365997 
8.500000 	124.866997 	444.000000 	444.571014 	451.381012 
8.600000 	124.866997 	444.000000 	444.571014 	451.381012 
8.700000 	124.866997 	444.000000 	444.571014 	451.381012 
8.800000 	124.866997 	444.000000 	444.571014 	451.381012 
8.900000 	124.866997 	444.000000 	444.571014 	451.381012 
9.000000 	124.866997 	444.000000 	444.571014 	451.381012 
9.100000 	124.866997 	444.000000 	444.571014 	451.381012 
9.200000 	124.866997 	444.000000 	444.571014 	451.381012 
9.300000 	124.866997 	444.000000 	444.571014 	451.381012 
9.400000 	124.866997 	444.000000 	444.571014 	451.381012 
9.500000 	125.181999 	444.000000 	444.453003 	451.398987 
9.600000 	125.181999 	444.000000 	444.453003 	451.398987 
9.700000 	125.181999 	444.000000 	444.453003 	451.398987 
9.800000 	125.181999 	444.000000 	444.453003 	451.398987 
9.900000 	125.181999 	444.000000 	444.453003 	451.398987 
10.000000 	125.181999 	444.000000 	444.453003 	451.398987 
10.100000 	125.181999 	444.000000 	444.453003 	451.398987 
10.200000 	125.181999 	444.000000 	444.453003 	451.398987 
10.300000 	125.181999 	444.000000 	444.453003 	451.398987 
10.400000 	125.181999 	444.000000 	444.453003 	451.398987 
10.500000 	125.417999 	444.000000 	444.364014 	451.417999 
10.600000 	125.417999 	444.000000 	444.364014 	451.417999 
10.700000 	125.417999 	444.000000 	444.364014 	451.417999 
10.800000 	125.417999 	444.000000 	444.364014 	451.417999 
10.900000 	125.417999 	444.000000 	444.364014 	451.417999 
11.000000 	125.417999 	444.000000 	444.364014 	451.417999 
11.100000 	125.417999 	444.000000 	444.364014 	451.417999 
11.200000 	125.417999 	444.000000 	444.364014 	451.417999 
11.300000 	125.417999 	444.000000 	444.364014 	451.417999 
11.400000 	125.417999 	444.000000 	444.364014 	451.417999 
11.500000 	125.599998 	444.000000 	444.295990 	451.440002 
11.600000 	125.599998 	444.000000 	444.295990 	451.440002 
11.700000 	125.599998 	444.000000 	444.295990 	451.440002 
11.800000 	125.599998 	444.000000 	444.295990 	451.440002 
11.900000 	125.599998 	444.000000 	444.295990 	451.440002 
12.000000 	125.599998 	444.000000 	444.295990 	451.440002 
12.100000 	125.599998 	444.000000 	444.295990 	451.440002 
12.200000 	125.599998 	444.000000 	444.295990 	451.440002 
12.300000 	125.599998 	444.000000 	444.295990 	451.440002 
12.400000 	125.599998 	444.000000 	444.295990 	451.440002 
12.500000 	125.744003 	444.000000 	444.243011 	451.463013 
12.600000 	125.744003 	444.000000 	444.243011 	451.463013 
12.700000 	125.744003 	444.000000 	444.243011 	451.463013 
12.800000 	125.744003 	444.000000 	444.243011 	451.463013 
12.900000 	125.744003 	444.000000 	444.243011 	451.463013 
13.000000 	125.744003 	444.000000 	444.243011 	451.463013 
13.100000 	125.744003 	444.000000 	444.243011 	451.463013 
13.200000 	125.744003 	444.000000 	444.243011 	451.463013 
13.300000 	125.744003 	444.000000 	444.243011 	451.463013 
13.400000 	125.744003 	444.000000 	444.243011 	451.463013 
13.500000 	125.860001 	444.000000 	444.200012 	451.488007 
13.600000 	125.860001 	444.000000 	444.200012 	451.488007 
13.700000 	125.860001 	444.000000 	444.200012 	451.488007 
13.800000 	125.860001 	444.000000 	444.200012 	451.488007 
13.900000 	125.860001 	444.000000 	444.200012 	451.488007 
14.000000 	125.860001 	444.000000 	444.200012 	451.488007 
14.100000 	125.860001 	444.000000 	444.200012 	451.488007 
14.200000 	125.860001 	444.000000 	444.200012 	451.488007 
14.300000 	125.860001 	444.000000 	444.200012 	451.488007 
14.400000 	125.860001 	444.000000 	444.200012 	451.488007 
14.500000 	125.955002 	444.000000 	444.165009 	451.514008 
14.600000 	125.955002 	444.000000 	444.165009 	451.514008 
14.700000 	125.955002 	444.000000 	444.165009 	451.514008 
14.800000 	125.955002 	444.000000 	444.165009 	451.514008 
14.900000 	125.955002 	444.000000 	444.165009 	451.514008 
15.000000 	125.955002 	444.000000 	444.165009 	451.514008 
15.100000 	125.955002 	444.000000 	444.165009 	451.514008 
15.200000 	125.955002 	444.000000 	444.165009 	451.514008 
15.300000 	125.955002 	444.000000 	444.165009 	451.514008 
15.400000 	125.955002 	444.000000 	444.165009 	451.514008 
15.500000 	126.032997 	444.000000 	444.136993 	451.541992 
15.600000 	126.032997 	444.000000 	444.136993 	451.541992 
15.700000 	126.032997 	444.000000 	444.136993 	451.541992 
15.800000 	126.032997 	444.000000 	444.136993 	451.541992 
15.900000 	126.032997 	444.000000 	444.136993 	451.541992 
16.000000 	126.032997 	444.000000 	444.136993 	451.541992 
16.100000 	126.032997 	444.000000 	444.136993 	451.541992 
16.200000 	126.032997 	444.000000 	444.136993 	451.541992 
16.300000 	126.032997 	444.000000 	444.136993 	451.541992 
16.400000 	126.032997 	444.000000 	444.136993 	451.541992 
16.500000 	126.099998 	444.000000 	444.113007 	451.571014 
16.600000 	126.099998 	444.000000 	444.113007 	451.571014 
16.700000 	126.099998 	444.000000 	444.113007 	451.571014 
16.800000 	126.099998 	444.000000 	444.113007 	451.571014 
16.900000 	126.099998 	444.000000 	444.113007 	451.571014 
17.000000 	126.099998 	444.000000 	444.113007 	451.571014 
17.100000 	126.099998 	444.000000 	444.113007 	451.571014 
17.200000 	126.099998 	444.000000 	444.113007 	451.571014 
17.300000 	126.099998 	444.000000 	444.113007 	451.571014 
17.400000 	126.099998 	444.000000 	444.113007 	451.571014 
17.500000 	126.155998 	444.000000 	444.092987 	451.600006 
17.600000 	126.155998 	444.000000 	444.092987 	451.600006 
17.700000 	126.155998 	444.000000 	444.092987 	451.600006 
17.800000 	126.155998 	444.000000 	444.092987 	451.600006 
17.900000 	126.155998 	444.000000 	444.092987 	451.600006 
18.000000 	126.155998 	444.000000 	444.092987 	451.600006 
18.100000 	126.155998 	444.000000 	444.092987 	451.600006 
18.200000 	126.155998 	444.000000 	444.092987 	451.600006 
18.300000 	126.155998 	444.000000 	444.092987 	451.600006 
18.400000 	126.155998 	444.000000 	444.092987 	451.600006 
18.500000 	126.205002 	444.000000 	444.075012 	451.631012 
18.600000 	126.205002 	444.000000 	444.075012 	451.631012 
18.700000 	126.205002 	444.000000 	444.075012 	451.631012 
18.800000 	126.205002 	444.000000 	444.075012 	451.631012 
18.900000 	126.205002 	444.000000 	444.075012 	451.631012 
19.000000 	126.205002 	444.000000 	444.075012 	451.631012 
19.100000 	126.205002 	444.000000 	444.075012 	451.631012 
19.200000 	126.205002 	444.000000 	444.075012 	451.631012 
19.300000 	126.205002 	444.000000 	444.075012 	451.631012 
19.400000 	126.205002 	444.000000 	444.075012 	451.631012 
19.500000 	126.247002 	444.000000 	444.059998 	451.662994 
19.600000 	126.247002 	444.000000 	444.059998 	451.662994 
19.700000 	126.247002 	444.000000 	444.059998 	451.662994 
19.800000 	126.247002 	444.000000 	444.059998 	451.662994 
19.900000 	126.247002 	444.000000 	444.059998 	451.662994 
20.000000 	126.247002 	444.000000 	444.059998 	451.662994 
20.100000 	126.247002 	444.000000 	444.059998 	451.662994 
20.200000 	126.247002 	444.000000 	444.059998 	451.662994 
20.300000 	126.247002 	444.000000 	444.059998 	451.662994 
20.400000 	126.247002 	444.000000 	444.059998 	451.662994 
20.500000 	126.283997 	444.000000 	444.046997 	451.696014 
20.600000 	126.283997 	444.000000 	444.046997 	451.696014 
20.700000 	126.283997 	444.000000 	444.046997 	451.696014 
20.800000 	126.283997 	444.000000 	444.046997 	451.696014 
20.900000 	126.283997 	444.000000 	444.046997 	451.696014 
21.000000 	126.283997 	444.000000 	444.046997 	451.696014 
21.100000 	126.283997 	444.000000 	444.046997 	451.696014 
21.200000 	126.283997 	444.000000 	444.046997 	451.696014 
21.300000 	126.283997 	444.000000 	444.046997 	451.696014 
21.400000 	126.283997 	444.000000 	444.046997 	451.696014 
21.500000 	126.317001 	444.000000 	444.036011 	451.730011 
21.600000 	126.317001 	444.000000 	444.036011 	451.730011 
21.700000 	126.317001 	444.000000 	444.036011 	451.730011 
21.800000 	126.317001 	444.000000 	444.036011 	451.730011 
21.900000 	126.317001 	444.000000 	444.036011 	451.730011 
22.000000 	126.317001 	444.000000 	444.036011 	451.730011 
22.100000 	126.317001 	444.000000 	444.036011 	451.730011 
22.200000 	126.317001 	444.000000 	444.036011 	451.730011 
22.300000 	126.317001 	444.000000 	444.036011 	451.730011 
22.400000 	126.317001 	444.000000 	444.036011 	451.730011 
22.500000 	126.346001 	444.000000 	444.026001 	451.764008 
22.600000 	126.346001 	444.000000 	444.026001 	451.764008 
22.700000 	126.346001 	444.000000 	444.026001 	451.764008 
22.800000 	126.346001 	444.000000 	444.026001 	451.764008 
22.900000 	126.346001 	444.000000 	444.026001 	451.764008 
23.000000 	126.346001 	444.000000 	444.026001 	451.764008 
23.100000 	126.346001 	444.000000 	444.026001 	451.764008 
23.200000 	126.346001 	444.000000 	444.026001 	451.764008 
23.300000 	126.346001 	444.000000 	444.026001 	451.764008 
23.400000 	126.346001 	444.000000 	444.026001 	451.764008 
23.500000 	126.372002 	444.000000 	444.015991 	451.799011 
23.600000 	126.372002 	444.000000 	444.015991 	451.799011 
23.700000 	126.372002 	444.000000 	444.015991 	451.799011 
23.800000 	126.372002 	444.000000 	444.015991 	451.799011 
23.900000 	126.372002 	444.000000 	444.015991 	451.799011 
24.000000 	126.372002 	444.000000 	444.015991 	451.799011 
24.100000 	126.372002 	444.000000 	444.015991 	451.799011 
24.200000 	126.372002 	444.000000 	444.015991 	451.799011 
24.300000 	126.372002 	444.000000 	444.015991 	451.799011 
24.400000 	126.372002 	444.000000 	444.015991 	451.799011 
24.500000 	126.394997 	444.000000 	444.007996 	451.834991 
24.600000 	126.394997 	444.000000 	444.007996 	451.834991 
24.700000 	126.394997 	444.000000 	444.007996 	451.834991 
24.800000 	126.394997 	444.000000 	444.007996 	451.834991 
24.900000 	126.394997 	444.000000 	444.007996 	451.834991 
25.000000 	126.394997 	444.000000 	444.007996 	451.834991 
25.100000 	126.394997 	444.000000 	444.007996 	451.834991 
25.200000 	126.394997 	444.000000 	444.007996 	451.834991 
25.300000 	126.394997 	444.000000 	444.007996 	451.834991 
25.400000 	126.394997 	444.000000 	444.007996 	451.834991 
25.500000 	126.416000 	444.000000 	444.000000 	451.871002 
25.600000 	126.416000 	444.000000 	444.000000 	451.871002 
25.700000 	126.416000 	444.000000 	444.000000 	451.871002 
25.800000 	126.416000 	444.000000 	444.000000 	451.871002 
25.900000 	126.416000 	444.000000 	444.000000 	451.871002 
26.000000 	126.416000 	444.000000 	444.000000 	451.871002 
26.100000 	126.416000 	444.000000 	444.000000 	451.871002 
26.200000 	126.416000 	444.000000 	444.000000 	451.871002 
26.300000 	126.416000 	444.000000 	444.000000 	451.871002 
26.400000 	126.416000 	444.000000 	444.000000 	451.871002 
26.500000 	126.433998 	444.000000 	443.993011 	451.907990 
26.600000 	126.433998 	444.000000 	443.993011 	451.907990 
26.700000 	126.433998 	444.000000 	443.993011 	451.907990 
26.800000 	126.433998 	444.000000 	443.993011 	451.907990 
26.900000 	126.433998 	444.000000 	443.993011 	451.907990 
27.000000 	126.433998 	444.000000 	443.993011 	451.907990 
27.100000 	126.433998 	444.000000 	443.993011 	451.907990 
27.200000 	126.433998 	444.000000 	443.993011 	451.907990 
27.300000 	126.433998 	444.000000 	443.993011 	451.907990 
27.400000 	126.433998 	444.000000 	443.993011 	451.907990 
27.500000 	126.450996 	444.000000 	443.987000 	451.946014 
27.600000 	126.450996 	444.000000 	443.987000 	451.946014 
27.700000 	126.450996 	444.000000 	443.987000 	451.946014 
27.800000 	126.450996 	444.000000 	443.987000 	451.946014 
27.900000 	126.450996 	444.000000 	443.987000 	451.946014 
28.000000 	126.450996 	444.000000 	443.987000 	451.946014 
28.100000 	126.450996 	444.000000 	443.987000 	451.946014 
28.200000 	126.450996 	444.000000 	443.987000 	451.946014 
28.300000 	126.450996 	444.000000 	443.987000 	451.946014 
28.400000 	126.450996 	444.000000 	443.987000 	451.946014 
28.500000 	126.466003 	444.000000 	443.980988 	451.984009 
28.600000 	126.466003 	444.000000 	443.980988 	451.984009 
28.700000 	126.466003 	444.000000 	443.980988 	451.984009 
28.800000 	126.466003 	444.000000 	443.980988 	451.984009 
28.900000 	126.466003 	444.000000 	443.980988 	451.984009 
29.000000 	126.466003 	444.000000 	443.980988 	451.984009 
29.100000 	126.466003 	444.000000 	443.980988 	451.984009 
29.200000 	126.466003 	444.000000 	443.980988 	451.984009 
29.300000 	126.466003 	444.000000 	443.980988 	451.984009 
29.400000 	126.466003 	444.000000 	443.980988 	451.984009 
29.500000 	126.478996 	444.000000 	443.975006 	452.022003 
29.600000 	126.478996 	444.000000 	443.975006 	452.022003 
29.700000 	126.478996 	444.000000 	443.975006 	452.022003 
29.800000 	126.478996 	444.000000 	443.975006 	452.022003 
29.900000 	126.478996 	444.000000 	443.975006 	452.022003 
30.000000 	126.478996 	444.000000 	443.975006 	452.022003 
30.100000 	126.478996 	444.000000 	443.975006 	452.022003 
30.200000 	126.478996 	444.000000 	443.975006 	452.022003 
30.300000 	126.478996 	444.000000 	443.975006 	452.022003 
30.400000 	126.478996 	444.000000 	443.975006 	452.022003 
30.500000 	126.490997 	444.000000 	443.970001 	452.061005 
30.600000 	126.490997 	444.000000 	443.970001 	452.061005 
30.700000 	126.490997 	444.000000 	443.970001 	452.061005 
30.800000 	126.490997 	444.000000 	443.970001 	452.061005 
30.900000 	126.490997 	444.000000 	443.970001 	452.061005 
31.000000 	126.490997 	444.000000 	443.970001 	452.061005 
31.100000 	126.490997 	444.000000 	443.970001 	452.061005 
31.200000 	126.490997 	444.000000 	443.970001 	452.061005 
31.300000 	126.490997 	444.000000 	443.970001 	452.061005 
31.400000 	126.490997 	444.000000 	443.970001 	452.061005 
31.500000 	126.500999 	444.000000 	443.963989 	452.100006 
31.600000 	126.500999 	444.000000 	443.963989 	452.100006 
31.700000 	126.500999 	444.000000 	443.963989 	452.100006 
31.800000 	126.500999 	444.000000 	443.963989 	452.100006 
31.900000 	126.500999 	444.000000 	443.963989 	452.100006 
32.000000 	126.500999 	444.000000 	443.963989 	452.100006 
32.100000 	126.500999 	444.000000 	443.963989 	452.100006 
32.200000 	126.500999 	444.000000 	443.963989 	452.100006 
32.300000 	126.500999 	444.000000 	443.963989 	452.100006 
32.400000 	126.500999 	444.000000 	443.963989 	452.100006 
32.500000 	126.510002 	444.000000 	443.959015 	452.140015 
32.600000 	126.510002 	444.000000 	443.959015 	452.140015 
32.700000 	126.510002 	444.000000 	443.959015 	452.140015 
32.800000 	126.510002 	444.000000 	443.959015 	452.140015 
32.900000 	126.510002 	444.000000 	443.959015 	452.140015 
33.000000 	126.510002 	444.000000 	443.959015 	452.140015 
33.100000 	126.510002 	444.000000 	443.959015 	452.140015 
33.200000 	126.510002 	444.000000 	443.959015 	452.140015 
33.300000 	126.510002 	444.000000 	443.959015 	452.140015 
33.400000 	126.510002 	444.000000 	443.959015 	452.140015 
33.500000 	126.516998 	444.000000 	443.954010 	452.178986 
33.600000 	126.516998 	444.000000 	443.954010 	452.178986 
33.700000 	126.516998 	444.000000 	443.954010 	452.178986 
33.800000 	126.516998 	444.000000 	443.954010 	452.178986 
33.900000 	126.516998 	444.000000 	443.954010 	452.178986 
34.000000 	126.516998 	444.000000 	443.954010 	452.178986 
34.100000 	126.516998 	444.000000 	443.954010 	452.178986 
34.200000 	126.516998 	444.000000 	443.954010 	452.178986 
34.300000 	126.516998 	444.000000 	443.954010 	452.178986 
34.400000 	126.516998 	444.000000 	443.954010 	452.178986 
34.500000 	126.523003 	444.000000 	443.950012 	452.218994 
34.600000 	126.523003 	444.000000 	443.950012 	452.218994 
34.700000 	126.523003 	444.000000 	443.950012 	452.218994 
34.800000 	126.523003 	444.000000 	443.950012 	452.218994 
34.900000 	126.523003 	444.000000 	443.950012 	452.218994 
35.000000 	126.523003 	444.000000 	443.950012 	452.218994 
35.100000 	126.523003 	444.000000 	443.950012 	452.218994 
35.200000 	126.523003 	444.000000 	443.950012 	452.218994 
35.300000 	126.523003 	444.000000 	443.950012 	452.218994 
35.400000 	126.523003 	444.000000 	443.950012 	452.218994 
35.500000 	126.527000 	444.000000 	443.945007 	452.259003 
35.600000 	126.527000 	444.000000 	443.945007 	452.259003 
35.700000 	126.527000 	444.000000 	443.945007 	452.259003 
35.800000 	126.527000 	444.000000 	443.945007 	452.259003 
35.900000 	126.527000 	444.000000 	443.945007 	452.259003 
36.000000 	126.527000 	444.000000 	443.945007 	452.259003 
36.100000 	126.527000 	444.000000 	443.945007 	452.259003 
36.200000 	126.527000 	444.000000 	443.945007 	452.259003 
36.300000 	126.527000 	444.000000 	443.945007 	452.259003 
36.400000 	126.527000 	444.000000 	443.945007 	452.259003 
36.500000 	126.528999 	444.000000 	443.940002 	452.299011 
36.600000 	126.528999 	444.000000 	443.940002 	452.299011 
36.700000 	126.528999 	444.000000 	443.940002 	452.299011 
36.800000 	126.528999 	444.000000 	443.940002 	452.299011 
36.900000 	126.528999 	444.000000 	443.940002 	452.299011 
37.000000 	126.528999 	444.000000 	443.940002 	452.299011 
37.100000 	126.528999 	444.000000 	443.940002 	452.299011 
37.200000 	126.528999 	444.000000 	443.940002 	452.299011 
37.300000 	126.528999 	444.000000 	443.940002 	452.299011 
37.400000 	126.528999 	444.000000 	443.940002 	452.299011 
37.500000 	126.529999 	444.000000 	443.936005 	452.339996 
37.600000 	126.529999 	444.000000 	443.936005 	452.339996 
37.700000 	126.529999 	444.000000 	443.936005 	452.339996 
37.800000 	126.529999 	444.000000 	443.936005 	452.339996 
37.900000 	126.529999 	444.000000 	443.936005 	452.339996 
38.000000 	126.529999 	444.000000 	443.936005 	452.339996 
38.100000 	126.529999 	444.000000 	443.936005 	452.339996 
38.200000 	126.529999 	444.000000 	443.936005 	452.339996 
38.300000 	126.529999 	444.000000 	443.936005 	452.339996 
38.400000 	126.529999 	444.000000 	443.936005 	452.339996 
38.500000 	126.529999 	444.000000 	443.931000 	452.380005 
38.600000 	126.529999 	444.000000 	443.931000 	452.380005 
38.700000 	126.529999 	444.000000 	443.931000 	452.380005 
38.800000 	126.529999 	444.000000 	443.931000 	452.380005 
38.900000 	126.529999 	444.000000 	443.931000 	452.380005 
39.000000 	126.529999 	444.000000 	443.931000 	452.380005 
39.100000 	126.529999 	444.000000 	443.931000 	452.380005 
39.200000 	126.529999 	444.000000 	443.931000 	452.380005 
39.300000 	126.529999 	444.000000 	443.931000 	452.380005 
39.400000 	126.529999 	444.000000 	443.931000 	452.380005 
39.500000 	126.527000 	444.000000 	443.925995 	452.420990 
39.600000 	126.527000 	444.000000 	443.925995 	452.420990 
39.700000 	126.527000 	444.000000 	443.925995 	452.420990 
39.800000 	126.527000 	444.000000 	443.925995 	452.420990 
39.900000 	126.527000 	444.000000 	443.925995 	452.420990 
40.000000 	126.527000 	444.000000 	443.925995 	452.420990 
40.100000 	126.527000 	444.000000 	443.925995 	452.420990 
40.200000 	126.527000 	444.000000 	443.925995 	452.420990 
40.300000 	126.527000 	444.000000 	443.925995 	452.420990 
40.400000 	126.527000 	444.000000 	443.925995 	452.420990 
40.500000 	126.523003 	444.000000 	443.921997 	452.460999 
40.600000 	126.523003 	444.000000 	443.921997 	452.460999 
40.700000 	126.523003 	444.000000 	443.921997 	452.460999 
40.800000 	126.523003 	444.000000 	443.921997 	452.460999 
40.900000 	126.523003 	444.000000 	443.921997 	452.460999 
41.000000 	126.523003 	444.000000 	443.921997 	452.460999 
41.100000 	126.523003 	444.000000 	443.921997 	452.460999 
41.200000 	126.523003 	444.000000 	443.921997 	452.460999 
41.300000 	126.523003 	444.000000 	443.921997 	452.460999 
41.400000 	126.523003 	444.000000 	443.921997 	452.460999 
41.500000 	126.516998 	444.000000 	443.916992 	452.502014 
41.600000 	126.516998 	444.000000 	443.916992 	452.502014 
41.700000 	126.516998 	444.000000 	443.916992 	452.502014 
41.800000 	126.516998 	444.000000 	443.916992 	452.502014 
41.900000 	126.516998 	444.000000 	443.916992 	452.502014 
42.000000 	126.516998 	444.000000 	443.916992 	452.502014 
42.100000 	126.516998 	444.000000 	443.916992 	452.502014 
42.200000 	126.516998 	444.000000 	443.916992 	452.502014 
42.300000 	126.516998 	444.000000 	443.916992 	452.502014 
42.400000 	126.516998 	444.000000 	443.916992 	452.502014 
42.500000 	126.508003 	444.000000 	443.911987 	452.541992 
42.600000 	126.508003 	444.000000 	443.911987 	452.541992 
42.700000 	126.508003 	444.000000 	443.911987 	452.541992 
42.800000 	126.508003 	444.000000 	443.911987 	452.541992 
42.900000 	126.508003 	444.000000 	443.911987 	452.541992 
43.000000 	126.508003 	444.000000 	443.911987 	452.541992 
43.100000 	126.508003 	444.000000 	443.911987 	452.541992 
43.200000 	126.508003 	444.000000 	443.911987 	452.541992 
43.300000 	126.508003 	444.000000 	443.911987 	452.541992 
43.400000 	126.508003 	444.000000 	443.911987 	452.541992 
43.500000 	126.497002 	444.000000 	443.907013 	452.582001 
43.600000 	126.497002 	444.000000 	443.907013 	452.582001 
43.700000 	126.497002 	444.000000 	443.907013 	452.582001 
43.800000 	126.497002 	444.000000 	443.907013 	452.582001 
43.900000 	126.497002 	444.000000 	443.907013 	452.582001 
44.000000 	126.497002 	444.000000 	443.907013 	452.582001 
44.100000 	126.497002 	444.000000 	443.907013 	452.582001 
44.200000 	126.497002 	444.000000 	443.907013 	452.582001 
44.300000 	126.497002 	444.000000 	443.907013 	452.582001 
44.400000 	126.497002 	444.000000 	443.907013 	452.582001 
44.500000 	126.483002 	444.000000 	443.902008 	452.622986 
44.600000 	126.483002 	444.000000 	443.902008 	452.622986 
44.700000 	126.483002 	444.000000 	443.902008 	452.622986 
44.800000 	126.483002 	444.000000 	443.902008 	452.622986 
44.900000 	126.483002 	444.000000 	443.902008 	452.622986 
45.000000 	126.483002 	444.000000 	443.902008 	452.622986 
45.100000 	126.483002 	444.000000 	443.902008 	452.622986 
45.200000 	126.483002 	444.000000 	443.902008 	452.622986 
45.300000 	126.483002 	444.000000 	443.902008 	452.622986 
45.400000 	126.483002 	444.000000 	443.902008 	452.622986 
45.500000 	126.467003 	444.000000 	443.897003 	452.662994 
45.600000 	126.467003 	444.000000 	443.897003 	452.662994 
45.700000 	126.467003 	444.000000 	443.897003 	452.662994 
45.800000 	126.467003 	444.000000 	443.897003 	452.662994 
45.900000 	126.467003 	444.000000 	443.897003 	452.662994 
46.000000 	126.467003 	444.000000 	443.897003 	452.662994 
46.100000 	126.467003 	444.000000 	443.897003 	452.662994 
46.200000 	126.467003 	444.000000 	443.897003 	452.662994 
46.300000 	126.467003 	444.000000 	443.897003 	452.662994 
46.400000 	126.467003 	444.000000 	443.897003 	452.662994 
46.500000 	126.446999 	444.000000 	443.891998 	452.703003 
46.600000 	126.446999 	444.000000 	443.891998 	452.703003 
46.700000 	126.446999 	444.000000 	443.891998 	452.703003 
46.800000 	126.446999 	444.000000 	443.891998 	452.703003 
46.900000 	126.446999 	444.000000 	443.891998 	452.703003 
47.000000 	126.446999 	444.000000 	443.891998 	452.703003 
47.100000 	126.446999 	444.000000 	443.891998 	452.703003 
47.200000 	126.446999 	444.000000 	443.891998 	452.703003 
47.300000 	126.446999 	444.000000 	443.891998 	452.703003 
47.400000 	126.446999 	444.000000 	443.891998 	452.703003 
47.500000 	126.422997 	444.000000 	443.885986 	452.742004 
47.600000 	126.422997 	444.000000 	443.885986 	452.742004 
47.700000 	126.422997 	444.000000 	443.885986 	452.742004 
47.800000 	126.422997 	444.000000 	443.885986 	452.742004 
47.900000 	126.422997 	444.000000 	443.885986 	452.742004 
48.000000 	126.422997 	444.000000 	443.885986 	452.742004 
48.100000 	126.422997 	444.000000 	443.885986 	452.742004 
48.200000 	126.422997 	444.000000 	443.885986 	452.742004 
48.300000 	126.422997 	444.000000 	443.885986 	452.742004 
48.400000 	126.422997 	444.000000 	443.885986 	452.742004 
48.500000 	126.396004 	444.000000 	443.881012 	452.782013 
48.600000 	126.396004 	444.000000 	443.881012 	452.782013 
48.700000 	126.396004 	444.000000 	443.881012 	452.782013 
48.800000 	126.396004 	444.000000 	443.881012 	452.782013 
48.900000 	126.396004 	444.000000 	443.881012 	452.782013 
49.000000 	126.396004 	444.000000 	443.881012 	452.782013 
49.100000 	126.396004 	444.000000 	443.881012 	452.782013 
49.200000 	126.396004 	444.000000 	443.881012 	452.782013 
49.300000 	126.396004 	444.000000 	443.881012 	452.782013 
49.400000 	126.396004 	444.000000 	443.881012 	452.782013 
49.500000 	126.363998 	444.000000 	443.875000 	452.821014 
49.600000 	126.363998 	444.000000 	443.875000 	452.821014 
49.700000 	126.363998 	444.000000 	443.875000 	452.821014 
49.800000 	126.363998 	444.000000 	443.875000 	452.821014 
49.900000 	126.363998 	444.000000 	443.875000 	452.821014 
50.000000 	126.363998 	444.000000 	443.875000 	452.821014 
50.100000 	126.363998 	444.000000 	443.875000 	452.821014 
50.200000 	126.363998 	444.000000 	443.875000 	452.821014 
50.300000 	126.363998 	444.000000 	443.875000 	452.821014 
50.400000 	126.363998 	444.000000 	443.875000 	452.821014 
50.500000 	126.328003 	444.000000 	443.868988 	452.859985 
50.600000 	126.328003 	444.000000 	443.868988 	452.859985 
50.700000 	126.328003 	444.000000 	443.868988 	452.859985 
50.800000 	126.328003 	444.000000 	443.868988 	452.859985 
50.900000 	126.328003 	444.000000 	443.868988 	452.859985 
51.000000 	126.328003 	444.000000 	443.868988 	452.859985 
51.100000 	126.328003 	444.000000 	443.868988 	452.859985 
51.200000 	126.328003 	444.000000 	443.868988 	452.859985 
51.300000 	126.328003 	444.000000 	443.868988 	452.859985 
51.400000 	126.328003 	444.000000 	443.868988 	452.859985 
51.500000 	126.285004 	444.000000 	443.863007 	452.898987 
51.600000 	126.285004 	444.000000 	443.863007 	452.898987 
51.700000 	126.285004 	444.000000 	443.863007 	452.898987 
51.800000 	126.285004 	444.000000 	443.863007 	452.898987 
51.900000 	126.285004 	444.000000 	443.863007 	452.898987 
52.000000 	126.285004 	444.000000 	443.863007 	452.898987 
52.100000 	126.285004 	444.000000 	443.863007 	452.898987 
52.200000 	126.285004 	444.000000 	443.863007 	452.898987 
52.300000 	126.285004 	444.000000 	443.863007 	452.898987 
52.400000 	126.285004 	444.000000 	443.863007 	452.898987 
52.500000 	126.236000 	444.000000 	443.856995 	452.937012 
52.600000 	126.236000 	444.000000 	443.856995 	452.937012 
52.700000 	126.236000 	444.000000 	443.856995 	452.937012 
52.800000 	126.236000 	444.000000 	443.856995 	452.937012 
52.900000 	126.236000 	444.000000 	443.856995 	452.937012 
53.000000 	126.236000 	444.000000 	443.856995 	452.937012 
53.100000 	126.236000 	444.000000 	443.856995 	452.937012 
53.200000 	126.236000 	444.000000 	443.856995 	452.937012 
53.300000 	126.236000 	444.000000 	443.856995 	452.937012 
53.400000 	126.236000 	444.000000 	443.856995 	452.937012 
53.500000 	126.180000 	444.000000 	443.851013 	452.975006 
53.600000 	126.180000 	444.000000 	443.851013 	452.975006 
53.700000 	126.180000 	444.000000 	443.851013 	452.975006 
53.800000 	126.180000 	444.000000 	443.851013 	452.975006 
53.900000 	126.180000 	444.000000 	443.851013 	452.975006 
54.000000 	126.180000 	444.000000 	443.851013 	452.975006 
54.100000 	126.180000 	444.000000 	443.851013 	452.975006 
54.200000 	126.180000 	444.000000 	443.851013 	452.975006 
54.300000 	126.180000 	444.000000 	443.851013 	452.975006 
54.400000 	126.180000 	444.000000 	443.851013 	452.975006 
54.500000 	126.113998 	444.000000 	443.843994 	453.011993 
54.600000 	126.113998 	444.000000 	443.843994 	453.011993 
54.700000 	126.113998 	444.000000 	443.843994 	453.011993 
54.800000 	126.113998 	444.000000 	443.843994 	453.011993 
54.900000 	126.113998 	444.000000 	443.843994 	453.011993 
55.000000 	126.113998 	444.000000 	443.843994 	453.011993 
55.100000 	126.113998 	444.000000 	443.843994 	453.011993 
55.200000 	126.113998 	444.000000 	443.843994 	453.011993 
55.300000 	126.113998 	444.000000 	443.843994 	453.011993 
55.400000 	126.113998 	444.000000 	443.843994 	453.011993 
55.500000 	126.039001 	444.000000 	443.837006 	453.049988 
55.600000 	126.039001 	444.000000 	443.837006 	453.049988 
55.700000 	126.039001 	444.000000 	443.837006 	453.049988 
55.800000 	126.039001 	444.000000 	443.837006 	453.049988 
55.900000 	126.039001 	444.000000 	443.837006 	453.049988 
56.000000 	126.039001 	444.000000 	443.837006 	453.049988 
56.100000 	126.039001 	444.000000 	443.837006 	453.049988 
56.200000 	126.039001 	444.000000 	443.837006 	453.049988 
56.300000 	126.039001 	444.000000 	443.837006 	453.049988 
56.400000 	126.039001 	444.000000 	443.837006 	453.049988 
56.500000 	125.949997 	444.000000 	443.829987 	453.085999 
56.600000 	125.949997 	444.000000 	443.829987 	453.085999 
56.700000 	125.949997 	444.000000 	443.829987 	453.085999 
56.800000 	125.949997 	444.000000 	443.829987 	453.085999 
56.900000 	125.949997 	444.000000 	443.829987 	453.085999 
57.000000 	125.949997 	444.000000 	443.829987 	453.085999 
57.100000 	125.949997 	444.000000 	443.829987 	453.085999 
57.200000 	125.949997 	444.000000 	443.829987 	453.085999 
57.300000 	125.949997 	444.000000 	443.829987 	453.085999 
57.400000 	125.949997 	444.000000 	443.829987 	453.085999 
57.500000 	125.847000 	444.000000 	443.822998 	453.122009 
57.600000 	125.847000 	444.000000 	443.822998 	453.122009 
57.700000 	125.847000 	444.000000 	443.822998 	453.122009 
57.800000 	125.847000 	444.000000 	443.822998 	453.122009 
57.900000 	125.847000 	444.000000 	443.822998 	453.122009 
58.000000 	125.847000 	444.000000 	443.822998 	453.122009 
58.100000 	125.847000 	444.000000 	443.822998 	453.122009 
58.200000 	125.847000 	444.000000 	443.822998 	453.122009 
58.300000 	125.847000 	444.000000 	443.822998 	453.122009 
58.400000 	125.847000 	444.000000 	443.822998 	453.122009 
58.500000 	125.724998 	444.000000 	443.815002 	453.157990 
58.600000 	125.724998 	444.000000 	443.815002 	453.157990 
58.700000 	125.724998 	444.000000 	443.815002 	453.157990 
58.800000 	125.724998 	444.000000 	443.815002 	453.157990 
58.900000 	125.724998 	444.000000 	443.815002 	453.157990 
59.000000 	125.724998 	444.000000 	443.815002 	453.157990 
59.100000 	125.724998 	444.000000 	443.815002 	453.157990 
59.200000 	125.724998 	444.000000 	443.815002 	453.157990 
59.300000 	125.724998 	444.000000 	443.815002 	453.157990 
59.400000 	125.724998 	444.000000 	443.815002 	453.157990 
59.500000 	125.578003 	444.000000 	443.807007 	453.192993 
59.600000 	125.578003 	444.000000 	443.807007 	453.192993 
59.700000 	125.578003 	444.000000 	443.807007 	453.192993 
59.800000 	125.578003 	444.000000 	443.807007 	453.192993 
59.900000 	125.578003 	444.000000 	443.807007 	453.192993 
60.000000 	125.578003 	444.000000 	443.807007 	453.192993 
