0.500000 	83.357101 	163.000000 	217.339996 	177.466995 
0.600000 	83.357101 	163.000000 	217.339996 	177.466995 
0.700000 	83.357101 	163.000000 	217.339996 	177.466995 
0.800000 	83.357101 	163.000000 	217.339996 	177.466995 
0.900000 	83.357101 	163.000000 	217.339996 	177.466995 
1.000000 	83.357101 	163.000000 	217.339996 	177.466995 
1.100000 	83.357101 	163.000000 	217.339996 	177.466995 
1.200000 	83.357101 	163.000000 	217.339996 	177.466995 
1.300000 	83.357101 	163.000000 	217.339996 	177.466995 
1.400000 	83.357101 	163.000000 	217.339996 	177.466995 
1.500000 	91.897301 	163.000000 	191.794006 	180.237000 
1.600000 	91.897301 	163.000000 	191.794006 	180.237000 
1.700000 	91.897301 	163.000000 	191.794006 	180.237000 
1.800000 	91.897301 	163.000000 	191.794006 	180.237000 
1.900000 	91.897301 	163.000000 	191.794006 	180.237000 
2.000000 	91.897301 	163.000000 	191.794006 	180.237000 
2.100000 	91.897301 	163.000000 	191.794006 	180.237000 
2.200000 	91.897301 	163.000000 	191.794006 	180.237000 
2.300000 	91.897301 	163.000000 	191.794006 	180.237000 
2.400000 	91.897301 	163.000000 	191.794006 	180.237000 
2.500000 	104.016998 	163.000000 	181.279999 	180.759995 
2.600000 	104.016998 	163.000000 	181.279999 	180.759995 
2.700000 	104.016998 	163.000000 	181.279999 	180.759995 
2.800000 	104.016998 	163.000000 	181.279999 	180.759995 
2.900000 	104.016998 	163.000000 	181.279999 	180.759995 
3.000000 	104.016998 	163.000000 	181.279999 	180.759995 
3.100000 	104.016998 	163.000000 	181.279999 	180.759995 
3.200000 	104.016998 	163.000000 	181.279999 	180.759995 
3.300000 	104.016998 	163.000000 	181.279999 	180.759995 
3.400000 	104.016998 	163.000000 	181.279999 	180.759995 
3.500000 	111.171997 	163.000000 	175.460007 	180.968002 
3.600000 	111.171997 	163.000000 	175.460007 	180.968002 
3.700000 	111.171997 	163.000000 	175.460007 	180.968002 
3.800000 	111.171997 	163.000000 	175.460007 	180.968002 
3.900000 	111.171997 	163.000000 	175.460007 	180.968002 
4.000000 	111.171997 	163.000000 	175.460007 	180.968002 
4.100000 	111.171997 	163.000000 	175.460007 	180.968002 
4.200000 	111.171997 	163.000000 	175.460007 	180.968002 
4.300000 	111.171997 	163.000000 	175.460007 	180.968002 
4.400000 	111.171997 	163.000000 	175.460007 	180.968002 
4.500000 	115.476997 	163.000000 	171.942993 	181.089005 
4.600000 	115.476997 	163.000000 	171.942993 	181.089005 
4.700000 	115.476997 	163.000000 	171.942993 	181.089005 
4.800000 	115.476997 	163.000000 	171.942993 	181.089005 
4.900000 	115.476997 	163.000000 	171.942993 	181.089005 
5.000000 	115.476997 	163.000000 	171.942993 	181.089005 
5.100000 	115.476997 	163.000000 	171.942993 	181.089005 
5.200000 	115.476997 	163.000000 	171.942993 	181.089005 
5.300000 	115.476997 	163.000000 	171.942993 	181.089005 
5.400000 	115.476997 	163.000000 	171.942993 	181.089005 
5.500000 	118.224998 	163.000000 	169.677994 	181.181000 
5.600000 	118.224998 	163.000000 	169.677994 	181.181000 
5.700000 	118.224998 	163.000000 	169.677994 	181.181000 
5.800000 	118.224998 	163.000000 	169.677994 	181.181000 
5.900000 	118.224998 	163.000000 	169.677994 	181.181000 
6.000000 	118.224998 	163.000000 	169.677994 	181.181000 
6.100000 	118.224998 	163.000000 	169.677994 	181.181000 
6.200000 	118.224998 	163.000000 	169.677994 	181.181000 
6.300000 	118.224998 	163.000000 	169.677994 	181.181000 
6.400000 	118.224998 	163.000000 	169.677994 	181.181000 
6.500000 	120.074997 	163.000000 	168.162994 	181.261002 
6.600000 	120.074997 	163.000000 	168.162994 	181.261002 
6.700000 	120.074997 	163.000000 	168.162994 	181.261002 
6.800000 	120.074997 	163.000000 	168.162994 	181.261002 
6.900000 	120.074997 	163.000000 	168.162994 	181.261002 
7.000000 	120.074997 	163.000000 	168.162994 	181.261002 
7.100000 	120.074997 	163.000000 	168.162994 	181.261002 
7.200000 	120.074997 	163.000000 	168.162994 	181.261002 
7.300000 	120.074997 	163.000000 	168.162994 	181.261002 
7.400000 	120.074997 	163.000000 	168.162994 	181.261002 
7.500000 	121.374001 	163.000000 	167.085007 	181.337006 
7.600000 	121.374001 	163.000000 	167.085007 	181.337006 
7.700000 	121.374001 	163.000000 	167.085007 	181.337006 
7.800000 	121.374001 	163.000000 	167.085007 	181.337006 
7.900000 	121.374001 	163.000000 	167.085007 	181.337006 
8.000000 	121.374001 	163.000000 	167.085007 	181.337006 
8.100000 	121.374001 	163.000000 	167.085007 	181.337006 
8.200000 	121.374001 	163.000000 	167.085007 	181.337006 
8.300000 	121.374001 	163.000000 	167.085007 	181.337006 
8.400000 	121.374001 	163.000000 	167.085007 	181.337006 
8.500000 	122.320000 	163.000000 	166.294998 	181.414001 
8.600000 	122.320000 	163.000000 	166.294998 	181.414001 
8.700000 	122.320000 	163.000000 	166.294998 	181.414001 
8.800000 	122.320000 	163.000000 	166.294998 	181.414001 
8.900000 	122.320000 	163.000000 	166.294998 	181.414001 
9.000000 	122.320000 	163.000000 	166.294998 	181.414001 
9.100000 	122.320000 	163.000000 	166.294998 	181.414001 
9.200000 	122.320000 	163.000000 	166.294998 	181.414001 
9.300000 	122.320000 	163.000000 	166.294998 	181.414001 
9.400000 	122.320000 	163.000000 	166.294998 	181.414001 
9.500000 	123.029999 	163.000000 	165.701996 	181.492996 
9.600000 	123.029999 	163.000000 	165.701996 	181.492996 
9.700000 	123.029999 	163.000000 	165.701996 	181.492996 
9.800000 	123.029999 	163.000000 	165.701996 	181.492996 
9.900000 	123.029999 	163.000000 	165.701996 	181.492996 
10.000000 	123.029999 	163.000000 	165.701996 	181.492996 
10.100000 	123.029999 	163.000000 	165.701996 	181.492996 
10.200000 	123.029999 	163.000000 	165.701996 	181.492996 
10.300000 	123.029999 	163.000000 	165.701996 	181.492996 
10.400000 	123.029999 	163.000000 	165.701996 	181.492996 
10.500000 	123.574997 	163.000000 	165.244995 	181.574005 
10.600000 	123.574997 	163.000000 	165.244995 	181.574005 
10.700000 	123.574997 	163.000000 	165.244995 	181.574005 
10.800000 	123.574997 	163.000000 	165.244995 	181.574005 
10.900000 	123.574997 	163.000000 	165.244995 	181.574005 
11.000000 	123.574997 	163.000000 	165.244995 	181.574005 
11.100000 	123.574997 	163.000000 	165.244995 	181.574005 
11.200000 	123.574997 	163.000000 	165.244995 	181.574005 
11.300000 	123.574997 	163.000000 	165.244995 	181.574005 
11.400000 	123.574997 	163.000000 	165.244995 	181.574005 
11.500000 	124.003998 	163.000000 	164.886002 	181.660004 
11.600000 	124.003998 	163.000000 	164.886002 	181.660004 
11.700000 	124.003998 	163.000000 	164.886002 	181.660004 
11.800000 	124.003998 	163.000000 	164.886002 	181.660004 
11.900000 	124.003998 	163.000000 	164.886002 	181.660004 
12.000000 	124.003998 	163.000000 	164.886002 	181.660004 
12.100000 	124.003998 	163.000000 	164.886002 	181.660004 
12.200000 	124.003998 	163.000000 	164.886002 	181.660004 
12.300000 	124.003998 	163.000000 	164.886002 	181.660004 
12.400000 	124.003998 	163.000000 	164.886002 	181.660004 
12.500000 	124.347000 	163.000000 	164.600006 	181.750000 
12.600000 	124.347000 	163.000000 	164.600006 	181.750000 
12.700000 	124.347000 	163.000000 	164.600006 	181.750000 
12.800000 	124.347000 	163.000000 	164.600006 	181.750000 
12.900000 	124.347000 	163.000000 	164.600006 	181.750000 
13.000000 	124.347000 	163.000000 	164.600006 	181.750000 
13.100000 	124.347000 	163.000000 	164.600006 	181.750000 
13.200000 	124.347000 	163.000000 	164.600006 	181.750000 
13.300000 	124.347000 	163.000000 	164.600006 	181.750000 
13.400000 	124.347000 	163.000000 	164.600006 	181.750000 
13.500000 	124.626999 	163.000000 	164.367004 	181.843002 
13.600000 	124.626999 	163.000000 	164.367004 	181.843002 
13.700000 	124.626999 	163.000000 	164.367004 	181.843002 
13.800000 	124.626999 	163.000000 	164.367004 	181.843002 
13.900000 	124.626999 	163.000000 	164.367004 	181.843002 
14.000000 	124.626999 	163.000000 	164.367004 	181.843002 
14.100000 	124.626999 	163.000000 	164.367004 	181.843002 
14.200000 	124.626999 	163.000000 	164.367004 	181.843002 
14.300000 	124.626999 	163.000000 	164.367004 	181.843002 
14.400000 	124.626999 	163.000000 	164.367004 	181.843002 
14.500000 	124.858002 	163.000000 	164.175995 	181.940002 
14.600000 	124.858002 	163.000000 	164.175995 	181.940002 
14.700000 	124.858002 	163.000000 	164.175995 	181.940002 
14.800000 	124.858002 	163.000000 	164.175995 	181.940002 
14.900000 	124.858002 	163.000000 	164.175995 	181.940002 
15.000000 	124.858002 	163.000000 	164.175995 	181.940002 
15.100000 	124.858002 	163.000000 	164.175995 	181.940002 
15.200000 	124.858002 	163.000000 	164.175995 	181.940002 
15.300000 	124.858002 	163.000000 	164.175995 	181.940002 
15.400000 	124.858002 	163.000000 	164.175995 	181.940002 
15.500000 	125.051003 	163.000000 	164.016998 	182.039993 
15.600000 	125.051003 	163.000000 	164.016998 	182.039993 
15.700000 	125.051003 	163.000000 	164.016998 	182.039993 
15.800000 	125.051003 	163.000000 	164.016998 	182.039993 
15.900000 	125.051003 	163.000000 	164.016998 	182.039993 
16.000000 	125.051003 	163.000000 	164.016998 	182.039993 
16.100000 	125.051003 	163.000000 	164.016998 	182.039993 
16.200000 	125.051003 	163.000000 	164.016998 	182.039993 
16.300000 	125.051003 	163.000000 	164.016998 	182.039993 
16.400000 	125.051003 	163.000000 	164.016998 	182.039993 
16.500000 	125.213997 	163.000000 	163.882996 	182.143997 
16.600000 	125.213997 	163.000000 	163.882996 	182.143997 
16.700000 	125.213997 	163.000000 	163.882996 	182.143997 
16.800000 	125.213997 	163.000000 	163.882996 	182.143997 
16.900000 	125.213997 	163.000000 	163.882996 	182.143997 
17.000000 	125.213997 	163.000000 	163.882996 	182.143997 
17.100000 	125.213997 	163.000000 	163.882996 	182.143997 
17.200000 	125.213997 	163.000000 	163.882996 	182.143997 
17.300000 	125.213997 	163.000000 	163.882996 	182.143997 
17.400000 	125.213997 	163.000000 	163.882996 	182.143997 
17.500000 	125.353996 	163.000000 	163.768997 	182.251007 
17.600000 	125.353996 	163.000000 	163.768997 	182.251007 
17.700000 	125.353996 	163.000000 	163.768997 	182.251007 
17.800000 	125.353996 	163.000000 	163.768997 	182.251007 
17.900000 	125.353996 	163.000000 	163.768997 	182.251007 
18.000000 	125.353996 	163.000000 	163.768997 	182.251007 
18.100000 	125.353996 	163.000000 	163.768997 	182.251007 
18.200000 	125.353996 	163.000000 	163.768997 	182.251007 
18.300000 	125.353996 	163.000000 	163.768997 	182.251007 
18.400000 	125.353996 	163.000000 	163.768997 	182.251007 
18.500000 	125.474998 	163.000000 	163.671997 	182.360992 
18.600000 	125.474998 	163.000000 	163.671997 	182.360992 
18.700000 	125.474998 	163.000000 	163.671997 	182.360992 
18.800000 	125.474998 	163.000000 	163.671997 	182.360992 
18.900000 	125.474998 	163.000000 	163.671997 	182.360992 
19.000000 	125.474998 	163.000000 	163.671997 	182.360992 
19.100000 	125.474998 	163.000000 	163.671997 	182.360992 
19.200000 	125.474998 	163.000000 	163.671997 	182.360992 
19.300000 	125.474998 	163.000000 	163.671997 	182.360992 
19.400000 	125.474998 	163.000000 	163.671997 	182.360992 
19.500000 	125.580002 	163.000000 	163.587997 	182.475006 
19.600000 	125.580002 	163.000000 	163.587997 	182.475006 
19.700000 	125.580002 	163.000000 	163.587997 	182.475006 
19.800000 	125.580002 	163.000000 	163.587997 	182.475006 
19.900000 	125.580002 	163.000000 	163.587997 	182.475006 
20.000000 	125.580002 	163.000000 	163.587997 	182.475006 
20.100000 	125.580002 	163.000000 	163.587997 	182.475006 
20.200000 	125.580002 	163.000000 	163.587997 	182.475006 
20.300000 	125.580002 	163.000000 	163.587997 	182.475006 
20.400000 	125.580002 	163.000000 	163.587997 	182.475006 
20.500000 	125.672997 	163.000000 	163.514008 	182.591003 
20.600000 	125.672997 	163.000000 	163.514008 	182.591003 
20.700000 	125.672997 	163.000000 	163.514008 	182.591003 
20.800000 	125.672997 	163.000000 	163.514008 	182.591003 
20.900000 	125.672997 	163.000000 	163.514008 	182.591003 
21.000000 	125.672997 	163.000000 	163.514008 	182.591003 
21.100000 	125.672997 	163.000000 	163.514008 	182.591003 
21.200000 	125.672997 	163.000000 	163.514008 	182.591003 
21.300000 	125.672997 	163.000000 	163.514008 	182.591003 
21.400000 	125.672997 	163.000000 	163.514008 	182.591003 
21.500000 	125.753998 	163.000000 	163.449997 	182.710007 
21.600000 	125.753998 	163.000000 	163.449997 	182.710007 
21.700000 	125.753998 	163.000000 	163.449997 	182.710007 
21.800000 	125.753998 	163.000000 	163.449997 	182.710007 
21.900000 	125.753998 	163.000000 	163.449997 	182.710007 
22.000000 	125.753998 	163.000000 	163.449997 	182.710007 
22.100000 	125.753998 	163.000000 	163.449997 	182.710007 
22.200000 	125.753998 	163.000000 	163.449997 	182.710007 
22.300000 	125.753998 	163.000000 	163.449997 	182.710007 
22.400000 	125.753998 	163.000000 	163.449997 	182.710007 
22.500000 	125.827003 	163.000000 	163.393997 	182.832001 
22.600000 	125.827003 	163.000000 	163.393997 	182.832001 
22.700000 	125.827003 	163.000000 	163.393997 	182.832001 
22.800000 	125.827003 	163.000000 	163.393997 	182.832001 
22.900000 	125.827003 	163.000000 	163.393997 	182.832001 
23.000000 	125.827003 	163.000000 	163.393997 	182.832001 
23.100000 	125.827003 	163.000000 	163.393997 	182.832001 
23.200000 	125.827003 	163.000000 	163.393997 	182.832001 
23.300000 	125.827003 	163.000000 	163.393997 	182.832001 
23.400000 	125.827003 	163.000000 	163.393997 	182.832001 
23.500000 	125.891998 	163.000000 	163.343002 	182.955994 
23.600000 	125.891998 	163.000000 	163.343002 	182.955994 
23.700000 	125.891998 	163.000000 	163.343002 	182.955994 
23.800000 	125.891998 	163.000000 	163.343002 	182.955994 
23.900000 	125.891998 	163.000000 	163.343002 	182.955994 
24.000000 	125.891998 	163.000000 	163.343002 	182.955994 
24.100000 	125.891998 	163.000000 	163.343002 	182.955994 
24.200000 	125.891998 	163.000000 	163.343002 	182.955994 
24.300000 	125.891998 	163.000000 	163.343002 	182.955994 
24.400000 	125.891998 	163.000000 	163.343002 	182.955994 
24.500000 	125.949997 	163.000000 	163.298996 	183.082993 
24.600000 	125.949997 	163.000000 	163.298996 	183.082993 
24.700000 	125.949997 	163.000000 	163.298996 	183.082993 
24.800000 	125.949997 	163.000000 	163.298996 	183.082993 
24.900000 	125.949997 	163.000000 	163.298996 	183.082993 
25.000000 	125.949997 	163.000000 	163.298996 	183.082993 
25.100000 	125.949997 	163.000000 	163.298996 	183.082993 
25.200000 	125.949997 	163.000000 	163.298996 	183.082993 
25.300000 	125.949997 	163.000000 	163.298996 	183.082993 
25.400000 	125.949997 	163.000000 	163.298996 	183.082993 
25.500000 	126.001999 	163.000000 	163.259003 	183.210999 
25.600000 	126.001999 	163.000000 	163.259003 	183.210999 
25.700000 	126.001999 	163.000000 	163.259003 	183.210999 
25.800000 	126.001999 	163.000000 	163.259003 	183.210999 
25.900000 	126.001999 	163.000000 	163.259003 	183.210999 
26.000000 	126.001999 	163.000000 	163.259003 	183.210999 
26.100000 	126.001999 	163.000000 	163.259003 	183.210999 
26.200000 	126.001999 	163.000000 	163.259003 	183.210999 
26.300000 	126.001999 	163.000000 	163.259003 	183.210999 
26.400000 	126.001999 	163.000000 	163.259003 	183.210999 
26.500000 	126.050003 	163.000000 	163.223007 	183.341995 
26.600000 	126.050003 	163.000000 	163.223007 	183.341995 
26.700000 	126.050003 	163.000000 	163.223007 	183.341995 
26.800000 	126.050003 	163.000000 	163.223007 	183.341995 
26.900000 	126.050003 	163.000000 	163.223007 	183.341995 
27.000000 	126.050003 	163.000000 	163.223007 	183.341995 
27.100000 	126.050003 	163.000000 	163.223007 	183.341995 
27.200000 	126.050003 	163.000000 	163.223007 	183.341995 
27.300000 	126.050003 	163.000000 	163.223007 	183.341995 
27.400000 	126.050003 	163.000000 	163.223007 	183.341995 
27.500000 	126.093002 	163.000000 	163.190002 	183.475006 
27.600000 	126.093002 	163.000000 	163.190002 	183.475006 
27.700000 	126.093002 	163.000000 	163.190002 	183.475006 
27.800000 	126.093002 	163.000000 	163.190002 	183.475006 
27.900000 	126.093002 	163.000000 	163.190002 	183.475006 
28.000000 	126.093002 	163.000000 	163.190002 	183.475006 
28.100000 	126.093002 	163.000000 	163.190002 	183.475006 
28.200000 	126.093002 	163.000000 	163.190002 	183.475006 
28.300000 	126.093002 	163.000000 	163.190002 	183.475006 
28.400000 	126.093002 	163.000000 	163.190002 	183.475006 
28.500000 	126.132004 	163.000000 	163.160004 	183.608994 
28.600000 	126.132004 	163.000000 	163.160004 	183.608994 
28.700000 	126.132004 	163.000000 	163.160004 	183.608994 
28.800000 	126.132004 	163.000000 	163.160004 	183.608994 
28.900000 	126.132004 	163.000000 	163.160004 	183.608994 
29.000000 	126.132004 	163.000000 	163.160004 	183.608994 
29.100000 	126.132004 	163.000000 	163.160004 	183.608994 
29.200000 	126.132004 	163.000000 	163.160004 	183.608994 
29.300000 	126.132004 	163.000000 	163.160004 	183.608994 
29.400000 	126.132004 	163.000000 	163.160004 	183.608994 
29.500000 	126.167999 	163.000000 	163.132996 	183.744995 
29.600000 	126.167999 	163.000000 	163.132996 	183.744995 
29.700000 	126.167999 	163.000000 	163.132996 	183.744995 
29.800000 	126.167999 	163.000000 	163.132996 	183.744995 
29.900000 	126.167999 	163.000000 	163.132996 	183.744995 
30.000000 	126.167999 	163.000000 	163.132996 	183.744995 
30.100000 	126.167999 	163.000000 	163.132996 	183.744995 
30.200000 	126.167999 	163.000000 	163.132996 	183.744995 
30.300000 	126.167999 	163.000000 	163.132996 	183.744995 
30.400000 	126.167999 	163.000000 	163.132996 	183.744995 
30.500000 	126.199997 	163.000000 	163.108994 	183.882996 
30.600000 	126.199997 	163.000000 	163.108994 	183.882996 
30.700000 	126.199997 	163.000000 	163.108994 	183.882996 
30.800000 	126.199997 	163.000000 	163.108994 	183.882996 
30.900000 	126.199997 	163.000000 	163.108994 	183.882996 
31.000000 	126.199997 	163.000000 	163.108994 	183.882996 
31.100000 	126.199997 	163.000000 	163.108994 	183.882996 
31.200000 	126.199997 	163.000000 	163.108994 	183.882996 
31.300000 	126.199997 	163.000000 	163.108994 	183.882996 
31.400000 	126.199997 	163.000000 	163.108994 	183.882996 
31.500000 	126.228996 	163.000000 	163.085999 	184.020996 
31.600000 	126.228996 	163.000000 	163.085999 	184.020996 
31.700000 	126.228996 	163.000000 	163.085999 	184.020996 
31.800000 	126.228996 	163.000000 	163.085999 	184.020996 
31.900000 	126.228996 	163.000000 	163.085999 	184.020996 
32.000000 	126.228996 	163.000000 	163.085999 	184.020996 
32.100000 	126.228996 	163.000000 	163.085999 	184.020996 
32.200000 	126.228996 	163.000000 	163.085999 	184.020996 
32.300000 	126.228996 	163.000000 	163.085999 	184.020996 
32.400000 	126.228996 	163.000000 	163.085999 	184.020996 
32.500000 	126.255997 	163.000000 	163.065002 	184.162003 
32.600000 	126.255997 	163.000000 	163.065002 	184.162003 
32.700000 	126.255997 	163.000000 	163.065002 	184.162003 
32.800000 	126.255997 	163.000000 	163.065002 	184.162003 
32.900000 	126.255997 	163.000000 	163.065002 	184.162003 
33.000000 	126.255997 	163.000000 	163.065002 	184.162003 
33.100000 	126.255997 	163.000000 	163.065002 	184.162003 
33.200000 	126.255997 	163.000000 	163.065002 	184.162003 
33.300000 	126.255997 	163.000000 	163.065002 	184.162003 
33.400000 	126.255997 	163.000000 	163.065002 	184.162003 
33.500000 	126.279999 	163.000000 	163.046005 	184.302994 
33.600000 	126.279999 	163.000000 	163.046005 	184.302994 
33.700000 	126.279999 	163.000000 	163.046005 	184.302994 
33.800000 	126.279999 	163.000000 	163.046005 	184.302994 
33.900000 	126.279999 	163.000000 	163.046005 	184.302994 
34.000000 	126.279999 	163.000000 	163.046005 	184.302994 
34.100000 	126.279999 	163.000000 	163.046005 	184.302994 
34.200000 	126.279999 	163.000000 	163.046005 	184.302994 
34.300000 	126.279999 	163.000000 	163.046005 	184.302994 
34.400000 	126.279999 	163.000000 	163.046005 	184.302994 
34.500000 	126.301003 	163.000000 	163.028000 	184.445999 
34.600000 	126.301003 	163.000000 	163.028000 	184.445999 
34.700000 	126.301003 	163.000000 	163.028000 	184.445999 
34.800000 	126.301003 	163.000000 	163.028000 	184.445999 
34.900000 	126.301003 	163.000000 	163.028000 	184.445999 
35.000000 	126.301003 	163.000000 	163.028000 	184.445999 
35.100000 	126.301003 	163.000000 	163.028000 	184.445999 
35.200000 	126.301003 	163.000000 	163.028000 	184.445999 
35.300000 	126.301003 	163.000000 	163.028000 	184.445999 
35.400000 	126.301003 	163.000000 	163.028000 	184.445999 
35.500000 	126.320000 	163.000000 	163.011002 	184.589005 
35.600000 	126.320000 	163.000000 	163.011002 	184.589005 
35.700000 	126.320000 	163.000000 	163.011002 	184.589005 
35.800000 	126.320000 	163.000000 	163.011002 	184.589005 
35.900000 	126.320000 	163.000000 	163.011002 	184.589005 
36.000000 	126.320000 	163.000000 	163.011002 	184.589005 
36.100000 	126.320000 	163.000000 	163.011002 	184.589005 
36.200000 	126.320000 	163.000000 	163.011002 	184.589005 
36.300000 	126.320000 	163.000000 	163.011002 	184.589005 
36.400000 	126.320000 	163.000000 	163.011002 	184.589005 
36.500000 	126.336998 	163.000000 	162.994995 	184.733002 
36.600000 	126.336998 	163.000000 	162.994995 	184.733002 
36.700000 	126.336998 	163.000000 	162.994995 	184.733002 
36.800000 	126.336998 	163.000000 	162.994995 	184.733002 
36.900000 	126.336998 	163.000000 	162.994995 	184.733002 
37.000000 	126.336998 	163.000000 	162.994995 	184.733002 
37.100000 	126.336998 	163.000000 	162.994995 	184.733002 
37.200000 	126.336998 	163.000000 	162.994995 	184.733002 
37.300000 	126.336998 	163.000000 	162.994995 	184.733002 
37.400000 	126.336998 	163.000000 	162.994995 	184.733002 
37.500000 	126.350998 	163.000000 	162.981003 	184.878006 
37.600000 	126.350998 	163.000000 	162.981003 	184.878006 
37.700000 	126.350998 	163.000000 	162.981003 	184.878006 
37.800000 	126.350998 	163.000000 	162.981003 	184.878006 
37.900000 	126.350998 	163.000000 	162.981003 	184.878006 
38.000000 	126.350998 	163.000000 	162.981003 	184.878006 
38.100000 	126.350998 	163.000000 	162.981003 	184.878006 
38.200000 	126.350998 	163.000000 	162.981003 	184.878006 
38.300000 	126.350998 	163.000000 	162.981003 	184.878006 
38.400000 	126.350998 	163.000000 	162.981003 	184.878006 
38.500000 	126.362999 	163.000000 	162.966995 	185.024002 
38.600000 	126.362999 	163.000000 	162.966995 	185.024002 
38.700000 	126.362999 	163.000000 	162.966995 	185.024002 
38.800000 	126.362999 	163.000000 	162.966995 	185.024002 
38.900000 	126.362999 	163.000000 	162.966995 	185.024002 
39.000000 	126.362999 	163.000000 	162.966995 	185.024002 
39.100000 	126.362999 	163.000000 	162.966995 	185.024002 
39.200000 	126.362999 	163.000000 	162.966995 	185.024002 
39.300000 	126.362999 	163.000000 	162.966995 	185.024002 
39.400000 	126.362999 	163.000000 	162.966995 	185.024002 
39.500000 	126.372002 	163.000000 	162.953995 	185.169998 
39.600000 	126.372002 	163.000000 	162.953995 	185.169998 
39.700000 	126.372002 	163.000000 	162.953995 	185.169998 
39.800000 	126.372002 	163.000000 	162.953995 	185.169998 
39.900000 	126.372002 	163.000000 	162.953995 	185.169998 
40.000000 	126.372002 	163.000000 	162.953995 	185.169998 
40.100000 	126.372002 	163.000000 	162.953995 	185.169998 
40.200000 	126.372002 	163.000000 	162.953995 	185.169998 
40.300000 	126.372002 	163.000000 	162.953995 	185.169998 
40.400000 	126.372002 	163.000000 	162.953995 	185.169998 
40.500000 	126.378998 	163.000000 	162.940994 	185.317001 
40.600000 	126.378998 	163.000000 	162.940994 	185.317001 
40.700000 	126.378998 	163.000000 	162.940994 	185.317001 
40.800000 	126.378998 	163.000000 	162.940994 	185.317001 
40.900000 	126.378998 	163.000000 	162.940994 	185.317001 
41.000000 	126.378998 	163.000000 	162.940994 	185.317001 
41.100000 	126.378998 	163.000000 	162.940994 	185.317001 
41.200000 	126.378998 	163.000000 	162.940994 	185.317001 
41.300000 	126.378998 	163.000000 	162.940994 	185.317001 
41.400000 	126.378998 	163.000000 	162.940994 	185.317001 
41.500000 	126.383003 	163.000000 	162.929993 	185.464005 
41.600000 	126.383003 	163.000000 	162.929993 	185.464005 
41.700000 	126.383003 	163.000000 	162.929993 	185.464005 
41.800000 	126.383003 	163.000000 	162.929993 	185.464005 
41.900000 	126.383003 	163.000000 	162.929993 	185.464005 
42.000000 	126.383003 	163.000000 	162.929993 	185.464005 
42.100000 	126.383003 	163.000000 	162.929993 	185.464005 
42.200000 	126.383003 	163.000000 	162.929993 	185.464005 
42.300000 	126.383003 	163.000000 	162.929993 	185.464005 
42.400000 	126.383003 	163.000000 	162.929993 	185.464005 
42.500000 	126.385002 	163.000000 	162.919006 	185.612000 
42.600000 	126.385002 	163.000000 	162.919006 	185.612000 
42.700000 	126.385002 	163.000000 	162.919006 	185.612000 
42.800000 	126.385002 	163.000000 	162.919006 	185.612000 
42.900000 	126.385002 	163.000000 	162.919006 	185.612000 
43.000000 	126.385002 	163.000000 	162.919006 	185.612000 
43.100000 	126.385002 	163.000000 	162.919006 	185.612000 
43.200000 	126.385002 	163.000000 	162.919006 	185.612000 
43.300000 	126.385002 	163.000000 	162.919006 	185.612000 
43.400000 	126.385002 	163.000000 	162.919006 	185.612000 
43.500000 	126.383003 	163.000000 	162.908005 	185.759003 
43.600000 	126.383003 	163.000000 	162.908005 	185.759003 
43.700000 	126.383003 	163.000000 	162.908005 	185.759003 
43.800000 	126.383003 	163.000000 	162.908005 	185.759003 
43.900000 	126.383003 	163.000000 	162.908005 	185.759003 
44.000000 	126.383003 	163.000000 	162.908005 	185.759003 
44.100000 	126.383003 	163.000000 	162.908005 	185.759003 
44.200000 	126.383003 	163.000000 	162.908005 	185.759003 
44.300000 	126.383003 	163.000000 	162.908005 	185.759003 
44.400000 	126.383003 	163.000000 	162.908005 	185.759003 
44.500000 	126.378998 	163.000000 	162.897995 	185.906998 
44.600000 	126.378998 	163.000000 	162.897995 	185.906998 
44.700000 	126.378998 	163.000000 	162.897995 	185.906998 
44.800000 	126.378998 	163.000000 	162.897995 	185.906998 
44.900000 	126.378998 	163.000000 	162.897995 	185.906998 
45.000000 	126.378998 	163.000000 	162.897995 	185.906998 
45.100000 	126.378998 	163.000000 	162.897995 	185.906998 
45.200000 	126.378998 	163.000000 	162.897995 	185.906998 
45.300000 	126.378998 	163.000000 	162.897995 	185.906998 
45.400000 	126.378998 	163.000000 	162.897995 	185.906998 
45.500000 	126.371002 	163.000000 	162.888000 	186.054993 
45.600000 	126.371002 	163.000000 	162.888000 	186.054993 
45.700000 	126.371002 	163.000000 	162.888000 	186.054993 
45.800000 	126.371002 	163.000000 	162.888000 	186.054993 
45.900000 	126.371002 	163.000000 	162.888000 	186.054993 
46.000000 	126.371002 	163.000000 	162.888000 	186.054993 
46.100000 	126.371002 	163.000000 	162.888000 	186.054993 
46.200000 	126.371002 	163.000000 	162.888000 	186.054993 
46.300000 	126.371002 	163.000000 	162.888000 	186.054993 
46.400000 	126.371002 	163.000000 	162.888000 	186.054993 
46.500000 	126.360001 	163.000000 	162.878998 	186.203003 
46.600000 	126.360001 	163.000000 	162.878998 	186.203003 
46.700000 	126.360001 	163.000000 	162.878998 	186.203003 
46.800000 	126.360001 	163.000000 	162.878998 	186.203003 
46.900000 	126.360001 	163.000000 	162.878998 	186.203003 
47.000000 	126.360001 	163.000000 	162.878998 	186.203003 
47.100000 	126.360001 	163.000000 	162.878998 	186.203003 
47.200000 	126.360001 	163.000000 	162.878998 	186.203003 
47.300000 	126.360001 	163.000000 	162.878998 	186.203003 
47.400000 	126.360001 	163.000000 	162.878998 	186.203003 
47.500000 	126.345001 	163.000000 	162.869995 	186.350998 
47.600000 	126.345001 	163.000000 	162.869995 	186.350998 
47.700000 	126.345001 	163.000000 	162.869995 	186.350998 
47.800000 	126.345001 	163.000000 	162.869995 	186.350998 
47.900000 	126.345001 	163.000000 	162.869995 	186.350998 
48.000000 	126.345001 	163.000000 	162.869995 	186.350998 
48.100000 	126.345001 	163.000000 	162.869995 	186.350998 
48.200000 	126.345001 	163.000000 	162.869995 	186.350998 
48.300000 	126.345001 	163.000000 	162.869995 	186.350998 
48.400000 	126.345001 	163.000000 	162.869995 	186.350998 
48.500000 	126.324997 	163.000000 	162.860992 	186.498001 
48.600000 	126.324997 	163.000000 	162.860992 	186.498001 
48.700000 	126.324997 	163.000000 	162.860992 	186.498001 
48.800000 	126.324997 	163.000000 	162.860992 	186.498001 
48.900000 	126.324997 	163.000000 	162.860992 	186.498001 
49.000000 	126.324997 	163.000000 	162.860992 	186.498001 
49.100000 	126.324997 	163.000000 	162.860992 	186.498001 
49.200000 	126.324997 	163.000000 	162.860992 	186.498001 
49.300000 	126.324997 	163.000000 	162.860992 	186.498001 
49.400000 	126.324997 	163.000000 	162.860992 	186.498001 
49.500000 	126.301003 	163.000000 	162.852005 	186.645996 
49.600000 	126.301003 	163.000000 	162.852005 	186.645996 
49.700000 	126.301003 	163.000000 	162.852005 	186.645996 
49.800000 	126.301003 	163.000000 	162.852005 	186.645996 
49.900000 	126.301003 	163.000000 	162.852005 	186.645996 
50.000000 	126.301003 	163.000000 	162.852005 	186.645996 
50.100000 	126.301003 	163.000000 	162.852005 	186.645996 
50.200000 	126.301003 	163.000000 	162.852005 	186.645996 
50.300000 	126.301003 	163.000000 	162.852005 	186.645996 
50.400000 	126.301003 	163.000000 	162.852005 	186.645996 
50.500000 	126.271004 	163.000000 	162.843994 	186.792999 
50.600000 	126.271004 	163.000000 	162.843994 	186.792999 
50.700000 	126.271004 	163.000000 	162.843994 	186.792999 
50.800000 	126.271004 	163.000000 	162.843994 	186.792999 
50.900000 	126.271004 	163.000000 	162.843994 	186.792999 
51.000000 	126.271004 	163.000000 	162.843994 	186.792999 
51.100000 	126.271004 	163.000000 	162.843994 	186.792999 
51.200000 	126.271004 	163.000000 	162.843994 	186.792999 
51.300000 	126.271004 	163.000000 	162.843994 	186.792999 
51.400000 	126.271004 	163.000000 	162.843994 	186.792999 
51.500000 	126.235001 	163.000000 	162.835999 	186.938995 
51.600000 	126.235001 	163.000000 	162.835999 	186.938995 
51.700000 	126.235001 	163.000000 	162.835999 	186.938995 
51.800000 	126.235001 	163.000000 	162.835999 	186.938995 
51.900000 	126.235001 	163.000000 	162.835999 	186.938995 
52.000000 	126.235001 	163.000000 	162.835999 	186.938995 
52.100000 	126.235001 	163.000000 	162.835999 	186.938995 
52.200000 	126.235001 	163.000000 	162.835999 	186.938995 
52.300000 	126.235001 	163.000000 	162.835999 	186.938995 
52.400000 	126.235001 	163.000000 	162.835999 	186.938995 
52.500000 	126.191002 	163.000000 	162.828995 	187.085999 
52.600000 	126.191002 	163.000000 	162.828995 	187.085999 
52.700000 	126.191002 	163.000000 	162.828995 	187.085999 
52.800000 	126.191002 	163.000000 	162.828995 	187.085999 
52.900000 	126.191002 	163.000000 	162.828995 	187.085999 
53.000000 	126.191002 	163.000000 	162.828995 	187.085999 
53.100000 	126.191002 	163.000000 	162.828995 	187.085999 
53.200000 	126.191002 	163.000000 	162.828995 	187.085999 
53.300000 	126.191002 	163.000000 	162.828995 	187.085999 
53.400000 	126.191002 	163.000000 	162.828995 	187.085999 
53.500000 	126.140999 	163.000000 	162.820999 	187.231003 
53.600000 	126.140999 	163.000000 	162.820999 	187.231003 
53.700000 	126.140999 	163.000000 	162.820999 	187.231003 
53.800000 	126.140999 	163.000000 	162.820999 	187.231003 
53.900000 	126.140999 	163.000000 	162.820999 	187.231003 
54.000000 	126.140999 	163.000000 	162.820999 	187.231003 
54.100000 	126.140999 	163.000000 	162.820999 	187.231003 
54.200000 	126.140999 	163.000000 	162.820999 	187.231003 
54.300000 	126.140999 	163.000000 	162.820999 	187.231003 
54.400000 	126.140999 	163.000000 	162.820999 	187.231003 
54.500000 	126.083000 	163.000000 	162.813004 	187.376007 
54.600000 	126.083000 	163.000000 	162.813004 	187.376007 
54.700000 	126.083000 	163.000000 	162.813004 	187.376007 
54.800000 	126.083000 	163.000000 	162.813004 	187.376007 
54.900000 	126.083000 	163.000000 	162.813004 	187.376007 
55.000000 	126.083000 	163.000000 	162.813004 	187.376007 
55.100000 	126.083000 	163.000000 	162.813004 	187.376007 
55.200000 	126.083000 	163.000000 	162.813004 	187.376007 
55.300000 	126.083000 	163.000000 	162.813004 	187.376007 
55.400000 	126.083000 	163.000000 	162.813004 	187.376007 
55.500000 	126.014000 	163.000000 	162.804993 	187.520996 
55.600000 	126.014000 	163.000000 	162.804993 	187.520996 
55.700000 	126.014000 	163.000000 	162.804993 	187.520996 
55.800000 	126.014000 	163.000000 	162.804993 	187.520996 
55.900000 	126.014000 	163.000000 	162.804993 	187.520996 
56.000000 	126.014000 	163.000000 	162.804993 	187.520996 
56.100000 	126.014000 	163.000000 	162.804993 	187.520996 
56.200000 	126.014000 	163.000000 	162.804993 	187.520996 
56.300000 	126.014000 	163.000000 	162.804993 	187.520996 
56.400000 	126.014000 	163.000000 	162.804993 	187.520996 
56.500000 	125.932999 	163.000000 	162.798004 	187.664993 
56.600000 	125.932999 	163.000000 	162.798004 	187.664993 
56.700000 	125.932999 	163.000000 	162.798004 	187.664993 
56.800000 	125.932999 	163.000000 	162.798004 	187.664993 
56.900000 	125.932999 	163.000000 	162.798004 	187.664993 
57.000000 	125.932999 	163.000000 	162.798004 	187.664993 
57.100000 	125.932999 	163.000000 	162.798004 	187.664993 
57.200000 	125.932999 	163.000000 	162.798004 	187.664993 
57.300000 	125.932999 	163.000000 	162.798004 	187.664993 
57.400000 	125.932999 	163.000000 	162.798004 	187.664993 
57.500000 	125.835999 	163.000000 	162.789993 	187.807007 
57.600000 	125.835999 	163.000000 	162.789993 	187.807007 
57.700000 	125.835999 	163.000000 	162.789993 	187.807007 
57.800000 	125.835999 	163.000000 	162.789993 	187.807007 
57.900000 	125.835999 	163.000000 	162.789993 	187.807007 
58.000000 	125.835999 	163.000000 	162.789993 	187.807007 
58.100000 	125.835999 	163.000000 	162.789993 	187.807007 
58.200000 	125.835999 	163.000000 	162.789993 	187.807007 
58.300000 	125.835999 	163.000000 	162.789993 	187.807007 
58.400000 	125.835999 	163.000000 	162.789993 	187.807007 
58.500000 	125.721001 	163.000000 	162.781998 	187.949005 
58.600000 	125.721001 	163.000000 	162.781998 	187.949005 
58.700000 	125.721001 	163.000000 	162.781998 	187.949005 
58.800000 	125.721001 	163.000000 	162.781998 	187.949005 
58.900000 	125.721001 	163.000000 	162.781998 	187.949005 
59.000000 	125.721001 	163.000000 	162.781998 	187.949005 
59.100000 	125.721001 	163.000000 	162.781998 	187.949005 
59.200000 	125.721001 	163.000000 	162.781998 	187.949005 
59.300000 	125.721001 	163.000000 	162.781998 	187.949005 
59.400000 	125.721001 	163.000000 	162.781998 	187.949005 
59.500000 	125.581001 	163.000000 	162.774994 	188.089996 
59.600000 	125.581001 	163.000000 	162.774994 	188.089996 
59.700000 	125.581001 	163.000000 	162.774994 	188.089996 
59.800000 	125.581001 	163.000000 	162.774994 	188.089996 
59.900000 	125.581001 	163.000000 	162.774994 	188.089996 
60.000000 	125.581001 	163.000000 	162.774994 	188.089996 
