0.500000 	94.679604 	933.000000 	938.038025 	934.544983 
0.600000 	94.679604 	933.000000 	938.038025 	934.544983 
0.700000 	94.679604 	933.000000 	938.038025 	934.544983 
0.800000 	94.679604 	933.000000 	938.038025 	934.544983 
0.900000 	94.679604 	933.000000 	938.038025 	934.544983 
1.000000 	94.679604 	933.000000 	938.038025 	934.544983 
1.100000 	94.679604 	933.000000 	938.038025 	934.544983 
1.200000 	94.679604 	933.000000 	938.038025 	934.544983 
1.300000 	94.679604 	933.000000 	938.038025 	934.544983 
1.400000 	94.679604 	933.000000 	938.038025 	934.544983 
1.500000 	105.160004 	933.000000 	935.965027 	936.187988 
1.600000 	105.160004 	933.000000 	935.965027 	936.187988 
1.700000 	105.160004 	933.000000 	935.965027 	936.187988 
1.800000 	105.160004 	933.000000 	935.965027 	936.187988 
1.900000 	105.160004 	933.000000 	935.965027 	936.187988 
2.000000 	105.160004 	933.000000 	935.965027 	936.187988 
2.100000 	105.160004 	933.000000 	935.965027 	936.187988 
2.200000 	105.160004 	933.000000 	935.965027 	936.187988 
2.300000 	105.160004 	933.000000 	935.965027 	936.187988 
2.400000 	105.160004 	933.000000 	935.965027 	936.187988 
2.500000 	114.800003 	933.000000 	934.547974 	936.338013 
2.600000 	114.800003 	933.000000 	934.547974 	936.338013 
2.700000 	114.800003 	933.000000 	934.547974 	936.338013 
2.800000 	114.800003 	933.000000 	934.547974 	936.338013 
2.900000 	114.800003 	933.000000 	934.547974 	936.338013 
3.000000 	114.800003 	933.000000 	934.547974 	936.338013 
3.100000 	114.800003 	933.000000 	934.547974 	936.338013 
3.200000 	114.800003 	933.000000 	934.547974 	936.338013 
3.300000 	114.800003 	933.000000 	934.547974 	936.338013 
3.400000 	114.800003 	933.000000 	934.547974 	936.338013 
3.500000 	119.403999 	933.000000 	933.869995 	936.388977 
3.600000 	119.403999 	933.000000 	933.869995 	936.388977 
3.700000 	119.403999 	933.000000 	933.869995 	936.388977 
3.800000 	119.403999 	933.000000 	933.869995 	936.388977 
3.900000 	119.403999 	933.000000 	933.869995 	936.388977 
4.000000 	119.403999 	933.000000 	933.869995 	936.388977 
4.100000 	119.403999 	933.000000 	933.869995 	936.388977 
4.200000 	119.403999 	933.000000 	933.869995 	936.388977 
4.300000 	119.403999 	933.000000 	933.869995 	936.388977 
4.400000 	119.403999 	933.000000 	933.869995 	936.388977 
4.500000 	121.801003 	933.000000 	933.515991 	936.416016 
4.600000 	121.801003 	933.000000 	933.515991 	936.416016 
4.700000 	121.801003 	933.000000 	933.515991 	936.416016 
4.800000 	121.801003 	933.000000 	933.515991 	936.416016 
4.900000 	121.801003 	933.000000 	933.515991 	936.416016 
5.000000 	121.801003 	933.000000 	933.515991 	936.416016 
5.100000 	121.801003 	933.000000 	933.515991 	936.416016 
5.200000 	121.801003 	933.000000 	933.515991 	936.416016 
5.300000 	121.801003 	933.000000 	933.515991 	936.416016 
5.400000 	121.801003 	933.000000 	933.515991 	936.416016 
5.500000 	123.182999 	933.000000 	933.312012 	936.465027 
5.600000 	123.182999 	933.000000 	933.312012 	936.465027 
5.700000 	123.182999 	933.000000 	933.312012 	936.465027 
5.800000 	123.182999 	933.000000 	933.312012 	936.465027 
5.900000 	123.182999 	933.000000 	933.312012 	936.465027 
6.000000 	123.182999 	933.000000 	933.312012 	936.465027 
6.100000 	123.182999 	933.000000 	933.312012 	936.465027 
6.200000 	123.182999 	933.000000 	933.312012 	936.465027 
6.300000 	123.182999 	933.000000 	933.312012 	936.465027 
6.400000 	123.182999 	933.000000 	933.312012 	936.465027 
6.500000 	124.045998 	933.000000 	933.184998 	936.476990 
6.600000 	124.045998 	933.000000 	933.184998 	936.476990 
6.700000 	124.045998 	933.000000 	933.184998 	936.476990 
6.800000 	124.045998 	933.000000 	933.184998 	936.476990 
6.900000 	124.045998 	933.000000 	933.184998 	936.476990 
7.000000 	124.045998 	933.000000 	933.184998 	936.476990 
7.100000 	124.045998 	933.000000 	933.184998 	936.476990 
7.200000 	124.045998 	933.000000 	933.184998 	936.476990 
7.300000 	124.045998 	933.000000 	933.184998 	936.476990 
7.400000 	124.045998 	933.000000 	933.184998 	936.476990 
7.500000 	124.619003 	933.000000 	933.101013 	936.487000 
7.600000 	124.619003 	933.000000 	933.101013 	936.487000 
7.700000 	124.619003 	933.000000 	933.101013 	936.487000 
7.800000 	124.619003 	933.000000 	933.101013 	936.487000 
7.900000 	124.619003 	933.000000 	933.101013 	936.487000 
8.000000 	124.619003 	933.000000 	933.101013 	936.487000 
8.100000 	124.619003 	933.000000 	933.101013 	936.487000 
8.200000 	124.619003 	933.000000 	933.101013 	936.487000 
8.300000 	124.619003 	933.000000 	933.101013 	936.487000 
8.400000 	124.619003 	933.000000 	933.101013 	936.487000 
8.500000 	125.018997 	933.000000 	933.041992 	936.495972 
8.600000 	125.018997 	933.000000 	933.041992 	936.495972 
8.700000 	125.018997 	933.000000 	933.041992 	936.495972 
8.800000 	125.018997 	933.000000 	933.041992 	936.495972 
8.900000 	125.018997 	933.000000 	933.041992 	936.495972 
9.000000 	125.018997 	933.000000 	933.041992 	936.495972 
9.100000 	125.018997 	933.000000 	933.041992 	936.495972 
9.200000 	125.018997 	933.000000 	933.041992 	936.495972 
9.300000 	125.018997 	933.000000 	933.041992 	936.495972 
9.400000 	125.018997 	933.000000 	933.041992 	936.495972 
9.500000 	125.309998 	933.000000 	933.000000 	936.505005 
9.600000 	125.309998 	933.000000 	933.000000 	936.505005 
9.700000 	125.309998 	933.000000 	933.000000 	936.505005 
9.800000 	125.309998 	933.000000 	933.000000 	936.505005 
9.900000 	125.309998 	933.000000 	933.000000 	936.505005 
10.000000 	125.309998 	933.000000 	933.000000 	936.505005 
10.100000 	125.309998 	933.000000 	933.000000 	936.505005 
10.200000 	125.309998 	933.000000 	933.000000 	936.505005 
10.300000 	125.309998 	933.000000 	933.000000 	936.505005 
10.400000 	125.309998 	933.000000 	933.000000 	936.505005 
10.500000 	125.528000 	933.000000 	932.968018 	936.513000 
10.600000 	125.528000 	933.000000 	932.968018 	936.513000 
10.700000 	125.528000 	933.000000 	932.968018 	936.513000 
10.800000 	125.528000 	933.000000 	932.968018 	936.513000 
10.900000 	125.528000 	933.000000 	932.968018 	936.513000 
11.000000 	125.528000 	933.000000 	932.968018 	936.513000 
11.100000 	125.528000 	933.000000 	932.968018 	936.513000 
11.200000 	125.528000 	933.000000 	932.968018 	936.513000 
11.300000 	125.528000 	933.000000 	932.968018 	936.513000 
11.400000 	125.528000 	933.000000 	932.968018 	936.513000 
11.500000 	125.695000 	933.000000 	932.942993 	936.520996 
11.600000 	125.695000 	933.000000 	932.942993 	936.520996 
11.700000 	125.695000 	933.000000 	932.942993 	936.520996 
11.800000 	125.695000 	933.000000 	932.942993 	936.520996 
11.900000 	125.695000 	933.000000 	932.942993 	936.520996 
12.000000 	125.695000 	933.000000 	932.942993 	936.520996 
12.100000 	125.695000 	933.000000 	932.942993 	936.520996 
12.200000 	125.695000 	933.000000 	932.942993 	936.520996 
12.300000 	125.695000 	933.000000 	932.942993 	936.520996 
12.400000 	125.695000 	933.000000 	932.942993 	936.520996 
12.500000 	125.827003 	933.000000 	932.922974 	936.528992 
12.600000 	125.827003 	933.000000 	932.922974 	936.528992 
12.700000 	125.827003 	933.000000 	932.922974 	936.528992 
12.800000 	125.827003 	933.000000 	932.922974 	936.528992 
12.900000 	125.827003 	933.000000 	932.922974 	936.528992 
13.000000 	125.827003 	933.000000 	932.922974 	936.528992 
13.100000 	125.827003 	933.000000 	932.922974 	936.528992 
13.200000 	125.827003 	933.000000 	932.922974 	936.528992 
13.300000 	125.827003 	933.000000 	932.922974 	936.528992 
13.400000 	125.827003 	933.000000 	932.922974 	936.528992 
13.500000 	125.932999 	933.000000 	932.906006 	936.536987 
13.600000 	125.932999 	933.000000 	932.906006 	936.536987 
13.700000 	125.932999 	933.000000 	932.906006 	936.536987 
13.800000 	125.932999 	933.000000 	932.906006 	936.536987 
13.900000 	125.932999 	933.000000 	932.906006 	936.536987 
14.000000 	125.932999 	933.000000 	932.906006 	936.536987 
14.100000 	125.932999 	933.000000 	932.906006 	936.536987 
14.200000 	125.932999 	933.000000 	932.906006 	936.536987 
14.300000 	125.932999 	933.000000 	932.906006 	936.536987 
14.400000 	125.932999 	933.000000 	932.906006 	936.536987 
14.500000 	126.019997 	933.000000 	932.892029 	936.544983 
14.600000 	126.019997 	933.000000 	932.892029 	936.544983 
14.700000 	126.019997 	933.000000 	932.892029 	936.544983 
14.800000 	126.019997 	933.000000 	932.892029 	936.544983 
14.900000 	126.019997 	933.000000 	932.892029 	936.544983 
15.000000 	126.019997 	933.000000 	932.892029 	936.544983 
15.100000 	126.019997 	933.000000 	932.892029 	936.544983 
15.200000 	126.019997 	933.000000 	932.892029 	936.544983 
15.300000 	126.019997 	933.000000 	932.892029 	936.544983 
15.400000 	126.019997 	933.000000 	932.892029 	936.544983 
15.500000 	126.092003 	933.000000 	932.880005 	936.552979 
15.600000 	126.092003 	933.000000 	932.880005 	936.552979 
15.700000 	126.092003 	933.000000 	932.880005 	936.552979 
15.800000 	126.092003 	933.000000 	932.880005 	936.552979 
15.900000 	126.092003 	933.000000 	932.880005 	936.552979 
16.000000 	126.092003 	933.000000 	932.880005 	936.552979 
16.100000 	126.092003 	933.000000 	932.880005 	936.552979 
16.200000 	126.092003 	933.000000 	932.880005 	936.552979 
16.300000 	126.092003 	933.000000 	932.880005 	936.552979 
16.400000 	126.092003 	933.000000 	932.880005 	936.552979 
16.500000 	126.153000 	933.000000 	932.869995 	936.560974 
16.600000 	126.153000 	933.000000 	932.869995 	936.560974 
16.700000 	126.153000 	933.000000 	932.869995 	936.560974 
16.800000 	126.153000 	933.000000 	932.869995 	936.560974 
16.900000 	126.153000 	933.000000 	932.869995 	936.560974 
17.000000 	126.153000 	933.000000 	932.869995 	936.560974 
17.100000 	126.153000 	933.000000 	932.869995 	936.560974 
17.200000 	126.153000 	933.000000 	932.869995 	936.560974 
17.300000 	126.153000 	933.000000 	932.869995 	936.560974 
17.400000 	126.153000 	933.000000 	932.869995 	936.560974 
17.500000 	126.204002 	933.000000 	932.859985 	936.567993 
17.600000 	126.204002 	933.000000 	932.859985 	936.567993 
17.700000 	126.204002 	933.000000 	932.859985 	936.567993 
17.800000 	126.204002 	933.000000 	932.859985 	936.567993 
17.900000 	126.204002 	933.000000 	932.859985 	936.567993 
18.000000 	126.204002 	933.000000 	932.859985 	936.567993 
18.100000 	126.204002 	933.000000 	932.859985 	936.567993 
18.200000 	126.204002 	933.000000 	932.859985 	936.567993 
18.300000 	126.204002 	933.000000 	932.859985 	936.567993 
18.400000 	126.204002 	933.000000 	932.859985 	936.567993 
18.500000 	126.248001 	933.000000 	932.851013 	936.575989 
18.600000 	126.248001 	933.000000 	932.851013 	936.575989 
18.700000 	126.248001 	933.000000 	932.851013 	936.575989 
18.800000 	126.248001 	933.000000 	932.851013 	936.575989 
18.900000 	126.248001 	933.000000 	932.851013 	936.575989 
19.000000 	126.248001 	933.000000 	932.851013 	936.575989 
19.100000 	126.248001 	933.000000 	932.851013 	936.575989 
19.200000 	126.248001 	933.000000 	932.851013 	936.575989 
19.300000 	126.248001 	933.000000 	932.851013 	936.575989 
19.400000 	126.248001 	933.000000 	932.851013 	936.575989 
19.500000 	126.287003 	933.000000 	932.843018 	936.583984 
19.600000 	126.287003 	933.000000 	932.843018 	936.583984 
19.700000 	126.287003 	933.000000 	932.843018 	936.583984 
19.800000 	126.287003 	933.000000 	932.843018 	936.583984 
19.900000 	126.287003 	933.000000 	932.843018 	936.583984 
20.000000 	126.287003 	933.000000 	932.843018 	936.583984 
20.100000 	126.287003 	933.000000 	932.843018 	936.583984 
20.200000 	126.287003 	933.000000 	932.843018 	936.583984 
20.300000 	126.287003 	933.000000 	932.843018 	936.583984 
20.400000 	126.287003 	933.000000 	932.843018 	936.583984 
20.500000 	126.320000 	933.000000 	932.835999 	936.591003 
20.600000 	126.320000 	933.000000 	932.835999 	936.591003 
20.700000 	126.320000 	933.000000 	932.835999 	936.591003 
20.800000 	126.320000 	933.000000 	932.835999 	936.591003 
20.900000 	126.320000 	933.000000 	932.835999 	936.591003 
21.000000 	126.320000 	933.000000 	932.835999 	936.591003 
21.100000 	126.320000 	933.000000 	932.835999 	936.591003 
21.200000 	126.320000 	933.000000 	932.835999 	936.591003 
21.300000 	126.320000 	933.000000 	932.835999 	936.591003 
21.400000 	126.320000 	933.000000 	932.835999 	936.591003 
21.500000 	126.348999 	933.000000 	932.828003 	936.598999 
21.600000 	126.348999 	933.000000 	932.828003 	936.598999 
21.700000 	126.348999 	933.000000 	932.828003 	936.598999 
21.800000 	126.348999 	933.000000 	932.828003 	936.598999 
21.900000 	126.348999 	933.000000 	932.828003 	936.598999 
22.000000 	126.348999 	933.000000 	932.828003 	936.598999 
22.100000 	126.348999 	933.000000 	932.828003 	936.598999 
22.200000 	126.348999 	933.000000 	932.828003 	936.598999 
22.300000 	126.348999 	933.000000 	932.828003 	936.598999 
22.400000 	126.348999 	933.000000 	932.828003 	936.598999 
22.500000 	126.375000 	933.000000 	932.820984 	936.606018 
22.600000 	126.375000 	933.000000 	932.820984 	936.606018 
22.700000 	126.375000 	933.000000 	932.820984 	936.606018 
22.800000 	126.375000 	933.000000 	932.820984 	936.606018 
22.900000 	126.375000 	933.000000 	932.820984 	936.606018 
23.000000 	126.375000 	933.000000 	932.820984 	936.606018 
23.100000 	126.375000 	933.000000 	932.820984 	936.606018 
23.200000 	126.375000 	933.000000 	932.820984 	936.606018 
23.300000 	126.375000 	933.000000 	932.820984 	936.606018 
23.400000 	126.375000 	933.000000 	932.820984 	936.606018 
23.500000 	126.398003 	933.000000 	932.814026 	936.612976 
23.600000 	126.398003 	933.000000 	932.814026 	936.612976 
23.700000 	126.398003 	933.000000 	932.814026 	936.612976 
23.800000 	126.398003 	933.000000 	932.814026 	936.612976 
23.900000 	126.398003 	933.000000 	932.814026 	936.612976 
24.000000 	126.398003 	933.000000 	932.814026 	936.612976 
24.100000 	126.398003 	933.000000 	932.814026 	936.612976 
24.200000 	126.398003 	933.000000 	932.814026 	936.612976 
24.300000 	126.398003 	933.000000 	932.814026 	936.612976 
24.400000 	126.398003 	933.000000 	932.814026 	936.612976 
24.500000 	126.418999 	933.000000 	932.807007 	936.619995 
24.600000 	126.418999 	933.000000 	932.807007 	936.619995 
24.700000 	126.418999 	933.000000 	932.807007 	936.619995 
24.800000 	126.418999 	933.000000 	932.807007 	936.619995 
24.900000 	126.418999 	933.000000 	932.807007 	936.619995 
25.000000 	126.418999 	933.000000 	932.807007 	936.619995 
25.100000 	126.418999 	933.000000 	932.807007 	936.619995 
25.200000 	126.418999 	933.000000 	932.807007 	936.619995 
25.300000 	126.418999 	933.000000 	932.807007 	936.619995 
25.400000 	126.418999 	933.000000 	932.807007 	936.619995 
25.500000 	126.436996 	933.000000 	932.799011 	936.627014 
25.600000 	126.436996 	933.000000 	932.799011 	936.627014 
25.700000 	126.436996 	933.000000 	932.799011 	936.627014 
25.800000 	126.436996 	933.000000 	932.799011 	936.627014 
25.900000 	126.436996 	933.000000 	932.799011 	936.627014 
26.000000 	126.436996 	933.000000 	932.799011 	936.627014 
26.100000 	126.436996 	933.000000 	932.799011 	936.627014 
26.200000 	126.436996 	933.000000 	932.799011 	936.627014 
26.300000 	126.436996 	933.000000 	932.799011 	936.627014 
26.400000 	126.436996 	933.000000 	932.799011 	936.627014 
26.500000 	126.453003 	933.000000 	932.791992 	936.632996 
26.600000 	126.453003 	933.000000 	932.791992 	936.632996 
26.700000 	126.453003 	933.000000 	932.791992 	936.632996 
26.800000 	126.453003 	933.000000 	932.791992 	936.632996 
26.900000 	126.453003 	933.000000 	932.791992 	936.632996 
27.000000 	126.453003 	933.000000 	932.791992 	936.632996 
27.100000 	126.453003 	933.000000 	932.791992 	936.632996 
27.200000 	126.453003 	933.000000 	932.791992 	936.632996 
27.300000 	126.453003 	933.000000 	932.791992 	936.632996 
27.400000 	126.453003 	933.000000 	932.791992 	936.632996 
27.500000 	126.468002 	933.000000 	932.784973 	936.638977 
27.600000 	126.468002 	933.000000 	932.784973 	936.638977 
27.700000 	126.468002 	933.000000 	932.784973 	936.638977 
27.800000 	126.468002 	933.000000 	932.784973 	936.638977 
27.900000 	126.468002 	933.000000 	932.784973 	936.638977 
28.000000 	126.468002 	933.000000 	932.784973 	936.638977 
28.100000 	126.468002 	933.000000 	932.784973 	936.638977 
28.200000 	126.468002 	933.000000 	932.784973 	936.638977 
28.300000 	126.468002 	933.000000 	932.784973 	936.638977 
28.400000 	126.468002 	933.000000 	932.784973 	936.638977 
28.500000 	126.480003 	933.000000 	932.778015 	936.645020 
28.600000 	126.480003 	933.000000 	932.778015 	936.645020 
28.700000 	126.480003 	933.000000 	932.778015 	936.645020 
28.800000 	126.480003 	933.000000 	932.778015 	936.645020 
28.900000 	126.480003 	933.000000 	932.778015 	936.645020 
29.000000 	126.480003 	933.000000 	932.778015 	936.645020 
29.100000 	126.480003 	933.000000 	932.778015 	936.645020 
29.200000 	126.480003 	933.000000 	932.778015 	936.645020 
29.300000 	126.480003 	933.000000 	932.778015 	936.645020 
29.400000 	126.480003 	933.000000 	932.778015 	936.645020 
29.500000 	126.491997 	933.000000 	932.770020 	936.651001 
29.600000 	126.491997 	933.000000 	932.770020 	936.651001 
29.700000 	126.491997 	933.000000 	932.770020 	936.651001 
29.800000 	126.491997 	933.000000 	932.770020 	936.651001 
29.900000 	126.491997 	933.000000 	932.770020 	936.651001 
30.000000 	126.491997 	933.000000 	932.770020 	936.651001 
30.100000 	126.491997 	933.000000 	932.770020 	936.651001 
30.200000 	126.491997 	933.000000 	932.770020 	936.651001 
30.300000 	126.491997 	933.000000 	932.770020 	936.651001 
30.400000 	126.491997 	933.000000 	932.770020 	936.651001 
30.500000 	126.500999 	933.000000 	932.763000 	936.656982 
30.600000 	126.500999 	933.000000 	932.763000 	936.656982 
30.700000 	126.500999 	933.000000 	932.763000 	936.656982 
30.800000 	126.500999 	933.000000 	932.763000 	936.656982 
30.900000 	126.500999 	933.000000 	932.763000 	936.656982 
31.000000 	126.500999 	933.000000 	932.763000 	936.656982 
31.100000 	126.500999 	933.000000 	932.763000 	936.656982 
31.200000 	126.500999 	933.000000 	932.763000 	936.656982 
31.300000 	126.500999 	933.000000 	932.763000 	936.656982 
31.400000 	126.500999 	933.000000 	932.763000 	936.656982 
31.500000 	126.509003 	933.000000 	932.755005 	936.661987 
31.600000 	126.509003 	933.000000 	932.755005 	936.661987 
31.700000 	126.509003 	933.000000 	932.755005 	936.661987 
31.800000 	126.509003 	933.000000 	932.755005 	936.661987 
31.900000 	126.509003 	933.000000 	932.755005 	936.661987 
32.000000 	126.509003 	933.000000 	932.755005 	936.661987 
32.100000 	126.509003 	933.000000 	932.755005 	936.661987 
32.200000 	126.509003 	933.000000 	932.755005 	936.661987 
32.300000 	126.509003 	933.000000 	932.755005 	936.661987 
32.400000 	126.509003 	933.000000 	932.755005 	936.661987 
32.500000 	126.515999 	933.000000 	932.747009 	936.666016 
32.600000 	126.515999 	933.000000 	932.747009 	936.666016 
32.700000 	126.515999 	933.000000 	932.747009 	936.666016 
32.800000 	126.515999 	933.000000 	932.747009 	936.666016 
32.900000 	126.515999 	933.000000 	932.747009 	936.666016 
33.000000 	126.515999 	933.000000 	932.747009 	936.666016 
33.100000 	126.515999 	933.000000 	932.747009 	936.666016 
33.200000 	126.515999 	933.000000 	932.747009 	936.666016 
33.300000 	126.515999 	933.000000 	932.747009 	936.666016 
33.400000 	126.515999 	933.000000 	932.747009 	936.666016 
33.500000 	126.521004 	933.000000 	932.737976 	936.671021 
33.600000 	126.521004 	933.000000 	932.737976 	936.671021 
33.700000 	126.521004 	933.000000 	932.737976 	936.671021 
33.800000 	126.521004 	933.000000 	932.737976 	936.671021 
33.900000 	126.521004 	933.000000 	932.737976 	936.671021 
34.000000 	126.521004 	933.000000 	932.737976 	936.671021 
34.100000 	126.521004 	933.000000 	932.737976 	936.671021 
34.200000 	126.521004 	933.000000 	932.737976 	936.671021 
34.300000 	126.521004 	933.000000 	932.737976 	936.671021 
34.400000 	126.521004 	933.000000 	932.737976 	936.671021 
34.500000 	126.525002 	933.000000 	932.729980 	936.674988 
34.600000 	126.525002 	933.000000 	932.729980 	936.674988 
34.700000 	126.525002 	933.000000 	932.729980 	936.674988 
34.800000 	126.525002 	933.000000 	932.729980 	936.674988 
34.900000 	126.525002 	933.000000 	932.729980 	936.674988 
35.000000 	126.525002 	933.000000 	932.729980 	936.674988 
35.100000 	126.525002 	933.000000 	932.729980 	936.674988 
35.200000 	126.525002 	933.000000 	932.729980 	936.674988 
35.300000 	126.525002 	933.000000 	932.729980 	936.674988 
35.400000 	126.525002 	933.000000 	932.729980 	936.674988 
35.500000 	126.528000 	933.000000 	932.721008 	936.677979 
35.600000 	126.528000 	933.000000 	932.721008 	936.677979 
35.700000 	126.528000 	933.000000 	932.721008 	936.677979 
35.800000 	126.528000 	933.000000 	932.721008 	936.677979 
35.900000 	126.528000 	933.000000 	932.721008 	936.677979 
36.000000 	126.528000 	933.000000 	932.721008 	936.677979 
36.100000 	126.528000 	933.000000 	932.721008 	936.677979 
36.200000 	126.528000 	933.000000 	932.721008 	936.677979 
36.300000 	126.528000 	933.000000 	932.721008 	936.677979 
36.400000 	126.528000 	933.000000 	932.721008 	936.677979 
36.500000 	126.528000 	933.000000 	932.710999 	936.681030 
36.600000 	126.528000 	933.000000 	932.710999 	936.681030 
36.700000 	126.528000 	933.000000 	932.710999 	936.681030 
36.800000 	126.528000 	933.000000 	932.710999 	936.681030 
36.900000 	126.528000 	933.000000 	932.710999 	936.681030 
37.000000 	126.528000 	933.000000 	932.710999 	936.681030 
37.100000 	126.528000 	933.000000 	932.710999 	936.681030 
37.200000 	126.528000 	933.000000 	932.710999 	936.681030 
37.300000 	126.528000 	933.000000 	932.710999 	936.681030 
37.400000 	126.528000 	933.000000 	932.710999 	936.681030 
37.500000 	126.528000 	933.000000 	932.702026 	936.684021 
37.600000 	126.528000 	933.000000 	932.702026 	936.684021 
37.700000 	126.528000 	933.000000 	932.702026 	936.684021 
37.800000 	126.528000 	933.000000 	932.702026 	936.684021 
37.900000 	126.528000 	933.000000 	932.702026 	936.684021 
38.000000 	126.528000 	933.000000 	932.702026 	936.684021 
38.100000 	126.528000 	933.000000 	932.702026 	936.684021 
38.200000 	126.528000 	933.000000 	932.702026 	936.684021 
38.300000 	126.528000 	933.000000 	932.702026 	936.684021 
38.400000 	126.528000 	933.000000 	932.702026 	936.684021 
38.500000 	126.525002 	933.000000 	932.692017 	936.685974 
38.600000 	126.525002 	933.000000 	932.692017 	936.685974 
38.700000 	126.525002 	933.000000 	932.692017 	936.685974 
38.800000 	126.525002 	933.000000 	932.692017 	936.685974 
38.900000 	126.525002 	933.000000 	932.692017 	936.685974 
39.000000 	126.525002 	933.000000 	932.692017 	936.685974 
39.100000 	126.525002 	933.000000 	932.692017 	936.685974 
39.200000 	126.525002 	933.000000 	932.692017 	936.685974 
39.300000 	126.525002 	933.000000 	932.692017 	936.685974 
39.400000 	126.525002 	933.000000 	932.692017 	936.685974 
39.500000 	126.521004 	933.000000 	932.682007 	936.687012 
39.600000 	126.521004 	933.000000 	932.682007 	936.687012 
39.700000 	126.521004 	933.000000 	932.682007 	936.687012 
39.800000 	126.521004 	933.000000 	932.682007 	936.687012 
39.900000 	126.521004 	933.000000 	932.682007 	936.687012 
40.000000 	126.521004 	933.000000 	932.682007 	936.687012 
40.100000 	126.521004 	933.000000 	932.682007 	936.687012 
40.200000 	126.521004 	933.000000 	932.682007 	936.687012 
40.300000 	126.521004 	933.000000 	932.682007 	936.687012 
40.400000 	126.521004 	933.000000 	932.682007 	936.687012 
40.500000 	126.514999 	933.000000 	932.671021 	936.687988 
40.600000 	126.514999 	933.000000 	932.671021 	936.687988 
40.700000 	126.514999 	933.000000 	932.671021 	936.687988 
40.800000 	126.514999 	933.000000 	932.671021 	936.687988 
40.900000 	126.514999 	933.000000 	932.671021 	936.687988 
41.000000 	126.514999 	933.000000 	932.671021 	936.687988 
41.100000 	126.514999 	933.000000 	932.671021 	936.687988 
41.200000 	126.514999 	933.000000 	932.671021 	936.687988 
41.300000 	126.514999 	933.000000 	932.671021 	936.687988 
41.400000 	126.514999 	933.000000 	932.671021 	936.687988 
41.500000 	126.507004 	933.000000 	932.659973 	936.689026 
41.600000 	126.507004 	933.000000 	932.659973 	936.689026 
41.700000 	126.507004 	933.000000 	932.659973 	936.689026 
41.800000 	126.507004 	933.000000 	932.659973 	936.689026 
41.900000 	126.507004 	933.000000 	932.659973 	936.689026 
42.000000 	126.507004 	933.000000 	932.659973 	936.689026 
42.100000 	126.507004 	933.000000 	932.659973 	936.689026 
42.200000 	126.507004 	933.000000 	932.659973 	936.689026 
42.300000 	126.507004 	933.000000 	932.659973 	936.689026 
42.400000 	126.507004 	933.000000 	932.659973 	936.689026 
42.500000 	126.496002 	933.000000 	932.648987 	936.689026 
42.600000 	126.496002 	933.000000 	932.648987 	936.689026 
42.700000 	126.496002 	933.000000 	932.648987 	936.689026 
42.800000 	126.496002 	933.000000 	932.648987 	936.689026 
42.900000 	126.496002 	933.000000 	932.648987 	936.689026 
43.000000 	126.496002 	933.000000 	932.648987 	936.689026 
43.100000 	126.496002 	933.000000 	932.648987 	936.689026 
43.200000 	126.496002 	933.000000 	932.648987 	936.689026 
43.300000 	126.496002 	933.000000 	932.648987 	936.689026 
43.400000 	126.496002 	933.000000 	932.648987 	936.689026 
43.500000 	126.484001 	933.000000 	932.637024 	936.687988 
43.600000 	126.484001 	933.000000 	932.637024 	936.687988 
43.700000 	126.484001 	933.000000 	932.637024 	936.687988 
43.800000 	126.484001 	933.000000 	932.637024 	936.687988 
43.900000 	126.484001 	933.000000 	932.637024 	936.687988 
44.000000 	126.484001 	933.000000 	932.637024 	936.687988 
44.100000 	126.484001 	933.000000 	932.637024 	936.687988 
44.200000 	126.484001 	933.000000 	932.637024 	936.687988 
44.300000 	126.484001 	933.000000 	932.637024 	936.687988 
44.400000 	126.484001 	933.000000 	932.637024 	936.687988 
44.500000 	126.468002 	933.000000 	932.625000 	936.685974 
44.600000 	126.468002 	933.000000 	932.625000 	936.685974 
44.700000 	126.468002 	933.000000 	932.625000 	936.685974 
44.800000 	126.468002 	933.000000 	932.625000 	936.685974 
44.900000 	126.468002 	933.000000 	932.625000 	936.685974 
45.000000 	126.468002 	933.000000 	932.625000 	936.685974 
45.100000 	126.468002 	933.000000 	932.625000 	936.685974 
45.200000 	126.468002 	933.000000 	932.625000 	936.685974 
45.300000 	126.468002 	933.000000 	932.625000 	936.685974 
45.400000 	126.468002 	933.000000 	932.625000 	936.685974 
45.500000 	126.449997 	933.000000 	932.612000 	936.684021 
45.600000 	126.449997 	933.000000 	932.612000 	936.684021 
45.700000 	126.449997 	933.000000 	932.612000 	936.684021 
45.800000 	126.449997 	933.000000 	932.612000 	936.684021 
45.900000 	126.449997 	933.000000 	932.612000 	936.684021 
46.000000 	126.449997 	933.000000 	932.612000 	936.684021 
46.100000 	126.449997 	933.000000 	932.612000 	936.684021 
46.200000 	126.449997 	933.000000 	932.612000 	936.684021 
46.300000 	126.449997 	933.000000 	932.612000 	936.684021 
46.400000 	126.449997 	933.000000 	932.612000 	936.684021 
46.500000 	126.428001 	933.000000 	932.598999 	936.682007 
46.600000 	126.428001 	933.000000 	932.598999 	936.682007 
46.700000 	126.428001 	933.000000 	932.598999 	936.682007 
46.800000 	126.428001 	933.000000 	932.598999 	936.682007 
46.900000 	126.428001 	933.000000 	932.598999 	936.682007 
47.000000 	126.428001 	933.000000 	932.598999 	936.682007 
47.100000 	126.428001 	933.000000 	932.598999 	936.682007 
47.200000 	126.428001 	933.000000 	932.598999 	936.682007 
47.300000 	126.428001 	933.000000 	932.598999 	936.682007 
47.400000 	126.428001 	933.000000 	932.598999 	936.682007 
47.500000 	126.403000 	933.000000 	932.585022 	936.677979 
47.600000 	126.403000 	933.000000 	932.585022 	936.677979 
47.700000 	126.403000 	933.000000 	932.585022 	936.677979 
47.800000 	126.403000 	933.000000 	932.585022 	936.677979 
47.900000 	126.403000 	933.000000 	932.585022 	936.677979 
48.000000 	126.403000 	933.000000 	932.585022 	936.677979 
48.100000 	126.403000 	933.000000 	932.585022 	936.677979 
48.200000 	126.403000 	933.000000 	932.585022 	936.677979 
48.300000 	126.403000 	933.000000 	932.585022 	936.677979 
48.400000 	126.403000 	933.000000 	932.585022 	936.677979 
48.500000 	126.374001 	933.000000 	932.570984 	936.674011 
48.600000 	126.374001 	933.000000 	932.570984 	936.674011 
48.700000 	126.374001 	933.000000 	932.570984 	936.674011 
48.800000 	126.374001 	933.000000 	932.570984 	936.674011 
48.900000 	126.374001 	933.000000 	932.570984 	936.674011 
49.000000 	126.374001 	933.000000 	932.570984 	936.674011 
49.100000 	126.374001 	933.000000 	932.570984 	936.674011 
49.200000 	126.374001 	933.000000 	932.570984 	936.674011 
49.300000 	126.374001 	933.000000 	932.570984 	936.674011 
49.400000 	126.374001 	933.000000 	932.570984 	936.674011 
49.500000 	126.341003 	933.000000 	932.557007 	936.669983 
49.600000 	126.341003 	933.000000 	932.557007 	936.669983 
49.700000 	126.341003 	933.000000 	932.557007 	936.669983 
49.800000 	126.341003 	933.000000 	932.557007 	936.669983 
49.900000 	126.341003 	933.000000 	932.557007 	936.669983 
50.000000 	126.341003 	933.000000 	932.557007 	936.669983 
50.100000 	126.341003 	933.000000 	932.557007 	936.669983 
50.200000 	126.341003 	933.000000 	932.557007 	936.669983 
50.300000 	126.341003 	933.000000 	932.557007 	936.669983 
50.400000 	126.341003 	933.000000 	932.557007 	936.669983 
50.500000 	126.303001 	933.000000 	932.541016 	936.664001 
50.600000 	126.303001 	933.000000 	932.541016 	936.664001 
50.700000 	126.303001 	933.000000 	932.541016 	936.664001 
50.800000 	126.303001 	933.000000 	932.541016 	936.664001 
50.900000 	126.303001 	933.000000 	932.541016 	936.664001 
51.000000 	126.303001 	933.000000 	932.541016 	936.664001 
51.100000 	126.303001 	933.000000 	932.541016 	936.664001 
51.200000 	126.303001 	933.000000 	932.541016 	936.664001 
51.300000 	126.303001 	933.000000 	932.541016 	936.664001 
51.400000 	126.303001 	933.000000 	932.541016 	936.664001 
51.500000 	126.258003 	933.000000 	932.526001 	936.658020 
51.600000 	126.258003 	933.000000 	932.526001 	936.658020 
51.700000 	126.258003 	933.000000 	932.526001 	936.658020 
51.800000 	126.258003 	933.000000 	932.526001 	936.658020 
51.900000 	126.258003 	933.000000 	932.526001 	936.658020 
52.000000 	126.258003 	933.000000 	932.526001 	936.658020 
52.100000 	126.258003 	933.000000 	932.526001 	936.658020 
52.200000 	126.258003 	933.000000 	932.526001 	936.658020 
52.300000 	126.258003 	933.000000 	932.526001 	936.658020 
52.400000 	126.258003 	933.000000 	932.526001 	936.658020 
52.500000 	126.208000 	933.000000 	932.508972 	936.651001 
52.600000 	126.208000 	933.000000 	932.508972 	936.651001 
52.700000 	126.208000 	933.000000 	932.508972 	936.651001 
52.800000 	126.208000 	933.000000 	932.508972 	936.651001 
52.900000 	126.208000 	933.000000 	932.508972 	936.651001 
53.000000 	126.208000 	933.000000 	932.508972 	936.651001 
53.100000 	126.208000 	933.000000 	932.508972 	936.651001 
53.200000 	126.208000 	933.000000 	932.508972 	936.651001 
53.300000 	126.208000 	933.000000 	932.508972 	936.651001 
53.400000 	126.208000 	933.000000 	932.508972 	936.651001 
53.500000 	126.149002 	933.000000 	932.492004 	936.643005 
53.600000 	126.149002 	933.000000 	932.492004 	936.643005 
53.700000 	126.149002 	933.000000 	932.492004 	936.643005 
53.800000 	126.149002 	933.000000 	932.492004 	936.643005 
53.900000 	126.149002 	933.000000 	932.492004 	936.643005 
54.000000 	126.149002 	933.000000 	932.492004 	936.643005 
54.100000 	126.149002 	933.000000 	932.492004 	936.643005 
54.200000 	126.149002 	933.000000 	932.492004 	936.643005 
54.300000 	126.149002 	933.000000 	932.492004 	936.643005 
54.400000 	126.149002 	933.000000 	932.492004 	936.643005 
54.500000 	126.082001 	933.000000 	932.474976 	936.633972 
54.600000 	126.082001 	933.000000 	932.474976 	936.633972 
54.700000 	126.082001 	933.000000 	932.474976 	936.633972 
54.800000 	126.082001 	933.000000 	932.474976 	936.633972 
54.900000 	126.082001 	933.000000 	932.474976 	936.633972 
55.000000 	126.082001 	933.000000 	932.474976 	936.633972 
55.100000 	126.082001 	933.000000 	932.474976 	936.633972 
55.200000 	126.082001 	933.000000 	932.474976 	936.633972 
55.300000 	126.082001 	933.000000 	932.474976 	936.633972 
55.400000 	126.082001 	933.000000 	932.474976 	936.633972 
55.500000 	126.004997 	933.000000 	932.455994 	936.624023 
55.600000 	126.004997 	933.000000 	932.455994 	936.624023 
55.700000 	126.004997 	933.000000 	932.455994 	936.624023 
55.800000 	126.004997 	933.000000 	932.455994 	936.624023 
55.900000 	126.004997 	933.000000 	932.455994 	936.624023 
56.000000 	126.004997 	933.000000 	932.455994 	936.624023 
56.100000 	126.004997 	933.000000 	932.455994 	936.624023 
56.200000 	126.004997 	933.000000 	932.455994 	936.624023 
56.300000 	126.004997 	933.000000 	932.455994 	936.624023 
56.400000 	126.004997 	933.000000 	932.455994 	936.624023 
56.500000 	125.915001 	933.000000 	932.437012 	936.614014 
56.600000 	125.915001 	933.000000 	932.437012 	936.614014 
56.700000 	125.915001 	933.000000 	932.437012 	936.614014 
56.800000 	125.915001 	933.000000 	932.437012 	936.614014 
56.900000 	125.915001 	933.000000 	932.437012 	936.614014 
57.000000 	125.915001 	933.000000 	932.437012 	936.614014 
57.100000 	125.915001 	933.000000 	932.437012 	936.614014 
57.200000 	125.915001 	933.000000 	932.437012 	936.614014 
57.300000 	125.915001 	933.000000 	932.437012 	936.614014 
57.400000 	125.915001 	933.000000 	932.437012 	936.614014 
57.500000 	125.809998 	933.000000 	932.418030 	936.603027 
57.600000 	125.809998 	933.000000 	932.418030 	936.603027 
57.700000 	125.809998 	933.000000 	932.418030 	936.603027 
57.800000 	125.809998 	933.000000 	932.418030 	936.603027 
57.900000 	125.809998 	933.000000 	932.418030 	936.603027 
58.000000 	125.809998 	933.000000 	932.418030 	936.603027 
58.100000 	125.809998 	933.000000 	932.418030 	936.603027 
58.200000 	125.809998 	933.000000 	932.418030 	936.603027 
58.300000 	125.809998 	933.000000 	932.418030 	936.603027 
58.400000 	125.809998 	933.000000 	932.418030 	936.603027 
58.500000 	125.685997 	933.000000 	932.396973 	936.590027 
58.600000 	125.685997 	933.000000 	932.396973 	936.590027 
58.700000 	125.685997 	933.000000 	932.396973 	936.590027 
58.800000 	125.685997 	933.000000 	932.396973 	936.590027 
58.900000 	125.685997 	933.000000 	932.396973 	936.590027 
59.000000 	125.685997 	933.000000 	932.396973 	936.590027 
59.100000 	125.685997 	933.000000 	932.396973 	936.590027 
59.200000 	125.685997 	933.000000 	932.396973 	936.590027 
59.300000 	125.685997 	933.000000 	932.396973 	936.590027 
59.400000 	125.685997 	933.000000 	932.396973 	936.590027 
59.500000 	125.537003 	933.000000 	932.375977 	936.577026 
59.600000 	125.537003 	933.000000 	932.375977 	936.577026 
59.700000 	125.537003 	933.000000 	932.375977 	936.577026 
59.800000 	125.537003 	933.000000 	932.375977 	936.577026 
59.900000 	125.537003 	933.000000 	932.375977 	936.577026 
60.000000 	125.537003 	933.000000 	932.375977 	936.577026 
