0.500000 	82.968399 	160.000000 	215.263000 
0.600000 	82.968399 	160.000000 	215.263000 
0.700000 	82.968399 	160.000000 	215.263000 
0.800000 	82.968399 	160.000000 	215.263000 
0.900000 	82.968399 	160.000000 	215.263000 
1.000000 	82.968399 	160.000000 	215.263000 
1.100000 	82.968399 	160.000000 	215.263000 
1.200000 	82.968399 	160.000000 	215.263000 
1.300000 	82.968399 	160.000000 	215.263000 
1.400000 	82.968399 	160.000000 	215.263000 
1.500000 	91.360497 	160.000000 	189.507004 
1.600000 	91.360497 	160.000000 	189.507004 
1.700000 	91.360497 	160.000000 	189.507004 
1.800000 	91.360497 	160.000000 	189.507004 
1.900000 	91.360497 	160.000000 	189.507004 
2.000000 	91.360497 	160.000000 	189.507004 
2.100000 	91.360497 	160.000000 	189.507004 
2.200000 	91.360497 	160.000000 	189.507004 
2.300000 	91.360497 	160.000000 	189.507004 
2.400000 	91.360497 	160.000000 	189.507004 
2.500000 	103.477997 	160.000000 	178.895996 
2.600000 	103.477997 	160.000000 	178.895996 
2.700000 	103.477997 	160.000000 	178.895996 
2.800000 	103.477997 	160.000000 	178.895996 
2.900000 	103.477997 	160.000000 	178.895996 
3.000000 	103.477997 	160.000000 	178.895996 
3.100000 	103.477997 	160.000000 	178.895996 
3.200000 	103.477997 	160.000000 	178.895996 
3.300000 	103.477997 	160.000000 	178.895996 
3.400000 	103.477997 	160.000000 	178.895996 
3.500000 	110.686996 	160.000000 	172.983002 
3.600000 	110.686996 	160.000000 	172.983002 
3.700000 	110.686996 	160.000000 	172.983002 
3.800000 	110.686996 	160.000000 	172.983002 
3.900000 	110.686996 	160.000000 	172.983002 
4.000000 	110.686996 	160.000000 	172.983002 
4.100000 	110.686996 	160.000000 	172.983002 
4.200000 	110.686996 	160.000000 	172.983002 
4.300000 	110.686996 	160.000000 	172.983002 
4.400000 	110.686996 	160.000000 	172.983002 
4.500000 	115.056999 	160.000000 	169.382996 
4.600000 	115.056999 	160.000000 	169.382996 
4.700000 	115.056999 	160.000000 	169.382996 
4.800000 	115.056999 	160.000000 	169.382996 
4.900000 	115.056999 	160.000000 	169.382996 
5.000000 	115.056999 	160.000000 	169.382996 
5.100000 	115.056999 	160.000000 	169.382996 
5.200000 	115.056999 	160.000000 	169.382996 
5.300000 	115.056999 	160.000000 	169.382996 
5.400000 	115.056999 	160.000000 	169.382996 
5.500000 	117.865997 	160.000000 	167.061005 
5.600000 	117.865997 	160.000000 	167.061005 
5.700000 	117.865997 	160.000000 	167.061005 
5.800000 	117.865997 	160.000000 	167.061005 
5.900000 	117.865997 	160.000000 	167.061005 
6.000000 	117.865997 	160.000000 	167.061005 
6.100000 	117.865997 	160.000000 	167.061005 
6.200000 	117.865997 	160.000000 	167.061005 
6.300000 	117.865997 	160.000000 	167.061005 
6.400000 	117.865997 	160.000000 	167.061005 
6.500000 	119.766998 	160.000000 	165.481003 
6.600000 	119.766998 	160.000000 	165.481003 
6.700000 	119.766998 	160.000000 	165.481003 
6.800000 	119.766998 	160.000000 	165.481003 
6.900000 	119.766998 	160.000000 	165.481003 
7.000000 	119.766998 	160.000000 	165.481003 
7.100000 	119.766998 	160.000000 	165.481003 
7.200000 	119.766998 	160.000000 	165.481003 
7.300000 	119.766998 	160.000000 	165.481003 
7.400000 	119.766998 	160.000000 	165.481003 
7.500000 	121.110001 	160.000000 	164.354004 
7.600000 	121.110001 	160.000000 	164.354004 
7.700000 	121.110001 	160.000000 	164.354004 
7.800000 	121.110001 	160.000000 	164.354004 
7.900000 	121.110001 	160.000000 	164.354004 
8.000000 	121.110001 	160.000000 	164.354004 
8.100000 	121.110001 	160.000000 	164.354004 
8.200000 	121.110001 	160.000000 	164.354004 
8.300000 	121.110001 	160.000000 	164.354004 
8.400000 	121.110001 	160.000000 	164.354004 
8.500000 	122.092003 	160.000000 	163.526001 
8.600000 	122.092003 	160.000000 	163.526001 
8.700000 	122.092003 	160.000000 	163.526001 
8.800000 	122.092003 	160.000000 	163.526001 
8.900000 	122.092003 	160.000000 	163.526001 
9.000000 	122.092003 	160.000000 	163.526001 
9.100000 	122.092003 	160.000000 	163.526001 
9.200000 	122.092003 	160.000000 	163.526001 
9.300000 	122.092003 	160.000000 	163.526001 
9.400000 	122.092003 	160.000000 	163.526001 
9.500000 	122.831001 	160.000000 	162.901001 
9.600000 	122.831001 	160.000000 	162.901001 
9.700000 	122.831001 	160.000000 	162.901001 
9.800000 	122.831001 	160.000000 	162.901001 
9.900000 	122.831001 	160.000000 	162.901001 
10.000000 	122.831001 	160.000000 	162.901001 
10.100000 	122.831001 	160.000000 	162.901001 
10.200000 	122.831001 	160.000000 	162.901001 
10.300000 	122.831001 	160.000000 	162.901001 
10.400000 	122.831001 	160.000000 	162.901001 
10.500000 	123.401001 	160.000000 	162.419006 
10.600000 	123.401001 	160.000000 	162.419006 
10.700000 	123.401001 	160.000000 	162.419006 
10.800000 	123.401001 	160.000000 	162.419006 
10.900000 	123.401001 	160.000000 	162.419006 
11.000000 	123.401001 	160.000000 	162.419006 
11.100000 	123.401001 	160.000000 	162.419006 
11.200000 	123.401001 	160.000000 	162.419006 
11.300000 	123.401001 	160.000000 	162.419006 
11.400000 	123.401001 	160.000000 	162.419006 
11.500000 	123.849998 	160.000000 	162.039001 
11.600000 	123.849998 	160.000000 	162.039001 
11.700000 	123.849998 	160.000000 	162.039001 
11.800000 	123.849998 	160.000000 	162.039001 
11.900000 	123.849998 	160.000000 	162.039001 
12.000000 	123.849998 	160.000000 	162.039001 
12.100000 	123.849998 	160.000000 	162.039001 
12.200000 	123.849998 	160.000000 	162.039001 
12.300000 	123.849998 	160.000000 	162.039001 
12.400000 	123.849998 	160.000000 	162.039001 
12.500000 	124.209999 	160.000000 	161.733994 
12.600000 	124.209999 	160.000000 	161.733994 
12.700000 	124.209999 	160.000000 	161.733994 
12.800000 	124.209999 	160.000000 	161.733994 
12.900000 	124.209999 	160.000000 	161.733994 
13.000000 	124.209999 	160.000000 	161.733994 
13.100000 	124.209999 	160.000000 	161.733994 
13.200000 	124.209999 	160.000000 	161.733994 
13.300000 	124.209999 	160.000000 	161.733994 
13.400000 	124.209999 	160.000000 	161.733994 
13.500000 	124.503998 	160.000000 	161.487000 
13.600000 	124.503998 	160.000000 	161.487000 
13.700000 	124.503998 	160.000000 	161.487000 
13.800000 	124.503998 	160.000000 	161.487000 
13.900000 	124.503998 	160.000000 	161.487000 
14.000000 	124.503998 	160.000000 	161.487000 
14.100000 	124.503998 	160.000000 	161.487000 
14.200000 	124.503998 	160.000000 	161.487000 
14.300000 	124.503998 	160.000000 	161.487000 
14.400000 	124.503998 	160.000000 	161.487000 
14.500000 	124.747002 	160.000000 	161.283005 
14.600000 	124.747002 	160.000000 	161.283005 
14.700000 	124.747002 	160.000000 	161.283005 
14.800000 	124.747002 	160.000000 	161.283005 
14.900000 	124.747002 	160.000000 	161.283005 
15.000000 	124.747002 	160.000000 	161.283005 
15.100000 	124.747002 	160.000000 	161.283005 
15.200000 	124.747002 	160.000000 	161.283005 
15.300000 	124.747002 	160.000000 	161.283005 
15.400000 	124.747002 	160.000000 	161.283005 
15.500000 	124.950996 	160.000000 	161.113007 
15.600000 	124.950996 	160.000000 	161.113007 
15.700000 	124.950996 	160.000000 	161.113007 
15.800000 	124.950996 	160.000000 	161.113007 
15.900000 	124.950996 	160.000000 	161.113007 
16.000000 	124.950996 	160.000000 	161.113007 
16.100000 	124.950996 	160.000000 	161.113007 
16.200000 	124.950996 	160.000000 	161.113007 
16.300000 	124.950996 	160.000000 	161.113007 
16.400000 	124.950996 	160.000000 	161.113007 
16.500000 	125.123001 	160.000000 	160.970001 
16.600000 	125.123001 	160.000000 	160.970001 
16.700000 	125.123001 	160.000000 	160.970001 
16.800000 	125.123001 	160.000000 	160.970001 
16.900000 	125.123001 	160.000000 	160.970001 
17.000000 	125.123001 	160.000000 	160.970001 
17.100000 	125.123001 	160.000000 	160.970001 
17.200000 	125.123001 	160.000000 	160.970001 
17.300000 	125.123001 	160.000000 	160.970001 
17.400000 	125.123001 	160.000000 	160.970001 
17.500000 	125.271004 	160.000000 	160.848007 
17.600000 	125.271004 	160.000000 	160.848007 
17.700000 	125.271004 	160.000000 	160.848007 
17.800000 	125.271004 	160.000000 	160.848007 
17.900000 	125.271004 	160.000000 	160.848007 
18.000000 	125.271004 	160.000000 	160.848007 
18.100000 	125.271004 	160.000000 	160.848007 
18.200000 	125.271004 	160.000000 	160.848007 
18.300000 	125.271004 	160.000000 	160.848007 
18.400000 	125.271004 	160.000000 	160.848007 
18.500000 	125.399002 	160.000000 	160.744003 
18.600000 	125.399002 	160.000000 	160.744003 
18.700000 	125.399002 	160.000000 	160.744003 
18.800000 	125.399002 	160.000000 	160.744003 
18.900000 	125.399002 	160.000000 	160.744003 
19.000000 	125.399002 	160.000000 	160.744003 
19.100000 	125.399002 	160.000000 	160.744003 
19.200000 	125.399002 	160.000000 	160.744003 
19.300000 	125.399002 	160.000000 	160.744003 
19.400000 	125.399002 	160.000000 	160.744003 
19.500000 	125.510002 	160.000000 	160.653000 
19.600000 	125.510002 	160.000000 	160.653000 
19.700000 	125.510002 	160.000000 	160.653000 
19.800000 	125.510002 	160.000000 	160.653000 
19.900000 	125.510002 	160.000000 	160.653000 
20.000000 	125.510002 	160.000000 	160.653000 
20.100000 	125.510002 	160.000000 	160.653000 
20.200000 	125.510002 	160.000000 	160.653000 
20.300000 	125.510002 	160.000000 	160.653000 
20.400000 	125.510002 	160.000000 	160.653000 
20.500000 	125.608002 	160.000000 	160.574997 
20.600000 	125.608002 	160.000000 	160.574997 
20.700000 	125.608002 	160.000000 	160.574997 
20.800000 	125.608002 	160.000000 	160.574997 
20.900000 	125.608002 	160.000000 	160.574997 
21.000000 	125.608002 	160.000000 	160.574997 
21.100000 	125.608002 	160.000000 	160.574997 
21.200000 	125.608002 	160.000000 	160.574997 
21.300000 	125.608002 	160.000000 	160.574997 
21.400000 	125.608002 	160.000000 	160.574997 
21.500000 	125.694000 	160.000000 	160.505997 
21.600000 	125.694000 	160.000000 	160.505997 
21.700000 	125.694000 	160.000000 	160.505997 
21.800000 	125.694000 	160.000000 	160.505997 
21.900000 	125.694000 	160.000000 	160.505997 
22.000000 	125.694000 	160.000000 	160.505997 
22.100000 	125.694000 	160.000000 	160.505997 
22.200000 	125.694000 	160.000000 	160.505997 
22.300000 	125.694000 	160.000000 	160.505997 
22.400000 	125.694000 	160.000000 	160.505997 
22.500000 	125.771004 	160.000000 	160.445007 
22.600000 	125.771004 	160.000000 	160.445007 
22.700000 	125.771004 	160.000000 	160.445007 
22.800000 	125.771004 	160.000000 	160.445007 
22.900000 	125.771004 	160.000000 	160.445007 
23.000000 	125.771004 	160.000000 	160.445007 
23.100000 	125.771004 	160.000000 	160.445007 
23.200000 	125.771004 	160.000000 	160.445007 
23.300000 	125.771004 	160.000000 	160.445007 
23.400000 	125.771004 	160.000000 	160.445007 
23.500000 	125.838997 	160.000000 	160.391006 
23.600000 	125.838997 	160.000000 	160.391006 
23.700000 	125.838997 	160.000000 	160.391006 
23.800000 	125.838997 	160.000000 	160.391006 
23.900000 	125.838997 	160.000000 	160.391006 
24.000000 	125.838997 	160.000000 	160.391006 
24.100000 	125.838997 	160.000000 	160.391006 
24.200000 	125.838997 	160.000000 	160.391006 
24.300000 	125.838997 	160.000000 	160.391006 
24.400000 	125.838997 	160.000000 	160.391006 
24.500000 	125.901001 	160.000000 	160.343002 
24.600000 	125.901001 	160.000000 	160.343002 
24.700000 	125.901001 	160.000000 	160.343002 
24.800000 	125.901001 	160.000000 	160.343002 
24.900000 	125.901001 	160.000000 	160.343002 
25.000000 	125.901001 	160.000000 	160.343002 
25.100000 	125.901001 	160.000000 	160.343002 
25.200000 	125.901001 	160.000000 	160.343002 
25.300000 	125.901001 	160.000000 	160.343002 
25.400000 	125.901001 	160.000000 	160.343002 
25.500000 	125.957001 	160.000000 	160.300003 
25.600000 	125.957001 	160.000000 	160.300003 
25.700000 	125.957001 	160.000000 	160.300003 
25.800000 	125.957001 	160.000000 	160.300003 
25.900000 	125.957001 	160.000000 	160.300003 
26.000000 	125.957001 	160.000000 	160.300003 
26.100000 	125.957001 	160.000000 	160.300003 
26.200000 	125.957001 	160.000000 	160.300003 
26.300000 	125.957001 	160.000000 	160.300003 
26.400000 	125.957001 	160.000000 	160.300003 
26.500000 	126.007004 	160.000000 	160.261002 
26.600000 	126.007004 	160.000000 	160.261002 
26.700000 	126.007004 	160.000000 	160.261002 
26.800000 	126.007004 	160.000000 	160.261002 
26.900000 	126.007004 	160.000000 	160.261002 
27.000000 	126.007004 	160.000000 	160.261002 
27.100000 	126.007004 	160.000000 	160.261002 
27.200000 	126.007004 	160.000000 	160.261002 
27.300000 	126.007004 	160.000000 	160.261002 
27.400000 	126.007004 	160.000000 	160.261002 
27.500000 	126.053001 	160.000000 	160.225998 
27.600000 	126.053001 	160.000000 	160.225998 
27.700000 	126.053001 	160.000000 	160.225998 
27.800000 	126.053001 	160.000000 	160.225998 
27.900000 	126.053001 	160.000000 	160.225998 
28.000000 	126.053001 	160.000000 	160.225998 
28.100000 	126.053001 	160.000000 	160.225998 
28.200000 	126.053001 	160.000000 	160.225998 
28.300000 	126.053001 	160.000000 	160.225998 
28.400000 	126.053001 	160.000000 	160.225998 
28.500000 	126.094002 	160.000000 	160.194000 
28.600000 	126.094002 	160.000000 	160.194000 
28.700000 	126.094002 	160.000000 	160.194000 
28.800000 	126.094002 	160.000000 	160.194000 
28.900000 	126.094002 	160.000000 	160.194000 
29.000000 	126.094002 	160.000000 	160.194000 
29.100000 	126.094002 	160.000000 	160.194000 
29.200000 	126.094002 	160.000000 	160.194000 
29.300000 	126.094002 	160.000000 	160.194000 
29.400000 	126.094002 	160.000000 	160.194000 
29.500000 	126.132004 	160.000000 	160.164993 
29.600000 	126.132004 	160.000000 	160.164993 
29.700000 	126.132004 	160.000000 	160.164993 
29.800000 	126.132004 	160.000000 	160.164993 
29.900000 	126.132004 	160.000000 	160.164993 
30.000000 	126.132004 	160.000000 	160.164993 
30.100000 	126.132004 	160.000000 	160.164993 
30.200000 	126.132004 	160.000000 	160.164993 
30.300000 	126.132004 	160.000000 	160.164993 
30.400000 	126.132004 	160.000000 	160.164993 
30.500000 	126.166000 	160.000000 	160.139008 
30.600000 	126.166000 	160.000000 	160.139008 
30.700000 	126.166000 	160.000000 	160.139008 
30.800000 	126.166000 	160.000000 	160.139008 
30.900000 	126.166000 	160.000000 	160.139008 
31.000000 	126.166000 	160.000000 	160.139008 
31.100000 	126.166000 	160.000000 	160.139008 
31.200000 	126.166000 	160.000000 	160.139008 
31.300000 	126.166000 	160.000000 	160.139008 
31.400000 	126.166000 	160.000000 	160.139008 
31.500000 	126.196999 	160.000000 	160.113998 
31.600000 	126.196999 	160.000000 	160.113998 
31.700000 	126.196999 	160.000000 	160.113998 
31.800000 	126.196999 	160.000000 	160.113998 
31.900000 	126.196999 	160.000000 	160.113998 
32.000000 	126.196999 	160.000000 	160.113998 
32.100000 	126.196999 	160.000000 	160.113998 
32.200000 	126.196999 	160.000000 	160.113998 
32.300000 	126.196999 	160.000000 	160.113998 
32.400000 	126.196999 	160.000000 	160.113998 
32.500000 	126.225998 	160.000000 	160.091995 
32.600000 	126.225998 	160.000000 	160.091995 
32.700000 	126.225998 	160.000000 	160.091995 
32.800000 	126.225998 	160.000000 	160.091995 
32.900000 	126.225998 	160.000000 	160.091995 
33.000000 	126.225998 	160.000000 	160.091995 
33.100000 	126.225998 	160.000000 	160.091995 
33.200000 	126.225998 	160.000000 	160.091995 
33.300000 	126.225998 	160.000000 	160.091995 
33.400000 	126.225998 	160.000000 	160.091995 
33.500000 	126.250999 	160.000000 	160.070999 
33.600000 	126.250999 	160.000000 	160.070999 
33.700000 	126.250999 	160.000000 	160.070999 
33.800000 	126.250999 	160.000000 	160.070999 
33.900000 	126.250999 	160.000000 	160.070999 
34.000000 	126.250999 	160.000000 	160.070999 
34.100000 	126.250999 	160.000000 	160.070999 
34.200000 	126.250999 	160.000000 	160.070999 
34.300000 	126.250999 	160.000000 	160.070999 
34.400000 	126.250999 	160.000000 	160.070999 
34.500000 	126.274002 	160.000000 	160.050995 
34.600000 	126.274002 	160.000000 	160.050995 
34.700000 	126.274002 	160.000000 	160.050995 
34.800000 	126.274002 	160.000000 	160.050995 
34.900000 	126.274002 	160.000000 	160.050995 
35.000000 	126.274002 	160.000000 	160.050995 
35.100000 	126.274002 	160.000000 	160.050995 
35.200000 	126.274002 	160.000000 	160.050995 
35.300000 	126.274002 	160.000000 	160.050995 
35.400000 	126.274002 	160.000000 	160.050995 
35.500000 	126.293999 	160.000000 	160.033005 
35.600000 	126.293999 	160.000000 	160.033005 
35.700000 	126.293999 	160.000000 	160.033005 
35.800000 	126.293999 	160.000000 	160.033005 
35.900000 	126.293999 	160.000000 	160.033005 
36.000000 	126.293999 	160.000000 	160.033005 
36.100000 	126.293999 	160.000000 	160.033005 
36.200000 	126.293999 	160.000000 	160.033005 
36.300000 	126.293999 	160.000000 	160.033005 
36.400000 	126.293999 	160.000000 	160.033005 
36.500000 	126.311996 	160.000000 	160.016998 
36.600000 	126.311996 	160.000000 	160.016998 
36.700000 	126.311996 	160.000000 	160.016998 
36.800000 	126.311996 	160.000000 	160.016998 
36.900000 	126.311996 	160.000000 	160.016998 
37.000000 	126.311996 	160.000000 	160.016998 
37.100000 	126.311996 	160.000000 	160.016998 
37.200000 	126.311996 	160.000000 	160.016998 
37.300000 	126.311996 	160.000000 	160.016998 
37.400000 	126.311996 	160.000000 	160.016998 
37.500000 	126.327003 	160.000000 	160.001007 
37.600000 	126.327003 	160.000000 	160.001007 
37.700000 	126.327003 	160.000000 	160.001007 
37.800000 	126.327003 	160.000000 	160.001007 
37.900000 	126.327003 	160.000000 	160.001007 
38.000000 	126.327003 	160.000000 	160.001007 
38.100000 	126.327003 	160.000000 	160.001007 
38.200000 	126.327003 	160.000000 	160.001007 
38.300000 	126.327003 	160.000000 	160.001007 
38.400000 	126.327003 	160.000000 	160.001007 
38.500000 	126.339996 	160.000000 	159.985992 
38.600000 	126.339996 	160.000000 	159.985992 
38.700000 	126.339996 	160.000000 	159.985992 
38.800000 	126.339996 	160.000000 	159.985992 
38.900000 	126.339996 	160.000000 	159.985992 
39.000000 	126.339996 	160.000000 	159.985992 
39.100000 	126.339996 	160.000000 	159.985992 
39.200000 	126.339996 	160.000000 	159.985992 
39.300000 	126.339996 	160.000000 	159.985992 
39.400000 	126.339996 	160.000000 	159.985992 
39.500000 	126.349998 	160.000000 	159.972000 
39.600000 	126.349998 	160.000000 	159.972000 
39.700000 	126.349998 	160.000000 	159.972000 
39.800000 	126.349998 	160.000000 	159.972000 
39.900000 	126.349998 	160.000000 	159.972000 
40.000000 	126.349998 	160.000000 	159.972000 
40.100000 	126.349998 	160.000000 	159.972000 
40.200000 	126.349998 	160.000000 	159.972000 
40.300000 	126.349998 	160.000000 	159.972000 
40.400000 	126.349998 	160.000000 	159.972000 
40.500000 	126.358002 	160.000000 	159.959000 
40.600000 	126.358002 	160.000000 	159.959000 
40.700000 	126.358002 	160.000000 	159.959000 
40.800000 	126.358002 	160.000000 	159.959000 
40.900000 	126.358002 	160.000000 	159.959000 
41.000000 	126.358002 	160.000000 	159.959000 
41.100000 	126.358002 	160.000000 	159.959000 
41.200000 	126.358002 	160.000000 	159.959000 
41.300000 	126.358002 	160.000000 	159.959000 
41.400000 	126.358002 	160.000000 	159.959000 
41.500000 	126.362999 	160.000000 	159.945999 
41.600000 	126.362999 	160.000000 	159.945999 
41.700000 	126.362999 	160.000000 	159.945999 
41.800000 	126.362999 	160.000000 	159.945999 
41.900000 	126.362999 	160.000000 	159.945999 
42.000000 	126.362999 	160.000000 	159.945999 
42.100000 	126.362999 	160.000000 	159.945999 
42.200000 	126.362999 	160.000000 	159.945999 
42.300000 	126.362999 	160.000000 	159.945999 
42.400000 	126.362999 	160.000000 	159.945999 
42.500000 	126.365997 	160.000000 	159.934006 
42.600000 	126.365997 	160.000000 	159.934006 
42.700000 	126.365997 	160.000000 	159.934006 
42.800000 	126.365997 	160.000000 	159.934006 
42.900000 	126.365997 	160.000000 	159.934006 
43.000000 	126.365997 	160.000000 	159.934006 
43.100000 	126.365997 	160.000000 	159.934006 
43.200000 	126.365997 	160.000000 	159.934006 
43.300000 	126.365997 	160.000000 	159.934006 
43.400000 	126.365997 	160.000000 	159.934006 
43.500000 	126.364998 	160.000000 	159.923004 
43.600000 	126.364998 	160.000000 	159.923004 
43.700000 	126.364998 	160.000000 	159.923004 
43.800000 	126.364998 	160.000000 	159.923004 
43.900000 	126.364998 	160.000000 	159.923004 
44.000000 	126.364998 	160.000000 	159.923004 
44.100000 	126.364998 	160.000000 	159.923004 
44.200000 	126.364998 	160.000000 	159.923004 
44.300000 	126.364998 	160.000000 	159.923004 
44.400000 	126.364998 	160.000000 	159.923004 
44.500000 	126.361000 	160.000000 	159.912003 
44.600000 	126.361000 	160.000000 	159.912003 
44.700000 	126.361000 	160.000000 	159.912003 
44.800000 	126.361000 	160.000000 	159.912003 
44.900000 	126.361000 	160.000000 	159.912003 
45.000000 	126.361000 	160.000000 	159.912003 
45.100000 	126.361000 	160.000000 	159.912003 
45.200000 	126.361000 	160.000000 	159.912003 
45.300000 	126.361000 	160.000000 	159.912003 
45.400000 	126.361000 	160.000000 	159.912003 
45.500000 	126.353996 	160.000000 	159.901993 
45.600000 	126.353996 	160.000000 	159.901993 
45.700000 	126.353996 	160.000000 	159.901993 
45.800000 	126.353996 	160.000000 	159.901993 
45.900000 	126.353996 	160.000000 	159.901993 
46.000000 	126.353996 	160.000000 	159.901993 
46.100000 	126.353996 	160.000000 	159.901993 
46.200000 	126.353996 	160.000000 	159.901993 
46.300000 	126.353996 	160.000000 	159.901993 
46.400000 	126.353996 	160.000000 	159.901993 
46.500000 	126.343002 	160.000000 	159.891998 
46.600000 	126.343002 	160.000000 	159.891998 
46.700000 	126.343002 	160.000000 	159.891998 
46.800000 	126.343002 	160.000000 	159.891998 
46.900000 	126.343002 	160.000000 	159.891998 
47.000000 	126.343002 	160.000000 	159.891998 
47.100000 	126.343002 	160.000000 	159.891998 
47.200000 	126.343002 	160.000000 	159.891998 
47.300000 	126.343002 	160.000000 	159.891998 
47.400000 	126.343002 	160.000000 	159.891998 
47.500000 	126.327003 	160.000000 	159.882996 
47.600000 	126.327003 	160.000000 	159.882996 
47.700000 	126.327003 	160.000000 	159.882996 
47.800000 	126.327003 	160.000000 	159.882996 
47.900000 	126.327003 	160.000000 	159.882996 
48.000000 	126.327003 	160.000000 	159.882996 
48.100000 	126.327003 	160.000000 	159.882996 
48.200000 	126.327003 	160.000000 	159.882996 
48.300000 	126.327003 	160.000000 	159.882996 
48.400000 	126.327003 	160.000000 	159.882996 
48.500000 	126.307999 	160.000000 	159.873001 
48.600000 	126.307999 	160.000000 	159.873001 
48.700000 	126.307999 	160.000000 	159.873001 
48.800000 	126.307999 	160.000000 	159.873001 
48.900000 	126.307999 	160.000000 	159.873001 
49.000000 	126.307999 	160.000000 	159.873001 
49.100000 	126.307999 	160.000000 	159.873001 
49.200000 	126.307999 	160.000000 	159.873001 
49.300000 	126.307999 	160.000000 	159.873001 
49.400000 	126.307999 	160.000000 	159.873001 
49.500000 	126.285004 	160.000000 	159.863998 
49.600000 	126.285004 	160.000000 	159.863998 
49.700000 	126.285004 	160.000000 	159.863998 
49.800000 	126.285004 	160.000000 	159.863998 
49.900000 	126.285004 	160.000000 	159.863998 
50.000000 	126.285004 	160.000000 	159.863998 
50.100000 	126.285004 	160.000000 	159.863998 
50.200000 	126.285004 	160.000000 	159.863998 
50.300000 	126.285004 	160.000000 	159.863998 
50.400000 	126.285004 	160.000000 	159.863998 
50.500000 	126.257004 	160.000000 	159.854996 
50.600000 	126.257004 	160.000000 	159.854996 
50.700000 	126.257004 	160.000000 	159.854996 
50.800000 	126.257004 	160.000000 	159.854996 
50.900000 	126.257004 	160.000000 	159.854996 
51.000000 	126.257004 	160.000000 	159.854996 
51.100000 	126.257004 	160.000000 	159.854996 
51.200000 	126.257004 	160.000000 	159.854996 
51.300000 	126.257004 	160.000000 	159.854996 
51.400000 	126.257004 	160.000000 	159.854996 
51.500000 	126.223000 	160.000000 	159.847000 
51.600000 	126.223000 	160.000000 	159.847000 
51.700000 	126.223000 	160.000000 	159.847000 
51.800000 	126.223000 	160.000000 	159.847000 
51.900000 	126.223000 	160.000000 	159.847000 
52.000000 	126.223000 	160.000000 	159.847000 
52.100000 	126.223000 	160.000000 	159.847000 
52.200000 	126.223000 	160.000000 	159.847000 
52.300000 	126.223000 	160.000000 	159.847000 
52.400000 	126.223000 	160.000000 	159.847000 
52.500000 	126.181999 	160.000000 	159.837997 
52.600000 	126.181999 	160.000000 	159.837997 
52.700000 	126.181999 	160.000000 	159.837997 
52.800000 	126.181999 	160.000000 	159.837997 
52.900000 	126.181999 	160.000000 	159.837997 
53.000000 	126.181999 	160.000000 	159.837997 
53.100000 	126.181999 	160.000000 	159.837997 
53.200000 	126.181999 	160.000000 	159.837997 
53.300000 	126.181999 	160.000000 	159.837997 
53.400000 	126.181999 	160.000000 	159.837997 
53.500000 	126.133003 	160.000000 	159.830002 
53.600000 	126.133003 	160.000000 	159.830002 
53.700000 	126.133003 	160.000000 	159.830002 
53.800000 	126.133003 	160.000000 	159.830002 
53.900000 	126.133003 	160.000000 	159.830002 
54.000000 	126.133003 	160.000000 	159.830002 
54.100000 	126.133003 	160.000000 	159.830002 
54.200000 	126.133003 	160.000000 	159.830002 
54.300000 	126.133003 	160.000000 	159.830002 
54.400000 	126.133003 	160.000000 	159.830002 
54.500000 	126.075996 	160.000000 	159.822006 
54.600000 	126.075996 	160.000000 	159.822006 
54.700000 	126.075996 	160.000000 	159.822006 
54.800000 	126.075996 	160.000000 	159.822006 
54.900000 	126.075996 	160.000000 	159.822006 
55.000000 	126.075996 	160.000000 	159.822006 
55.100000 	126.075996 	160.000000 	159.822006 
55.200000 	126.075996 	160.000000 	159.822006 
55.300000 	126.075996 	160.000000 	159.822006 
55.400000 	126.075996 	160.000000 	159.822006 
55.500000 	126.008003 	160.000000 	159.813995 
55.600000 	126.008003 	160.000000 	159.813995 
55.700000 	126.008003 	160.000000 	159.813995 
55.800000 	126.008003 	160.000000 	159.813995 
55.900000 	126.008003 	160.000000 	159.813995 
56.000000 	126.008003 	160.000000 	159.813995 
56.100000 	126.008003 	160.000000 	159.813995 
56.200000 	126.008003 	160.000000 	159.813995 
56.300000 	126.008003 	160.000000 	159.813995 
56.400000 	126.008003 	160.000000 	159.813995 
56.500000 	125.927002 	160.000000 	159.804993 
56.600000 	125.927002 	160.000000 	159.804993 
56.700000 	125.927002 	160.000000 	159.804993 
56.800000 	125.927002 	160.000000 	159.804993 
56.900000 	125.927002 	160.000000 	159.804993 
57.000000 	125.927002 	160.000000 	159.804993 
57.100000 	125.927002 	160.000000 	159.804993 
57.200000 	125.927002 	160.000000 	159.804993 
57.300000 	125.927002 	160.000000 	159.804993 
57.400000 	125.927002 	160.000000 	159.804993 
57.500000 	125.832001 	160.000000 	159.796997 
57.600000 	125.832001 	160.000000 	159.796997 
57.700000 	125.832001 	160.000000 	159.796997 
57.800000 	125.832001 	160.000000 	159.796997 
57.900000 	125.832001 	160.000000 	159.796997 
58.000000 	125.832001 	160.000000 	159.796997 
58.100000 	125.832001 	160.000000 	159.796997 
58.200000 	125.832001 	160.000000 	159.796997 
58.300000 	125.832001 	160.000000 	159.796997 
58.400000 	125.832001 	160.000000 	159.796997 
58.500000 	125.717003 	160.000000 	159.789001 
58.600000 	125.717003 	160.000000 	159.789001 
58.700000 	125.717003 	160.000000 	159.789001 
58.800000 	125.717003 	160.000000 	159.789001 
58.900000 	125.717003 	160.000000 	159.789001 
59.000000 	125.717003 	160.000000 	159.789001 
59.100000 	125.717003 	160.000000 	159.789001 
59.200000 	125.717003 	160.000000 	159.789001 
59.300000 	125.717003 	160.000000 	159.789001 
59.400000 	125.717003 	160.000000 	159.789001 
59.500000 	125.578003 	160.000000 	159.781006 
59.600000 	125.578003 	160.000000 	159.781006 
59.700000 	125.578003 	160.000000 	159.781006 
59.800000 	125.578003 	160.000000 	159.781006 
59.900000 	125.578003 	160.000000 	159.781006 
60.000000 	125.578003 	160.000000 	159.781006 
