0.500000 	93.473503 	393.000000 	417.492004 	401.835999 
0.600000 	93.473503 	393.000000 	417.492004 	401.835999 
0.700000 	93.473503 	393.000000 	417.492004 	401.835999 
0.800000 	93.473503 	393.000000 	417.492004 	401.835999 
0.900000 	93.473503 	393.000000 	417.492004 	401.835999 
1.000000 	93.473503 	393.000000 	417.492004 	401.835999 
1.100000 	93.473503 	393.000000 	417.492004 	401.835999 
1.200000 	93.473503 	393.000000 	417.492004 	401.835999 
1.300000 	93.473503 	393.000000 	417.492004 	401.835999 
1.400000 	93.473503 	393.000000 	417.492004 	401.835999 
1.500000 	103.464996 	393.000000 	403.533997 	401.453003 
1.600000 	103.464996 	393.000000 	403.533997 	401.453003 
1.700000 	103.464996 	393.000000 	403.533997 	401.453003 
1.800000 	103.464996 	393.000000 	403.533997 	401.453003 
1.900000 	103.464996 	393.000000 	403.533997 	401.453003 
2.000000 	103.464996 	393.000000 	403.533997 	401.453003 
2.100000 	103.464996 	393.000000 	403.533997 	401.453003 
2.200000 	103.464996 	393.000000 	403.533997 	401.453003 
2.300000 	103.464996 	393.000000 	403.533997 	401.453003 
2.400000 	103.464996 	393.000000 	403.533997 	401.453003 
2.500000 	113.625000 	393.000000 	398.627014 	401.315002 
2.600000 	113.625000 	393.000000 	398.627014 	401.315002 
2.700000 	113.625000 	393.000000 	398.627014 	401.315002 
2.800000 	113.625000 	393.000000 	398.627014 	401.315002 
2.900000 	113.625000 	393.000000 	398.627014 	401.315002 
3.000000 	113.625000 	393.000000 	398.627014 	401.315002 
3.100000 	113.625000 	393.000000 	398.627014 	401.315002 
3.200000 	113.625000 	393.000000 	398.627014 	401.315002 
3.300000 	113.625000 	393.000000 	398.627014 	401.315002 
3.400000 	113.625000 	393.000000 	398.627014 	401.315002 
3.500000 	118.612999 	393.000000 	396.407990 	401.268005 
3.600000 	118.612999 	393.000000 	396.407990 	401.268005 
3.700000 	118.612999 	393.000000 	396.407990 	401.268005 
3.800000 	118.612999 	393.000000 	396.407990 	401.268005 
3.900000 	118.612999 	393.000000 	396.407990 	401.268005 
4.000000 	118.612999 	393.000000 	396.407990 	401.268005 
4.100000 	118.612999 	393.000000 	396.407990 	401.268005 
4.200000 	118.612999 	393.000000 	396.407990 	401.268005 
4.300000 	118.612999 	393.000000 	396.407990 	401.268005 
4.400000 	118.612999 	393.000000 	396.407990 	401.268005 
4.500000 	121.245003 	393.000000 	395.256012 	401.252014 
4.600000 	121.245003 	393.000000 	395.256012 	401.252014 
4.700000 	121.245003 	393.000000 	395.256012 	401.252014 
4.800000 	121.245003 	393.000000 	395.256012 	401.252014 
4.900000 	121.245003 	393.000000 	395.256012 	401.252014 
5.000000 	121.245003 	393.000000 	395.256012 	401.252014 
5.100000 	121.245003 	393.000000 	395.256012 	401.252014 
5.200000 	121.245003 	393.000000 	395.256012 	401.252014 
5.300000 	121.245003 	393.000000 	395.256012 	401.252014 
5.400000 	121.245003 	393.000000 	395.256012 	401.252014 
5.500000 	122.772003 	393.000000 	394.592010 	401.252014 
5.600000 	122.772003 	393.000000 	394.592010 	401.252014 
5.700000 	122.772003 	393.000000 	394.592010 	401.252014 
5.800000 	122.772003 	393.000000 	394.592010 	401.252014 
5.900000 	122.772003 	393.000000 	394.592010 	401.252014 
6.000000 	122.772003 	393.000000 	394.592010 	401.252014 
6.100000 	122.772003 	393.000000 	394.592010 	401.252014 
6.200000 	122.772003 	393.000000 	394.592010 	401.252014 
6.300000 	122.772003 	393.000000 	394.592010 	401.252014 
6.400000 	122.772003 	393.000000 	394.592010 	401.252014 
6.500000 	123.728996 	393.000000 	394.177002 	401.259003 
6.600000 	123.728996 	393.000000 	394.177002 	401.259003 
6.700000 	123.728996 	393.000000 	394.177002 	401.259003 
6.800000 	123.728996 	393.000000 	394.177002 	401.259003 
6.900000 	123.728996 	393.000000 	394.177002 	401.259003 
7.000000 	123.728996 	393.000000 	394.177002 	401.259003 
7.100000 	123.728996 	393.000000 	394.177002 	401.259003 
7.200000 	123.728996 	393.000000 	394.177002 	401.259003 
7.300000 	123.728996 	393.000000 	394.177002 	401.259003 
7.400000 	123.728996 	393.000000 	394.177002 	401.259003 
7.500000 	124.366997 	393.000000 	393.901001 	401.273010 
7.600000 	124.366997 	393.000000 	393.901001 	401.273010 
7.700000 	124.366997 	393.000000 	393.901001 	401.273010 
7.800000 	124.366997 	393.000000 	393.901001 	401.273010 
7.900000 	124.366997 	393.000000 	393.901001 	401.273010 
8.000000 	124.366997 	393.000000 	393.901001 	401.273010 
8.100000 	124.366997 	393.000000 	393.901001 	401.273010 
8.200000 	124.366997 	393.000000 	393.901001 	401.273010 
8.300000 	124.366997 	393.000000 	393.901001 	401.273010 
8.400000 	124.366997 	393.000000 	393.901001 	401.273010 
8.500000 	124.813004 	393.000000 	393.709015 	401.290009 
8.600000 	124.813004 	393.000000 	393.709015 	401.290009 
8.700000 	124.813004 	393.000000 	393.709015 	401.290009 
8.800000 	124.813004 	393.000000 	393.709015 	401.290009 
8.900000 	124.813004 	393.000000 	393.709015 	401.290009 
9.000000 	124.813004 	393.000000 	393.709015 	401.290009 
9.100000 	124.813004 	393.000000 	393.709015 	401.290009 
9.200000 	124.813004 	393.000000 	393.709015 	401.290009 
9.300000 	124.813004 	393.000000 	393.709015 	401.290009 
9.400000 	124.813004 	393.000000 	393.709015 	401.290009 
9.500000 	125.137001 	393.000000 	393.570007 	401.309998 
9.600000 	125.137001 	393.000000 	393.570007 	401.309998 
9.700000 	125.137001 	393.000000 	393.570007 	401.309998 
9.800000 	125.137001 	393.000000 	393.570007 	401.309998 
9.900000 	125.137001 	393.000000 	393.570007 	401.309998 
10.000000 	125.137001 	393.000000 	393.570007 	401.309998 
10.100000 	125.137001 	393.000000 	393.570007 	401.309998 
10.200000 	125.137001 	393.000000 	393.570007 	401.309998 
10.300000 	125.137001 	393.000000 	393.570007 	401.309998 
10.400000 	125.137001 	393.000000 	393.570007 	401.309998 
10.500000 	125.380997 	393.000000 	393.466003 	401.333008 
10.600000 	125.380997 	393.000000 	393.466003 	401.333008 
10.700000 	125.380997 	393.000000 	393.466003 	401.333008 
10.800000 	125.380997 	393.000000 	393.466003 	401.333008 
10.900000 	125.380997 	393.000000 	393.466003 	401.333008 
11.000000 	125.380997 	393.000000 	393.466003 	401.333008 
11.100000 	125.380997 	393.000000 	393.466003 	401.333008 
11.200000 	125.380997 	393.000000 	393.466003 	401.333008 
11.300000 	125.380997 	393.000000 	393.466003 	401.333008 
11.400000 	125.380997 	393.000000 	393.466003 	401.333008 
11.500000 	125.569000 	393.000000 	393.385986 	401.358002 
11.600000 	125.569000 	393.000000 	393.385986 	401.358002 
11.700000 	125.569000 	393.000000 	393.385986 	401.358002 
11.800000 	125.569000 	393.000000 	393.385986 	401.358002 
11.900000 	125.569000 	393.000000 	393.385986 	401.358002 
12.000000 	125.569000 	393.000000 	393.385986 	401.358002 
12.100000 	125.569000 	393.000000 	393.385986 	401.358002 
12.200000 	125.569000 	393.000000 	393.385986 	401.358002 
12.300000 	125.569000 	393.000000 	393.385986 	401.358002 
12.400000 	125.569000 	393.000000 	393.385986 	401.358002 
12.500000 	125.717003 	393.000000 	393.324005 	401.385986 
12.600000 	125.717003 	393.000000 	393.324005 	401.385986 
12.700000 	125.717003 	393.000000 	393.324005 	401.385986 
12.800000 	125.717003 	393.000000 	393.324005 	401.385986 
12.900000 	125.717003 	393.000000 	393.324005 	401.385986 
13.000000 	125.717003 	393.000000 	393.324005 	401.385986 
13.100000 	125.717003 	393.000000 	393.324005 	401.385986 
13.200000 	125.717003 	393.000000 	393.324005 	401.385986 
13.300000 	125.717003 	393.000000 	393.324005 	401.385986 
13.400000 	125.717003 	393.000000 	393.324005 	401.385986 
13.500000 	125.835999 	393.000000 	393.273987 	401.415009 
13.600000 	125.835999 	393.000000 	393.273987 	401.415009 
13.700000 	125.835999 	393.000000 	393.273987 	401.415009 
13.800000 	125.835999 	393.000000 	393.273987 	401.415009 
13.900000 	125.835999 	393.000000 	393.273987 	401.415009 
14.000000 	125.835999 	393.000000 	393.273987 	401.415009 
14.100000 	125.835999 	393.000000 	393.273987 	401.415009 
14.200000 	125.835999 	393.000000 	393.273987 	401.415009 
14.300000 	125.835999 	393.000000 	393.273987 	401.415009 
14.400000 	125.835999 	393.000000 	393.273987 	401.415009 
14.500000 	125.933998 	393.000000 	393.233002 	401.446014 
14.600000 	125.933998 	393.000000 	393.233002 	401.446014 
14.700000 	125.933998 	393.000000 	393.233002 	401.446014 
14.800000 	125.933998 	393.000000 	393.233002 	401.446014 
14.900000 	125.933998 	393.000000 	393.233002 	401.446014 
15.000000 	125.933998 	393.000000 	393.233002 	401.446014 
15.100000 	125.933998 	393.000000 	393.233002 	401.446014 
15.200000 	125.933998 	393.000000 	393.233002 	401.446014 
15.300000 	125.933998 	393.000000 	393.233002 	401.446014 
15.400000 	125.933998 	393.000000 	393.233002 	401.446014 
15.500000 	126.014999 	393.000000 	393.200012 	401.477997 
15.600000 	126.014999 	393.000000 	393.200012 	401.477997 
15.700000 	126.014999 	393.000000 	393.200012 	401.477997 
15.800000 	126.014999 	393.000000 	393.200012 	401.477997 
15.900000 	126.014999 	393.000000 	393.200012 	401.477997 
16.000000 	126.014999 	393.000000 	393.200012 	401.477997 
16.100000 	126.014999 	393.000000 	393.200012 	401.477997 
16.200000 	126.014999 	393.000000 	393.200012 	401.477997 
16.300000 	126.014999 	393.000000 	393.200012 	401.477997 
16.400000 	126.014999 	393.000000 	393.200012 	401.477997 
16.500000 	126.083000 	393.000000 	393.171997 	401.511993 
16.600000 	126.083000 	393.000000 	393.171997 	401.511993 
16.700000 	126.083000 	393.000000 	393.171997 	401.511993 
16.800000 	126.083000 	393.000000 	393.171997 	401.511993 
16.900000 	126.083000 	393.000000 	393.171997 	401.511993 
17.000000 	126.083000 	393.000000 	393.171997 	401.511993 
17.100000 	126.083000 	393.000000 	393.171997 	401.511993 
17.200000 	126.083000 	393.000000 	393.171997 	401.511993 
17.300000 	126.083000 	393.000000 	393.171997 	401.511993 
17.400000 	126.083000 	393.000000 	393.171997 	401.511993 
17.500000 	126.140999 	393.000000 	393.148010 	401.546997 
17.600000 	126.140999 	393.000000 	393.148010 	401.546997 
17.700000 	126.140999 	393.000000 	393.148010 	401.546997 
17.800000 	126.140999 	393.000000 	393.148010 	401.546997 
17.900000 	126.140999 	393.000000 	393.148010 	401.546997 
18.000000 	126.140999 	393.000000 	393.148010 	401.546997 
18.100000 	126.140999 	393.000000 	393.148010 	401.546997 
18.200000 	126.140999 	393.000000 	393.148010 	401.546997 
18.300000 	126.140999 	393.000000 	393.148010 	401.546997 
18.400000 	126.140999 	393.000000 	393.148010 	401.546997 
18.500000 	126.192001 	393.000000 	393.127991 	401.584015 
18.600000 	126.192001 	393.000000 	393.127991 	401.584015 
18.700000 	126.192001 	393.000000 	393.127991 	401.584015 
18.800000 	126.192001 	393.000000 	393.127991 	401.584015 
18.900000 	126.192001 	393.000000 	393.127991 	401.584015 
19.000000 	126.192001 	393.000000 	393.127991 	401.584015 
19.100000 	126.192001 	393.000000 	393.127991 	401.584015 
19.200000 	126.192001 	393.000000 	393.127991 	401.584015 
19.300000 	126.192001 	393.000000 	393.127991 	401.584015 
19.400000 	126.192001 	393.000000 	393.127991 	401.584015 
19.500000 	126.235001 	393.000000 	393.110992 	401.622009 
19.600000 	126.235001 	393.000000 	393.110992 	401.622009 
19.700000 	126.235001 	393.000000 	393.110992 	401.622009 
19.800000 	126.235001 	393.000000 	393.110992 	401.622009 
19.900000 	126.235001 	393.000000 	393.110992 	401.622009 
20.000000 	126.235001 	393.000000 	393.110992 	401.622009 
20.100000 	126.235001 	393.000000 	393.110992 	401.622009 
20.200000 	126.235001 	393.000000 	393.110992 	401.622009 
20.300000 	126.235001 	393.000000 	393.110992 	401.622009 
20.400000 	126.235001 	393.000000 	393.110992 	401.622009 
20.500000 	126.274002 	393.000000 	393.095001 	401.661011 
20.600000 	126.274002 	393.000000 	393.095001 	401.661011 
20.700000 	126.274002 	393.000000 	393.095001 	401.661011 
20.800000 	126.274002 	393.000000 	393.095001 	401.661011 
20.900000 	126.274002 	393.000000 	393.095001 	401.661011 
21.000000 	126.274002 	393.000000 	393.095001 	401.661011 
21.100000 	126.274002 	393.000000 	393.095001 	401.661011 
21.200000 	126.274002 	393.000000 	393.095001 	401.661011 
21.300000 	126.274002 	393.000000 	393.095001 	401.661011 
21.400000 	126.274002 	393.000000 	393.095001 	401.661011 
21.500000 	126.306999 	393.000000 	393.082001 	401.700012 
21.600000 	126.306999 	393.000000 	393.082001 	401.700012 
21.700000 	126.306999 	393.000000 	393.082001 	401.700012 
21.800000 	126.306999 	393.000000 	393.082001 	401.700012 
21.900000 	126.306999 	393.000000 	393.082001 	401.700012 
22.000000 	126.306999 	393.000000 	393.082001 	401.700012 
22.100000 	126.306999 	393.000000 	393.082001 	401.700012 
22.200000 	126.306999 	393.000000 	393.082001 	401.700012 
22.300000 	126.306999 	393.000000 	393.082001 	401.700012 
22.400000 	126.306999 	393.000000 	393.082001 	401.700012 
22.500000 	126.337997 	393.000000 	393.070007 	401.740997 
22.600000 	126.337997 	393.000000 	393.070007 	401.740997 
22.700000 	126.337997 	393.000000 	393.070007 	401.740997 
22.800000 	126.337997 	393.000000 	393.070007 	401.740997 
22.900000 	126.337997 	393.000000 	393.070007 	401.740997 
23.000000 	126.337997 	393.000000 	393.070007 	401.740997 
23.100000 	126.337997 	393.000000 	393.070007 	401.740997 
23.200000 	126.337997 	393.000000 	393.070007 	401.740997 
23.300000 	126.337997 	393.000000 	393.070007 	401.740997 
23.400000 	126.337997 	393.000000 	393.070007 	401.740997 
23.500000 	126.363998 	393.000000 	393.059998 	401.782990 
23.600000 	126.363998 	393.000000 	393.059998 	401.782990 
23.700000 	126.363998 	393.000000 	393.059998 	401.782990 
23.800000 	126.363998 	393.000000 	393.059998 	401.782990 
23.900000 	126.363998 	393.000000 	393.059998 	401.782990 
24.000000 	126.363998 	393.000000 	393.059998 	401.782990 
24.100000 	126.363998 	393.000000 	393.059998 	401.782990 
24.200000 	126.363998 	393.000000 	393.059998 	401.782990 
24.300000 	126.363998 	393.000000 	393.059998 	401.782990 
24.400000 	126.363998 	393.000000 	393.059998 	401.782990 
24.500000 	126.388000 	393.000000 	393.049988 	401.825012 
24.600000 	126.388000 	393.000000 	393.049988 	401.825012 
24.700000 	126.388000 	393.000000 	393.049988 	401.825012 
24.800000 	126.388000 	393.000000 	393.049988 	401.825012 
24.900000 	126.388000 	393.000000 	393.049988 	401.825012 
25.000000 	126.388000 	393.000000 	393.049988 	401.825012 
25.100000 	126.388000 	393.000000 	393.049988 	401.825012 
25.200000 	126.388000 	393.000000 	393.049988 	401.825012 
25.300000 	126.388000 	393.000000 	393.049988 	401.825012 
25.400000 	126.388000 	393.000000 	393.049988 	401.825012 
25.500000 	126.410004 	393.000000 	393.041992 	401.868988 
25.600000 	126.410004 	393.000000 	393.041992 	401.868988 
25.700000 	126.410004 	393.000000 	393.041992 	401.868988 
25.800000 	126.410004 	393.000000 	393.041992 	401.868988 
25.900000 	126.410004 	393.000000 	393.041992 	401.868988 
26.000000 	126.410004 	393.000000 	393.041992 	401.868988 
26.100000 	126.410004 	393.000000 	393.041992 	401.868988 
26.200000 	126.410004 	393.000000 	393.041992 	401.868988 
26.300000 	126.410004 	393.000000 	393.041992 	401.868988 
26.400000 	126.410004 	393.000000 	393.041992 	401.868988 
26.500000 	126.429001 	393.000000 	393.033997 	401.912994 
26.600000 	126.429001 	393.000000 	393.033997 	401.912994 
26.700000 	126.429001 	393.000000 	393.033997 	401.912994 
26.800000 	126.429001 	393.000000 	393.033997 	401.912994 
26.900000 	126.429001 	393.000000 	393.033997 	401.912994 
27.000000 	126.429001 	393.000000 	393.033997 	401.912994 
27.100000 	126.429001 	393.000000 	393.033997 	401.912994 
27.200000 	126.429001 	393.000000 	393.033997 	401.912994 
27.300000 	126.429001 	393.000000 	393.033997 	401.912994 
27.400000 	126.429001 	393.000000 	393.033997 	401.912994 
27.500000 	126.446999 	393.000000 	393.026001 	401.957001 
27.600000 	126.446999 	393.000000 	393.026001 	401.957001 
27.700000 	126.446999 	393.000000 	393.026001 	401.957001 
27.800000 	126.446999 	393.000000 	393.026001 	401.957001 
27.900000 	126.446999 	393.000000 	393.026001 	401.957001 
28.000000 	126.446999 	393.000000 	393.026001 	401.957001 
28.100000 	126.446999 	393.000000 	393.026001 	401.957001 
28.200000 	126.446999 	393.000000 	393.026001 	401.957001 
28.300000 	126.446999 	393.000000 	393.026001 	401.957001 
28.400000 	126.446999 	393.000000 	393.026001 	401.957001 
28.500000 	126.461998 	393.000000 	393.019989 	402.002991 
28.600000 	126.461998 	393.000000 	393.019989 	402.002991 
28.700000 	126.461998 	393.000000 	393.019989 	402.002991 
28.800000 	126.461998 	393.000000 	393.019989 	402.002991 
28.900000 	126.461998 	393.000000 	393.019989 	402.002991 
29.000000 	126.461998 	393.000000 	393.019989 	402.002991 
29.100000 	126.461998 	393.000000 	393.019989 	402.002991 
29.200000 	126.461998 	393.000000 	393.019989 	402.002991 
29.300000 	126.461998 	393.000000 	393.019989 	402.002991 
29.400000 	126.461998 	393.000000 	393.019989 	402.002991 
29.500000 	126.475998 	393.000000 	393.013000 	402.048004 
29.600000 	126.475998 	393.000000 	393.013000 	402.048004 
29.700000 	126.475998 	393.000000 	393.013000 	402.048004 
29.800000 	126.475998 	393.000000 	393.013000 	402.048004 
29.900000 	126.475998 	393.000000 	393.013000 	402.048004 
30.000000 	126.475998 	393.000000 	393.013000 	402.048004 
30.100000 	126.475998 	393.000000 	393.013000 	402.048004 
30.200000 	126.475998 	393.000000 	393.013000 	402.048004 
30.300000 	126.475998 	393.000000 	393.013000 	402.048004 
30.400000 	126.475998 	393.000000 	393.013000 	402.048004 
30.500000 	126.487999 	393.000000 	393.006989 	402.095001 
30.600000 	126.487999 	393.000000 	393.006989 	402.095001 
30.700000 	126.487999 	393.000000 	393.006989 	402.095001 
30.800000 	126.487999 	393.000000 	393.006989 	402.095001 
30.900000 	126.487999 	393.000000 	393.006989 	402.095001 
31.000000 	126.487999 	393.000000 	393.006989 	402.095001 
31.100000 	126.487999 	393.000000 	393.006989 	402.095001 
31.200000 	126.487999 	393.000000 	393.006989 	402.095001 
31.300000 	126.487999 	393.000000 	393.006989 	402.095001 
31.400000 	126.487999 	393.000000 	393.006989 	402.095001 
31.500000 	126.499001 	393.000000 	393.002014 	402.141998 
31.600000 	126.499001 	393.000000 	393.002014 	402.141998 
31.700000 	126.499001 	393.000000 	393.002014 	402.141998 
31.800000 	126.499001 	393.000000 	393.002014 	402.141998 
31.900000 	126.499001 	393.000000 	393.002014 	402.141998 
32.000000 	126.499001 	393.000000 	393.002014 	402.141998 
32.100000 	126.499001 	393.000000 	393.002014 	402.141998 
32.200000 	126.499001 	393.000000 	393.002014 	402.141998 
32.300000 	126.499001 	393.000000 	393.002014 	402.141998 
32.400000 	126.499001 	393.000000 	393.002014 	402.141998 
32.500000 	126.508003 	393.000000 	392.996002 	402.188995 
32.600000 	126.508003 	393.000000 	392.996002 	402.188995 
32.700000 	126.508003 	393.000000 	392.996002 	402.188995 
32.800000 	126.508003 	393.000000 	392.996002 	402.188995 
32.900000 	126.508003 	393.000000 	392.996002 	402.188995 
33.000000 	126.508003 	393.000000 	392.996002 	402.188995 
33.100000 	126.508003 	393.000000 	392.996002 	402.188995 
33.200000 	126.508003 	393.000000 	392.996002 	402.188995 
33.300000 	126.508003 	393.000000 	392.996002 	402.188995 
33.400000 	126.508003 	393.000000 	392.996002 	402.188995 
33.500000 	126.515999 	393.000000 	392.990997 	402.235992 
33.600000 	126.515999 	393.000000 	392.990997 	402.235992 
33.700000 	126.515999 	393.000000 	392.990997 	402.235992 
33.800000 	126.515999 	393.000000 	392.990997 	402.235992 
33.900000 	126.515999 	393.000000 	392.990997 	402.235992 
34.000000 	126.515999 	393.000000 	392.990997 	402.235992 
34.100000 	126.515999 	393.000000 	392.990997 	402.235992 
34.200000 	126.515999 	393.000000 	392.990997 	402.235992 
34.300000 	126.515999 	393.000000 	392.990997 	402.235992 
34.400000 	126.515999 	393.000000 	392.990997 	402.235992 
34.500000 	126.522003 	393.000000 	392.985992 	402.283997 
34.600000 	126.522003 	393.000000 	392.985992 	402.283997 
34.700000 	126.522003 	393.000000 	392.985992 	402.283997 
34.800000 	126.522003 	393.000000 	392.985992 	402.283997 
34.900000 	126.522003 	393.000000 	392.985992 	402.283997 
35.000000 	126.522003 	393.000000 	392.985992 	402.283997 
35.100000 	126.522003 	393.000000 	392.985992 	402.283997 
35.200000 	126.522003 	393.000000 	392.985992 	402.283997 
35.300000 	126.522003 	393.000000 	392.985992 	402.283997 
35.400000 	126.522003 	393.000000 	392.985992 	402.283997 
35.500000 	126.527000 	393.000000 	392.980988 	402.332001 
35.600000 	126.527000 	393.000000 	392.980988 	402.332001 
35.700000 	126.527000 	393.000000 	392.980988 	402.332001 
35.800000 	126.527000 	393.000000 	392.980988 	402.332001 
35.900000 	126.527000 	393.000000 	392.980988 	402.332001 
36.000000 	126.527000 	393.000000 	392.980988 	402.332001 
36.100000 	126.527000 	393.000000 	392.980988 	402.332001 
36.200000 	126.527000 	393.000000 	392.980988 	402.332001 
36.300000 	126.527000 	393.000000 	392.980988 	402.332001 
36.400000 	126.527000 	393.000000 	392.980988 	402.332001 
36.500000 	126.529999 	393.000000 	392.976013 	402.381012 
36.600000 	126.529999 	393.000000 	392.976013 	402.381012 
36.700000 	126.529999 	393.000000 	392.976013 	402.381012 
36.800000 	126.529999 	393.000000 	392.976013 	402.381012 
36.900000 	126.529999 	393.000000 	392.976013 	402.381012 
37.000000 	126.529999 	393.000000 	392.976013 	402.381012 
37.100000 	126.529999 	393.000000 	392.976013 	402.381012 
37.200000 	126.529999 	393.000000 	392.976013 	402.381012 
37.300000 	126.529999 	393.000000 	392.976013 	402.381012 
37.400000 	126.529999 	393.000000 	392.976013 	402.381012 
37.500000 	126.530998 	393.000000 	392.971985 	402.428986 
37.600000 	126.530998 	393.000000 	392.971985 	402.428986 
37.700000 	126.530998 	393.000000 	392.971985 	402.428986 
37.800000 	126.530998 	393.000000 	392.971985 	402.428986 
37.900000 	126.530998 	393.000000 	392.971985 	402.428986 
38.000000 	126.530998 	393.000000 	392.971985 	402.428986 
38.100000 	126.530998 	393.000000 	392.971985 	402.428986 
38.200000 	126.530998 	393.000000 	392.971985 	402.428986 
38.300000 	126.530998 	393.000000 	392.971985 	402.428986 
38.400000 	126.530998 	393.000000 	392.971985 	402.428986 
38.500000 	126.530998 	393.000000 	392.967010 	402.477997 
38.600000 	126.530998 	393.000000 	392.967010 	402.477997 
38.700000 	126.530998 	393.000000 	392.967010 	402.477997 
38.800000 	126.530998 	393.000000 	392.967010 	402.477997 
38.900000 	126.530998 	393.000000 	392.967010 	402.477997 
39.000000 	126.530998 	393.000000 	392.967010 	402.477997 
39.100000 	126.530998 	393.000000 	392.967010 	402.477997 
39.200000 	126.530998 	393.000000 	392.967010 	402.477997 
39.300000 	126.530998 	393.000000 	392.967010 	402.477997 
39.400000 	126.530998 	393.000000 	392.967010 	402.477997 
39.500000 	126.528999 	393.000000 	392.962006 	402.527008 
39.600000 	126.528999 	393.000000 	392.962006 	402.527008 
39.700000 	126.528999 	393.000000 	392.962006 	402.527008 
39.800000 	126.528999 	393.000000 	392.962006 	402.527008 
39.900000 	126.528999 	393.000000 	392.962006 	402.527008 
40.000000 	126.528999 	393.000000 	392.962006 	402.527008 
40.100000 	126.528999 	393.000000 	392.962006 	402.527008 
40.200000 	126.528999 	393.000000 	392.962006 	402.527008 
40.300000 	126.528999 	393.000000 	392.962006 	402.527008 
40.400000 	126.528999 	393.000000 	392.962006 	402.527008 
40.500000 	126.525002 	393.000000 	392.958008 	402.575989 
40.600000 	126.525002 	393.000000 	392.958008 	402.575989 
40.700000 	126.525002 	393.000000 	392.958008 	402.575989 
40.800000 	126.525002 	393.000000 	392.958008 	402.575989 
40.900000 	126.525002 	393.000000 	392.958008 	402.575989 
41.000000 	126.525002 	393.000000 	392.958008 	402.575989 
41.100000 	126.525002 	393.000000 	392.958008 	402.575989 
41.200000 	126.525002 	393.000000 	392.958008 	402.575989 
41.300000 	126.525002 	393.000000 	392.958008 	402.575989 
41.400000 	126.525002 	393.000000 	392.958008 	402.575989 
41.500000 	126.518997 	393.000000 	392.953003 	402.625000 
41.600000 	126.518997 	393.000000 	392.953003 	402.625000 
41.700000 	126.518997 	393.000000 	392.953003 	402.625000 
41.800000 	126.518997 	393.000000 	392.953003 	402.625000 
41.900000 	126.518997 	393.000000 	392.953003 	402.625000 
42.000000 	126.518997 	393.000000 	392.953003 	402.625000 
42.100000 	126.518997 	393.000000 	392.953003 	402.625000 
42.200000 	126.518997 	393.000000 	392.953003 	402.625000 
42.300000 	126.518997 	393.000000 	392.953003 	402.625000 
42.400000 	126.518997 	393.000000 	392.953003 	402.625000 
42.500000 	126.511002 	393.000000 	392.947998 	402.673004 
42.600000 	126.511002 	393.000000 	392.947998 	402.673004 
42.700000 	126.511002 	393.000000 	392.947998 	402.673004 
42.800000 	126.511002 	393.000000 	392.947998 	402.673004 
42.900000 	126.511002 	393.000000 	392.947998 	402.673004 
43.000000 	126.511002 	393.000000 	392.947998 	402.673004 
43.100000 	126.511002 	393.000000 	392.947998 	402.673004 
43.200000 	126.511002 	393.000000 	392.947998 	402.673004 
43.300000 	126.511002 	393.000000 	392.947998 	402.673004 
43.400000 	126.511002 	393.000000 	392.947998 	402.673004 
43.500000 	126.500000 	393.000000 	392.944000 	402.721985 
43.600000 	126.500000 	393.000000 	392.944000 	402.721985 
43.700000 	126.500000 	393.000000 	392.944000 	402.721985 
43.800000 	126.500000 	393.000000 	392.944000 	402.721985 
43.900000 	126.500000 	393.000000 	392.944000 	402.721985 
44.000000 	126.500000 	393.000000 	392.944000 	402.721985 
44.100000 	126.500000 	393.000000 	392.944000 	402.721985 
44.200000 	126.500000 	393.000000 	392.944000 	402.721985 
44.300000 	126.500000 	393.000000 	392.944000 	402.721985 
44.400000 	126.500000 	393.000000 	392.944000 	402.721985 
44.500000 	126.487000 	393.000000 	392.938995 	402.770996 
44.600000 	126.487000 	393.000000 	392.938995 	402.770996 
44.700000 	126.487000 	393.000000 	392.938995 	402.770996 
44.800000 	126.487000 	393.000000 	392.938995 	402.770996 
44.900000 	126.487000 	393.000000 	392.938995 	402.770996 
45.000000 	126.487000 	393.000000 	392.938995 	402.770996 
45.100000 	126.487000 	393.000000 	392.938995 	402.770996 
45.200000 	126.487000 	393.000000 	392.938995 	402.770996 
45.300000 	126.487000 	393.000000 	392.938995 	402.770996 
45.400000 	126.487000 	393.000000 	392.938995 	402.770996 
45.500000 	126.471001 	393.000000 	392.933990 	402.820007 
45.600000 	126.471001 	393.000000 	392.933990 	402.820007 
45.700000 	126.471001 	393.000000 	392.933990 	402.820007 
45.800000 	126.471001 	393.000000 	392.933990 	402.820007 
45.900000 	126.471001 	393.000000 	392.933990 	402.820007 
46.000000 	126.471001 	393.000000 	392.933990 	402.820007 
46.100000 	126.471001 	393.000000 	392.933990 	402.820007 
46.200000 	126.471001 	393.000000 	392.933990 	402.820007 
46.300000 	126.471001 	393.000000 	392.933990 	402.820007 
46.400000 	126.471001 	393.000000 	392.933990 	402.820007 
46.500000 	126.450996 	393.000000 	392.928986 	402.868988 
46.600000 	126.450996 	393.000000 	392.928986 	402.868988 
46.700000 	126.450996 	393.000000 	392.928986 	402.868988 
46.800000 	126.450996 	393.000000 	392.928986 	402.868988 
46.900000 	126.450996 	393.000000 	392.928986 	402.868988 
47.000000 	126.450996 	393.000000 	392.928986 	402.868988 
47.100000 	126.450996 	393.000000 	392.928986 	402.868988 
47.200000 	126.450996 	393.000000 	392.928986 	402.868988 
47.300000 	126.450996 	393.000000 	392.928986 	402.868988 
47.400000 	126.450996 	393.000000 	392.928986 	402.868988 
47.500000 	126.428001 	393.000000 	392.924011 	402.916992 
47.600000 	126.428001 	393.000000 	392.924011 	402.916992 
47.700000 	126.428001 	393.000000 	392.924011 	402.916992 
47.800000 	126.428001 	393.000000 	392.924011 	402.916992 
47.900000 	126.428001 	393.000000 	392.924011 	402.916992 
48.000000 	126.428001 	393.000000 	392.924011 	402.916992 
48.100000 	126.428001 	393.000000 	392.924011 	402.916992 
48.200000 	126.428001 	393.000000 	392.924011 	402.916992 
48.300000 	126.428001 	393.000000 	392.924011 	402.916992 
48.400000 	126.428001 	393.000000 	392.924011 	402.916992 
48.500000 	126.401001 	393.000000 	392.919006 	402.966003 
48.600000 	126.401001 	393.000000 	392.919006 	402.966003 
48.700000 	126.401001 	393.000000 	392.919006 	402.966003 
48.800000 	126.401001 	393.000000 	392.919006 	402.966003 
48.900000 	126.401001 	393.000000 	392.919006 	402.966003 
49.000000 	126.401001 	393.000000 	392.919006 	402.966003 
49.100000 	126.401001 	393.000000 	392.919006 	402.966003 
49.200000 	126.401001 	393.000000 	392.919006 	402.966003 
49.300000 	126.401001 	393.000000 	392.919006 	402.966003 
49.400000 	126.401001 	393.000000 	392.919006 	402.966003 
49.500000 	126.370003 	393.000000 	392.912994 	403.014008 
49.600000 	126.370003 	393.000000 	392.912994 	403.014008 
49.700000 	126.370003 	393.000000 	392.912994 	403.014008 
49.800000 	126.370003 	393.000000 	392.912994 	403.014008 
49.900000 	126.370003 	393.000000 	392.912994 	403.014008 
50.000000 	126.370003 	393.000000 	392.912994 	403.014008 
50.100000 	126.370003 	393.000000 	392.912994 	403.014008 
50.200000 	126.370003 	393.000000 	392.912994 	403.014008 
50.300000 	126.370003 	393.000000 	392.912994 	403.014008 
50.400000 	126.370003 	393.000000 	392.912994 	403.014008 
50.500000 	126.334000 	393.000000 	392.907990 	403.062012 
50.600000 	126.334000 	393.000000 	392.907990 	403.062012 
50.700000 	126.334000 	393.000000 	392.907990 	403.062012 
50.800000 	126.334000 	393.000000 	392.907990 	403.062012 
50.900000 	126.334000 	393.000000 	392.907990 	403.062012 
51.000000 	126.334000 	393.000000 	392.907990 	403.062012 
51.100000 	126.334000 	393.000000 	392.907990 	403.062012 
51.200000 	126.334000 	393.000000 	392.907990 	403.062012 
51.300000 	126.334000 	393.000000 	392.907990 	403.062012 
51.400000 	126.334000 	393.000000 	392.907990 	403.062012 
51.500000 	126.291000 	393.000000 	392.902008 	403.109009 
51.600000 	126.291000 	393.000000 	392.902008 	403.109009 
51.700000 	126.291000 	393.000000 	392.902008 	403.109009 
51.800000 	126.291000 	393.000000 	392.902008 	403.109009 
51.900000 	126.291000 	393.000000 	392.902008 	403.109009 
52.000000 	126.291000 	393.000000 	392.902008 	403.109009 
52.100000 	126.291000 	393.000000 	392.902008 	403.109009 
52.200000 	126.291000 	393.000000 	392.902008 	403.109009 
52.300000 	126.291000 	393.000000 	392.902008 	403.109009 
52.400000 	126.291000 	393.000000 	392.902008 	403.109009 
52.500000 	126.242996 	393.000000 	392.897003 	403.157013 
52.600000 	126.242996 	393.000000 	392.897003 	403.157013 
52.700000 	126.242996 	393.000000 	392.897003 	403.157013 
52.800000 	126.242996 	393.000000 	392.897003 	403.157013 
52.900000 	126.242996 	393.000000 	392.897003 	403.157013 
53.000000 	126.242996 	393.000000 	392.897003 	403.157013 
53.100000 	126.242996 	393.000000 	392.897003 	403.157013 
53.200000 	126.242996 	393.000000 	392.897003 	403.157013 
53.300000 	126.242996 	393.000000 	392.897003 	403.157013 
53.400000 	126.242996 	393.000000 	392.897003 	403.157013 
53.500000 	126.186996 	393.000000 	392.890991 	403.204010 
53.600000 	126.186996 	393.000000 	392.890991 	403.204010 
53.700000 	126.186996 	393.000000 	392.890991 	403.204010 
53.800000 	126.186996 	393.000000 	392.890991 	403.204010 
53.900000 	126.186996 	393.000000 	392.890991 	403.204010 
54.000000 	126.186996 	393.000000 	392.890991 	403.204010 
54.100000 	126.186996 	393.000000 	392.890991 	403.204010 
54.200000 	126.186996 	393.000000 	392.890991 	403.204010 
54.300000 	126.186996 	393.000000 	392.890991 	403.204010 
54.400000 	126.186996 	393.000000 	392.890991 	403.204010 
54.500000 	126.122002 	393.000000 	392.885010 	403.250000 
54.600000 	126.122002 	393.000000 	392.885010 	403.250000 
54.700000 	126.122002 	393.000000 	392.885010 	403.250000 
54.800000 	126.122002 	393.000000 	392.885010 	403.250000 
54.900000 	126.122002 	393.000000 	392.885010 	403.250000 
55.000000 	126.122002 	393.000000 	392.885010 	403.250000 
55.100000 	126.122002 	393.000000 	392.885010 	403.250000 
55.200000 	126.122002 	393.000000 	392.885010 	403.250000 
55.300000 	126.122002 	393.000000 	392.885010 	403.250000 
55.400000 	126.122002 	393.000000 	392.885010 	403.250000 
55.500000 	126.045998 	393.000000 	392.877991 	403.295990 
55.600000 	126.045998 	393.000000 	392.877991 	403.295990 
55.700000 	126.045998 	393.000000 	392.877991 	403.295990 
55.800000 	126.045998 	393.000000 	392.877991 	403.295990 
55.900000 	126.045998 	393.000000 	392.877991 	403.295990 
56.000000 	126.045998 	393.000000 	392.877991 	403.295990 
56.100000 	126.045998 	393.000000 	392.877991 	403.295990 
56.200000 	126.045998 	393.000000 	392.877991 	403.295990 
56.300000 	126.045998 	393.000000 	392.877991 	403.295990 
56.400000 	126.045998 	393.000000 	392.877991 	403.295990 
56.500000 	125.958000 	393.000000 	392.872009 	403.342010 
56.600000 	125.958000 	393.000000 	392.872009 	403.342010 
56.700000 	125.958000 	393.000000 	392.872009 	403.342010 
56.800000 	125.958000 	393.000000 	392.872009 	403.342010 
56.900000 	125.958000 	393.000000 	392.872009 	403.342010 
57.000000 	125.958000 	393.000000 	392.872009 	403.342010 
57.100000 	125.958000 	393.000000 	392.872009 	403.342010 
57.200000 	125.958000 	393.000000 	392.872009 	403.342010 
57.300000 	125.958000 	393.000000 	392.872009 	403.342010 
57.400000 	125.958000 	393.000000 	392.872009 	403.342010 
57.500000 	125.855003 	393.000000 	392.864990 	403.386993 
57.600000 	125.855003 	393.000000 	392.864990 	403.386993 
57.700000 	125.855003 	393.000000 	392.864990 	403.386993 
57.800000 	125.855003 	393.000000 	392.864990 	403.386993 
57.900000 	125.855003 	393.000000 	392.864990 	403.386993 
58.000000 	125.855003 	393.000000 	392.864990 	403.386993 
58.100000 	125.855003 	393.000000 	392.864990 	403.386993 
58.200000 	125.855003 	393.000000 	392.864990 	403.386993 
58.300000 	125.855003 	393.000000 	392.864990 	403.386993 
58.400000 	125.855003 	393.000000 	392.864990 	403.386993 
58.500000 	125.733002 	393.000000 	392.858002 	403.432007 
58.600000 	125.733002 	393.000000 	392.858002 	403.432007 
58.700000 	125.733002 	393.000000 	392.858002 	403.432007 
58.800000 	125.733002 	393.000000 	392.858002 	403.432007 
58.900000 	125.733002 	393.000000 	392.858002 	403.432007 
59.000000 	125.733002 	393.000000 	392.858002 	403.432007 
59.100000 	125.733002 	393.000000 	392.858002 	403.432007 
59.200000 	125.733002 	393.000000 	392.858002 	403.432007 
59.300000 	125.733002 	393.000000 	392.858002 	403.432007 
59.400000 	125.733002 	393.000000 	392.858002 	403.432007 
59.500000 	125.586998 	393.000000 	392.851013 	403.476013 
59.600000 	125.586998 	393.000000 	392.851013 	403.476013 
59.700000 	125.586998 	393.000000 	392.851013 	403.476013 
59.800000 	125.586998 	393.000000 	392.851013 	403.476013 
59.900000 	125.586998 	393.000000 	392.851013 	403.476013 
60.000000 	125.586998 	393.000000 	392.851013 	403.476013 
