0.500000 	94.384598 	582.000000 	595.932983 	587.294006 
0.600000 	94.384598 	582.000000 	595.932983 	587.294006 
0.700000 	94.384598 	582.000000 	595.932983 	587.294006 
0.800000 	94.384598 	582.000000 	595.932983 	587.294006 
0.900000 	94.384598 	582.000000 	595.932983 	587.294006 
1.000000 	94.384598 	582.000000 	595.932983 	587.294006 
1.100000 	94.384598 	582.000000 	595.932983 	587.294006 
1.200000 	94.384598 	582.000000 	595.932983 	587.294006 
1.300000 	94.384598 	582.000000 	595.932983 	587.294006 
1.400000 	94.384598 	582.000000 	595.932983 	587.294006 
1.500000 	104.587997 	582.000000 	588.239990 	587.679016 
1.600000 	104.587997 	582.000000 	588.239990 	587.679016 
1.700000 	104.587997 	582.000000 	588.239990 	587.679016 
1.800000 	104.587997 	582.000000 	588.239990 	587.679016 
1.900000 	104.587997 	582.000000 	588.239990 	587.679016 
2.000000 	104.587997 	582.000000 	588.239990 	587.679016 
2.100000 	104.587997 	582.000000 	588.239990 	587.679016 
2.200000 	104.587997 	582.000000 	588.239990 	587.679016 
2.300000 	104.587997 	582.000000 	588.239990 	587.679016 
2.400000 	104.587997 	582.000000 	588.239990 	587.679016 
2.500000 	114.401001 	582.000000 	585.286011 	587.643005 
2.600000 	114.401001 	582.000000 	585.286011 	587.643005 
2.700000 	114.401001 	582.000000 	585.286011 	587.643005 
2.800000 	114.401001 	582.000000 	585.286011 	587.643005 
2.900000 	114.401001 	582.000000 	585.286011 	587.643005 
3.000000 	114.401001 	582.000000 	585.286011 	587.643005 
3.100000 	114.401001 	582.000000 	585.286011 	587.643005 
3.200000 	114.401001 	582.000000 	585.286011 	587.643005 
3.300000 	114.401001 	582.000000 	585.286011 	587.643005 
3.400000 	114.401001 	582.000000 	585.286011 	587.643005 
3.500000 	119.134003 	582.000000 	583.945007 	587.630981 
3.600000 	119.134003 	582.000000 	583.945007 	587.630981 
3.700000 	119.134003 	582.000000 	583.945007 	587.630981 
3.800000 	119.134003 	582.000000 	583.945007 	587.630981 
3.900000 	119.134003 	582.000000 	583.945007 	587.630981 
4.000000 	119.134003 	582.000000 	583.945007 	587.630981 
4.100000 	119.134003 	582.000000 	583.945007 	587.630981 
4.200000 	119.134003 	582.000000 	583.945007 	587.630981 
4.300000 	119.134003 	582.000000 	583.945007 	587.630981 
4.400000 	119.134003 	582.000000 	583.945007 	587.630981 
4.500000 	121.611000 	582.000000 	583.252014 	587.630981 
4.600000 	121.611000 	582.000000 	583.252014 	587.630981 
4.700000 	121.611000 	582.000000 	583.252014 	587.630981 
4.800000 	121.611000 	582.000000 	583.252014 	587.630981 
4.900000 	121.611000 	582.000000 	583.252014 	587.630981 
5.000000 	121.611000 	582.000000 	583.252014 	587.630981 
5.100000 	121.611000 	582.000000 	583.252014 	587.630981 
5.200000 	121.611000 	582.000000 	583.252014 	587.630981 
5.300000 	121.611000 	582.000000 	583.252014 	587.630981 
5.400000 	121.611000 	582.000000 	583.252014 	587.630981 
5.500000 	123.041000 	582.000000 	582.853027 	587.635986 
5.600000 	123.041000 	582.000000 	582.853027 	587.635986 
5.700000 	123.041000 	582.000000 	582.853027 	587.635986 
5.800000 	123.041000 	582.000000 	582.853027 	587.635986 
5.900000 	123.041000 	582.000000 	582.853027 	587.635986 
6.000000 	123.041000 	582.000000 	582.853027 	587.635986 
6.100000 	123.041000 	582.000000 	582.853027 	587.635986 
6.200000 	123.041000 	582.000000 	582.853027 	587.635986 
6.300000 	123.041000 	582.000000 	582.853027 	587.635986 
6.400000 	123.041000 	582.000000 	582.853027 	587.635986 
6.500000 	123.935997 	582.000000 	582.604004 	587.643982 
6.600000 	123.935997 	582.000000 	582.604004 	587.643982 
6.700000 	123.935997 	582.000000 	582.604004 	587.643982 
6.800000 	123.935997 	582.000000 	582.604004 	587.643982 
6.900000 	123.935997 	582.000000 	582.604004 	587.643982 
7.000000 	123.935997 	582.000000 	582.604004 	587.643982 
7.100000 	123.935997 	582.000000 	582.604004 	587.643982 
7.200000 	123.935997 	582.000000 	582.604004 	587.643982 
7.300000 	123.935997 	582.000000 	582.604004 	587.643982 
7.400000 	123.935997 	582.000000 	582.604004 	587.643982 
7.500000 	124.529999 	582.000000 	582.439026 	587.653992 
7.600000 	124.529999 	582.000000 	582.439026 	587.653992 
7.700000 	124.529999 	582.000000 	582.439026 	587.653992 
7.800000 	124.529999 	582.000000 	582.439026 	587.653992 
7.900000 	124.529999 	582.000000 	582.439026 	587.653992 
8.000000 	124.529999 	582.000000 	582.439026 	587.653992 
8.100000 	124.529999 	582.000000 	582.439026 	587.653992 
8.200000 	124.529999 	582.000000 	582.439026 	587.653992 
8.300000 	124.529999 	582.000000 	582.439026 	587.653992 
8.400000 	124.529999 	582.000000 	582.439026 	587.653992 
8.500000 	124.945999 	582.000000 	582.325012 	587.666016 
8.600000 	124.945999 	582.000000 	582.325012 	587.666016 
8.700000 	124.945999 	582.000000 	582.325012 	587.666016 
8.800000 	124.945999 	582.000000 	582.325012 	587.666016 
8.900000 	124.945999 	582.000000 	582.325012 	587.666016 
9.000000 	124.945999 	582.000000 	582.325012 	587.666016 
9.100000 	124.945999 	582.000000 	582.325012 	587.666016 
9.200000 	124.945999 	582.000000 	582.325012 	587.666016 
9.300000 	124.945999 	582.000000 	582.325012 	587.666016 
9.400000 	124.945999 	582.000000 	582.325012 	587.666016 
9.500000 	125.248001 	582.000000 	582.242004 	587.679993 
9.600000 	125.248001 	582.000000 	582.242004 	587.679993 
9.700000 	125.248001 	582.000000 	582.242004 	587.679993 
9.800000 	125.248001 	582.000000 	582.242004 	587.679993 
9.900000 	125.248001 	582.000000 	582.242004 	587.679993 
10.000000 	125.248001 	582.000000 	582.242004 	587.679993 
10.100000 	125.248001 	582.000000 	582.242004 	587.679993 
10.200000 	125.248001 	582.000000 	582.242004 	587.679993 
10.300000 	125.248001 	582.000000 	582.242004 	587.679993 
10.400000 	125.248001 	582.000000 	582.242004 	587.679993 
10.500000 	125.473999 	582.000000 	582.179993 	587.695007 
10.600000 	125.473999 	582.000000 	582.179993 	587.695007 
10.700000 	125.473999 	582.000000 	582.179993 	587.695007 
10.800000 	125.473999 	582.000000 	582.179993 	587.695007 
10.900000 	125.473999 	582.000000 	582.179993 	587.695007 
11.000000 	125.473999 	582.000000 	582.179993 	587.695007 
11.100000 	125.473999 	582.000000 	582.179993 	587.695007 
11.200000 	125.473999 	582.000000 	582.179993 	587.695007 
11.300000 	125.473999 	582.000000 	582.179993 	587.695007 
11.400000 	125.473999 	582.000000 	582.179993 	587.695007 
11.500000 	125.648003 	582.000000 	582.132996 	587.710022 
11.600000 	125.648003 	582.000000 	582.132996 	587.710022 
11.700000 	125.648003 	582.000000 	582.132996 	587.710022 
11.800000 	125.648003 	582.000000 	582.132996 	587.710022 
11.900000 	125.648003 	582.000000 	582.132996 	587.710022 
12.000000 	125.648003 	582.000000 	582.132996 	587.710022 
12.100000 	125.648003 	582.000000 	582.132996 	587.710022 
12.200000 	125.648003 	582.000000 	582.132996 	587.710022 
12.300000 	125.648003 	582.000000 	582.132996 	587.710022 
12.400000 	125.648003 	582.000000 	582.132996 	587.710022 
12.500000 	125.786003 	582.000000 	582.094971 	587.726990 
12.600000 	125.786003 	582.000000 	582.094971 	587.726990 
12.700000 	125.786003 	582.000000 	582.094971 	587.726990 
12.800000 	125.786003 	582.000000 	582.094971 	587.726990 
12.900000 	125.786003 	582.000000 	582.094971 	587.726990 
13.000000 	125.786003 	582.000000 	582.094971 	587.726990 
13.100000 	125.786003 	582.000000 	582.094971 	587.726990 
13.200000 	125.786003 	582.000000 	582.094971 	587.726990 
13.300000 	125.786003 	582.000000 	582.094971 	587.726990 
13.400000 	125.786003 	582.000000 	582.094971 	587.726990 
13.500000 	125.896004 	582.000000 	582.065979 	587.744995 
13.600000 	125.896004 	582.000000 	582.065979 	587.744995 
13.700000 	125.896004 	582.000000 	582.065979 	587.744995 
13.800000 	125.896004 	582.000000 	582.065979 	587.744995 
13.900000 	125.896004 	582.000000 	582.065979 	587.744995 
14.000000 	125.896004 	582.000000 	582.065979 	587.744995 
14.100000 	125.896004 	582.000000 	582.065979 	587.744995 
14.200000 	125.896004 	582.000000 	582.065979 	587.744995 
14.300000 	125.896004 	582.000000 	582.065979 	587.744995 
14.400000 	125.896004 	582.000000 	582.065979 	587.744995 
14.500000 	125.987000 	582.000000 	582.041992 	587.763000 
14.600000 	125.987000 	582.000000 	582.041992 	587.763000 
14.700000 	125.987000 	582.000000 	582.041992 	587.763000 
14.800000 	125.987000 	582.000000 	582.041992 	587.763000 
14.900000 	125.987000 	582.000000 	582.041992 	587.763000 
15.000000 	125.987000 	582.000000 	582.041992 	587.763000 
15.100000 	125.987000 	582.000000 	582.041992 	587.763000 
15.200000 	125.987000 	582.000000 	582.041992 	587.763000 
15.300000 	125.987000 	582.000000 	582.041992 	587.763000 
15.400000 	125.987000 	582.000000 	582.041992 	587.763000 
15.500000 	126.061996 	582.000000 	582.021973 	587.781982 
15.600000 	126.061996 	582.000000 	582.021973 	587.781982 
15.700000 	126.061996 	582.000000 	582.021973 	587.781982 
15.800000 	126.061996 	582.000000 	582.021973 	587.781982 
15.900000 	126.061996 	582.000000 	582.021973 	587.781982 
16.000000 	126.061996 	582.000000 	582.021973 	587.781982 
16.100000 	126.061996 	582.000000 	582.021973 	587.781982 
16.200000 	126.061996 	582.000000 	582.021973 	587.781982 
16.300000 	126.061996 	582.000000 	582.021973 	587.781982 
16.400000 	126.061996 	582.000000 	582.021973 	587.781982 
16.500000 	126.125000 	582.000000 	582.005005 	587.802002 
16.600000 	126.125000 	582.000000 	582.005005 	587.802002 
16.700000 	126.125000 	582.000000 	582.005005 	587.802002 
16.800000 	126.125000 	582.000000 	582.005005 	587.802002 
16.900000 	126.125000 	582.000000 	582.005005 	587.802002 
17.000000 	126.125000 	582.000000 	582.005005 	587.802002 
17.100000 	126.125000 	582.000000 	582.005005 	587.802002 
17.200000 	126.125000 	582.000000 	582.005005 	587.802002 
17.300000 	126.125000 	582.000000 	582.005005 	587.802002 
17.400000 	126.125000 	582.000000 	582.005005 	587.802002 
17.500000 	126.179001 	582.000000 	581.991028 	587.822998 
17.600000 	126.179001 	582.000000 	581.991028 	587.822998 
17.700000 	126.179001 	582.000000 	581.991028 	587.822998 
17.800000 	126.179001 	582.000000 	581.991028 	587.822998 
17.900000 	126.179001 	582.000000 	581.991028 	587.822998 
18.000000 	126.179001 	582.000000 	581.991028 	587.822998 
18.100000 	126.179001 	582.000000 	581.991028 	587.822998 
18.200000 	126.179001 	582.000000 	581.991028 	587.822998 
18.300000 	126.179001 	582.000000 	581.991028 	587.822998 
18.400000 	126.179001 	582.000000 	581.991028 	587.822998 
18.500000 	126.224998 	582.000000 	581.978027 	587.843994 
18.600000 	126.224998 	582.000000 	581.978027 	587.843994 
18.700000 	126.224998 	582.000000 	581.978027 	587.843994 
18.800000 	126.224998 	582.000000 	581.978027 	587.843994 
18.900000 	126.224998 	582.000000 	581.978027 	587.843994 
19.000000 	126.224998 	582.000000 	581.978027 	587.843994 
19.100000 	126.224998 	582.000000 	581.978027 	587.843994 
19.200000 	126.224998 	582.000000 	581.978027 	587.843994 
19.300000 	126.224998 	582.000000 	581.978027 	587.843994 
19.400000 	126.224998 	582.000000 	581.978027 	587.843994 
19.500000 	126.265999 	582.000000 	581.968018 	587.866028 
19.600000 	126.265999 	582.000000 	581.968018 	587.866028 
19.700000 	126.265999 	582.000000 	581.968018 	587.866028 
19.800000 	126.265999 	582.000000 	581.968018 	587.866028 
19.900000 	126.265999 	582.000000 	581.968018 	587.866028 
20.000000 	126.265999 	582.000000 	581.968018 	587.866028 
20.100000 	126.265999 	582.000000 	581.968018 	587.866028 
20.200000 	126.265999 	582.000000 	581.968018 	587.866028 
20.300000 	126.265999 	582.000000 	581.968018 	587.866028 
20.400000 	126.265999 	582.000000 	581.968018 	587.866028 
20.500000 	126.301003 	582.000000 	581.958008 	587.888977 
20.600000 	126.301003 	582.000000 	581.958008 	587.888977 
20.700000 	126.301003 	582.000000 	581.958008 	587.888977 
20.800000 	126.301003 	582.000000 	581.958008 	587.888977 
20.900000 	126.301003 	582.000000 	581.958008 	587.888977 
21.000000 	126.301003 	582.000000 	581.958008 	587.888977 
21.100000 	126.301003 	582.000000 	581.958008 	587.888977 
21.200000 	126.301003 	582.000000 	581.958008 	587.888977 
21.300000 	126.301003 	582.000000 	581.958008 	587.888977 
21.400000 	126.301003 	582.000000 	581.958008 	587.888977 
21.500000 	126.332001 	582.000000 	581.950012 	587.911987 
21.600000 	126.332001 	582.000000 	581.950012 	587.911987 
21.700000 	126.332001 	582.000000 	581.950012 	587.911987 
21.800000 	126.332001 	582.000000 	581.950012 	587.911987 
21.900000 	126.332001 	582.000000 	581.950012 	587.911987 
22.000000 	126.332001 	582.000000 	581.950012 	587.911987 
22.100000 	126.332001 	582.000000 	581.950012 	587.911987 
22.200000 	126.332001 	582.000000 	581.950012 	587.911987 
22.300000 	126.332001 	582.000000 	581.950012 	587.911987 
22.400000 	126.332001 	582.000000 	581.950012 	587.911987 
22.500000 	126.359001 	582.000000 	581.942993 	587.934998 
22.600000 	126.359001 	582.000000 	581.942993 	587.934998 
22.700000 	126.359001 	582.000000 	581.942993 	587.934998 
22.800000 	126.359001 	582.000000 	581.942993 	587.934998 
22.900000 	126.359001 	582.000000 	581.942993 	587.934998 
23.000000 	126.359001 	582.000000 	581.942993 	587.934998 
23.100000 	126.359001 	582.000000 	581.942993 	587.934998 
23.200000 	126.359001 	582.000000 	581.942993 	587.934998 
23.300000 	126.359001 	582.000000 	581.942993 	587.934998 
23.400000 	126.359001 	582.000000 	581.942993 	587.934998 
23.500000 	126.384003 	582.000000 	581.935974 	587.958984 
23.600000 	126.384003 	582.000000 	581.935974 	587.958984 
23.700000 	126.384003 	582.000000 	581.935974 	587.958984 
23.800000 	126.384003 	582.000000 	581.935974 	587.958984 
23.900000 	126.384003 	582.000000 	581.935974 	587.958984 
24.000000 	126.384003 	582.000000 	581.935974 	587.958984 
24.100000 	126.384003 	582.000000 	581.935974 	587.958984 
24.200000 	126.384003 	582.000000 	581.935974 	587.958984 
24.300000 	126.384003 	582.000000 	581.935974 	587.958984 
24.400000 	126.384003 	582.000000 	581.935974 	587.958984 
24.500000 	126.405998 	582.000000 	581.929016 	587.982971 
24.600000 	126.405998 	582.000000 	581.929016 	587.982971 
24.700000 	126.405998 	582.000000 	581.929016 	587.982971 
24.800000 	126.405998 	582.000000 	581.929016 	587.982971 
24.900000 	126.405998 	582.000000 	581.929016 	587.982971 
25.000000 	126.405998 	582.000000 	581.929016 	587.982971 
25.100000 	126.405998 	582.000000 	581.929016 	587.982971 
25.200000 	126.405998 	582.000000 	581.929016 	587.982971 
25.300000 	126.405998 	582.000000 	581.929016 	587.982971 
25.400000 	126.405998 	582.000000 	581.929016 	587.982971 
25.500000 	126.425003 	582.000000 	581.924011 	588.007019 
25.600000 	126.425003 	582.000000 	581.924011 	588.007019 
25.700000 	126.425003 	582.000000 	581.924011 	588.007019 
25.800000 	126.425003 	582.000000 	581.924011 	588.007019 
25.900000 	126.425003 	582.000000 	581.924011 	588.007019 
26.000000 	126.425003 	582.000000 	581.924011 	588.007019 
26.100000 	126.425003 	582.000000 	581.924011 	588.007019 
26.200000 	126.425003 	582.000000 	581.924011 	588.007019 
26.300000 	126.425003 	582.000000 	581.924011 	588.007019 
26.400000 	126.425003 	582.000000 	581.924011 	588.007019 
26.500000 	126.443001 	582.000000 	581.918030 	588.031982 
26.600000 	126.443001 	582.000000 	581.918030 	588.031982 
26.700000 	126.443001 	582.000000 	581.918030 	588.031982 
26.800000 	126.443001 	582.000000 	581.918030 	588.031982 
26.900000 	126.443001 	582.000000 	581.918030 	588.031982 
27.000000 	126.443001 	582.000000 	581.918030 	588.031982 
27.100000 	126.443001 	582.000000 	581.918030 	588.031982 
27.200000 	126.443001 	582.000000 	581.918030 	588.031982 
27.300000 	126.443001 	582.000000 	581.918030 	588.031982 
27.400000 	126.443001 	582.000000 	581.918030 	588.031982 
27.500000 	126.458000 	582.000000 	581.913025 	588.057007 
27.600000 	126.458000 	582.000000 	581.913025 	588.057007 
27.700000 	126.458000 	582.000000 	581.913025 	588.057007 
27.800000 	126.458000 	582.000000 	581.913025 	588.057007 
27.900000 	126.458000 	582.000000 	581.913025 	588.057007 
28.000000 	126.458000 	582.000000 	581.913025 	588.057007 
28.100000 	126.458000 	582.000000 	581.913025 	588.057007 
28.200000 	126.458000 	582.000000 	581.913025 	588.057007 
28.300000 	126.458000 	582.000000 	581.913025 	588.057007 
28.400000 	126.458000 	582.000000 	581.913025 	588.057007 
28.500000 	126.472000 	582.000000 	581.908020 	588.081970 
28.600000 	126.472000 	582.000000 	581.908020 	588.081970 
28.700000 	126.472000 	582.000000 	581.908020 	588.081970 
28.800000 	126.472000 	582.000000 	581.908020 	588.081970 
28.900000 	126.472000 	582.000000 	581.908020 	588.081970 
29.000000 	126.472000 	582.000000 	581.908020 	588.081970 
29.100000 	126.472000 	582.000000 	581.908020 	588.081970 
29.200000 	126.472000 	582.000000 	581.908020 	588.081970 
29.300000 	126.472000 	582.000000 	581.908020 	588.081970 
29.400000 	126.472000 	582.000000 	581.908020 	588.081970 
29.500000 	126.484001 	582.000000 	581.903015 	588.106995 
29.600000 	126.484001 	582.000000 	581.903015 	588.106995 
29.700000 	126.484001 	582.000000 	581.903015 	588.106995 
29.800000 	126.484001 	582.000000 	581.903015 	588.106995 
29.900000 	126.484001 	582.000000 	581.903015 	588.106995 
30.000000 	126.484001 	582.000000 	581.903015 	588.106995 
30.100000 	126.484001 	582.000000 	581.903015 	588.106995 
30.200000 	126.484001 	582.000000 	581.903015 	588.106995 
30.300000 	126.484001 	582.000000 	581.903015 	588.106995 
30.400000 	126.484001 	582.000000 	581.903015 	588.106995 
30.500000 	126.495003 	582.000000 	581.898010 	588.132996 
30.600000 	126.495003 	582.000000 	581.898010 	588.132996 
30.700000 	126.495003 	582.000000 	581.898010 	588.132996 
30.800000 	126.495003 	582.000000 	581.898010 	588.132996 
30.900000 	126.495003 	582.000000 	581.898010 	588.132996 
31.000000 	126.495003 	582.000000 	581.898010 	588.132996 
31.100000 	126.495003 	582.000000 	581.898010 	588.132996 
31.200000 	126.495003 	582.000000 	581.898010 	588.132996 
31.300000 	126.495003 	582.000000 	581.898010 	588.132996 
31.400000 	126.495003 	582.000000 	581.898010 	588.132996 
31.500000 	126.503998 	582.000000 	581.893982 	588.158020 
31.600000 	126.503998 	582.000000 	581.893982 	588.158020 
31.700000 	126.503998 	582.000000 	581.893982 	588.158020 
31.800000 	126.503998 	582.000000 	581.893982 	588.158020 
31.900000 	126.503998 	582.000000 	581.893982 	588.158020 
32.000000 	126.503998 	582.000000 	581.893982 	588.158020 
32.100000 	126.503998 	582.000000 	581.893982 	588.158020 
32.200000 	126.503998 	582.000000 	581.893982 	588.158020 
32.300000 	126.503998 	582.000000 	581.893982 	588.158020 
32.400000 	126.503998 	582.000000 	581.893982 	588.158020 
32.500000 	126.512001 	582.000000 	581.888977 	588.184021 
32.600000 	126.512001 	582.000000 	581.888977 	588.184021 
32.700000 	126.512001 	582.000000 	581.888977 	588.184021 
32.800000 	126.512001 	582.000000 	581.888977 	588.184021 
32.900000 	126.512001 	582.000000 	581.888977 	588.184021 
33.000000 	126.512001 	582.000000 	581.888977 	588.184021 
33.100000 	126.512001 	582.000000 	581.888977 	588.184021 
33.200000 	126.512001 	582.000000 	581.888977 	588.184021 
33.300000 	126.512001 	582.000000 	581.888977 	588.184021 
33.400000 	126.512001 	582.000000 	581.888977 	588.184021 
33.500000 	126.517998 	582.000000 	581.885010 	588.210022 
33.600000 	126.517998 	582.000000 	581.885010 	588.210022 
33.700000 	126.517998 	582.000000 	581.885010 	588.210022 
33.800000 	126.517998 	582.000000 	581.885010 	588.210022 
33.900000 	126.517998 	582.000000 	581.885010 	588.210022 
34.000000 	126.517998 	582.000000 	581.885010 	588.210022 
34.100000 	126.517998 	582.000000 	581.885010 	588.210022 
34.200000 	126.517998 	582.000000 	581.885010 	588.210022 
34.300000 	126.517998 	582.000000 	581.885010 	588.210022 
34.400000 	126.517998 	582.000000 	581.885010 	588.210022 
34.500000 	126.523003 	582.000000 	581.880005 	588.234985 
34.600000 	126.523003 	582.000000 	581.880005 	588.234985 
34.700000 	126.523003 	582.000000 	581.880005 	588.234985 
34.800000 	126.523003 	582.000000 	581.880005 	588.234985 
34.900000 	126.523003 	582.000000 	581.880005 	588.234985 
35.000000 	126.523003 	582.000000 	581.880005 	588.234985 
35.100000 	126.523003 	582.000000 	581.880005 	588.234985 
35.200000 	126.523003 	582.000000 	581.880005 	588.234985 
35.300000 	126.523003 	582.000000 	581.880005 	588.234985 
35.400000 	126.523003 	582.000000 	581.880005 	588.234985 
35.500000 	126.526001 	582.000000 	581.875977 	588.260986 
35.600000 	126.526001 	582.000000 	581.875977 	588.260986 
35.700000 	126.526001 	582.000000 	581.875977 	588.260986 
35.800000 	126.526001 	582.000000 	581.875977 	588.260986 
35.900000 	126.526001 	582.000000 	581.875977 	588.260986 
36.000000 	126.526001 	582.000000 	581.875977 	588.260986 
36.100000 	126.526001 	582.000000 	581.875977 	588.260986 
36.200000 	126.526001 	582.000000 	581.875977 	588.260986 
36.300000 	126.526001 	582.000000 	581.875977 	588.260986 
36.400000 	126.526001 	582.000000 	581.875977 	588.260986 
36.500000 	126.528000 	582.000000 	581.870972 	588.286987 
36.600000 	126.528000 	582.000000 	581.870972 	588.286987 
36.700000 	126.528000 	582.000000 	581.870972 	588.286987 
36.800000 	126.528000 	582.000000 	581.870972 	588.286987 
36.900000 	126.528000 	582.000000 	581.870972 	588.286987 
37.000000 	126.528000 	582.000000 	581.870972 	588.286987 
37.100000 	126.528000 	582.000000 	581.870972 	588.286987 
37.200000 	126.528000 	582.000000 	581.870972 	588.286987 
37.300000 	126.528000 	582.000000 	581.870972 	588.286987 
37.400000 	126.528000 	582.000000 	581.870972 	588.286987 
37.500000 	126.528999 	582.000000 	581.866028 	588.312012 
37.600000 	126.528999 	582.000000 	581.866028 	588.312012 
37.700000 	126.528999 	582.000000 	581.866028 	588.312012 
37.800000 	126.528999 	582.000000 	581.866028 	588.312012 
37.900000 	126.528999 	582.000000 	581.866028 	588.312012 
38.000000 	126.528999 	582.000000 	581.866028 	588.312012 
38.100000 	126.528999 	582.000000 	581.866028 	588.312012 
38.200000 	126.528999 	582.000000 	581.866028 	588.312012 
38.300000 	126.528999 	582.000000 	581.866028 	588.312012 
38.400000 	126.528999 	582.000000 	581.866028 	588.312012 
38.500000 	126.527000 	582.000000 	581.862000 	588.338013 
38.600000 	126.527000 	582.000000 	581.862000 	588.338013 
38.700000 	126.527000 	582.000000 	581.862000 	588.338013 
38.800000 	126.527000 	582.000000 	581.862000 	588.338013 
38.900000 	126.527000 	582.000000 	581.862000 	588.338013 
39.000000 	126.527000 	582.000000 	581.862000 	588.338013 
39.100000 	126.527000 	582.000000 	581.862000 	588.338013 
39.200000 	126.527000 	582.000000 	581.862000 	588.338013 
39.300000 	126.527000 	582.000000 	581.862000 	588.338013 
39.400000 	126.527000 	582.000000 	581.862000 	588.338013 
39.500000 	126.524002 	582.000000 	581.856995 	588.362976 
39.600000 	126.524002 	582.000000 	581.856995 	588.362976 
39.700000 	126.524002 	582.000000 	581.856995 	588.362976 
39.800000 	126.524002 	582.000000 	581.856995 	588.362976 
39.900000 	126.524002 	582.000000 	581.856995 	588.362976 
40.000000 	126.524002 	582.000000 	581.856995 	588.362976 
40.100000 	126.524002 	582.000000 	581.856995 	588.362976 
40.200000 	126.524002 	582.000000 	581.856995 	588.362976 
40.300000 	126.524002 	582.000000 	581.856995 	588.362976 
40.400000 	126.524002 	582.000000 	581.856995 	588.362976 
40.500000 	126.518997 	582.000000 	581.851990 	588.388977 
40.600000 	126.518997 	582.000000 	581.851990 	588.388977 
40.700000 	126.518997 	582.000000 	581.851990 	588.388977 
40.800000 	126.518997 	582.000000 	581.851990 	588.388977 
40.900000 	126.518997 	582.000000 	581.851990 	588.388977 
41.000000 	126.518997 	582.000000 	581.851990 	588.388977 
41.100000 	126.518997 	582.000000 	581.851990 	588.388977 
41.200000 	126.518997 	582.000000 	581.851990 	588.388977 
41.300000 	126.518997 	582.000000 	581.851990 	588.388977 
41.400000 	126.518997 	582.000000 	581.851990 	588.388977 
41.500000 	126.512001 	582.000000 	581.846008 	588.414001 
41.600000 	126.512001 	582.000000 	581.846008 	588.414001 
41.700000 	126.512001 	582.000000 	581.846008 	588.414001 
41.800000 	126.512001 	582.000000 	581.846008 	588.414001 
41.900000 	126.512001 	582.000000 	581.846008 	588.414001 
42.000000 	126.512001 	582.000000 	581.846008 	588.414001 
42.100000 	126.512001 	582.000000 	581.846008 	588.414001 
42.200000 	126.512001 	582.000000 	581.846008 	588.414001 
42.300000 	126.512001 	582.000000 	581.846008 	588.414001 
42.400000 	126.512001 	582.000000 	581.846008 	588.414001 
42.500000 	126.501999 	582.000000 	581.841003 	588.439026 
42.600000 	126.501999 	582.000000 	581.841003 	588.439026 
42.700000 	126.501999 	582.000000 	581.841003 	588.439026 
42.800000 	126.501999 	582.000000 	581.841003 	588.439026 
42.900000 	126.501999 	582.000000 	581.841003 	588.439026 
43.000000 	126.501999 	582.000000 	581.841003 	588.439026 
43.100000 	126.501999 	582.000000 	581.841003 	588.439026 
43.200000 	126.501999 	582.000000 	581.841003 	588.439026 
43.300000 	126.501999 	582.000000 	581.841003 	588.439026 
43.400000 	126.501999 	582.000000 	581.841003 	588.439026 
43.500000 	126.489998 	582.000000 	581.835999 	588.463013 
43.600000 	126.489998 	582.000000 	581.835999 	588.463013 
43.700000 	126.489998 	582.000000 	581.835999 	588.463013 
43.800000 	126.489998 	582.000000 	581.835999 	588.463013 
43.900000 	126.489998 	582.000000 	581.835999 	588.463013 
44.000000 	126.489998 	582.000000 	581.835999 	588.463013 
44.100000 	126.489998 	582.000000 	581.835999 	588.463013 
44.200000 	126.489998 	582.000000 	581.835999 	588.463013 
44.300000 	126.489998 	582.000000 	581.835999 	588.463013 
44.400000 	126.489998 	582.000000 	581.835999 	588.463013 
44.500000 	126.475998 	582.000000 	581.830017 	588.487976 
44.600000 	126.475998 	582.000000 	581.830017 	588.487976 
44.700000 	126.475998 	582.000000 	581.830017 	588.487976 
44.800000 	126.475998 	582.000000 	581.830017 	588.487976 
44.900000 	126.475998 	582.000000 	581.830017 	588.487976 
45.000000 	126.475998 	582.000000 	581.830017 	588.487976 
45.100000 	126.475998 	582.000000 	581.830017 	588.487976 
45.200000 	126.475998 	582.000000 	581.830017 	588.487976 
45.300000 	126.475998 	582.000000 	581.830017 	588.487976 
45.400000 	126.475998 	582.000000 	581.830017 	588.487976 
45.500000 	126.459000 	582.000000 	581.823975 	588.512024 
45.600000 	126.459000 	582.000000 	581.823975 	588.512024 
45.700000 	126.459000 	582.000000 	581.823975 	588.512024 
45.800000 	126.459000 	582.000000 	581.823975 	588.512024 
45.900000 	126.459000 	582.000000 	581.823975 	588.512024 
46.000000 	126.459000 	582.000000 	581.823975 	588.512024 
46.100000 	126.459000 	582.000000 	581.823975 	588.512024 
46.200000 	126.459000 	582.000000 	581.823975 	588.512024 
46.300000 	126.459000 	582.000000 	581.823975 	588.512024 
46.400000 	126.459000 	582.000000 	581.823975 	588.512024 
46.500000 	126.438004 	582.000000 	581.817993 	588.536011 
46.600000 	126.438004 	582.000000 	581.817993 	588.536011 
46.700000 	126.438004 	582.000000 	581.817993 	588.536011 
46.800000 	126.438004 	582.000000 	581.817993 	588.536011 
46.900000 	126.438004 	582.000000 	581.817993 	588.536011 
47.000000 	126.438004 	582.000000 	581.817993 	588.536011 
47.100000 	126.438004 	582.000000 	581.817993 	588.536011 
47.200000 	126.438004 	582.000000 	581.817993 	588.536011 
47.300000 	126.438004 	582.000000 	581.817993 	588.536011 
47.400000 	126.438004 	582.000000 	581.817993 	588.536011 
47.500000 	126.414001 	582.000000 	581.812012 	588.559021 
47.600000 	126.414001 	582.000000 	581.812012 	588.559021 
47.700000 	126.414001 	582.000000 	581.812012 	588.559021 
47.800000 	126.414001 	582.000000 	581.812012 	588.559021 
47.900000 	126.414001 	582.000000 	581.812012 	588.559021 
48.000000 	126.414001 	582.000000 	581.812012 	588.559021 
48.100000 	126.414001 	582.000000 	581.812012 	588.559021 
48.200000 	126.414001 	582.000000 	581.812012 	588.559021 
48.300000 	126.414001 	582.000000 	581.812012 	588.559021 
48.400000 	126.414001 	582.000000 	581.812012 	588.559021 
48.500000 	126.386002 	582.000000 	581.804993 	588.583008 
48.600000 	126.386002 	582.000000 	581.804993 	588.583008 
48.700000 	126.386002 	582.000000 	581.804993 	588.583008 
48.800000 	126.386002 	582.000000 	581.804993 	588.583008 
48.900000 	126.386002 	582.000000 	581.804993 	588.583008 
49.000000 	126.386002 	582.000000 	581.804993 	588.583008 
49.100000 	126.386002 	582.000000 	581.804993 	588.583008 
49.200000 	126.386002 	582.000000 	581.804993 	588.583008 
49.300000 	126.386002 	582.000000 	581.804993 	588.583008 
49.400000 	126.386002 	582.000000 	581.804993 	588.583008 
49.500000 	126.353996 	582.000000 	581.799011 	588.604980 
49.600000 	126.353996 	582.000000 	581.799011 	588.604980 
49.700000 	126.353996 	582.000000 	581.799011 	588.604980 
49.800000 	126.353996 	582.000000 	581.799011 	588.604980 
49.900000 	126.353996 	582.000000 	581.799011 	588.604980 
50.000000 	126.353996 	582.000000 	581.799011 	588.604980 
50.100000 	126.353996 	582.000000 	581.799011 	588.604980 
50.200000 	126.353996 	582.000000 	581.799011 	588.604980 
50.300000 	126.353996 	582.000000 	581.799011 	588.604980 
50.400000 	126.353996 	582.000000 	581.799011 	588.604980 
50.500000 	126.316002 	582.000000 	581.791992 	588.627991 
50.600000 	126.316002 	582.000000 	581.791992 	588.627991 
50.700000 	126.316002 	582.000000 	581.791992 	588.627991 
50.800000 	126.316002 	582.000000 	581.791992 	588.627991 
50.900000 	126.316002 	582.000000 	581.791992 	588.627991 
51.000000 	126.316002 	582.000000 	581.791992 	588.627991 
51.100000 	126.316002 	582.000000 	581.791992 	588.627991 
51.200000 	126.316002 	582.000000 	581.791992 	588.627991 
51.300000 	126.316002 	582.000000 	581.791992 	588.627991 
51.400000 	126.316002 	582.000000 	581.791992 	588.627991 
51.500000 	126.273003 	582.000000 	581.783997 	588.650024 
51.600000 	126.273003 	582.000000 	581.783997 	588.650024 
51.700000 	126.273003 	582.000000 	581.783997 	588.650024 
51.800000 	126.273003 	582.000000 	581.783997 	588.650024 
51.900000 	126.273003 	582.000000 	581.783997 	588.650024 
52.000000 	126.273003 	582.000000 	581.783997 	588.650024 
52.100000 	126.273003 	582.000000 	581.783997 	588.650024 
52.200000 	126.273003 	582.000000 	581.783997 	588.650024 
52.300000 	126.273003 	582.000000 	581.783997 	588.650024 
52.400000 	126.273003 	582.000000 	581.783997 	588.650024 
52.500000 	126.223000 	582.000000 	581.776978 	588.671997 
52.600000 	126.223000 	582.000000 	581.776978 	588.671997 
52.700000 	126.223000 	582.000000 	581.776978 	588.671997 
52.800000 	126.223000 	582.000000 	581.776978 	588.671997 
52.900000 	126.223000 	582.000000 	581.776978 	588.671997 
53.000000 	126.223000 	582.000000 	581.776978 	588.671997 
53.100000 	126.223000 	582.000000 	581.776978 	588.671997 
53.200000 	126.223000 	582.000000 	581.776978 	588.671997 
53.300000 	126.223000 	582.000000 	581.776978 	588.671997 
53.400000 	126.223000 	582.000000 	581.776978 	588.671997 
53.500000 	126.166000 	582.000000 	581.768982 	588.692993 
53.600000 	126.166000 	582.000000 	581.768982 	588.692993 
53.700000 	126.166000 	582.000000 	581.768982 	588.692993 
53.800000 	126.166000 	582.000000 	581.768982 	588.692993 
53.900000 	126.166000 	582.000000 	581.768982 	588.692993 
54.000000 	126.166000 	582.000000 	581.768982 	588.692993 
54.100000 	126.166000 	582.000000 	581.768982 	588.692993 
54.200000 	126.166000 	582.000000 	581.768982 	588.692993 
54.300000 	126.166000 	582.000000 	581.768982 	588.692993 
54.400000 	126.166000 	582.000000 	581.768982 	588.692993 
54.500000 	126.099998 	582.000000 	581.760986 	588.713013 
54.600000 	126.099998 	582.000000 	581.760986 	588.713013 
54.700000 	126.099998 	582.000000 	581.760986 	588.713013 
54.800000 	126.099998 	582.000000 	581.760986 	588.713013 
54.900000 	126.099998 	582.000000 	581.760986 	588.713013 
55.000000 	126.099998 	582.000000 	581.760986 	588.713013 
55.100000 	126.099998 	582.000000 	581.760986 	588.713013 
55.200000 	126.099998 	582.000000 	581.760986 	588.713013 
55.300000 	126.099998 	582.000000 	581.760986 	588.713013 
55.400000 	126.099998 	582.000000 	581.760986 	588.713013 
55.500000 	126.023003 	582.000000 	581.752014 	588.734009 
55.600000 	126.023003 	582.000000 	581.752014 	588.734009 
55.700000 	126.023003 	582.000000 	581.752014 	588.734009 
55.800000 	126.023003 	582.000000 	581.752014 	588.734009 
55.900000 	126.023003 	582.000000 	581.752014 	588.734009 
56.000000 	126.023003 	582.000000 	581.752014 	588.734009 
56.100000 	126.023003 	582.000000 	581.752014 	588.734009 
56.200000 	126.023003 	582.000000 	581.752014 	588.734009 
56.300000 	126.023003 	582.000000 	581.752014 	588.734009 
56.400000 	126.023003 	582.000000 	581.752014 	588.734009 
56.500000 	125.933998 	582.000000 	581.742981 	588.752991 
56.600000 	125.933998 	582.000000 	581.742981 	588.752991 
56.700000 	125.933998 	582.000000 	581.742981 	588.752991 
56.800000 	125.933998 	582.000000 	581.742981 	588.752991 
56.900000 	125.933998 	582.000000 	581.742981 	588.752991 
57.000000 	125.933998 	582.000000 	581.742981 	588.752991 
57.100000 	125.933998 	582.000000 	581.742981 	588.752991 
57.200000 	125.933998 	582.000000 	581.742981 	588.752991 
57.300000 	125.933998 	582.000000 	581.742981 	588.752991 
57.400000 	125.933998 	582.000000 	581.742981 	588.752991 
57.500000 	125.830002 	582.000000 	581.734009 	588.771973 
57.600000 	125.830002 	582.000000 	581.734009 	588.771973 
57.700000 	125.830002 	582.000000 	581.734009 	588.771973 
57.800000 	125.830002 	582.000000 	581.734009 	588.771973 
57.900000 	125.830002 	582.000000 	581.734009 	588.771973 
58.000000 	125.830002 	582.000000 	581.734009 	588.771973 
58.100000 	125.830002 	582.000000 	581.734009 	588.771973 
58.200000 	125.830002 	582.000000 	581.734009 	588.771973 
58.300000 	125.830002 	582.000000 	581.734009 	588.771973 
58.400000 	125.830002 	582.000000 	581.734009 	588.771973 
58.500000 	125.707001 	582.000000 	581.723999 	588.791016 
58.600000 	125.707001 	582.000000 	581.723999 	588.791016 
58.700000 	125.707001 	582.000000 	581.723999 	588.791016 
58.800000 	125.707001 	582.000000 	581.723999 	588.791016 
58.900000 	125.707001 	582.000000 	581.723999 	588.791016 
59.000000 	125.707001 	582.000000 	581.723999 	588.791016 
59.100000 	125.707001 	582.000000 	581.723999 	588.791016 
59.200000 	125.707001 	582.000000 	581.723999 	588.791016 
59.300000 	125.707001 	582.000000 	581.723999 	588.791016 
59.400000 	125.707001 	582.000000 	581.723999 	588.791016 
59.500000 	125.559998 	582.000000 	581.713989 	588.809021 
59.600000 	125.559998 	582.000000 	581.713989 	588.809021 
59.700000 	125.559998 	582.000000 	581.713989 	588.809021 
59.800000 	125.559998 	582.000000 	581.713989 	588.809021 
59.900000 	125.559998 	582.000000 	581.713989 	588.809021 
60.000000 	125.559998 	582.000000 	581.713989 	588.809021 
