0.500000 	94.594002 	733.000000 	741.978027 	736.010010 
0.600000 	94.594002 	733.000000 	741.978027 	736.010010 
0.700000 	94.594002 	733.000000 	741.978027 	736.010010 
0.800000 	94.594002 	733.000000 	741.978027 	736.010010 
0.900000 	94.594002 	733.000000 	741.978027 	736.010010 
1.000000 	94.594002 	733.000000 	741.978027 	736.010010 
1.100000 	94.594002 	733.000000 	741.978027 	736.010010 
1.200000 	94.594002 	733.000000 	741.978027 	736.010010 
1.300000 	94.594002 	733.000000 	741.978027 	736.010010 
1.400000 	94.594002 	733.000000 	741.978027 	736.010010 
1.500000 	104.931999 	733.000000 	737.291016 	737.112976 
1.600000 	104.931999 	733.000000 	737.291016 	737.112976 
1.700000 	104.931999 	733.000000 	737.291016 	737.112976 
1.800000 	104.931999 	733.000000 	737.291016 	737.112976 
1.900000 	104.931999 	733.000000 	737.291016 	737.112976 
2.000000 	104.931999 	733.000000 	737.291016 	737.112976 
2.100000 	104.931999 	733.000000 	737.291016 	737.112976 
2.200000 	104.931999 	733.000000 	737.291016 	737.112976 
2.300000 	104.931999 	733.000000 	737.291016 	737.112976 
2.400000 	104.931999 	733.000000 	737.291016 	737.112976 
2.500000 	114.639000 	733.000000 	735.208008 	737.229980 
2.600000 	114.639000 	733.000000 	735.208008 	737.229980 
2.700000 	114.639000 	733.000000 	735.208008 	737.229980 
2.800000 	114.639000 	733.000000 	735.208008 	737.229980 
2.900000 	114.639000 	733.000000 	735.208008 	737.229980 
3.000000 	114.639000 	733.000000 	735.208008 	737.229980 
3.100000 	114.639000 	733.000000 	735.208008 	737.229980 
3.200000 	114.639000 	733.000000 	735.208008 	737.229980 
3.300000 	114.639000 	733.000000 	735.208008 	737.229980 
3.400000 	114.639000 	733.000000 	735.208008 	737.229980 
3.500000 	119.293999 	733.000000 	734.252014 	737.278992 
3.600000 	119.293999 	733.000000 	734.252014 	737.278992 
3.700000 	119.293999 	733.000000 	734.252014 	737.278992 
3.800000 	119.293999 	733.000000 	734.252014 	737.278992 
3.900000 	119.293999 	733.000000 	734.252014 	737.278992 
4.000000 	119.293999 	733.000000 	734.252014 	737.278992 
4.100000 	119.293999 	733.000000 	734.252014 	737.278992 
4.200000 	119.293999 	733.000000 	734.252014 	737.278992 
4.300000 	119.293999 	733.000000 	734.252014 	737.278992 
4.400000 	119.293999 	733.000000 	734.252014 	737.278992 
4.500000 	121.723999 	733.000000 	733.758972 	737.309021 
4.600000 	121.723999 	733.000000 	733.758972 	737.309021 
4.700000 	121.723999 	733.000000 	733.758972 	737.309021 
4.800000 	121.723999 	733.000000 	733.758972 	737.309021 
4.900000 	121.723999 	733.000000 	733.758972 	737.309021 
5.000000 	121.723999 	733.000000 	733.758972 	737.309021 
5.100000 	121.723999 	733.000000 	733.758972 	737.309021 
5.200000 	121.723999 	733.000000 	733.758972 	737.309021 
5.300000 	121.723999 	733.000000 	733.758972 	737.309021 
5.400000 	121.723999 	733.000000 	733.758972 	737.309021 
5.500000 	123.125000 	733.000000 	733.476990 	737.330017 
5.600000 	123.125000 	733.000000 	733.476990 	737.330017 
5.700000 	123.125000 	733.000000 	733.476990 	737.330017 
5.800000 	123.125000 	733.000000 	733.476990 	737.330017 
5.900000 	123.125000 	733.000000 	733.476990 	737.330017 
6.000000 	123.125000 	733.000000 	733.476990 	737.330017 
6.100000 	123.125000 	733.000000 	733.476990 	737.330017 
6.200000 	123.125000 	733.000000 	733.476990 	737.330017 
6.300000 	123.125000 	733.000000 	733.476990 	737.330017 
6.400000 	123.125000 	733.000000 	733.476990 	737.330017 
6.500000 	124.000000 	733.000000 	733.302002 	737.348022 
6.600000 	124.000000 	733.000000 	733.302002 	737.348022 
6.700000 	124.000000 	733.000000 	733.302002 	737.348022 
6.800000 	124.000000 	733.000000 	733.302002 	737.348022 
6.900000 	124.000000 	733.000000 	733.302002 	737.348022 
7.000000 	124.000000 	733.000000 	733.302002 	737.348022 
7.100000 	124.000000 	733.000000 	733.302002 	737.348022 
7.200000 	124.000000 	733.000000 	733.302002 	737.348022 
7.300000 	124.000000 	733.000000 	733.302002 	737.348022 
7.400000 	124.000000 	733.000000 	733.302002 	737.348022 
7.500000 	124.582001 	733.000000 	733.185974 	737.362976 
7.600000 	124.582001 	733.000000 	733.185974 	737.362976 
7.700000 	124.582001 	733.000000 	733.185974 	737.362976 
7.800000 	124.582001 	733.000000 	733.185974 	737.362976 
7.900000 	124.582001 	733.000000 	733.185974 	737.362976 
8.000000 	124.582001 	733.000000 	733.185974 	737.362976 
8.100000 	124.582001 	733.000000 	733.185974 	737.362976 
8.200000 	124.582001 	733.000000 	733.185974 	737.362976 
8.300000 	124.582001 	733.000000 	733.185974 	737.362976 
8.400000 	124.582001 	733.000000 	733.185974 	737.362976 
8.500000 	124.987999 	733.000000 	733.106018 	737.375977 
8.600000 	124.987999 	733.000000 	733.106018 	737.375977 
8.700000 	124.987999 	733.000000 	733.106018 	737.375977 
8.800000 	124.987999 	733.000000 	733.106018 	737.375977 
8.900000 	124.987999 	733.000000 	733.106018 	737.375977 
9.000000 	124.987999 	733.000000 	733.106018 	737.375977 
9.100000 	124.987999 	733.000000 	733.106018 	737.375977 
9.200000 	124.987999 	733.000000 	733.106018 	737.375977 
9.300000 	124.987999 	733.000000 	733.106018 	737.375977 
9.400000 	124.987999 	733.000000 	733.106018 	737.375977 
9.500000 	125.282997 	733.000000 	733.049011 	737.390015 
9.600000 	125.282997 	733.000000 	733.049011 	737.390015 
9.700000 	125.282997 	733.000000 	733.049011 	737.390015 
9.800000 	125.282997 	733.000000 	733.049011 	737.390015 
9.900000 	125.282997 	733.000000 	733.049011 	737.390015 
10.000000 	125.282997 	733.000000 	733.049011 	737.390015 
10.100000 	125.282997 	733.000000 	733.049011 	737.390015 
10.200000 	125.282997 	733.000000 	733.049011 	737.390015 
10.300000 	125.282997 	733.000000 	733.049011 	737.390015 
10.400000 	125.282997 	733.000000 	733.049011 	737.390015 
10.500000 	125.504997 	733.000000 	733.005005 	737.414978 
10.600000 	125.504997 	733.000000 	733.005005 	737.414978 
10.700000 	125.504997 	733.000000 	733.005005 	737.414978 
10.800000 	125.504997 	733.000000 	733.005005 	737.414978 
10.900000 	125.504997 	733.000000 	733.005005 	737.414978 
11.000000 	125.504997 	733.000000 	733.005005 	737.414978 
11.100000 	125.504997 	733.000000 	733.005005 	737.414978 
11.200000 	125.504997 	733.000000 	733.005005 	737.414978 
11.300000 	125.504997 	733.000000 	733.005005 	737.414978 
11.400000 	125.504997 	733.000000 	733.005005 	737.414978 
11.500000 	125.675003 	733.000000 	732.971985 	737.427979 
11.600000 	125.675003 	733.000000 	732.971985 	737.427979 
11.700000 	125.675003 	733.000000 	732.971985 	737.427979 
11.800000 	125.675003 	733.000000 	732.971985 	737.427979 
11.900000 	125.675003 	733.000000 	732.971985 	737.427979 
12.000000 	125.675003 	733.000000 	732.971985 	737.427979 
12.100000 	125.675003 	733.000000 	732.971985 	737.427979 
12.200000 	125.675003 	733.000000 	732.971985 	737.427979 
12.300000 	125.675003 	733.000000 	732.971985 	737.427979 
12.400000 	125.675003 	733.000000 	732.971985 	737.427979 
12.500000 	125.808998 	733.000000 	732.945984 	737.440979 
12.600000 	125.808998 	733.000000 	732.945984 	737.440979 
12.700000 	125.808998 	733.000000 	732.945984 	737.440979 
12.800000 	125.808998 	733.000000 	732.945984 	737.440979 
12.900000 	125.808998 	733.000000 	732.945984 	737.440979 
13.000000 	125.808998 	733.000000 	732.945984 	737.440979 
13.100000 	125.808998 	733.000000 	732.945984 	737.440979 
13.200000 	125.808998 	733.000000 	732.945984 	737.440979 
13.300000 	125.808998 	733.000000 	732.945984 	737.440979 
13.400000 	125.808998 	733.000000 	732.945984 	737.440979 
13.500000 	125.917000 	733.000000 	732.924988 	737.453979 
13.600000 	125.917000 	733.000000 	732.924988 	737.453979 
13.700000 	125.917000 	733.000000 	732.924988 	737.453979 
13.800000 	125.917000 	733.000000 	732.924988 	737.453979 
13.900000 	125.917000 	733.000000 	732.924988 	737.453979 
14.000000 	125.917000 	733.000000 	732.924988 	737.453979 
14.100000 	125.917000 	733.000000 	732.924988 	737.453979 
14.200000 	125.917000 	733.000000 	732.924988 	737.453979 
14.300000 	125.917000 	733.000000 	732.924988 	737.453979 
14.400000 	125.917000 	733.000000 	732.924988 	737.453979 
14.500000 	126.004997 	733.000000 	732.906982 	737.468018 
14.600000 	126.004997 	733.000000 	732.906982 	737.468018 
14.700000 	126.004997 	733.000000 	732.906982 	737.468018 
14.800000 	126.004997 	733.000000 	732.906982 	737.468018 
14.900000 	126.004997 	733.000000 	732.906982 	737.468018 
15.000000 	126.004997 	733.000000 	732.906982 	737.468018 
15.100000 	126.004997 	733.000000 	732.906982 	737.468018 
15.200000 	126.004997 	733.000000 	732.906982 	737.468018 
15.300000 	126.004997 	733.000000 	732.906982 	737.468018 
15.400000 	126.004997 	733.000000 	732.906982 	737.468018 
15.500000 	126.078003 	733.000000 	732.893005 	737.481018 
15.600000 	126.078003 	733.000000 	732.893005 	737.481018 
15.700000 	126.078003 	733.000000 	732.893005 	737.481018 
15.800000 	126.078003 	733.000000 	732.893005 	737.481018 
15.900000 	126.078003 	733.000000 	732.893005 	737.481018 
16.000000 	126.078003 	733.000000 	732.893005 	737.481018 
16.100000 	126.078003 	733.000000 	732.893005 	737.481018 
16.200000 	126.078003 	733.000000 	732.893005 	737.481018 
16.300000 	126.078003 	733.000000 	732.893005 	737.481018 
16.400000 	126.078003 	733.000000 	732.893005 	737.481018 
16.500000 	126.139999 	733.000000 	732.880005 	737.494995 
16.600000 	126.139999 	733.000000 	732.880005 	737.494995 
16.700000 	126.139999 	733.000000 	732.880005 	737.494995 
16.800000 	126.139999 	733.000000 	732.880005 	737.494995 
16.900000 	126.139999 	733.000000 	732.880005 	737.494995 
17.000000 	126.139999 	733.000000 	732.880005 	737.494995 
17.100000 	126.139999 	733.000000 	732.880005 	737.494995 
17.200000 	126.139999 	733.000000 	732.880005 	737.494995 
17.300000 	126.139999 	733.000000 	732.880005 	737.494995 
17.400000 	126.139999 	733.000000 	732.880005 	737.494995 
17.500000 	126.193001 	733.000000 	732.869019 	737.508972 
17.600000 	126.193001 	733.000000 	732.869019 	737.508972 
17.700000 	126.193001 	733.000000 	732.869019 	737.508972 
17.800000 	126.193001 	733.000000 	732.869019 	737.508972 
17.900000 	126.193001 	733.000000 	732.869019 	737.508972 
18.000000 	126.193001 	733.000000 	732.869019 	737.508972 
18.100000 	126.193001 	733.000000 	732.869019 	737.508972 
18.200000 	126.193001 	733.000000 	732.869019 	737.508972 
18.300000 	126.193001 	733.000000 	732.869019 	737.508972 
18.400000 	126.193001 	733.000000 	732.869019 	737.508972 
18.500000 	126.237999 	733.000000 	732.859009 	737.523010 
18.600000 	126.237999 	733.000000 	732.859009 	737.523010 
18.700000 	126.237999 	733.000000 	732.859009 	737.523010 
18.800000 	126.237999 	733.000000 	732.859009 	737.523010 
18.900000 	126.237999 	733.000000 	732.859009 	737.523010 
19.000000 	126.237999 	733.000000 	732.859009 	737.523010 
19.100000 	126.237999 	733.000000 	732.859009 	737.523010 
19.200000 	126.237999 	733.000000 	732.859009 	737.523010 
19.300000 	126.237999 	733.000000 	732.859009 	737.523010 
19.400000 	126.237999 	733.000000 	732.859009 	737.523010 
19.500000 	126.277000 	733.000000 	732.851013 	737.536987 
19.600000 	126.277000 	733.000000 	732.851013 	737.536987 
19.700000 	126.277000 	733.000000 	732.851013 	737.536987 
19.800000 	126.277000 	733.000000 	732.851013 	737.536987 
19.900000 	126.277000 	733.000000 	732.851013 	737.536987 
20.000000 	126.277000 	733.000000 	732.851013 	737.536987 
20.100000 	126.277000 	733.000000 	732.851013 	737.536987 
20.200000 	126.277000 	733.000000 	732.851013 	737.536987 
20.300000 	126.277000 	733.000000 	732.851013 	737.536987 
20.400000 	126.277000 	733.000000 	732.851013 	737.536987 
20.500000 	126.310997 	733.000000 	732.843018 	737.552002 
20.600000 	126.310997 	733.000000 	732.843018 	737.552002 
20.700000 	126.310997 	733.000000 	732.843018 	737.552002 
20.800000 	126.310997 	733.000000 	732.843018 	737.552002 
20.900000 	126.310997 	733.000000 	732.843018 	737.552002 
21.000000 	126.310997 	733.000000 	732.843018 	737.552002 
21.100000 	126.310997 	733.000000 	732.843018 	737.552002 
21.200000 	126.310997 	733.000000 	732.843018 	737.552002 
21.300000 	126.310997 	733.000000 	732.843018 	737.552002 
21.400000 	126.310997 	733.000000 	732.843018 	737.552002 
21.500000 	126.341003 	733.000000 	732.835022 	737.565979 
21.600000 	126.341003 	733.000000 	732.835022 	737.565979 
21.700000 	126.341003 	733.000000 	732.835022 	737.565979 
21.800000 	126.341003 	733.000000 	732.835022 	737.565979 
21.900000 	126.341003 	733.000000 	732.835022 	737.565979 
22.000000 	126.341003 	733.000000 	732.835022 	737.565979 
22.100000 	126.341003 	733.000000 	732.835022 	737.565979 
22.200000 	126.341003 	733.000000 	732.835022 	737.565979 
22.300000 	126.341003 	733.000000 	732.835022 	737.565979 
22.400000 	126.341003 	733.000000 	732.835022 	737.565979 
22.500000 	126.367996 	733.000000 	732.828003 	737.580994 
22.600000 	126.367996 	733.000000 	732.828003 	737.580994 
22.700000 	126.367996 	733.000000 	732.828003 	737.580994 
22.800000 	126.367996 	733.000000 	732.828003 	737.580994 
22.900000 	126.367996 	733.000000 	732.828003 	737.580994 
23.000000 	126.367996 	733.000000 	732.828003 	737.580994 
23.100000 	126.367996 	733.000000 	732.828003 	737.580994 
23.200000 	126.367996 	733.000000 	732.828003 	737.580994 
23.300000 	126.367996 	733.000000 	732.828003 	737.580994 
23.400000 	126.367996 	733.000000 	732.828003 	737.580994 
23.500000 	126.390999 	733.000000 	732.820984 	737.594971 
23.600000 	126.390999 	733.000000 	732.820984 	737.594971 
23.700000 	126.390999 	733.000000 	732.820984 	737.594971 
23.800000 	126.390999 	733.000000 	732.820984 	737.594971 
23.900000 	126.390999 	733.000000 	732.820984 	737.594971 
24.000000 	126.390999 	733.000000 	732.820984 	737.594971 
24.100000 	126.390999 	733.000000 	732.820984 	737.594971 
24.200000 	126.390999 	733.000000 	732.820984 	737.594971 
24.300000 	126.390999 	733.000000 	732.820984 	737.594971 
24.400000 	126.390999 	733.000000 	732.820984 	737.594971 
24.500000 	126.412003 	733.000000 	732.815002 	737.609985 
24.600000 	126.412003 	733.000000 	732.815002 	737.609985 
24.700000 	126.412003 	733.000000 	732.815002 	737.609985 
24.800000 	126.412003 	733.000000 	732.815002 	737.609985 
24.900000 	126.412003 	733.000000 	732.815002 	737.609985 
25.000000 	126.412003 	733.000000 	732.815002 	737.609985 
25.100000 	126.412003 	733.000000 	732.815002 	737.609985 
25.200000 	126.412003 	733.000000 	732.815002 	737.609985 
25.300000 	126.412003 	733.000000 	732.815002 	737.609985 
25.400000 	126.412003 	733.000000 	732.815002 	737.609985 
25.500000 	126.431000 	733.000000 	732.809021 	737.625000 
25.600000 	126.431000 	733.000000 	732.809021 	737.625000 
25.700000 	126.431000 	733.000000 	732.809021 	737.625000 
25.800000 	126.431000 	733.000000 	732.809021 	737.625000 
25.900000 	126.431000 	733.000000 	732.809021 	737.625000 
26.000000 	126.431000 	733.000000 	732.809021 	737.625000 
26.100000 	126.431000 	733.000000 	732.809021 	737.625000 
26.200000 	126.431000 	733.000000 	732.809021 	737.625000 
26.300000 	126.431000 	733.000000 	732.809021 	737.625000 
26.400000 	126.431000 	733.000000 	732.809021 	737.625000 
26.500000 	126.447998 	733.000000 	732.802002 	737.638977 
26.600000 	126.447998 	733.000000 	732.802002 	737.638977 
26.700000 	126.447998 	733.000000 	732.802002 	737.638977 
26.800000 	126.447998 	733.000000 	732.802002 	737.638977 
26.900000 	126.447998 	733.000000 	732.802002 	737.638977 
27.000000 	126.447998 	733.000000 	732.802002 	737.638977 
27.100000 	126.447998 	733.000000 	732.802002 	737.638977 
27.200000 	126.447998 	733.000000 	732.802002 	737.638977 
27.300000 	126.447998 	733.000000 	732.802002 	737.638977 
27.400000 	126.447998 	733.000000 	732.802002 	737.638977 
27.500000 	126.462997 	733.000000 	732.796021 	737.653992 
27.600000 	126.462997 	733.000000 	732.796021 	737.653992 
27.700000 	126.462997 	733.000000 	732.796021 	737.653992 
27.800000 	126.462997 	733.000000 	732.796021 	737.653992 
27.900000 	126.462997 	733.000000 	732.796021 	737.653992 
28.000000 	126.462997 	733.000000 	732.796021 	737.653992 
28.100000 	126.462997 	733.000000 	732.796021 	737.653992 
28.200000 	126.462997 	733.000000 	732.796021 	737.653992 
28.300000 	126.462997 	733.000000 	732.796021 	737.653992 
28.400000 	126.462997 	733.000000 	732.796021 	737.653992 
28.500000 	126.475998 	733.000000 	732.789978 	737.669006 
28.600000 	126.475998 	733.000000 	732.789978 	737.669006 
28.700000 	126.475998 	733.000000 	732.789978 	737.669006 
28.800000 	126.475998 	733.000000 	732.789978 	737.669006 
28.900000 	126.475998 	733.000000 	732.789978 	737.669006 
29.000000 	126.475998 	733.000000 	732.789978 	737.669006 
29.100000 	126.475998 	733.000000 	732.789978 	737.669006 
29.200000 	126.475998 	733.000000 	732.789978 	737.669006 
29.300000 	126.475998 	733.000000 	732.789978 	737.669006 
29.400000 	126.475998 	733.000000 	732.789978 	737.669006 
29.500000 	126.487999 	733.000000 	732.783997 	737.682983 
29.600000 	126.487999 	733.000000 	732.783997 	737.682983 
29.700000 	126.487999 	733.000000 	732.783997 	737.682983 
29.800000 	126.487999 	733.000000 	732.783997 	737.682983 
29.900000 	126.487999 	733.000000 	732.783997 	737.682983 
30.000000 	126.487999 	733.000000 	732.783997 	737.682983 
30.100000 	126.487999 	733.000000 	732.783997 	737.682983 
30.200000 	126.487999 	733.000000 	732.783997 	737.682983 
30.300000 	126.487999 	733.000000 	732.783997 	737.682983 
30.400000 	126.487999 	733.000000 	732.783997 	737.682983 
30.500000 	126.498001 	733.000000 	732.778015 	737.697021 
30.600000 	126.498001 	733.000000 	732.778015 	737.697021 
30.700000 	126.498001 	733.000000 	732.778015 	737.697021 
30.800000 	126.498001 	733.000000 	732.778015 	737.697021 
30.900000 	126.498001 	733.000000 	732.778015 	737.697021 
31.000000 	126.498001 	733.000000 	732.778015 	737.697021 
31.100000 	126.498001 	733.000000 	732.778015 	737.697021 
31.200000 	126.498001 	733.000000 	732.778015 	737.697021 
31.300000 	126.498001 	733.000000 	732.778015 	737.697021 
31.400000 	126.498001 	733.000000 	732.778015 	737.697021 
31.500000 	126.505997 	733.000000 	732.771973 	737.711975 
31.600000 	126.505997 	733.000000 	732.771973 	737.711975 
31.700000 	126.505997 	733.000000 	732.771973 	737.711975 
31.800000 	126.505997 	733.000000 	732.771973 	737.711975 
31.900000 	126.505997 	733.000000 	732.771973 	737.711975 
32.000000 	126.505997 	733.000000 	732.771973 	737.711975 
32.100000 	126.505997 	733.000000 	732.771973 	737.711975 
32.200000 	126.505997 	733.000000 	732.771973 	737.711975 
32.300000 	126.505997 	733.000000 	732.771973 	737.711975 
32.400000 	126.505997 	733.000000 	732.771973 	737.711975 
32.500000 	126.514000 	733.000000 	732.765015 	737.726013 
32.600000 	126.514000 	733.000000 	732.765015 	737.726013 
32.700000 	126.514000 	733.000000 	732.765015 	737.726013 
32.800000 	126.514000 	733.000000 	732.765015 	737.726013 
32.900000 	126.514000 	733.000000 	732.765015 	737.726013 
33.000000 	126.514000 	733.000000 	732.765015 	737.726013 
33.100000 	126.514000 	733.000000 	732.765015 	737.726013 
33.200000 	126.514000 	733.000000 	732.765015 	737.726013 
33.300000 	126.514000 	733.000000 	732.765015 	737.726013 
33.400000 	126.514000 	733.000000 	732.765015 	737.726013 
33.500000 	126.518997 	733.000000 	732.758972 	737.739990 
33.600000 	126.518997 	733.000000 	732.758972 	737.739990 
33.700000 	126.518997 	733.000000 	732.758972 	737.739990 
33.800000 	126.518997 	733.000000 	732.758972 	737.739990 
33.900000 	126.518997 	733.000000 	732.758972 	737.739990 
34.000000 	126.518997 	733.000000 	732.758972 	737.739990 
34.100000 	126.518997 	733.000000 	732.758972 	737.739990 
34.200000 	126.518997 	733.000000 	732.758972 	737.739990 
34.300000 	126.518997 	733.000000 	732.758972 	737.739990 
34.400000 	126.518997 	733.000000 	732.758972 	737.739990 
34.500000 	126.524002 	733.000000 	732.752014 	737.752991 
34.600000 	126.524002 	733.000000 	732.752014 	737.752991 
34.700000 	126.524002 	733.000000 	732.752014 	737.752991 
34.800000 	126.524002 	733.000000 	732.752014 	737.752991 
34.900000 	126.524002 	733.000000 	732.752014 	737.752991 
35.000000 	126.524002 	733.000000 	732.752014 	737.752991 
35.100000 	126.524002 	733.000000 	732.752014 	737.752991 
35.200000 	126.524002 	733.000000 	732.752014 	737.752991 
35.300000 	126.524002 	733.000000 	732.752014 	737.752991 
35.400000 	126.524002 	733.000000 	732.752014 	737.752991 
35.500000 	126.527000 	733.000000 	732.744995 	737.767029 
35.600000 	126.527000 	733.000000 	732.744995 	737.767029 
35.700000 	126.527000 	733.000000 	732.744995 	737.767029 
35.800000 	126.527000 	733.000000 	732.744995 	737.767029 
35.900000 	126.527000 	733.000000 	732.744995 	737.767029 
36.000000 	126.527000 	733.000000 	732.744995 	737.767029 
36.100000 	126.527000 	733.000000 	732.744995 	737.767029 
36.200000 	126.527000 	733.000000 	732.744995 	737.767029 
36.300000 	126.527000 	733.000000 	732.744995 	737.767029 
36.400000 	126.527000 	733.000000 	732.744995 	737.767029 
36.500000 	126.528000 	733.000000 	732.737976 	737.780029 
36.600000 	126.528000 	733.000000 	732.737976 	737.780029 
36.700000 	126.528000 	733.000000 	732.737976 	737.780029 
36.800000 	126.528000 	733.000000 	732.737976 	737.780029 
36.900000 	126.528000 	733.000000 	732.737976 	737.780029 
37.000000 	126.528000 	733.000000 	732.737976 	737.780029 
37.100000 	126.528000 	733.000000 	732.737976 	737.780029 
37.200000 	126.528000 	733.000000 	732.737976 	737.780029 
37.300000 	126.528000 	733.000000 	732.737976 	737.780029 
37.400000 	126.528000 	733.000000 	732.737976 	737.780029 
37.500000 	126.528000 	733.000000 	732.731018 	737.793030 
37.600000 	126.528000 	733.000000 	732.731018 	737.793030 
37.700000 	126.528000 	733.000000 	732.731018 	737.793030 
37.800000 	126.528000 	733.000000 	732.731018 	737.793030 
37.900000 	126.528000 	733.000000 	732.731018 	737.793030 
38.000000 	126.528000 	733.000000 	732.731018 	737.793030 
38.100000 	126.528000 	733.000000 	732.731018 	737.793030 
38.200000 	126.528000 	733.000000 	732.731018 	737.793030 
38.300000 	126.528000 	733.000000 	732.731018 	737.793030 
38.400000 	126.528000 	733.000000 	732.731018 	737.793030 
38.500000 	126.526001 	733.000000 	732.723022 	737.806030 
38.600000 	126.526001 	733.000000 	732.723022 	737.806030 
38.700000 	126.526001 	733.000000 	732.723022 	737.806030 
38.800000 	126.526001 	733.000000 	732.723022 	737.806030 
38.900000 	126.526001 	733.000000 	732.723022 	737.806030 
39.000000 	126.526001 	733.000000 	732.723022 	737.806030 
39.100000 	126.526001 	733.000000 	732.723022 	737.806030 
39.200000 	126.526001 	733.000000 	732.723022 	737.806030 
39.300000 	126.526001 	733.000000 	732.723022 	737.806030 
39.400000 	126.526001 	733.000000 	732.723022 	737.806030 
39.500000 	126.522003 	733.000000 	732.716003 	737.817993 
39.600000 	126.522003 	733.000000 	732.716003 	737.817993 
39.700000 	126.522003 	733.000000 	732.716003 	737.817993 
39.800000 	126.522003 	733.000000 	732.716003 	737.817993 
39.900000 	126.522003 	733.000000 	732.716003 	737.817993 
40.000000 	126.522003 	733.000000 	732.716003 	737.817993 
40.100000 	126.522003 	733.000000 	732.716003 	737.817993 
40.200000 	126.522003 	733.000000 	732.716003 	737.817993 
40.300000 	126.522003 	733.000000 	732.716003 	737.817993 
40.400000 	126.522003 	733.000000 	732.716003 	737.817993 
40.500000 	126.515999 	733.000000 	732.708008 	737.830017 
40.600000 	126.515999 	733.000000 	732.708008 	737.830017 
40.700000 	126.515999 	733.000000 	732.708008 	737.830017 
40.800000 	126.515999 	733.000000 	732.708008 	737.830017 
40.900000 	126.515999 	733.000000 	732.708008 	737.830017 
41.000000 	126.515999 	733.000000 	732.708008 	737.830017 
41.100000 	126.515999 	733.000000 	732.708008 	737.830017 
41.200000 	126.515999 	733.000000 	732.708008 	737.830017 
41.300000 	126.515999 	733.000000 	732.708008 	737.830017 
41.400000 	126.515999 	733.000000 	732.708008 	737.830017 
41.500000 	126.508003 	733.000000 	732.700012 	737.841980 
41.600000 	126.508003 	733.000000 	732.700012 	737.841980 
41.700000 	126.508003 	733.000000 	732.700012 	737.841980 
41.800000 	126.508003 	733.000000 	732.700012 	737.841980 
41.900000 	126.508003 	733.000000 	732.700012 	737.841980 
42.000000 	126.508003 	733.000000 	732.700012 	737.841980 
42.100000 	126.508003 	733.000000 	732.700012 	737.841980 
42.200000 	126.508003 	733.000000 	732.700012 	737.841980 
42.300000 	126.508003 	733.000000 	732.700012 	737.841980 
42.400000 	126.508003 	733.000000 	732.700012 	737.841980 
42.500000 	126.499001 	733.000000 	732.690979 	737.853027 
42.600000 	126.499001 	733.000000 	732.690979 	737.853027 
42.700000 	126.499001 	733.000000 	732.690979 	737.853027 
42.800000 	126.499001 	733.000000 	732.690979 	737.853027 
42.900000 	126.499001 	733.000000 	732.690979 	737.853027 
43.000000 	126.499001 	733.000000 	732.690979 	737.853027 
43.100000 	126.499001 	733.000000 	732.690979 	737.853027 
43.200000 	126.499001 	733.000000 	732.690979 	737.853027 
43.300000 	126.499001 	733.000000 	732.690979 	737.853027 
43.400000 	126.499001 	733.000000 	732.690979 	737.853027 
43.500000 	126.486000 	733.000000 	732.682007 	737.864014 
43.600000 	126.486000 	733.000000 	732.682007 	737.864014 
43.700000 	126.486000 	733.000000 	732.682007 	737.864014 
43.800000 	126.486000 	733.000000 	732.682007 	737.864014 
43.900000 	126.486000 	733.000000 	732.682007 	737.864014 
44.000000 	126.486000 	733.000000 	732.682007 	737.864014 
44.100000 	126.486000 	733.000000 	732.682007 	737.864014 
44.200000 	126.486000 	733.000000 	732.682007 	737.864014 
44.300000 	126.486000 	733.000000 	732.682007 	737.864014 
44.400000 	126.486000 	733.000000 	732.682007 	737.864014 
44.500000 	126.471001 	733.000000 	732.672974 	737.874023 
44.600000 	126.471001 	733.000000 	732.672974 	737.874023 
44.700000 	126.471001 	733.000000 	732.672974 	737.874023 
44.800000 	126.471001 	733.000000 	732.672974 	737.874023 
44.900000 	126.471001 	733.000000 	732.672974 	737.874023 
45.000000 	126.471001 	733.000000 	732.672974 	737.874023 
45.100000 	126.471001 	733.000000 	732.672974 	737.874023 
45.200000 	126.471001 	733.000000 	732.672974 	737.874023 
45.300000 	126.471001 	733.000000 	732.672974 	737.874023 
45.400000 	126.471001 	733.000000 	732.672974 	737.874023 
45.500000 	126.453003 	733.000000 	732.664001 	737.883972 
45.600000 	126.453003 	733.000000 	732.664001 	737.883972 
45.700000 	126.453003 	733.000000 	732.664001 	737.883972 
45.800000 	126.453003 	733.000000 	732.664001 	737.883972 
45.900000 	126.453003 	733.000000 	732.664001 	737.883972 
46.000000 	126.453003 	733.000000 	732.664001 	737.883972 
46.100000 	126.453003 	733.000000 	732.664001 	737.883972 
46.200000 	126.453003 	733.000000 	732.664001 	737.883972 
46.300000 	126.453003 	733.000000 	732.664001 	737.883972 
46.400000 	126.453003 	733.000000 	732.664001 	737.883972 
46.500000 	126.431999 	733.000000 	732.653992 	737.893982 
46.600000 	126.431999 	733.000000 	732.653992 	737.893982 
46.700000 	126.431999 	733.000000 	732.653992 	737.893982 
46.800000 	126.431999 	733.000000 	732.653992 	737.893982 
46.900000 	126.431999 	733.000000 	732.653992 	737.893982 
47.000000 	126.431999 	733.000000 	732.653992 	737.893982 
47.100000 	126.431999 	733.000000 	732.653992 	737.893982 
47.200000 	126.431999 	733.000000 	732.653992 	737.893982 
47.300000 	126.431999 	733.000000 	732.653992 	737.893982 
47.400000 	126.431999 	733.000000 	732.653992 	737.893982 
47.500000 	126.407997 	733.000000 	732.643982 	737.903015 
47.600000 	126.407997 	733.000000 	732.643982 	737.903015 
47.700000 	126.407997 	733.000000 	732.643982 	737.903015 
47.800000 	126.407997 	733.000000 	732.643982 	737.903015 
47.900000 	126.407997 	733.000000 	732.643982 	737.903015 
48.000000 	126.407997 	733.000000 	732.643982 	737.903015 
48.100000 	126.407997 	733.000000 	732.643982 	737.903015 
48.200000 	126.407997 	733.000000 	732.643982 	737.903015 
48.300000 	126.407997 	733.000000 	732.643982 	737.903015 
48.400000 	126.407997 	733.000000 	732.643982 	737.903015 
48.500000 	126.378998 	733.000000 	732.632996 	737.911011 
48.600000 	126.378998 	733.000000 	732.632996 	737.911011 
48.700000 	126.378998 	733.000000 	732.632996 	737.911011 
48.800000 	126.378998 	733.000000 	732.632996 	737.911011 
48.900000 	126.378998 	733.000000 	732.632996 	737.911011 
49.000000 	126.378998 	733.000000 	732.632996 	737.911011 
49.100000 	126.378998 	733.000000 	732.632996 	737.911011 
49.200000 	126.378998 	733.000000 	732.632996 	737.911011 
49.300000 	126.378998 	733.000000 	732.632996 	737.911011 
49.400000 	126.378998 	733.000000 	732.632996 	737.911011 
49.500000 	126.346001 	733.000000 	732.622009 	737.919006 
49.600000 	126.346001 	733.000000 	732.622009 	737.919006 
49.700000 	126.346001 	733.000000 	732.622009 	737.919006 
49.800000 	126.346001 	733.000000 	732.622009 	737.919006 
49.900000 	126.346001 	733.000000 	732.622009 	737.919006 
50.000000 	126.346001 	733.000000 	732.622009 	737.919006 
50.100000 	126.346001 	733.000000 	732.622009 	737.919006 
50.200000 	126.346001 	733.000000 	732.622009 	737.919006 
50.300000 	126.346001 	733.000000 	732.622009 	737.919006 
50.400000 	126.346001 	733.000000 	732.622009 	737.919006 
50.500000 	126.307999 	733.000000 	732.611023 	737.927002 
50.600000 	126.307999 	733.000000 	732.611023 	737.927002 
50.700000 	126.307999 	733.000000 	732.611023 	737.927002 
50.800000 	126.307999 	733.000000 	732.611023 	737.927002 
50.900000 	126.307999 	733.000000 	732.611023 	737.927002 
51.000000 	126.307999 	733.000000 	732.611023 	737.927002 
51.100000 	126.307999 	733.000000 	732.611023 	737.927002 
51.200000 	126.307999 	733.000000 	732.611023 	737.927002 
51.300000 	126.307999 	733.000000 	732.611023 	737.927002 
51.400000 	126.307999 	733.000000 	732.611023 	737.927002 
51.500000 	126.264999 	733.000000 	732.598999 	737.934021 
51.600000 	126.264999 	733.000000 	732.598999 	737.934021 
51.700000 	126.264999 	733.000000 	732.598999 	737.934021 
51.800000 	126.264999 	733.000000 	732.598999 	737.934021 
51.900000 	126.264999 	733.000000 	732.598999 	737.934021 
52.000000 	126.264999 	733.000000 	732.598999 	737.934021 
52.100000 	126.264999 	733.000000 	732.598999 	737.934021 
52.200000 	126.264999 	733.000000 	732.598999 	737.934021 
52.300000 	126.264999 	733.000000 	732.598999 	737.934021 
52.400000 	126.264999 	733.000000 	732.598999 	737.934021 
52.500000 	126.213997 	733.000000 	732.586975 	737.940002 
52.600000 	126.213997 	733.000000 	732.586975 	737.940002 
52.700000 	126.213997 	733.000000 	732.586975 	737.940002 
52.800000 	126.213997 	733.000000 	732.586975 	737.940002 
52.900000 	126.213997 	733.000000 	732.586975 	737.940002 
53.000000 	126.213997 	733.000000 	732.586975 	737.940002 
53.100000 	126.213997 	733.000000 	732.586975 	737.940002 
53.200000 	126.213997 	733.000000 	732.586975 	737.940002 
53.300000 	126.213997 	733.000000 	732.586975 	737.940002 
53.400000 	126.213997 	733.000000 	732.586975 	737.940002 
53.500000 	126.156998 	733.000000 	732.575012 	737.945984 
53.600000 	126.156998 	733.000000 	732.575012 	737.945984 
53.700000 	126.156998 	733.000000 	732.575012 	737.945984 
53.800000 	126.156998 	733.000000 	732.575012 	737.945984 
53.900000 	126.156998 	733.000000 	732.575012 	737.945984 
54.000000 	126.156998 	733.000000 	732.575012 	737.945984 
54.100000 	126.156998 	733.000000 	732.575012 	737.945984 
54.200000 	126.156998 	733.000000 	732.575012 	737.945984 
54.300000 	126.156998 	733.000000 	732.575012 	737.945984 
54.400000 	126.156998 	733.000000 	732.575012 	737.945984 
54.500000 	126.089996 	733.000000 	732.562012 	737.950989 
54.600000 	126.089996 	733.000000 	732.562012 	737.950989 
54.700000 	126.089996 	733.000000 	732.562012 	737.950989 
54.800000 	126.089996 	733.000000 	732.562012 	737.950989 
54.900000 	126.089996 	733.000000 	732.562012 	737.950989 
55.000000 	126.089996 	733.000000 	732.562012 	737.950989 
55.100000 	126.089996 	733.000000 	732.562012 	737.950989 
55.200000 	126.089996 	733.000000 	732.562012 	737.950989 
55.300000 	126.089996 	733.000000 	732.562012 	737.950989 
55.400000 	126.089996 	733.000000 	732.562012 	737.950989 
55.500000 	126.013000 	733.000000 	732.547974 	737.955017 
55.600000 	126.013000 	733.000000 	732.547974 	737.955017 
55.700000 	126.013000 	733.000000 	732.547974 	737.955017 
55.800000 	126.013000 	733.000000 	732.547974 	737.955017 
55.900000 	126.013000 	733.000000 	732.547974 	737.955017 
56.000000 	126.013000 	733.000000 	732.547974 	737.955017 
56.100000 	126.013000 	733.000000 	732.547974 	737.955017 
56.200000 	126.013000 	733.000000 	732.547974 	737.955017 
56.300000 	126.013000 	733.000000 	732.547974 	737.955017 
56.400000 	126.013000 	733.000000 	732.547974 	737.955017 
56.500000 	125.924004 	733.000000 	732.533997 	737.958984 
56.600000 	125.924004 	733.000000 	732.533997 	737.958984 
56.700000 	125.924004 	733.000000 	732.533997 	737.958984 
56.800000 	125.924004 	733.000000 	732.533997 	737.958984 
56.900000 	125.924004 	733.000000 	732.533997 	737.958984 
57.000000 	125.924004 	733.000000 	732.533997 	737.958984 
57.100000 	125.924004 	733.000000 	732.533997 	737.958984 
57.200000 	125.924004 	733.000000 	732.533997 	737.958984 
57.300000 	125.924004 	733.000000 	732.533997 	737.958984 
57.400000 	125.924004 	733.000000 	732.533997 	737.958984 
57.500000 	125.819000 	733.000000 	732.518982 	737.961975 
57.600000 	125.819000 	733.000000 	732.518982 	737.961975 
57.700000 	125.819000 	733.000000 	732.518982 	737.961975 
57.800000 	125.819000 	733.000000 	732.518982 	737.961975 
57.900000 	125.819000 	733.000000 	732.518982 	737.961975 
58.000000 	125.819000 	733.000000 	732.518982 	737.961975 
58.100000 	125.819000 	733.000000 	732.518982 	737.961975 
58.200000 	125.819000 	733.000000 	732.518982 	737.961975 
58.300000 	125.819000 	733.000000 	732.518982 	737.961975 
58.400000 	125.819000 	733.000000 	732.518982 	737.961975 
58.500000 	125.695000 	733.000000 	732.504028 	737.963989 
58.600000 	125.695000 	733.000000 	732.504028 	737.963989 
58.700000 	125.695000 	733.000000 	732.504028 	737.963989 
58.800000 	125.695000 	733.000000 	732.504028 	737.963989 
58.900000 	125.695000 	733.000000 	732.504028 	737.963989 
59.000000 	125.695000 	733.000000 	732.504028 	737.963989 
59.100000 	125.695000 	733.000000 	732.504028 	737.963989 
59.200000 	125.695000 	733.000000 	732.504028 	737.963989 
59.300000 	125.695000 	733.000000 	732.504028 	737.963989 
59.400000 	125.695000 	733.000000 	732.504028 	737.963989 
59.500000 	125.547997 	733.000000 	732.487976 	737.966003 
59.600000 	125.547997 	733.000000 	732.487976 	737.966003 
59.700000 	125.547997 	733.000000 	732.487976 	737.966003 
59.800000 	125.547997 	733.000000 	732.487976 	737.966003 
59.900000 	125.547997 	733.000000 	732.487976 	737.966003 
60.000000 	125.547997 	733.000000 	732.487976 	737.966003 
