0.500000 	91.803703 	290.000000 	321.951996 	297.834015 
0.600000 	91.803703 	290.000000 	321.951996 	297.834015 
0.700000 	91.803703 	290.000000 	321.951996 	297.834015 
0.800000 	91.803703 	290.000000 	321.951996 	297.834015 
0.900000 	91.803703 	290.000000 	321.951996 	297.834015 
1.000000 	91.803703 	290.000000 	321.951996 	297.834015 
1.100000 	91.803703 	290.000000 	321.951996 	297.834015 
1.200000 	91.803703 	290.000000 	321.951996 	297.834015 
1.300000 	91.803703 	290.000000 	321.951996 	297.834015 
1.400000 	91.803703 	290.000000 	321.951996 	297.834015 
1.500000 	101.647003 	290.000000 	304.378998 	300.070007 
1.600000 	101.647003 	290.000000 	304.378998 	300.070007 
1.700000 	101.647003 	290.000000 	304.378998 	300.070007 
1.800000 	101.647003 	290.000000 	304.378998 	300.070007 
1.900000 	101.647003 	290.000000 	304.378998 	300.070007 
2.000000 	101.647003 	290.000000 	304.378998 	300.070007 
2.100000 	101.647003 	290.000000 	304.378998 	300.070007 
2.200000 	101.647003 	290.000000 	304.378998 	300.070007 
2.300000 	101.647003 	290.000000 	304.378998 	300.070007 
2.400000 	101.647003 	290.000000 	304.378998 	300.070007 
2.500000 	112.334999 	290.000000 	297.860992 	300.455994 
2.600000 	112.334999 	290.000000 	297.860992 	300.455994 
2.700000 	112.334999 	290.000000 	297.860992 	300.455994 
2.800000 	112.334999 	290.000000 	297.860992 	300.455994 
2.900000 	112.334999 	290.000000 	297.860992 	300.455994 
3.000000 	112.334999 	290.000000 	297.860992 	300.455994 
3.100000 	112.334999 	290.000000 	297.860992 	300.455994 
3.200000 	112.334999 	290.000000 	297.860992 	300.455994 
3.300000 	112.334999 	290.000000 	297.860992 	300.455994 
3.400000 	112.334999 	290.000000 	297.860992 	300.455994 
3.500000 	117.731003 	290.000000 	294.799988 	300.600006 
3.600000 	117.731003 	290.000000 	294.799988 	300.600006 
3.700000 	117.731003 	290.000000 	294.799988 	300.600006 
3.800000 	117.731003 	290.000000 	294.799988 	300.600006 
3.900000 	117.731003 	290.000000 	294.799988 	300.600006 
4.000000 	117.731003 	290.000000 	294.799988 	300.600006 
4.100000 	117.731003 	290.000000 	294.799988 	300.600006 
4.200000 	117.731003 	290.000000 	294.799988 	300.600006 
4.300000 	117.731003 	290.000000 	294.799988 	300.600006 
4.400000 	117.731003 	290.000000 	294.799988 	300.600006 
4.500000 	120.620003 	290.000000 	293.178986 	300.678986 
4.600000 	120.620003 	290.000000 	293.178986 	300.678986 
4.700000 	120.620003 	290.000000 	293.178986 	300.678986 
4.800000 	120.620003 	290.000000 	293.178986 	300.678986 
4.900000 	120.620003 	290.000000 	293.178986 	300.678986 
5.000000 	120.620003 	290.000000 	293.178986 	300.678986 
5.100000 	120.620003 	290.000000 	293.178986 	300.678986 
5.200000 	120.620003 	290.000000 	293.178986 	300.678986 
5.300000 	120.620003 	290.000000 	293.178986 	300.678986 
5.400000 	120.620003 	290.000000 	293.178986 	300.678986 
5.500000 	122.309998 	290.000000 	292.233002 	300.733002 
5.600000 	122.309998 	290.000000 	292.233002 	300.733002 
5.700000 	122.309998 	290.000000 	292.233002 	300.733002 
5.800000 	122.309998 	290.000000 	292.233002 	300.733002 
5.900000 	122.309998 	290.000000 	292.233002 	300.733002 
6.000000 	122.309998 	290.000000 	292.233002 	300.733002 
6.100000 	122.309998 	290.000000 	292.233002 	300.733002 
6.200000 	122.309998 	290.000000 	292.233002 	300.733002 
6.300000 	122.309998 	290.000000 	292.233002 	300.733002 
6.400000 	122.309998 	290.000000 	292.233002 	300.733002 
6.500000 	123.375999 	290.000000 	291.638000 	300.778992 
6.600000 	123.375999 	290.000000 	291.638000 	300.778992 
6.700000 	123.375999 	290.000000 	291.638000 	300.778992 
6.800000 	123.375999 	290.000000 	291.638000 	300.778992 
6.900000 	123.375999 	290.000000 	291.638000 	300.778992 
7.000000 	123.375999 	290.000000 	291.638000 	300.778992 
7.100000 	123.375999 	290.000000 	291.638000 	300.778992 
7.200000 	123.375999 	290.000000 	291.638000 	300.778992 
7.300000 	123.375999 	290.000000 	291.638000 	300.778992 
7.400000 	123.375999 	290.000000 	291.638000 	300.778992 
7.500000 	124.088997 	290.000000 	291.239990 	300.821014 
7.600000 	124.088997 	290.000000 	291.239990 	300.821014 
7.700000 	124.088997 	290.000000 	291.239990 	300.821014 
7.800000 	124.088997 	290.000000 	291.239990 	300.821014 
7.900000 	124.088997 	290.000000 	291.239990 	300.821014 
8.000000 	124.088997 	290.000000 	291.239990 	300.821014 
8.100000 	124.088997 	290.000000 	291.239990 	300.821014 
8.200000 	124.088997 	290.000000 	291.239990 	300.821014 
8.300000 	124.088997 	290.000000 	291.239990 	300.821014 
8.400000 	124.088997 	290.000000 	291.239990 	300.821014 
8.500000 	124.588997 	290.000000 	290.962006 	300.862000 
8.600000 	124.588997 	290.000000 	290.962006 	300.862000 
8.700000 	124.588997 	290.000000 	290.962006 	300.862000 
8.800000 	124.588997 	290.000000 	290.962006 	300.862000 
8.900000 	124.588997 	290.000000 	290.962006 	300.862000 
9.000000 	124.588997 	290.000000 	290.962006 	300.862000 
9.100000 	124.588997 	290.000000 	290.962006 	300.862000 
9.200000 	124.588997 	290.000000 	290.962006 	300.862000 
9.300000 	124.588997 	290.000000 	290.962006 	300.862000 
9.400000 	124.588997 	290.000000 	290.962006 	300.862000 
9.500000 	124.952003 	290.000000 	290.760986 	300.903992 
9.600000 	124.952003 	290.000000 	290.760986 	300.903992 
9.700000 	124.952003 	290.000000 	290.760986 	300.903992 
9.800000 	124.952003 	290.000000 	290.760986 	300.903992 
9.900000 	124.952003 	290.000000 	290.760986 	300.903992 
10.000000 	124.952003 	290.000000 	290.760986 	300.903992 
10.100000 	124.952003 	290.000000 	290.760986 	300.903992 
10.200000 	124.952003 	290.000000 	290.760986 	300.903992 
10.300000 	124.952003 	290.000000 	290.760986 	300.903992 
10.400000 	124.952003 	290.000000 	290.760986 	300.903992 
10.500000 	125.225998 	290.000000 	290.609985 	300.947998 
10.600000 	125.225998 	290.000000 	290.609985 	300.947998 
10.700000 	125.225998 	290.000000 	290.609985 	300.947998 
10.800000 	125.225998 	290.000000 	290.609985 	300.947998 
10.900000 	125.225998 	290.000000 	290.609985 	300.947998 
11.000000 	125.225998 	290.000000 	290.609985 	300.947998 
11.100000 	125.225998 	290.000000 	290.609985 	300.947998 
11.200000 	125.225998 	290.000000 	290.609985 	300.947998 
11.300000 	125.225998 	290.000000 	290.609985 	300.947998 
11.400000 	125.225998 	290.000000 	290.609985 	300.947998 
11.500000 	125.436996 	290.000000 	290.493988 	300.993011 
11.600000 	125.436996 	290.000000 	290.493988 	300.993011 
11.700000 	125.436996 	290.000000 	290.493988 	300.993011 
11.800000 	125.436996 	290.000000 	290.493988 	300.993011 
11.900000 	125.436996 	290.000000 	290.493988 	300.993011 
12.000000 	125.436996 	290.000000 	290.493988 	300.993011 
12.100000 	125.436996 	290.000000 	290.493988 	300.993011 
12.200000 	125.436996 	290.000000 	290.493988 	300.993011 
12.300000 	125.436996 	290.000000 	290.493988 	300.993011 
12.400000 	125.436996 	290.000000 	290.493988 	300.993011 
12.500000 	125.603996 	290.000000 	290.403015 	301.039001 
12.600000 	125.603996 	290.000000 	290.403015 	301.039001 
12.700000 	125.603996 	290.000000 	290.403015 	301.039001 
12.800000 	125.603996 	290.000000 	290.403015 	301.039001 
12.900000 	125.603996 	290.000000 	290.403015 	301.039001 
13.000000 	125.603996 	290.000000 	290.403015 	301.039001 
13.100000 	125.603996 	290.000000 	290.403015 	301.039001 
13.200000 	125.603996 	290.000000 	290.403015 	301.039001 
13.300000 	125.603996 	290.000000 	290.403015 	301.039001 
13.400000 	125.603996 	290.000000 	290.403015 	301.039001 
13.500000 	125.737999 	290.000000 	290.329987 	301.087006 
13.600000 	125.737999 	290.000000 	290.329987 	301.087006 
13.700000 	125.737999 	290.000000 	290.329987 	301.087006 
13.800000 	125.737999 	290.000000 	290.329987 	301.087006 
13.900000 	125.737999 	290.000000 	290.329987 	301.087006 
14.000000 	125.737999 	290.000000 	290.329987 	301.087006 
14.100000 	125.737999 	290.000000 	290.329987 	301.087006 
14.200000 	125.737999 	290.000000 	290.329987 	301.087006 
14.300000 	125.737999 	290.000000 	290.329987 	301.087006 
14.400000 	125.737999 	290.000000 	290.329987 	301.087006 
14.500000 	125.848000 	290.000000 	290.270996 	301.135986 
14.600000 	125.848000 	290.000000 	290.270996 	301.135986 
14.700000 	125.848000 	290.000000 	290.270996 	301.135986 
14.800000 	125.848000 	290.000000 	290.270996 	301.135986 
14.900000 	125.848000 	290.000000 	290.270996 	301.135986 
15.000000 	125.848000 	290.000000 	290.270996 	301.135986 
15.100000 	125.848000 	290.000000 	290.270996 	301.135986 
15.200000 	125.848000 	290.000000 	290.270996 	301.135986 
15.300000 	125.848000 	290.000000 	290.270996 	301.135986 
15.400000 	125.848000 	290.000000 	290.270996 	301.135986 
15.500000 	125.940002 	290.000000 	290.222992 	301.187988 
15.600000 	125.940002 	290.000000 	290.222992 	301.187988 
15.700000 	125.940002 	290.000000 	290.222992 	301.187988 
15.800000 	125.940002 	290.000000 	290.222992 	301.187988 
15.900000 	125.940002 	290.000000 	290.222992 	301.187988 
16.000000 	125.940002 	290.000000 	290.222992 	301.187988 
16.100000 	125.940002 	290.000000 	290.222992 	301.187988 
16.200000 	125.940002 	290.000000 	290.222992 	301.187988 
16.300000 	125.940002 	290.000000 	290.222992 	301.187988 
16.400000 	125.940002 	290.000000 	290.222992 	301.187988 
16.500000 	126.016998 	290.000000 	290.182007 	301.240997 
16.600000 	126.016998 	290.000000 	290.182007 	301.240997 
16.700000 	126.016998 	290.000000 	290.182007 	301.240997 
16.800000 	126.016998 	290.000000 	290.182007 	301.240997 
16.900000 	126.016998 	290.000000 	290.182007 	301.240997 
17.000000 	126.016998 	290.000000 	290.182007 	301.240997 
17.100000 	126.016998 	290.000000 	290.182007 	301.240997 
17.200000 	126.016998 	290.000000 	290.182007 	301.240997 
17.300000 	126.016998 	290.000000 	290.182007 	301.240997 
17.400000 	126.016998 	290.000000 	290.182007 	301.240997 
17.500000 	126.083000 	290.000000 	290.148010 	301.295990 
17.600000 	126.083000 	290.000000 	290.148010 	301.295990 
17.700000 	126.083000 	290.000000 	290.148010 	301.295990 
17.800000 	126.083000 	290.000000 	290.148010 	301.295990 
17.900000 	126.083000 	290.000000 	290.148010 	301.295990 
18.000000 	126.083000 	290.000000 	290.148010 	301.295990 
18.100000 	126.083000 	290.000000 	290.148010 	301.295990 
18.200000 	126.083000 	290.000000 	290.148010 	301.295990 
18.300000 	126.083000 	290.000000 	290.148010 	301.295990 
18.400000 	126.083000 	290.000000 	290.148010 	301.295990 
18.500000 	126.139000 	290.000000 	290.118988 	301.351990 
18.600000 	126.139000 	290.000000 	290.118988 	301.351990 
18.700000 	126.139000 	290.000000 	290.118988 	301.351990 
18.800000 	126.139000 	290.000000 	290.118988 	301.351990 
18.900000 	126.139000 	290.000000 	290.118988 	301.351990 
19.000000 	126.139000 	290.000000 	290.118988 	301.351990 
19.100000 	126.139000 	290.000000 	290.118988 	301.351990 
19.200000 	126.139000 	290.000000 	290.118988 	301.351990 
19.300000 	126.139000 	290.000000 	290.118988 	301.351990 
19.400000 	126.139000 	290.000000 	290.118988 	301.351990 
19.500000 	126.189003 	290.000000 	290.093994 	301.411011 
19.600000 	126.189003 	290.000000 	290.093994 	301.411011 
19.700000 	126.189003 	290.000000 	290.093994 	301.411011 
19.800000 	126.189003 	290.000000 	290.093994 	301.411011 
19.900000 	126.189003 	290.000000 	290.093994 	301.411011 
20.000000 	126.189003 	290.000000 	290.093994 	301.411011 
20.100000 	126.189003 	290.000000 	290.093994 	301.411011 
20.200000 	126.189003 	290.000000 	290.093994 	301.411011 
20.300000 	126.189003 	290.000000 	290.093994 	301.411011 
20.400000 	126.189003 	290.000000 	290.093994 	301.411011 
20.500000 	126.232002 	290.000000 	290.071991 	301.470001 
20.600000 	126.232002 	290.000000 	290.071991 	301.470001 
20.700000 	126.232002 	290.000000 	290.071991 	301.470001 
20.800000 	126.232002 	290.000000 	290.071991 	301.470001 
20.900000 	126.232002 	290.000000 	290.071991 	301.470001 
21.000000 	126.232002 	290.000000 	290.071991 	301.470001 
21.100000 	126.232002 	290.000000 	290.071991 	301.470001 
21.200000 	126.232002 	290.000000 	290.071991 	301.470001 
21.300000 	126.232002 	290.000000 	290.071991 	301.470001 
21.400000 	126.232002 	290.000000 	290.071991 	301.470001 
21.500000 	126.269997 	290.000000 	290.053009 	301.531006 
21.600000 	126.269997 	290.000000 	290.053009 	301.531006 
21.700000 	126.269997 	290.000000 	290.053009 	301.531006 
21.800000 	126.269997 	290.000000 	290.053009 	301.531006 
21.900000 	126.269997 	290.000000 	290.053009 	301.531006 
22.000000 	126.269997 	290.000000 	290.053009 	301.531006 
22.100000 	126.269997 	290.000000 	290.053009 	301.531006 
22.200000 	126.269997 	290.000000 	290.053009 	301.531006 
22.300000 	126.269997 	290.000000 	290.053009 	301.531006 
22.400000 	126.269997 	290.000000 	290.053009 	301.531006 
22.500000 	126.304001 	290.000000 	290.036011 	301.593994 
22.600000 	126.304001 	290.000000 	290.036011 	301.593994 
22.700000 	126.304001 	290.000000 	290.036011 	301.593994 
22.800000 	126.304001 	290.000000 	290.036011 	301.593994 
22.900000 	126.304001 	290.000000 	290.036011 	301.593994 
23.000000 	126.304001 	290.000000 	290.036011 	301.593994 
23.100000 	126.304001 	290.000000 	290.036011 	301.593994 
23.200000 	126.304001 	290.000000 	290.036011 	301.593994 
23.300000 	126.304001 	290.000000 	290.036011 	301.593994 
23.400000 	126.304001 	290.000000 	290.036011 	301.593994 
23.500000 	126.334999 	290.000000 	290.020996 	301.657013 
23.600000 	126.334999 	290.000000 	290.020996 	301.657013 
23.700000 	126.334999 	290.000000 	290.020996 	301.657013 
23.800000 	126.334999 	290.000000 	290.020996 	301.657013 
23.900000 	126.334999 	290.000000 	290.020996 	301.657013 
24.000000 	126.334999 	290.000000 	290.020996 	301.657013 
24.100000 	126.334999 	290.000000 	290.020996 	301.657013 
24.200000 	126.334999 	290.000000 	290.020996 	301.657013 
24.300000 	126.334999 	290.000000 	290.020996 	301.657013 
24.400000 	126.334999 	290.000000 	290.020996 	301.657013 
24.500000 	126.362000 	290.000000 	290.007996 	301.721985 
24.600000 	126.362000 	290.000000 	290.007996 	301.721985 
24.700000 	126.362000 	290.000000 	290.007996 	301.721985 
24.800000 	126.362000 	290.000000 	290.007996 	301.721985 
24.900000 	126.362000 	290.000000 	290.007996 	301.721985 
25.000000 	126.362000 	290.000000 	290.007996 	301.721985 
25.100000 	126.362000 	290.000000 	290.007996 	301.721985 
25.200000 	126.362000 	290.000000 	290.007996 	301.721985 
25.300000 	126.362000 	290.000000 	290.007996 	301.721985 
25.400000 	126.362000 	290.000000 	290.007996 	301.721985 
25.500000 	126.387001 	290.000000 	289.996002 	301.787994 
25.600000 	126.387001 	290.000000 	289.996002 	301.787994 
25.700000 	126.387001 	290.000000 	289.996002 	301.787994 
25.800000 	126.387001 	290.000000 	289.996002 	301.787994 
25.900000 	126.387001 	290.000000 	289.996002 	301.787994 
26.000000 	126.387001 	290.000000 	289.996002 	301.787994 
26.100000 	126.387001 	290.000000 	289.996002 	301.787994 
26.200000 	126.387001 	290.000000 	289.996002 	301.787994 
26.300000 	126.387001 	290.000000 	289.996002 	301.787994 
26.400000 	126.387001 	290.000000 	289.996002 	301.787994 
26.500000 	126.408997 	290.000000 	289.984985 	301.855011 
26.600000 	126.408997 	290.000000 	289.984985 	301.855011 
26.700000 	126.408997 	290.000000 	289.984985 	301.855011 
26.800000 	126.408997 	290.000000 	289.984985 	301.855011 
26.900000 	126.408997 	290.000000 	289.984985 	301.855011 
27.000000 	126.408997 	290.000000 	289.984985 	301.855011 
27.100000 	126.408997 	290.000000 	289.984985 	301.855011 
27.200000 	126.408997 	290.000000 	289.984985 	301.855011 
27.300000 	126.408997 	290.000000 	289.984985 	301.855011 
27.400000 	126.408997 	290.000000 	289.984985 	301.855011 
27.500000 	126.429001 	290.000000 	289.975006 	301.923004 
27.600000 	126.429001 	290.000000 	289.975006 	301.923004 
27.700000 	126.429001 	290.000000 	289.975006 	301.923004 
27.800000 	126.429001 	290.000000 	289.975006 	301.923004 
27.900000 	126.429001 	290.000000 	289.975006 	301.923004 
28.000000 	126.429001 	290.000000 	289.975006 	301.923004 
28.100000 	126.429001 	290.000000 	289.975006 	301.923004 
28.200000 	126.429001 	290.000000 	289.975006 	301.923004 
28.300000 	126.429001 	290.000000 	289.975006 	301.923004 
28.400000 	126.429001 	290.000000 	289.975006 	301.923004 
28.500000 	126.446999 	290.000000 	289.966003 	301.992004 
28.600000 	126.446999 	290.000000 	289.966003 	301.992004 
28.700000 	126.446999 	290.000000 	289.966003 	301.992004 
28.800000 	126.446999 	290.000000 	289.966003 	301.992004 
28.900000 	126.446999 	290.000000 	289.966003 	301.992004 
29.000000 	126.446999 	290.000000 	289.966003 	301.992004 
29.100000 	126.446999 	290.000000 	289.966003 	301.992004 
29.200000 	126.446999 	290.000000 	289.966003 	301.992004 
29.300000 	126.446999 	290.000000 	289.966003 	301.992004 
29.400000 	126.446999 	290.000000 	289.966003 	301.992004 
29.500000 	126.462997 	290.000000 	289.958008 	302.062012 
29.600000 	126.462997 	290.000000 	289.958008 	302.062012 
29.700000 	126.462997 	290.000000 	289.958008 	302.062012 
29.800000 	126.462997 	290.000000 	289.958008 	302.062012 
29.900000 	126.462997 	290.000000 	289.958008 	302.062012 
30.000000 	126.462997 	290.000000 	289.958008 	302.062012 
30.100000 	126.462997 	290.000000 	289.958008 	302.062012 
30.200000 	126.462997 	290.000000 	289.958008 	302.062012 
30.300000 	126.462997 	290.000000 	289.958008 	302.062012 
30.400000 	126.462997 	290.000000 	289.958008 	302.062012 
30.500000 	126.476997 	290.000000 	289.950012 	302.132996 
30.600000 	126.476997 	290.000000 	289.950012 	302.132996 
30.700000 	126.476997 	290.000000 	289.950012 	302.132996 
30.800000 	126.476997 	290.000000 	289.950012 	302.132996 
30.900000 	126.476997 	290.000000 	289.950012 	302.132996 
31.000000 	126.476997 	290.000000 	289.950012 	302.132996 
31.100000 	126.476997 	290.000000 	289.950012 	302.132996 
31.200000 	126.476997 	290.000000 	289.950012 	302.132996 
31.300000 	126.476997 	290.000000 	289.950012 	302.132996 
31.400000 	126.476997 	290.000000 	289.950012 	302.132996 
31.500000 	126.489998 	290.000000 	289.942993 	302.204010 
31.600000 	126.489998 	290.000000 	289.942993 	302.204010 
31.700000 	126.489998 	290.000000 	289.942993 	302.204010 
31.800000 	126.489998 	290.000000 	289.942993 	302.204010 
31.900000 	126.489998 	290.000000 	289.942993 	302.204010 
32.000000 	126.489998 	290.000000 	289.942993 	302.204010 
32.100000 	126.489998 	290.000000 	289.942993 	302.204010 
32.200000 	126.489998 	290.000000 	289.942993 	302.204010 
32.300000 	126.489998 	290.000000 	289.942993 	302.204010 
32.400000 	126.489998 	290.000000 	289.942993 	302.204010 
32.500000 	126.500999 	290.000000 	289.936005 	302.276001 
32.600000 	126.500999 	290.000000 	289.936005 	302.276001 
32.700000 	126.500999 	290.000000 	289.936005 	302.276001 
32.800000 	126.500999 	290.000000 	289.936005 	302.276001 
32.900000 	126.500999 	290.000000 	289.936005 	302.276001 
33.000000 	126.500999 	290.000000 	289.936005 	302.276001 
33.100000 	126.500999 	290.000000 	289.936005 	302.276001 
33.200000 	126.500999 	290.000000 	289.936005 	302.276001 
33.300000 	126.500999 	290.000000 	289.936005 	302.276001 
33.400000 	126.500999 	290.000000 	289.936005 	302.276001 
33.500000 	126.510002 	290.000000 	289.929993 	302.348999 
33.600000 	126.510002 	290.000000 	289.929993 	302.348999 
33.700000 	126.510002 	290.000000 	289.929993 	302.348999 
33.800000 	126.510002 	290.000000 	289.929993 	302.348999 
33.900000 	126.510002 	290.000000 	289.929993 	302.348999 
34.000000 	126.510002 	290.000000 	289.929993 	302.348999 
34.100000 	126.510002 	290.000000 	289.929993 	302.348999 
34.200000 	126.510002 	290.000000 	289.929993 	302.348999 
34.300000 	126.510002 	290.000000 	289.929993 	302.348999 
34.400000 	126.510002 	290.000000 	289.929993 	302.348999 
34.500000 	126.517998 	290.000000 	289.924011 	302.421997 
34.600000 	126.517998 	290.000000 	289.924011 	302.421997 
34.700000 	126.517998 	290.000000 	289.924011 	302.421997 
34.800000 	126.517998 	290.000000 	289.924011 	302.421997 
34.900000 	126.517998 	290.000000 	289.924011 	302.421997 
35.000000 	126.517998 	290.000000 	289.924011 	302.421997 
35.100000 	126.517998 	290.000000 	289.924011 	302.421997 
35.200000 	126.517998 	290.000000 	289.924011 	302.421997 
35.300000 	126.517998 	290.000000 	289.924011 	302.421997 
35.400000 	126.517998 	290.000000 	289.924011 	302.421997 
35.500000 	126.525002 	290.000000 	289.917999 	302.496002 
35.600000 	126.525002 	290.000000 	289.917999 	302.496002 
35.700000 	126.525002 	290.000000 	289.917999 	302.496002 
35.800000 	126.525002 	290.000000 	289.917999 	302.496002 
35.900000 	126.525002 	290.000000 	289.917999 	302.496002 
36.000000 	126.525002 	290.000000 	289.917999 	302.496002 
36.100000 	126.525002 	290.000000 	289.917999 	302.496002 
36.200000 	126.525002 	290.000000 	289.917999 	302.496002 
36.300000 	126.525002 	290.000000 	289.917999 	302.496002 
36.400000 	126.525002 	290.000000 	289.917999 	302.496002 
36.500000 	126.528999 	290.000000 	289.911987 	302.570007 
36.600000 	126.528999 	290.000000 	289.911987 	302.570007 
36.700000 	126.528999 	290.000000 	289.911987 	302.570007 
36.800000 	126.528999 	290.000000 	289.911987 	302.570007 
36.900000 	126.528999 	290.000000 	289.911987 	302.570007 
37.000000 	126.528999 	290.000000 	289.911987 	302.570007 
37.100000 	126.528999 	290.000000 	289.911987 	302.570007 
37.200000 	126.528999 	290.000000 	289.911987 	302.570007 
37.300000 	126.528999 	290.000000 	289.911987 	302.570007 
37.400000 	126.528999 	290.000000 	289.911987 	302.570007 
37.500000 	126.531998 	290.000000 	289.907013 	302.644989 
37.600000 	126.531998 	290.000000 	289.907013 	302.644989 
37.700000 	126.531998 	290.000000 	289.907013 	302.644989 
37.800000 	126.531998 	290.000000 	289.907013 	302.644989 
37.900000 	126.531998 	290.000000 	289.907013 	302.644989 
38.000000 	126.531998 	290.000000 	289.907013 	302.644989 
38.100000 	126.531998 	290.000000 	289.907013 	302.644989 
38.200000 	126.531998 	290.000000 	289.907013 	302.644989 
38.300000 	126.531998 	290.000000 	289.907013 	302.644989 
38.400000 	126.531998 	290.000000 	289.907013 	302.644989 
38.500000 	126.533997 	290.000000 	289.901001 	302.720001 
38.600000 	126.533997 	290.000000 	289.901001 	302.720001 
38.700000 	126.533997 	290.000000 	289.901001 	302.720001 
38.800000 	126.533997 	290.000000 	289.901001 	302.720001 
38.900000 	126.533997 	290.000000 	289.901001 	302.720001 
39.000000 	126.533997 	290.000000 	289.901001 	302.720001 
39.100000 	126.533997 	290.000000 	289.901001 	302.720001 
39.200000 	126.533997 	290.000000 	289.901001 	302.720001 
39.300000 	126.533997 	290.000000 	289.901001 	302.720001 
39.400000 	126.533997 	290.000000 	289.901001 	302.720001 
39.500000 	126.532997 	290.000000 	289.895996 	302.795013 
39.600000 	126.532997 	290.000000 	289.895996 	302.795013 
39.700000 	126.532997 	290.000000 	289.895996 	302.795013 
39.800000 	126.532997 	290.000000 	289.895996 	302.795013 
39.900000 	126.532997 	290.000000 	289.895996 	302.795013 
40.000000 	126.532997 	290.000000 	289.895996 	302.795013 
40.100000 	126.532997 	290.000000 	289.895996 	302.795013 
40.200000 	126.532997 	290.000000 	289.895996 	302.795013 
40.300000 	126.532997 	290.000000 	289.895996 	302.795013 
40.400000 	126.532997 	290.000000 	289.895996 	302.795013 
40.500000 	126.530998 	290.000000 	289.890991 	302.869995 
40.600000 	126.530998 	290.000000 	289.890991 	302.869995 
40.700000 	126.530998 	290.000000 	289.890991 	302.869995 
40.800000 	126.530998 	290.000000 	289.890991 	302.869995 
40.900000 	126.530998 	290.000000 	289.890991 	302.869995 
41.000000 	126.530998 	290.000000 	289.890991 	302.869995 
41.100000 	126.530998 	290.000000 	289.890991 	302.869995 
41.200000 	126.530998 	290.000000 	289.890991 	302.869995 
41.300000 	126.530998 	290.000000 	289.890991 	302.869995 
41.400000 	126.530998 	290.000000 	289.890991 	302.869995 
41.500000 	126.526001 	290.000000 	289.885986 	302.946014 
41.600000 	126.526001 	290.000000 	289.885986 	302.946014 
41.700000 	126.526001 	290.000000 	289.885986 	302.946014 
41.800000 	126.526001 	290.000000 	289.885986 	302.946014 
41.900000 	126.526001 	290.000000 	289.885986 	302.946014 
42.000000 	126.526001 	290.000000 	289.885986 	302.946014 
42.100000 	126.526001 	290.000000 	289.885986 	302.946014 
42.200000 	126.526001 	290.000000 	289.885986 	302.946014 
42.300000 	126.526001 	290.000000 	289.885986 	302.946014 
42.400000 	126.526001 	290.000000 	289.885986 	302.946014 
42.500000 	126.518997 	290.000000 	289.881989 	303.020996 
42.600000 	126.518997 	290.000000 	289.881989 	303.020996 
42.700000 	126.518997 	290.000000 	289.881989 	303.020996 
42.800000 	126.518997 	290.000000 	289.881989 	303.020996 
42.900000 	126.518997 	290.000000 	289.881989 	303.020996 
43.000000 	126.518997 	290.000000 	289.881989 	303.020996 
43.100000 	126.518997 	290.000000 	289.881989 	303.020996 
43.200000 	126.518997 	290.000000 	289.881989 	303.020996 
43.300000 	126.518997 	290.000000 	289.881989 	303.020996 
43.400000 	126.518997 	290.000000 	289.881989 	303.020996 
43.500000 	126.510002 	290.000000 	289.877014 	303.096985 
43.600000 	126.510002 	290.000000 	289.877014 	303.096985 
43.700000 	126.510002 	290.000000 	289.877014 	303.096985 
43.800000 	126.510002 	290.000000 	289.877014 	303.096985 
43.900000 	126.510002 	290.000000 	289.877014 	303.096985 
44.000000 	126.510002 	290.000000 	289.877014 	303.096985 
44.100000 	126.510002 	290.000000 	289.877014 	303.096985 
44.200000 	126.510002 	290.000000 	289.877014 	303.096985 
44.300000 	126.510002 	290.000000 	289.877014 	303.096985 
44.400000 	126.510002 	290.000000 	289.877014 	303.096985 
44.500000 	126.498001 	290.000000 	289.872009 	303.173004 
44.600000 	126.498001 	290.000000 	289.872009 	303.173004 
44.700000 	126.498001 	290.000000 	289.872009 	303.173004 
44.800000 	126.498001 	290.000000 	289.872009 	303.173004 
44.900000 	126.498001 	290.000000 	289.872009 	303.173004 
45.000000 	126.498001 	290.000000 	289.872009 	303.173004 
45.100000 	126.498001 	290.000000 	289.872009 	303.173004 
45.200000 	126.498001 	290.000000 	289.872009 	303.173004 
45.300000 	126.498001 	290.000000 	289.872009 	303.173004 
45.400000 	126.498001 	290.000000 	289.872009 	303.173004 
45.500000 	126.483002 	290.000000 	289.867004 	303.248993 
45.600000 	126.483002 	290.000000 	289.867004 	303.248993 
45.700000 	126.483002 	290.000000 	289.867004 	303.248993 
45.800000 	126.483002 	290.000000 	289.867004 	303.248993 
45.900000 	126.483002 	290.000000 	289.867004 	303.248993 
46.000000 	126.483002 	290.000000 	289.867004 	303.248993 
46.100000 	126.483002 	290.000000 	289.867004 	303.248993 
46.200000 	126.483002 	290.000000 	289.867004 	303.248993 
46.300000 	126.483002 	290.000000 	289.867004 	303.248993 
46.400000 	126.483002 	290.000000 	289.867004 	303.248993 
46.500000 	126.463997 	290.000000 	289.862000 	303.325012 
46.600000 	126.463997 	290.000000 	289.862000 	303.325012 
46.700000 	126.463997 	290.000000 	289.862000 	303.325012 
46.800000 	126.463997 	290.000000 	289.862000 	303.325012 
46.900000 	126.463997 	290.000000 	289.862000 	303.325012 
47.000000 	126.463997 	290.000000 	289.862000 	303.325012 
47.100000 	126.463997 	290.000000 	289.862000 	303.325012 
47.200000 	126.463997 	290.000000 	289.862000 	303.325012 
47.300000 	126.463997 	290.000000 	289.862000 	303.325012 
47.400000 	126.463997 	290.000000 	289.862000 	303.325012 
47.500000 	126.443001 	290.000000 	289.856995 	303.401001 
47.600000 	126.443001 	290.000000 	289.856995 	303.401001 
47.700000 	126.443001 	290.000000 	289.856995 	303.401001 
47.800000 	126.443001 	290.000000 	289.856995 	303.401001 
47.900000 	126.443001 	290.000000 	289.856995 	303.401001 
48.000000 	126.443001 	290.000000 	289.856995 	303.401001 
48.100000 	126.443001 	290.000000 	289.856995 	303.401001 
48.200000 	126.443001 	290.000000 	289.856995 	303.401001 
48.300000 	126.443001 	290.000000 	289.856995 	303.401001 
48.400000 	126.443001 	290.000000 	289.856995 	303.401001 
48.500000 	126.417000 	290.000000 	289.852997 	303.476013 
48.600000 	126.417000 	290.000000 	289.852997 	303.476013 
48.700000 	126.417000 	290.000000 	289.852997 	303.476013 
48.800000 	126.417000 	290.000000 	289.852997 	303.476013 
48.900000 	126.417000 	290.000000 	289.852997 	303.476013 
49.000000 	126.417000 	290.000000 	289.852997 	303.476013 
49.100000 	126.417000 	290.000000 	289.852997 	303.476013 
49.200000 	126.417000 	290.000000 	289.852997 	303.476013 
49.300000 	126.417000 	290.000000 	289.852997 	303.476013 
49.400000 	126.417000 	290.000000 	289.852997 	303.476013 
49.500000 	126.387001 	290.000000 	289.847992 	303.552002 
49.600000 	126.387001 	290.000000 	289.847992 	303.552002 
49.700000 	126.387001 	290.000000 	289.847992 	303.552002 
49.800000 	126.387001 	290.000000 	289.847992 	303.552002 
49.900000 	126.387001 	290.000000 	289.847992 	303.552002 
50.000000 	126.387001 	290.000000 	289.847992 	303.552002 
50.100000 	126.387001 	290.000000 	289.847992 	303.552002 
50.200000 	126.387001 	290.000000 	289.847992 	303.552002 
50.300000 	126.387001 	290.000000 	289.847992 	303.552002 
50.400000 	126.387001 	290.000000 	289.847992 	303.552002 
50.500000 	126.350998 	290.000000 	289.842987 	303.627014 
50.600000 	126.350998 	290.000000 	289.842987 	303.627014 
50.700000 	126.350998 	290.000000 	289.842987 	303.627014 
50.800000 	126.350998 	290.000000 	289.842987 	303.627014 
50.900000 	126.350998 	290.000000 	289.842987 	303.627014 
51.000000 	126.350998 	290.000000 	289.842987 	303.627014 
51.100000 	126.350998 	290.000000 	289.842987 	303.627014 
51.200000 	126.350998 	290.000000 	289.842987 	303.627014 
51.300000 	126.350998 	290.000000 	289.842987 	303.627014 
51.400000 	126.350998 	290.000000 	289.842987 	303.627014 
51.500000 	126.309998 	290.000000 	289.838013 	303.701996 
51.600000 	126.309998 	290.000000 	289.838013 	303.701996 
51.700000 	126.309998 	290.000000 	289.838013 	303.701996 
51.800000 	126.309998 	290.000000 	289.838013 	303.701996 
51.900000 	126.309998 	290.000000 	289.838013 	303.701996 
52.000000 	126.309998 	290.000000 	289.838013 	303.701996 
52.100000 	126.309998 	290.000000 	289.838013 	303.701996 
52.200000 	126.309998 	290.000000 	289.838013 	303.701996 
52.300000 	126.309998 	290.000000 	289.838013 	303.701996 
52.400000 	126.309998 	290.000000 	289.838013 	303.701996 
52.500000 	126.263000 	290.000000 	289.833008 	303.777008 
52.600000 	126.263000 	290.000000 	289.833008 	303.777008 
52.700000 	126.263000 	290.000000 	289.833008 	303.777008 
52.800000 	126.263000 	290.000000 	289.833008 	303.777008 
52.900000 	126.263000 	290.000000 	289.833008 	303.777008 
53.000000 	126.263000 	290.000000 	289.833008 	303.777008 
53.100000 	126.263000 	290.000000 	289.833008 	303.777008 
53.200000 	126.263000 	290.000000 	289.833008 	303.777008 
53.300000 	126.263000 	290.000000 	289.833008 	303.777008 
53.400000 	126.263000 	290.000000 	289.833008 	303.777008 
53.500000 	126.208000 	290.000000 	289.828003 	303.851990 
53.600000 	126.208000 	290.000000 	289.828003 	303.851990 
53.700000 	126.208000 	290.000000 	289.828003 	303.851990 
53.800000 	126.208000 	290.000000 	289.828003 	303.851990 
53.900000 	126.208000 	290.000000 	289.828003 	303.851990 
54.000000 	126.208000 	290.000000 	289.828003 	303.851990 
54.100000 	126.208000 	290.000000 	289.828003 	303.851990 
54.200000 	126.208000 	290.000000 	289.828003 	303.851990 
54.300000 	126.208000 	290.000000 	289.828003 	303.851990 
54.400000 	126.208000 	290.000000 	289.828003 	303.851990 
54.500000 	126.143997 	290.000000 	289.821991 	303.925995 
54.600000 	126.143997 	290.000000 	289.821991 	303.925995 
54.700000 	126.143997 	290.000000 	289.821991 	303.925995 
54.800000 	126.143997 	290.000000 	289.821991 	303.925995 
54.900000 	126.143997 	290.000000 	289.821991 	303.925995 
55.000000 	126.143997 	290.000000 	289.821991 	303.925995 
55.100000 	126.143997 	290.000000 	289.821991 	303.925995 
55.200000 	126.143997 	290.000000 	289.821991 	303.925995 
55.300000 	126.143997 	290.000000 	289.821991 	303.925995 
55.400000 	126.143997 	290.000000 	289.821991 	303.925995 
55.500000 	126.070000 	290.000000 	289.816986 	303.998993 
55.600000 	126.070000 	290.000000 	289.816986 	303.998993 
55.700000 	126.070000 	290.000000 	289.816986 	303.998993 
55.800000 	126.070000 	290.000000 	289.816986 	303.998993 
55.900000 	126.070000 	290.000000 	289.816986 	303.998993 
56.000000 	126.070000 	290.000000 	289.816986 	303.998993 
56.100000 	126.070000 	290.000000 	289.816986 	303.998993 
56.200000 	126.070000 	290.000000 	289.816986 	303.998993 
56.300000 	126.070000 	290.000000 	289.816986 	303.998993 
56.400000 	126.070000 	290.000000 	289.816986 	303.998993 
56.500000 	125.983002 	290.000000 	289.811005 	304.071991 
56.600000 	125.983002 	290.000000 	289.811005 	304.071991 
56.700000 	125.983002 	290.000000 	289.811005 	304.071991 
56.800000 	125.983002 	290.000000 	289.811005 	304.071991 
56.900000 	125.983002 	290.000000 	289.811005 	304.071991 
57.000000 	125.983002 	290.000000 	289.811005 	304.071991 
57.100000 	125.983002 	290.000000 	289.811005 	304.071991 
57.200000 	125.983002 	290.000000 	289.811005 	304.071991 
57.300000 	125.983002 	290.000000 	289.811005 	304.071991 
57.400000 	125.983002 	290.000000 	289.811005 	304.071991 
57.500000 	125.880997 	290.000000 	289.806000 	304.144989 
57.600000 	125.880997 	290.000000 	289.806000 	304.144989 
57.700000 	125.880997 	290.000000 	289.806000 	304.144989 
57.800000 	125.880997 	290.000000 	289.806000 	304.144989 
57.900000 	125.880997 	290.000000 	289.806000 	304.144989 
58.000000 	125.880997 	290.000000 	289.806000 	304.144989 
58.100000 	125.880997 	290.000000 	289.806000 	304.144989 
58.200000 	125.880997 	290.000000 	289.806000 	304.144989 
58.300000 	125.880997 	290.000000 	289.806000 	304.144989 
58.400000 	125.880997 	290.000000 	289.806000 	304.144989 
58.500000 	125.760002 	290.000000 	289.799988 	304.217010 
58.600000 	125.760002 	290.000000 	289.799988 	304.217010 
58.700000 	125.760002 	290.000000 	289.799988 	304.217010 
58.800000 	125.760002 	290.000000 	289.799988 	304.217010 
58.900000 	125.760002 	290.000000 	289.799988 	304.217010 
59.000000 	125.760002 	290.000000 	289.799988 	304.217010 
59.100000 	125.760002 	290.000000 	289.799988 	304.217010 
59.200000 	125.760002 	290.000000 	289.799988 	304.217010 
59.300000 	125.760002 	290.000000 	289.799988 	304.217010 
59.400000 	125.760002 	290.000000 	289.799988 	304.217010 
59.500000 	125.614998 	290.000000 	289.794006 	304.289001 
59.600000 	125.614998 	290.000000 	289.794006 	304.289001 
59.700000 	125.614998 	290.000000 	289.794006 	304.289001 
59.800000 	125.614998 	290.000000 	289.794006 	304.289001 
59.900000 	125.614998 	290.000000 	289.794006 	304.289001 
60.000000 	125.614998 	290.000000 	289.794006 	304.289001 
