0.500000 	93.789299 	433.000000 	454.528015 	440.902008 
0.600000 	93.789299 	433.000000 	454.528015 	440.902008 
0.700000 	93.789299 	433.000000 	454.528015 	440.902008 
0.800000 	93.789299 	433.000000 	454.528015 	440.902008 
0.900000 	93.789299 	433.000000 	454.528015 	440.902008 
1.000000 	93.789299 	433.000000 	454.528015 	440.902008 
1.100000 	93.789299 	433.000000 	454.528015 	440.902008 
1.200000 	93.789299 	433.000000 	454.528015 	440.902008 
1.300000 	93.789299 	433.000000 	454.528015 	440.902008 
1.400000 	93.789299 	433.000000 	454.528015 	440.902008 
1.500000 	103.833000 	433.000000 	442.291992 	440.690002 
1.600000 	103.833000 	433.000000 	442.291992 	440.690002 
1.700000 	103.833000 	433.000000 	442.291992 	440.690002 
1.800000 	103.833000 	433.000000 	442.291992 	440.690002 
1.900000 	103.833000 	433.000000 	442.291992 	440.690002 
2.000000 	103.833000 	433.000000 	442.291992 	440.690002 
2.100000 	103.833000 	433.000000 	442.291992 	440.690002 
2.200000 	103.833000 	433.000000 	442.291992 	440.690002 
2.300000 	103.833000 	433.000000 	442.291992 	440.690002 
2.400000 	103.833000 	433.000000 	442.291992 	440.690002 
2.500000 	113.880997 	433.000000 	437.941986 	440.576996 
2.600000 	113.880997 	433.000000 	437.941986 	440.576996 
2.700000 	113.880997 	433.000000 	437.941986 	440.576996 
2.800000 	113.880997 	433.000000 	437.941986 	440.576996 
2.900000 	113.880997 	433.000000 	437.941986 	440.576996 
3.000000 	113.880997 	433.000000 	437.941986 	440.576996 
3.100000 	113.880997 	433.000000 	437.941986 	440.576996 
3.200000 	113.880997 	433.000000 	437.941986 	440.576996 
3.300000 	113.880997 	433.000000 	437.941986 	440.576996 
3.400000 	113.880997 	433.000000 	437.941986 	440.576996 
3.500000 	118.786003 	433.000000 	435.979004 	440.537994 
3.600000 	118.786003 	433.000000 	435.979004 	440.537994 
3.700000 	118.786003 	433.000000 	435.979004 	440.537994 
3.800000 	118.786003 	433.000000 	435.979004 	440.537994 
3.900000 	118.786003 	433.000000 	435.979004 	440.537994 
4.000000 	118.786003 	433.000000 	435.979004 	440.537994 
4.100000 	118.786003 	433.000000 	435.979004 	440.537994 
4.200000 	118.786003 	433.000000 	435.979004 	440.537994 
4.300000 	118.786003 	433.000000 	435.979004 	440.537994 
4.400000 	118.786003 	433.000000 	435.979004 	440.537994 
4.500000 	121.365997 	433.000000 	434.962006 	440.526001 
4.600000 	121.365997 	433.000000 	434.962006 	440.526001 
4.700000 	121.365997 	433.000000 	434.962006 	440.526001 
4.800000 	121.365997 	433.000000 	434.962006 	440.526001 
4.900000 	121.365997 	433.000000 	434.962006 	440.526001 
5.000000 	121.365997 	433.000000 	434.962006 	440.526001 
5.100000 	121.365997 	433.000000 	434.962006 	440.526001 
5.200000 	121.365997 	433.000000 	434.962006 	440.526001 
5.300000 	121.365997 	433.000000 	434.962006 	440.526001 
5.400000 	121.365997 	433.000000 	434.962006 	440.526001 
5.500000 	122.861000 	433.000000 	434.376007 	440.526001 
5.600000 	122.861000 	433.000000 	434.376007 	440.526001 
5.700000 	122.861000 	433.000000 	434.376007 	440.526001 
5.800000 	122.861000 	433.000000 	434.376007 	440.526001 
5.900000 	122.861000 	433.000000 	434.376007 	440.526001 
6.000000 	122.861000 	433.000000 	434.376007 	440.526001 
6.100000 	122.861000 	433.000000 	434.376007 	440.526001 
6.200000 	122.861000 	433.000000 	434.376007 	440.526001 
6.300000 	122.861000 	433.000000 	434.376007 	440.526001 
6.400000 	122.861000 	433.000000 	434.376007 	440.526001 
6.500000 	123.796997 	433.000000 	434.010010 	440.532990 
6.600000 	123.796997 	433.000000 	434.010010 	440.532990 
6.700000 	123.796997 	433.000000 	434.010010 	440.532990 
6.800000 	123.796997 	433.000000 	434.010010 	440.532990 
6.900000 	123.796997 	433.000000 	434.010010 	440.532990 
7.000000 	123.796997 	433.000000 	434.010010 	440.532990 
7.100000 	123.796997 	433.000000 	434.010010 	440.532990 
7.200000 	123.796997 	433.000000 	434.010010 	440.532990 
7.300000 	123.796997 	433.000000 	434.010010 	440.532990 
7.400000 	123.796997 	433.000000 	434.010010 	440.532990 
7.500000 	124.420998 	433.000000 	433.766998 	440.545013 
7.600000 	124.420998 	433.000000 	433.766998 	440.545013 
7.700000 	124.420998 	433.000000 	433.766998 	440.545013 
7.800000 	124.420998 	433.000000 	433.766998 	440.545013 
7.900000 	124.420998 	433.000000 	433.766998 	440.545013 
8.000000 	124.420998 	433.000000 	433.766998 	440.545013 
8.100000 	124.420998 	433.000000 	433.766998 	440.545013 
8.200000 	124.420998 	433.000000 	433.766998 	440.545013 
8.300000 	124.420998 	433.000000 	433.766998 	440.545013 
8.400000 	124.420998 	433.000000 	433.766998 	440.545013 
8.500000 	124.857002 	433.000000 	433.597992 	440.559998 
8.600000 	124.857002 	433.000000 	433.597992 	440.559998 
8.700000 	124.857002 	433.000000 	433.597992 	440.559998 
8.800000 	124.857002 	433.000000 	433.597992 	440.559998 
8.900000 	124.857002 	433.000000 	433.597992 	440.559998 
9.000000 	124.857002 	433.000000 	433.597992 	440.559998 
9.100000 	124.857002 	433.000000 	433.597992 	440.559998 
9.200000 	124.857002 	433.000000 	433.597992 	440.559998 
9.300000 	124.857002 	433.000000 	433.597992 	440.559998 
9.400000 	124.857002 	433.000000 	433.597992 	440.559998 
9.500000 	125.174004 	433.000000 	433.475006 	440.578003 
9.600000 	125.174004 	433.000000 	433.475006 	440.578003 
9.700000 	125.174004 	433.000000 	433.475006 	440.578003 
9.800000 	125.174004 	433.000000 	433.475006 	440.578003 
9.900000 	125.174004 	433.000000 	433.475006 	440.578003 
10.000000 	125.174004 	433.000000 	433.475006 	440.578003 
10.100000 	125.174004 	433.000000 	433.475006 	440.578003 
10.200000 	125.174004 	433.000000 	433.475006 	440.578003 
10.300000 	125.174004 	433.000000 	433.475006 	440.578003 
10.400000 	125.174004 	433.000000 	433.475006 	440.578003 
10.500000 	125.411003 	433.000000 	433.382996 	440.597992 
10.600000 	125.411003 	433.000000 	433.382996 	440.597992 
10.700000 	125.411003 	433.000000 	433.382996 	440.597992 
10.800000 	125.411003 	433.000000 	433.382996 	440.597992 
10.900000 	125.411003 	433.000000 	433.382996 	440.597992 
11.000000 	125.411003 	433.000000 	433.382996 	440.597992 
11.100000 	125.411003 	433.000000 	433.382996 	440.597992 
11.200000 	125.411003 	433.000000 	433.382996 	440.597992 
11.300000 	125.411003 	433.000000 	433.382996 	440.597992 
11.400000 	125.411003 	433.000000 	433.382996 	440.597992 
11.500000 	125.595001 	433.000000 	433.312988 	440.621002 
11.600000 	125.595001 	433.000000 	433.312988 	440.621002 
11.700000 	125.595001 	433.000000 	433.312988 	440.621002 
11.800000 	125.595001 	433.000000 	433.312988 	440.621002 
11.900000 	125.595001 	433.000000 	433.312988 	440.621002 
12.000000 	125.595001 	433.000000 	433.312988 	440.621002 
12.100000 	125.595001 	433.000000 	433.312988 	440.621002 
12.200000 	125.595001 	433.000000 	433.312988 	440.621002 
12.300000 	125.595001 	433.000000 	433.312988 	440.621002 
12.400000 	125.595001 	433.000000 	433.312988 	440.621002 
12.500000 	125.738998 	433.000000 	433.257996 	440.644989 
12.600000 	125.738998 	433.000000 	433.257996 	440.644989 
12.700000 	125.738998 	433.000000 	433.257996 	440.644989 
12.800000 	125.738998 	433.000000 	433.257996 	440.644989 
12.900000 	125.738998 	433.000000 	433.257996 	440.644989 
13.000000 	125.738998 	433.000000 	433.257996 	440.644989 
13.100000 	125.738998 	433.000000 	433.257996 	440.644989 
13.200000 	125.738998 	433.000000 	433.257996 	440.644989 
13.300000 	125.738998 	433.000000 	433.257996 	440.644989 
13.400000 	125.738998 	433.000000 	433.257996 	440.644989 
13.500000 	125.855003 	433.000000 	433.213989 	440.670013 
13.600000 	125.855003 	433.000000 	433.213989 	440.670013 
13.700000 	125.855003 	433.000000 	433.213989 	440.670013 
13.800000 	125.855003 	433.000000 	433.213989 	440.670013 
13.900000 	125.855003 	433.000000 	433.213989 	440.670013 
14.000000 	125.855003 	433.000000 	433.213989 	440.670013 
14.100000 	125.855003 	433.000000 	433.213989 	440.670013 
14.200000 	125.855003 	433.000000 	433.213989 	440.670013 
14.300000 	125.855003 	433.000000 	433.213989 	440.670013 
14.400000 	125.855003 	433.000000 	433.213989 	440.670013 
14.500000 	125.950996 	433.000000 	433.178009 	440.697998 
14.600000 	125.950996 	433.000000 	433.178009 	440.697998 
14.700000 	125.950996 	433.000000 	433.178009 	440.697998 
14.800000 	125.950996 	433.000000 	433.178009 	440.697998 
14.900000 	125.950996 	433.000000 	433.178009 	440.697998 
15.000000 	125.950996 	433.000000 	433.178009 	440.697998 
15.100000 	125.950996 	433.000000 	433.178009 	440.697998 
15.200000 	125.950996 	433.000000 	433.178009 	440.697998 
15.300000 	125.950996 	433.000000 	433.178009 	440.697998 
15.400000 	125.950996 	433.000000 	433.178009 	440.697998 
15.500000 	126.029999 	433.000000 	433.148987 	440.726013 
15.600000 	126.029999 	433.000000 	433.148987 	440.726013 
15.700000 	126.029999 	433.000000 	433.148987 	440.726013 
15.800000 	126.029999 	433.000000 	433.148987 	440.726013 
15.900000 	126.029999 	433.000000 	433.148987 	440.726013 
16.000000 	126.029999 	433.000000 	433.148987 	440.726013 
16.100000 	126.029999 	433.000000 	433.148987 	440.726013 
16.200000 	126.029999 	433.000000 	433.148987 	440.726013 
16.300000 	126.029999 	433.000000 	433.148987 	440.726013 
16.400000 	126.029999 	433.000000 	433.148987 	440.726013 
16.500000 	126.097000 	433.000000 	433.123993 	440.756012 
16.600000 	126.097000 	433.000000 	433.123993 	440.756012 
16.700000 	126.097000 	433.000000 	433.123993 	440.756012 
16.800000 	126.097000 	433.000000 	433.123993 	440.756012 
16.900000 	126.097000 	433.000000 	433.123993 	440.756012 
17.000000 	126.097000 	433.000000 	433.123993 	440.756012 
17.100000 	126.097000 	433.000000 	433.123993 	440.756012 
17.200000 	126.097000 	433.000000 	433.123993 	440.756012 
17.300000 	126.097000 	433.000000 	433.123993 	440.756012 
17.400000 	126.097000 	433.000000 	433.123993 	440.756012 
17.500000 	126.153000 	433.000000 	433.102997 	440.786987 
17.600000 	126.153000 	433.000000 	433.102997 	440.786987 
17.700000 	126.153000 	433.000000 	433.102997 	440.786987 
17.800000 	126.153000 	433.000000 	433.102997 	440.786987 
17.900000 	126.153000 	433.000000 	433.102997 	440.786987 
18.000000 	126.153000 	433.000000 	433.102997 	440.786987 
18.100000 	126.153000 	433.000000 	433.102997 	440.786987 
18.200000 	126.153000 	433.000000 	433.102997 	440.786987 
18.300000 	126.153000 	433.000000 	433.102997 	440.786987 
18.400000 	126.153000 	433.000000 	433.102997 	440.786987 
18.500000 	126.202003 	433.000000 	433.084991 	440.819000 
18.600000 	126.202003 	433.000000 	433.084991 	440.819000 
18.700000 	126.202003 	433.000000 	433.084991 	440.819000 
18.800000 	126.202003 	433.000000 	433.084991 	440.819000 
18.900000 	126.202003 	433.000000 	433.084991 	440.819000 
19.000000 	126.202003 	433.000000 	433.084991 	440.819000 
19.100000 	126.202003 	433.000000 	433.084991 	440.819000 
19.200000 	126.202003 	433.000000 	433.084991 	440.819000 
19.300000 	126.202003 	433.000000 	433.084991 	440.819000 
19.400000 	126.202003 	433.000000 	433.084991 	440.819000 
19.500000 	126.245003 	433.000000 	433.070007 	440.851990 
19.600000 	126.245003 	433.000000 	433.070007 	440.851990 
19.700000 	126.245003 	433.000000 	433.070007 	440.851990 
19.800000 	126.245003 	433.000000 	433.070007 	440.851990 
19.900000 	126.245003 	433.000000 	433.070007 	440.851990 
20.000000 	126.245003 	433.000000 	433.070007 	440.851990 
20.100000 	126.245003 	433.000000 	433.070007 	440.851990 
20.200000 	126.245003 	433.000000 	433.070007 	440.851990 
20.300000 	126.245003 	433.000000 	433.070007 	440.851990 
20.400000 	126.245003 	433.000000 	433.070007 	440.851990 
20.500000 	126.281998 	433.000000 	433.056000 	440.885986 
20.600000 	126.281998 	433.000000 	433.056000 	440.885986 
20.700000 	126.281998 	433.000000 	433.056000 	440.885986 
20.800000 	126.281998 	433.000000 	433.056000 	440.885986 
20.900000 	126.281998 	433.000000 	433.056000 	440.885986 
21.000000 	126.281998 	433.000000 	433.056000 	440.885986 
21.100000 	126.281998 	433.000000 	433.056000 	440.885986 
21.200000 	126.281998 	433.000000 	433.056000 	440.885986 
21.300000 	126.281998 	433.000000 	433.056000 	440.885986 
21.400000 	126.281998 	433.000000 	433.056000 	440.885986 
21.500000 	126.315002 	433.000000 	433.045013 	440.920013 
21.600000 	126.315002 	433.000000 	433.045013 	440.920013 
21.700000 	126.315002 	433.000000 	433.045013 	440.920013 
21.800000 	126.315002 	433.000000 	433.045013 	440.920013 
21.900000 	126.315002 	433.000000 	433.045013 	440.920013 
22.000000 	126.315002 	433.000000 	433.045013 	440.920013 
22.100000 	126.315002 	433.000000 	433.045013 	440.920013 
22.200000 	126.315002 	433.000000 	433.045013 	440.920013 
22.300000 	126.315002 	433.000000 	433.045013 	440.920013 
22.400000 	126.315002 	433.000000 	433.045013 	440.920013 
22.500000 	126.344002 	433.000000 	433.033997 	440.955994 
22.600000 	126.344002 	433.000000 	433.033997 	440.955994 
22.700000 	126.344002 	433.000000 	433.033997 	440.955994 
22.800000 	126.344002 	433.000000 	433.033997 	440.955994 
22.900000 	126.344002 	433.000000 	433.033997 	440.955994 
23.000000 	126.344002 	433.000000 	433.033997 	440.955994 
23.100000 	126.344002 	433.000000 	433.033997 	440.955994 
23.200000 	126.344002 	433.000000 	433.033997 	440.955994 
23.300000 	126.344002 	433.000000 	433.033997 	440.955994 
23.400000 	126.344002 	433.000000 	433.033997 	440.955994 
23.500000 	126.370003 	433.000000 	433.024994 	440.993011 
23.600000 	126.370003 	433.000000 	433.024994 	440.993011 
23.700000 	126.370003 	433.000000 	433.024994 	440.993011 
23.800000 	126.370003 	433.000000 	433.024994 	440.993011 
23.900000 	126.370003 	433.000000 	433.024994 	440.993011 
24.000000 	126.370003 	433.000000 	433.024994 	440.993011 
24.100000 	126.370003 	433.000000 	433.024994 	440.993011 
24.200000 	126.370003 	433.000000 	433.024994 	440.993011 
24.300000 	126.370003 	433.000000 	433.024994 	440.993011 
24.400000 	126.370003 	433.000000 	433.024994 	440.993011 
24.500000 	126.393997 	433.000000 	433.015991 	441.029999 
24.600000 	126.393997 	433.000000 	433.015991 	441.029999 
24.700000 	126.393997 	433.000000 	433.015991 	441.029999 
24.800000 	126.393997 	433.000000 	433.015991 	441.029999 
24.900000 	126.393997 	433.000000 	433.015991 	441.029999 
25.000000 	126.393997 	433.000000 	433.015991 	441.029999 
25.100000 	126.393997 	433.000000 	433.015991 	441.029999 
25.200000 	126.393997 	433.000000 	433.015991 	441.029999 
25.300000 	126.393997 	433.000000 	433.015991 	441.029999 
25.400000 	126.393997 	433.000000 	433.015991 	441.029999 
25.500000 	126.415001 	433.000000 	433.007996 	441.066986 
25.600000 	126.415001 	433.000000 	433.007996 	441.066986 
25.700000 	126.415001 	433.000000 	433.007996 	441.066986 
25.800000 	126.415001 	433.000000 	433.007996 	441.066986 
25.900000 	126.415001 	433.000000 	433.007996 	441.066986 
26.000000 	126.415001 	433.000000 	433.007996 	441.066986 
26.100000 	126.415001 	433.000000 	433.007996 	441.066986 
26.200000 	126.415001 	433.000000 	433.007996 	441.066986 
26.300000 	126.415001 	433.000000 	433.007996 	441.066986 
26.400000 	126.415001 	433.000000 	433.007996 	441.066986 
26.500000 	126.432999 	433.000000 	433.001007 	441.105988 
26.600000 	126.432999 	433.000000 	433.001007 	441.105988 
26.700000 	126.432999 	433.000000 	433.001007 	441.105988 
26.800000 	126.432999 	433.000000 	433.001007 	441.105988 
26.900000 	126.432999 	433.000000 	433.001007 	441.105988 
27.000000 	126.432999 	433.000000 	433.001007 	441.105988 
27.100000 	126.432999 	433.000000 	433.001007 	441.105988 
27.200000 	126.432999 	433.000000 	433.001007 	441.105988 
27.300000 	126.432999 	433.000000 	433.001007 	441.105988 
27.400000 	126.432999 	433.000000 	433.001007 	441.105988 
27.500000 	126.449997 	433.000000 	432.993988 	441.144989 
27.600000 	126.449997 	433.000000 	432.993988 	441.144989 
27.700000 	126.449997 	433.000000 	432.993988 	441.144989 
27.800000 	126.449997 	433.000000 	432.993988 	441.144989 
27.900000 	126.449997 	433.000000 	432.993988 	441.144989 
28.000000 	126.449997 	433.000000 	432.993988 	441.144989 
28.100000 	126.449997 	433.000000 	432.993988 	441.144989 
28.200000 	126.449997 	433.000000 	432.993988 	441.144989 
28.300000 	126.449997 	433.000000 	432.993988 	441.144989 
28.400000 	126.449997 	433.000000 	432.993988 	441.144989 
28.500000 	126.464996 	433.000000 	432.988007 	441.183990 
28.600000 	126.464996 	433.000000 	432.988007 	441.183990 
28.700000 	126.464996 	433.000000 	432.988007 	441.183990 
28.800000 	126.464996 	433.000000 	432.988007 	441.183990 
28.900000 	126.464996 	433.000000 	432.988007 	441.183990 
29.000000 	126.464996 	433.000000 	432.988007 	441.183990 
29.100000 	126.464996 	433.000000 	432.988007 	441.183990 
29.200000 	126.464996 	433.000000 	432.988007 	441.183990 
29.300000 	126.464996 	433.000000 	432.988007 	441.183990 
29.400000 	126.464996 	433.000000 	432.988007 	441.183990 
29.500000 	126.478996 	433.000000 	432.981995 	441.223999 
29.600000 	126.478996 	433.000000 	432.981995 	441.223999 
29.700000 	126.478996 	433.000000 	432.981995 	441.223999 
29.800000 	126.478996 	433.000000 	432.981995 	441.223999 
29.900000 	126.478996 	433.000000 	432.981995 	441.223999 
30.000000 	126.478996 	433.000000 	432.981995 	441.223999 
30.100000 	126.478996 	433.000000 	432.981995 	441.223999 
30.200000 	126.478996 	433.000000 	432.981995 	441.223999 
30.300000 	126.478996 	433.000000 	432.981995 	441.223999 
30.400000 	126.478996 	433.000000 	432.981995 	441.223999 
30.500000 	126.489998 	433.000000 	432.976990 	441.264008 
30.600000 	126.489998 	433.000000 	432.976990 	441.264008 
30.700000 	126.489998 	433.000000 	432.976990 	441.264008 
30.800000 	126.489998 	433.000000 	432.976990 	441.264008 
30.900000 	126.489998 	433.000000 	432.976990 	441.264008 
31.000000 	126.489998 	433.000000 	432.976990 	441.264008 
31.100000 	126.489998 	433.000000 	432.976990 	441.264008 
31.200000 	126.489998 	433.000000 	432.976990 	441.264008 
31.300000 	126.489998 	433.000000 	432.976990 	441.264008 
31.400000 	126.489998 	433.000000 	432.976990 	441.264008 
31.500000 	126.500999 	433.000000 	432.971008 	441.304993 
31.600000 	126.500999 	433.000000 	432.971008 	441.304993 
31.700000 	126.500999 	433.000000 	432.971008 	441.304993 
31.800000 	126.500999 	433.000000 	432.971008 	441.304993 
31.900000 	126.500999 	433.000000 	432.971008 	441.304993 
32.000000 	126.500999 	433.000000 	432.971008 	441.304993 
32.100000 	126.500999 	433.000000 	432.971008 	441.304993 
32.200000 	126.500999 	433.000000 	432.971008 	441.304993 
32.300000 	126.500999 	433.000000 	432.971008 	441.304993 
32.400000 	126.500999 	433.000000 	432.971008 	441.304993 
32.500000 	126.509003 	433.000000 	432.966003 	441.346008 
32.600000 	126.509003 	433.000000 	432.966003 	441.346008 
32.700000 	126.509003 	433.000000 	432.966003 	441.346008 
32.800000 	126.509003 	433.000000 	432.966003 	441.346008 
32.900000 	126.509003 	433.000000 	432.966003 	441.346008 
33.000000 	126.509003 	433.000000 	432.966003 	441.346008 
33.100000 	126.509003 	433.000000 	432.966003 	441.346008 
33.200000 	126.509003 	433.000000 	432.966003 	441.346008 
33.300000 	126.509003 	433.000000 	432.966003 	441.346008 
33.400000 	126.509003 	433.000000 	432.966003 	441.346008 
33.500000 	126.516998 	433.000000 	432.960999 	441.386993 
33.600000 	126.516998 	433.000000 	432.960999 	441.386993 
33.700000 	126.516998 	433.000000 	432.960999 	441.386993 
33.800000 	126.516998 	433.000000 	432.960999 	441.386993 
33.900000 	126.516998 	433.000000 	432.960999 	441.386993 
34.000000 	126.516998 	433.000000 	432.960999 	441.386993 
34.100000 	126.516998 	433.000000 	432.960999 	441.386993 
34.200000 	126.516998 	433.000000 	432.960999 	441.386993 
34.300000 	126.516998 	433.000000 	432.960999 	441.386993 
34.400000 	126.516998 	433.000000 	432.960999 	441.386993 
34.500000 	126.522003 	433.000000 	432.957001 	441.428009 
34.600000 	126.522003 	433.000000 	432.957001 	441.428009 
34.700000 	126.522003 	433.000000 	432.957001 	441.428009 
34.800000 	126.522003 	433.000000 	432.957001 	441.428009 
34.900000 	126.522003 	433.000000 	432.957001 	441.428009 
35.000000 	126.522003 	433.000000 	432.957001 	441.428009 
35.100000 	126.522003 	433.000000 	432.957001 	441.428009 
35.200000 	126.522003 	433.000000 	432.957001 	441.428009 
35.300000 	126.522003 	433.000000 	432.957001 	441.428009 
35.400000 	126.522003 	433.000000 	432.957001 	441.428009 
35.500000 	126.527000 	433.000000 	432.951996 	441.470001 
35.600000 	126.527000 	433.000000 	432.951996 	441.470001 
35.700000 	126.527000 	433.000000 	432.951996 	441.470001 
35.800000 	126.527000 	433.000000 	432.951996 	441.470001 
35.900000 	126.527000 	433.000000 	432.951996 	441.470001 
36.000000 	126.527000 	433.000000 	432.951996 	441.470001 
36.100000 	126.527000 	433.000000 	432.951996 	441.470001 
36.200000 	126.527000 	433.000000 	432.951996 	441.470001 
36.300000 	126.527000 	433.000000 	432.951996 	441.470001 
36.400000 	126.527000 	433.000000 	432.951996 	441.470001 
36.500000 	126.529999 	433.000000 	432.946991 	441.511993 
36.600000 	126.529999 	433.000000 	432.946991 	441.511993 
36.700000 	126.529999 	433.000000 	432.946991 	441.511993 
36.800000 	126.529999 	433.000000 	432.946991 	441.511993 
36.900000 	126.529999 	433.000000 	432.946991 	441.511993 
37.000000 	126.529999 	433.000000 	432.946991 	441.511993 
37.100000 	126.529999 	433.000000 	432.946991 	441.511993 
37.200000 	126.529999 	433.000000 	432.946991 	441.511993 
37.300000 	126.529999 	433.000000 	432.946991 	441.511993 
37.400000 	126.529999 	433.000000 	432.946991 	441.511993 
37.500000 	126.530998 	433.000000 	432.941986 	441.553986 
37.600000 	126.530998 	433.000000 	432.941986 	441.553986 
37.700000 	126.530998 	433.000000 	432.941986 	441.553986 
37.800000 	126.530998 	433.000000 	432.941986 	441.553986 
37.900000 	126.530998 	433.000000 	432.941986 	441.553986 
38.000000 	126.530998 	433.000000 	432.941986 	441.553986 
38.100000 	126.530998 	433.000000 	432.941986 	441.553986 
38.200000 	126.530998 	433.000000 	432.941986 	441.553986 
38.300000 	126.530998 	433.000000 	432.941986 	441.553986 
38.400000 	126.530998 	433.000000 	432.941986 	441.553986 
38.500000 	126.529999 	433.000000 	432.937988 	441.596008 
38.600000 	126.529999 	433.000000 	432.937988 	441.596008 
38.700000 	126.529999 	433.000000 	432.937988 	441.596008 
38.800000 	126.529999 	433.000000 	432.937988 	441.596008 
38.900000 	126.529999 	433.000000 	432.937988 	441.596008 
39.000000 	126.529999 	433.000000 	432.937988 	441.596008 
39.100000 	126.529999 	433.000000 	432.937988 	441.596008 
39.200000 	126.529999 	433.000000 	432.937988 	441.596008 
39.300000 	126.529999 	433.000000 	432.937988 	441.596008 
39.400000 	126.529999 	433.000000 	432.937988 	441.596008 
39.500000 	126.528000 	433.000000 	432.933014 	441.638000 
39.600000 	126.528000 	433.000000 	432.933014 	441.638000 
39.700000 	126.528000 	433.000000 	432.933014 	441.638000 
39.800000 	126.528000 	433.000000 	432.933014 	441.638000 
39.900000 	126.528000 	433.000000 	432.933014 	441.638000 
40.000000 	126.528000 	433.000000 	432.933014 	441.638000 
40.100000 	126.528000 	433.000000 	432.933014 	441.638000 
40.200000 	126.528000 	433.000000 	432.933014 	441.638000 
40.300000 	126.528000 	433.000000 	432.933014 	441.638000 
40.400000 	126.528000 	433.000000 	432.933014 	441.638000 
40.500000 	126.523003 	433.000000 	432.928009 	441.679993 
40.600000 	126.523003 	433.000000 	432.928009 	441.679993 
40.700000 	126.523003 	433.000000 	432.928009 	441.679993 
40.800000 	126.523003 	433.000000 	432.928009 	441.679993 
40.900000 	126.523003 	433.000000 	432.928009 	441.679993 
41.000000 	126.523003 	433.000000 	432.928009 	441.679993 
41.100000 	126.523003 	433.000000 	432.928009 	441.679993 
41.200000 	126.523003 	433.000000 	432.928009 	441.679993 
41.300000 	126.523003 	433.000000 	432.928009 	441.679993 
41.400000 	126.523003 	433.000000 	432.928009 	441.679993 
41.500000 	126.516998 	433.000000 	432.924011 	441.721985 
41.600000 	126.516998 	433.000000 	432.924011 	441.721985 
41.700000 	126.516998 	433.000000 	432.924011 	441.721985 
41.800000 	126.516998 	433.000000 	432.924011 	441.721985 
41.900000 	126.516998 	433.000000 	432.924011 	441.721985 
42.000000 	126.516998 	433.000000 	432.924011 	441.721985 
42.100000 	126.516998 	433.000000 	432.924011 	441.721985 
42.200000 	126.516998 	433.000000 	432.924011 	441.721985 
42.300000 	126.516998 	433.000000 	432.924011 	441.721985 
42.400000 	126.516998 	433.000000 	432.924011 	441.721985 
42.500000 	126.509003 	433.000000 	432.919006 	441.764008 
42.600000 	126.509003 	433.000000 	432.919006 	441.764008 
42.700000 	126.509003 	433.000000 	432.919006 	441.764008 
42.800000 	126.509003 	433.000000 	432.919006 	441.764008 
42.900000 	126.509003 	433.000000 	432.919006 	441.764008 
43.000000 	126.509003 	433.000000 	432.919006 	441.764008 
43.100000 	126.509003 	433.000000 	432.919006 	441.764008 
43.200000 	126.509003 	433.000000 	432.919006 	441.764008 
43.300000 	126.509003 	433.000000 	432.919006 	441.764008 
43.400000 	126.509003 	433.000000 	432.919006 	441.764008 
43.500000 	126.498001 	433.000000 	432.914001 	441.806000 
43.600000 	126.498001 	433.000000 	432.914001 	441.806000 
43.700000 	126.498001 	433.000000 	432.914001 	441.806000 
43.800000 	126.498001 	433.000000 	432.914001 	441.806000 
43.900000 	126.498001 	433.000000 	432.914001 	441.806000 
44.000000 	126.498001 	433.000000 	432.914001 	441.806000 
44.100000 	126.498001 	433.000000 	432.914001 	441.806000 
44.200000 	126.498001 	433.000000 	432.914001 	441.806000 
44.300000 	126.498001 	433.000000 	432.914001 	441.806000 
44.400000 	126.498001 	433.000000 	432.914001 	441.806000 
44.500000 	126.484001 	433.000000 	432.908997 	441.847992 
44.600000 	126.484001 	433.000000 	432.908997 	441.847992 
44.700000 	126.484001 	433.000000 	432.908997 	441.847992 
44.800000 	126.484001 	433.000000 	432.908997 	441.847992 
44.900000 	126.484001 	433.000000 	432.908997 	441.847992 
45.000000 	126.484001 	433.000000 	432.908997 	441.847992 
45.100000 	126.484001 	433.000000 	432.908997 	441.847992 
45.200000 	126.484001 	433.000000 	432.908997 	441.847992 
45.300000 	126.484001 	433.000000 	432.908997 	441.847992 
45.400000 	126.484001 	433.000000 	432.908997 	441.847992 
45.500000 	126.467003 	433.000000 	432.903992 	441.890015 
45.600000 	126.467003 	433.000000 	432.903992 	441.890015 
45.700000 	126.467003 	433.000000 	432.903992 	441.890015 
45.800000 	126.467003 	433.000000 	432.903992 	441.890015 
45.900000 	126.467003 	433.000000 	432.903992 	441.890015 
46.000000 	126.467003 	433.000000 	432.903992 	441.890015 
46.100000 	126.467003 	433.000000 	432.903992 	441.890015 
46.200000 	126.467003 	433.000000 	432.903992 	441.890015 
46.300000 	126.467003 	433.000000 	432.903992 	441.890015 
46.400000 	126.467003 	433.000000 	432.903992 	441.890015 
46.500000 	126.447998 	433.000000 	432.898987 	441.932007 
46.600000 	126.447998 	433.000000 	432.898987 	441.932007 
46.700000 	126.447998 	433.000000 	432.898987 	441.932007 
46.800000 	126.447998 	433.000000 	432.898987 	441.932007 
46.900000 	126.447998 	433.000000 	432.898987 	441.932007 
47.000000 	126.447998 	433.000000 	432.898987 	441.932007 
47.100000 	126.447998 	433.000000 	432.898987 	441.932007 
47.200000 	126.447998 	433.000000 	432.898987 	441.932007 
47.300000 	126.447998 	433.000000 	432.898987 	441.932007 
47.400000 	126.447998 	433.000000 	432.898987 	441.932007 
47.500000 	126.424004 	433.000000 	432.894012 	441.972992 
47.600000 	126.424004 	433.000000 	432.894012 	441.972992 
47.700000 	126.424004 	433.000000 	432.894012 	441.972992 
47.800000 	126.424004 	433.000000 	432.894012 	441.972992 
47.900000 	126.424004 	433.000000 	432.894012 	441.972992 
48.000000 	126.424004 	433.000000 	432.894012 	441.972992 
48.100000 	126.424004 	433.000000 	432.894012 	441.972992 
48.200000 	126.424004 	433.000000 	432.894012 	441.972992 
48.300000 	126.424004 	433.000000 	432.894012 	441.972992 
48.400000 	126.424004 	433.000000 	432.894012 	441.972992 
48.500000 	126.397003 	433.000000 	432.888000 	442.014008 
48.600000 	126.397003 	433.000000 	432.888000 	442.014008 
48.700000 	126.397003 	433.000000 	432.888000 	442.014008 
48.800000 	126.397003 	433.000000 	432.888000 	442.014008 
48.900000 	126.397003 	433.000000 	432.888000 	442.014008 
49.000000 	126.397003 	433.000000 	432.888000 	442.014008 
49.100000 	126.397003 	433.000000 	432.888000 	442.014008 
49.200000 	126.397003 	433.000000 	432.888000 	442.014008 
49.300000 	126.397003 	433.000000 	432.888000 	442.014008 
49.400000 	126.397003 	433.000000 	432.888000 	442.014008 
49.500000 	126.365997 	433.000000 	432.882996 	442.054993 
49.600000 	126.365997 	433.000000 	432.882996 	442.054993 
49.700000 	126.365997 	433.000000 	432.882996 	442.054993 
49.800000 	126.365997 	433.000000 	432.882996 	442.054993 
49.900000 	126.365997 	433.000000 	432.882996 	442.054993 
50.000000 	126.365997 	433.000000 	432.882996 	442.054993 
50.100000 	126.365997 	433.000000 	432.882996 	442.054993 
50.200000 	126.365997 	433.000000 	432.882996 	442.054993 
50.300000 	126.365997 	433.000000 	432.882996 	442.054993 
50.400000 	126.365997 	433.000000 	432.882996 	442.054993 
50.500000 	126.329002 	433.000000 	432.877014 	442.096008 
50.600000 	126.329002 	433.000000 	432.877014 	442.096008 
50.700000 	126.329002 	433.000000 	432.877014 	442.096008 
50.800000 	126.329002 	433.000000 	432.877014 	442.096008 
50.900000 	126.329002 	433.000000 	432.877014 	442.096008 
51.000000 	126.329002 	433.000000 	432.877014 	442.096008 
51.100000 	126.329002 	433.000000 	432.877014 	442.096008 
51.200000 	126.329002 	433.000000 	432.877014 	442.096008 
51.300000 	126.329002 	433.000000 	432.877014 	442.096008 
51.400000 	126.329002 	433.000000 	432.877014 	442.096008 
51.500000 	126.286003 	433.000000 	432.871002 	442.135986 
51.600000 	126.286003 	433.000000 	432.871002 	442.135986 
51.700000 	126.286003 	433.000000 	432.871002 	442.135986 
51.800000 	126.286003 	433.000000 	432.871002 	442.135986 
51.900000 	126.286003 	433.000000 	432.871002 	442.135986 
52.000000 	126.286003 	433.000000 	432.871002 	442.135986 
52.100000 	126.286003 	433.000000 	432.871002 	442.135986 
52.200000 	126.286003 	433.000000 	432.871002 	442.135986 
52.300000 	126.286003 	433.000000 	432.871002 	442.135986 
52.400000 	126.286003 	433.000000 	432.871002 	442.135986 
52.500000 	126.237999 	433.000000 	432.864990 	442.175995 
52.600000 	126.237999 	433.000000 	432.864990 	442.175995 
52.700000 	126.237999 	433.000000 	432.864990 	442.175995 
52.800000 	126.237999 	433.000000 	432.864990 	442.175995 
52.900000 	126.237999 	433.000000 	432.864990 	442.175995 
53.000000 	126.237999 	433.000000 	432.864990 	442.175995 
53.100000 	126.237999 	433.000000 	432.864990 	442.175995 
53.200000 	126.237999 	433.000000 	432.864990 	442.175995 
53.300000 	126.237999 	433.000000 	432.864990 	442.175995 
53.400000 	126.237999 	433.000000 	432.864990 	442.175995 
53.500000 	126.181000 	433.000000 	432.859009 	442.216003 
53.600000 	126.181000 	433.000000 	432.859009 	442.216003 
53.700000 	126.181000 	433.000000 	432.859009 	442.216003 
53.800000 	126.181000 	433.000000 	432.859009 	442.216003 
53.900000 	126.181000 	433.000000 	432.859009 	442.216003 
54.000000 	126.181000 	433.000000 	432.859009 	442.216003 
54.100000 	126.181000 	433.000000 	432.859009 	442.216003 
54.200000 	126.181000 	433.000000 	432.859009 	442.216003 
54.300000 	126.181000 	433.000000 	432.859009 	442.216003 
54.400000 	126.181000 	433.000000 	432.859009 	442.216003 
54.500000 	126.115997 	433.000000 	432.851990 	442.255005 
54.600000 	126.115997 	433.000000 	432.851990 	442.255005 
54.700000 	126.115997 	433.000000 	432.851990 	442.255005 
54.800000 	126.115997 	433.000000 	432.851990 	442.255005 
54.900000 	126.115997 	433.000000 	432.851990 	442.255005 
55.000000 	126.115997 	433.000000 	432.851990 	442.255005 
55.100000 	126.115997 	433.000000 	432.851990 	442.255005 
55.200000 	126.115997 	433.000000 	432.851990 	442.255005 
55.300000 	126.115997 	433.000000 	432.851990 	442.255005 
55.400000 	126.115997 	433.000000 	432.851990 	442.255005 
55.500000 	126.040001 	433.000000 	432.845001 	442.294006 
55.600000 	126.040001 	433.000000 	432.845001 	442.294006 
55.700000 	126.040001 	433.000000 	432.845001 	442.294006 
55.800000 	126.040001 	433.000000 	432.845001 	442.294006 
55.900000 	126.040001 	433.000000 	432.845001 	442.294006 
56.000000 	126.040001 	433.000000 	432.845001 	442.294006 
56.100000 	126.040001 	433.000000 	432.845001 	442.294006 
56.200000 	126.040001 	433.000000 	432.845001 	442.294006 
56.300000 	126.040001 	433.000000 	432.845001 	442.294006 
56.400000 	126.040001 	433.000000 	432.845001 	442.294006 
56.500000 	125.952003 	433.000000 	432.838013 	442.333008 
56.600000 	125.952003 	433.000000 	432.838013 	442.333008 
56.700000 	125.952003 	433.000000 	432.838013 	442.333008 
56.800000 	125.952003 	433.000000 	432.838013 	442.333008 
56.900000 	125.952003 	433.000000 	432.838013 	442.333008 
57.000000 	125.952003 	433.000000 	432.838013 	442.333008 
57.100000 	125.952003 	433.000000 	432.838013 	442.333008 
57.200000 	125.952003 	433.000000 	432.838013 	442.333008 
57.300000 	125.952003 	433.000000 	432.838013 	442.333008 
57.400000 	125.952003 	433.000000 	432.838013 	442.333008 
57.500000 	125.848999 	433.000000 	432.830994 	442.371002 
57.600000 	125.848999 	433.000000 	432.830994 	442.371002 
57.700000 	125.848999 	433.000000 	432.830994 	442.371002 
57.800000 	125.848999 	433.000000 	432.830994 	442.371002 
57.900000 	125.848999 	433.000000 	432.830994 	442.371002 
58.000000 	125.848999 	433.000000 	432.830994 	442.371002 
58.100000 	125.848999 	433.000000 	432.830994 	442.371002 
58.200000 	125.848999 	433.000000 	432.830994 	442.371002 
58.300000 	125.848999 	433.000000 	432.830994 	442.371002 
58.400000 	125.848999 	433.000000 	432.830994 	442.371002 
58.500000 	125.725998 	433.000000 	432.824005 	442.407990 
58.600000 	125.725998 	433.000000 	432.824005 	442.407990 
58.700000 	125.725998 	433.000000 	432.824005 	442.407990 
58.800000 	125.725998 	433.000000 	432.824005 	442.407990 
58.900000 	125.725998 	433.000000 	432.824005 	442.407990 
59.000000 	125.725998 	433.000000 	432.824005 	442.407990 
59.100000 	125.725998 	433.000000 	432.824005 	442.407990 
59.200000 	125.725998 	433.000000 	432.824005 	442.407990 
59.300000 	125.725998 	433.000000 	432.824005 	442.407990 
59.400000 	125.725998 	433.000000 	432.824005 	442.407990 
59.500000 	125.580002 	433.000000 	432.816010 	442.445007 
59.600000 	125.580002 	433.000000 	432.816010 	442.445007 
59.700000 	125.580002 	433.000000 	432.816010 	442.445007 
59.800000 	125.580002 	433.000000 	432.816010 	442.445007 
59.900000 	125.580002 	433.000000 	432.816010 	442.445007 
60.000000 	125.580002 	433.000000 	432.816010 	442.445007 
