0.500000 	82.702301 	158.000000 	213.895004 	173.028000 
0.600000 	82.702301 	158.000000 	213.895004 	173.028000 
0.700000 	82.702301 	158.000000 	213.895004 	173.028000 
0.800000 	82.702301 	158.000000 	213.895004 	173.028000 
0.900000 	82.702301 	158.000000 	213.895004 	173.028000 
1.000000 	82.702301 	158.000000 	213.895004 	173.028000 
1.100000 	82.702301 	158.000000 	213.895004 	173.028000 
1.200000 	82.702301 	158.000000 	213.895004 	173.028000 
1.300000 	82.702301 	158.000000 	213.895004 	173.028000 
1.400000 	82.702301 	158.000000 	213.895004 	173.028000 
1.500000 	90.987602 	158.000000 	188.000000 	175.757004 
1.600000 	90.987602 	158.000000 	188.000000 	175.757004 
1.700000 	90.987602 	158.000000 	188.000000 	175.757004 
1.800000 	90.987602 	158.000000 	188.000000 	175.757004 
1.900000 	90.987602 	158.000000 	188.000000 	175.757004 
2.000000 	90.987602 	158.000000 	188.000000 	175.757004 
2.100000 	90.987602 	158.000000 	188.000000 	175.757004 
2.200000 	90.987602 	158.000000 	188.000000 	175.757004 
2.300000 	90.987602 	158.000000 	188.000000 	175.757004 
2.400000 	90.987602 	158.000000 	188.000000 	175.757004 
2.500000 	103.098000 	158.000000 	177.328995 	176.272003 
2.600000 	103.098000 	158.000000 	177.328995 	176.272003 
2.700000 	103.098000 	158.000000 	177.328995 	176.272003 
2.800000 	103.098000 	158.000000 	177.328995 	176.272003 
2.900000 	103.098000 	158.000000 	177.328995 	176.272003 
3.000000 	103.098000 	158.000000 	177.328995 	176.272003 
3.100000 	103.098000 	158.000000 	177.328995 	176.272003 
3.200000 	103.098000 	158.000000 	177.328995 	176.272003 
3.300000 	103.098000 	158.000000 	177.328995 	176.272003 
3.400000 	103.098000 	158.000000 	177.328995 	176.272003 
3.500000 	110.342003 	158.000000 	171.354996 	176.477997 
3.600000 	110.342003 	158.000000 	171.354996 	176.477997 
3.700000 	110.342003 	158.000000 	171.354996 	176.477997 
3.800000 	110.342003 	158.000000 	171.354996 	176.477997 
3.900000 	110.342003 	158.000000 	171.354996 	176.477997 
4.000000 	110.342003 	158.000000 	171.354996 	176.477997 
4.100000 	110.342003 	158.000000 	171.354996 	176.477997 
4.200000 	110.342003 	158.000000 	171.354996 	176.477997 
4.300000 	110.342003 	158.000000 	171.354996 	176.477997 
4.400000 	110.342003 	158.000000 	171.354996 	176.477997 
4.500000 	114.753998 	158.000000 	167.699005 	176.600006 
4.600000 	114.753998 	158.000000 	167.699005 	176.600006 
4.700000 	114.753998 	158.000000 	167.699005 	176.600006 
4.800000 	114.753998 	158.000000 	167.699005 	176.600006 
4.900000 	114.753998 	158.000000 	167.699005 	176.600006 
5.000000 	114.753998 	158.000000 	167.699005 	176.600006 
5.100000 	114.753998 	158.000000 	167.699005 	176.600006 
5.200000 	114.753998 	158.000000 	167.699005 	176.600006 
5.300000 	114.753998 	158.000000 	167.699005 	176.600006 
5.400000 	114.753998 	158.000000 	167.699005 	176.600006 
5.500000 	117.603996 	158.000000 	165.335999 	176.692001 
5.600000 	117.603996 	158.000000 	165.335999 	176.692001 
5.700000 	117.603996 	158.000000 	165.335999 	176.692001 
5.800000 	117.603996 	158.000000 	165.335999 	176.692001 
5.900000 	117.603996 	158.000000 	165.335999 	176.692001 
6.000000 	117.603996 	158.000000 	165.335999 	176.692001 
6.100000 	117.603996 	158.000000 	165.335999 	176.692001 
6.200000 	117.603996 	158.000000 	165.335999 	176.692001 
6.300000 	117.603996 	158.000000 	165.335999 	176.692001 
6.400000 	117.603996 	158.000000 	165.335999 	176.692001 
6.500000 	119.541000 	158.000000 	163.714005 	176.772995 
6.600000 	119.541000 	158.000000 	163.714005 	176.772995 
6.700000 	119.541000 	158.000000 	163.714005 	176.772995 
6.800000 	119.541000 	158.000000 	163.714005 	176.772995 
6.900000 	119.541000 	158.000000 	163.714005 	176.772995 
7.000000 	119.541000 	158.000000 	163.714005 	176.772995 
7.100000 	119.541000 	158.000000 	163.714005 	176.772995 
7.200000 	119.541000 	158.000000 	163.714005 	176.772995 
7.300000 	119.541000 	158.000000 	163.714005 	176.772995 
7.400000 	119.541000 	158.000000 	163.714005 	176.772995 
7.500000 	120.914001 	158.000000 	162.554001 	176.850998 
7.600000 	120.914001 	158.000000 	162.554001 	176.850998 
7.700000 	120.914001 	158.000000 	162.554001 	176.850998 
7.800000 	120.914001 	158.000000 	162.554001 	176.850998 
7.900000 	120.914001 	158.000000 	162.554001 	176.850998 
8.000000 	120.914001 	158.000000 	162.554001 	176.850998 
8.100000 	120.914001 	158.000000 	162.554001 	176.850998 
8.200000 	120.914001 	158.000000 	162.554001 	176.850998 
8.300000 	120.914001 	158.000000 	162.554001 	176.850998 
8.400000 	120.914001 	158.000000 	162.554001 	176.850998 
8.500000 	121.921997 	158.000000 	161.697998 	176.929001 
8.600000 	121.921997 	158.000000 	161.697998 	176.929001 
8.700000 	121.921997 	158.000000 	161.697998 	176.929001 
8.800000 	121.921997 	158.000000 	161.697998 	176.929001 
8.900000 	121.921997 	158.000000 	161.697998 	176.929001 
9.000000 	121.921997 	158.000000 	161.697998 	176.929001 
9.100000 	121.921997 	158.000000 	161.697998 	176.929001 
9.200000 	121.921997 	158.000000 	161.697998 	176.929001 
9.300000 	121.921997 	158.000000 	161.697998 	176.929001 
9.400000 	121.921997 	158.000000 	161.697998 	176.929001 
9.500000 	122.681999 	158.000000 	161.050003 	177.009995 
9.600000 	122.681999 	158.000000 	161.050003 	177.009995 
9.700000 	122.681999 	158.000000 	161.050003 	177.009995 
9.800000 	122.681999 	158.000000 	161.050003 	177.009995 
9.900000 	122.681999 	158.000000 	161.050003 	177.009995 
10.000000 	122.681999 	158.000000 	161.050003 	177.009995 
10.100000 	122.681999 	158.000000 	161.050003 	177.009995 
10.200000 	122.681999 	158.000000 	161.050003 	177.009995 
10.300000 	122.681999 	158.000000 	161.050003 	177.009995 
10.400000 	122.681999 	158.000000 	161.050003 	177.009995 
10.500000 	123.269997 	158.000000 	160.548996 	177.093994 
10.600000 	123.269997 	158.000000 	160.548996 	177.093994 
10.700000 	123.269997 	158.000000 	160.548996 	177.093994 
10.800000 	123.269997 	158.000000 	160.548996 	177.093994 
10.900000 	123.269997 	158.000000 	160.548996 	177.093994 
11.000000 	123.269997 	158.000000 	160.548996 	177.093994 
11.100000 	123.269997 	158.000000 	160.548996 	177.093994 
11.200000 	123.269997 	158.000000 	160.548996 	177.093994 
11.300000 	123.269997 	158.000000 	160.548996 	177.093994 
11.400000 	123.269997 	158.000000 	160.548996 	177.093994 
11.500000 	123.734001 	158.000000 	160.154007 	177.182007 
11.600000 	123.734001 	158.000000 	160.154007 	177.182007 
11.700000 	123.734001 	158.000000 	160.154007 	177.182007 
11.800000 	123.734001 	158.000000 	160.154007 	177.182007 
11.900000 	123.734001 	158.000000 	160.154007 	177.182007 
12.000000 	123.734001 	158.000000 	160.154007 	177.182007 
12.100000 	123.734001 	158.000000 	160.154007 	177.182007 
12.200000 	123.734001 	158.000000 	160.154007 	177.182007 
12.300000 	123.734001 	158.000000 	160.154007 	177.182007 
12.400000 	123.734001 	158.000000 	160.154007 	177.182007 
12.500000 	124.107002 	158.000000 	159.835999 	177.274002 
12.600000 	124.107002 	158.000000 	159.835999 	177.274002 
12.700000 	124.107002 	158.000000 	159.835999 	177.274002 
12.800000 	124.107002 	158.000000 	159.835999 	177.274002 
12.900000 	124.107002 	158.000000 	159.835999 	177.274002 
13.000000 	124.107002 	158.000000 	159.835999 	177.274002 
13.100000 	124.107002 	158.000000 	159.835999 	177.274002 
13.200000 	124.107002 	158.000000 	159.835999 	177.274002 
13.300000 	124.107002 	158.000000 	159.835999 	177.274002 
13.400000 	124.107002 	158.000000 	159.835999 	177.274002 
13.500000 	124.411003 	158.000000 	159.578003 	177.369995 
13.600000 	124.411003 	158.000000 	159.578003 	177.369995 
13.700000 	124.411003 	158.000000 	159.578003 	177.369995 
13.800000 	124.411003 	158.000000 	159.578003 	177.369995 
13.900000 	124.411003 	158.000000 	159.578003 	177.369995 
14.000000 	124.411003 	158.000000 	159.578003 	177.369995 
14.100000 	124.411003 	158.000000 	159.578003 	177.369995 
14.200000 	124.411003 	158.000000 	159.578003 	177.369995 
14.300000 	124.411003 	158.000000 	159.578003 	177.369995 
14.400000 	124.411003 	158.000000 	159.578003 	177.369995 
14.500000 	124.663002 	158.000000 	159.365005 	177.470001 
14.600000 	124.663002 	158.000000 	159.365005 	177.470001 
14.700000 	124.663002 	158.000000 	159.365005 	177.470001 
14.800000 	124.663002 	158.000000 	159.365005 	177.470001 
14.900000 	124.663002 	158.000000 	159.365005 	177.470001 
15.000000 	124.663002 	158.000000 	159.365005 	177.470001 
15.100000 	124.663002 	158.000000 	159.365005 	177.470001 
15.200000 	124.663002 	158.000000 	159.365005 	177.470001 
15.300000 	124.663002 	158.000000 	159.365005 	177.470001 
15.400000 	124.663002 	158.000000 	159.365005 	177.470001 
15.500000 	124.875000 	158.000000 	159.186996 	177.572998 
15.600000 	124.875000 	158.000000 	159.186996 	177.572998 
15.700000 	124.875000 	158.000000 	159.186996 	177.572998 
15.800000 	124.875000 	158.000000 	159.186996 	177.572998 
15.900000 	124.875000 	158.000000 	159.186996 	177.572998 
16.000000 	124.875000 	158.000000 	159.186996 	177.572998 
16.100000 	124.875000 	158.000000 	159.186996 	177.572998 
16.200000 	124.875000 	158.000000 	159.186996 	177.572998 
16.300000 	124.875000 	158.000000 	159.186996 	177.572998 
16.400000 	124.875000 	158.000000 	159.186996 	177.572998 
16.500000 	125.054001 	158.000000 	159.037003 	177.679993 
16.600000 	125.054001 	158.000000 	159.037003 	177.679993 
16.700000 	125.054001 	158.000000 	159.037003 	177.679993 
16.800000 	125.054001 	158.000000 	159.037003 	177.679993 
16.900000 	125.054001 	158.000000 	159.037003 	177.679993 
17.000000 	125.054001 	158.000000 	159.037003 	177.679993 
17.100000 	125.054001 	158.000000 	159.037003 	177.679993 
17.200000 	125.054001 	158.000000 	159.037003 	177.679993 
17.300000 	125.054001 	158.000000 	159.037003 	177.679993 
17.400000 	125.054001 	158.000000 	159.037003 	177.679993 
17.500000 	125.208000 	158.000000 	158.908997 	177.791000 
17.600000 	125.208000 	158.000000 	158.908997 	177.791000 
17.700000 	125.208000 	158.000000 	158.908997 	177.791000 
17.800000 	125.208000 	158.000000 	158.908997 	177.791000 
17.900000 	125.208000 	158.000000 	158.908997 	177.791000 
18.000000 	125.208000 	158.000000 	158.908997 	177.791000 
18.100000 	125.208000 	158.000000 	158.908997 	177.791000 
18.200000 	125.208000 	158.000000 	158.908997 	177.791000 
18.300000 	125.208000 	158.000000 	158.908997 	177.791000 
18.400000 	125.208000 	158.000000 	158.908997 	177.791000 
18.500000 	125.341003 	158.000000 	158.798996 	177.904007 
18.600000 	125.341003 	158.000000 	158.798996 	177.904007 
18.700000 	125.341003 	158.000000 	158.798996 	177.904007 
18.800000 	125.341003 	158.000000 	158.798996 	177.904007 
18.900000 	125.341003 	158.000000 	158.798996 	177.904007 
19.000000 	125.341003 	158.000000 	158.798996 	177.904007 
19.100000 	125.341003 	158.000000 	158.798996 	177.904007 
19.200000 	125.341003 	158.000000 	158.798996 	177.904007 
19.300000 	125.341003 	158.000000 	158.798996 	177.904007 
19.400000 	125.341003 	158.000000 	158.798996 	177.904007 
19.500000 	125.456001 	158.000000 	158.703995 	178.020996 
19.600000 	125.456001 	158.000000 	158.703995 	178.020996 
19.700000 	125.456001 	158.000000 	158.703995 	178.020996 
19.800000 	125.456001 	158.000000 	158.703995 	178.020996 
19.900000 	125.456001 	158.000000 	158.703995 	178.020996 
20.000000 	125.456001 	158.000000 	158.703995 	178.020996 
20.100000 	125.456001 	158.000000 	158.703995 	178.020996 
20.200000 	125.456001 	158.000000 	158.703995 	178.020996 
20.300000 	125.456001 	158.000000 	158.703995 	178.020996 
20.400000 	125.456001 	158.000000 	158.703995 	178.020996 
20.500000 	125.557999 	158.000000 	158.621994 	178.141006 
20.600000 	125.557999 	158.000000 	158.621994 	178.141006 
20.700000 	125.557999 	158.000000 	158.621994 	178.141006 
20.800000 	125.557999 	158.000000 	158.621994 	178.141006 
20.900000 	125.557999 	158.000000 	158.621994 	178.141006 
21.000000 	125.557999 	158.000000 	158.621994 	178.141006 
21.100000 	125.557999 	158.000000 	158.621994 	178.141006 
21.200000 	125.557999 	158.000000 	158.621994 	178.141006 
21.300000 	125.557999 	158.000000 	158.621994 	178.141006 
21.400000 	125.557999 	158.000000 	158.621994 	178.141006 
21.500000 	125.648003 	158.000000 	158.548996 	178.264008 
21.600000 	125.648003 	158.000000 	158.548996 	178.264008 
21.700000 	125.648003 	158.000000 	158.548996 	178.264008 
21.800000 	125.648003 	158.000000 	158.548996 	178.264008 
21.900000 	125.648003 	158.000000 	158.548996 	178.264008 
22.000000 	125.648003 	158.000000 	158.548996 	178.264008 
22.100000 	125.648003 	158.000000 	158.548996 	178.264008 
22.200000 	125.648003 	158.000000 	158.548996 	178.264008 
22.300000 	125.648003 	158.000000 	158.548996 	178.264008 
22.400000 	125.648003 	158.000000 	158.548996 	178.264008 
22.500000 	125.727997 	158.000000 	158.485001 	178.389008 
22.600000 	125.727997 	158.000000 	158.485001 	178.389008 
22.700000 	125.727997 	158.000000 	158.485001 	178.389008 
22.800000 	125.727997 	158.000000 	158.485001 	178.389008 
22.900000 	125.727997 	158.000000 	158.485001 	178.389008 
23.000000 	125.727997 	158.000000 	158.485001 	178.389008 
23.100000 	125.727997 	158.000000 	158.485001 	178.389008 
23.200000 	125.727997 	158.000000 	158.485001 	178.389008 
23.300000 	125.727997 	158.000000 	158.485001 	178.389008 
23.400000 	125.727997 	158.000000 	158.485001 	178.389008 
23.500000 	125.799004 	158.000000 	158.427994 	178.516998 
23.600000 	125.799004 	158.000000 	158.427994 	178.516998 
23.700000 	125.799004 	158.000000 	158.427994 	178.516998 
23.800000 	125.799004 	158.000000 	158.427994 	178.516998 
23.900000 	125.799004 	158.000000 	158.427994 	178.516998 
24.000000 	125.799004 	158.000000 	158.427994 	178.516998 
24.100000 	125.799004 	158.000000 	158.427994 	178.516998 
24.200000 	125.799004 	158.000000 	158.427994 	178.516998 
24.300000 	125.799004 	158.000000 	158.427994 	178.516998 
24.400000 	125.799004 	158.000000 	158.427994 	178.516998 
24.500000 	125.863998 	158.000000 	158.378006 	178.647003 
24.600000 	125.863998 	158.000000 	158.378006 	178.647003 
24.700000 	125.863998 	158.000000 	158.378006 	178.647003 
24.800000 	125.863998 	158.000000 	158.378006 	178.647003 
24.900000 	125.863998 	158.000000 	158.378006 	178.647003 
25.000000 	125.863998 	158.000000 	158.378006 	178.647003 
25.100000 	125.863998 	158.000000 	158.378006 	178.647003 
25.200000 	125.863998 	158.000000 	158.378006 	178.647003 
25.300000 	125.863998 	158.000000 	158.378006 	178.647003 
25.400000 	125.863998 	158.000000 	158.378006 	178.647003 
25.500000 	125.921997 	158.000000 	158.332001 	178.779999 
25.600000 	125.921997 	158.000000 	158.332001 	178.779999 
25.700000 	125.921997 	158.000000 	158.332001 	178.779999 
25.800000 	125.921997 	158.000000 	158.332001 	178.779999 
25.900000 	125.921997 	158.000000 	158.332001 	178.779999 
26.000000 	125.921997 	158.000000 	158.332001 	178.779999 
26.100000 	125.921997 	158.000000 	158.332001 	178.779999 
26.200000 	125.921997 	158.000000 	158.332001 	178.779999 
26.300000 	125.921997 	158.000000 	158.332001 	178.779999 
26.400000 	125.921997 	158.000000 	158.332001 	178.779999 
26.500000 	125.973999 	158.000000 	158.291000 	178.914993 
26.600000 	125.973999 	158.000000 	158.291000 	178.914993 
26.700000 	125.973999 	158.000000 	158.291000 	178.914993 
26.800000 	125.973999 	158.000000 	158.291000 	178.914993 
26.900000 	125.973999 	158.000000 	158.291000 	178.914993 
27.000000 	125.973999 	158.000000 	158.291000 	178.914993 
27.100000 	125.973999 	158.000000 	158.291000 	178.914993 
27.200000 	125.973999 	158.000000 	158.291000 	178.914993 
27.300000 	125.973999 	158.000000 	158.291000 	178.914993 
27.400000 	125.973999 	158.000000 	158.291000 	178.914993 
27.500000 	126.022003 	158.000000 	158.253998 	179.050995 
27.600000 	126.022003 	158.000000 	158.253998 	179.050995 
27.700000 	126.022003 	158.000000 	158.253998 	179.050995 
27.800000 	126.022003 	158.000000 	158.253998 	179.050995 
27.900000 	126.022003 	158.000000 	158.253998 	179.050995 
28.000000 	126.022003 	158.000000 	158.253998 	179.050995 
28.100000 	126.022003 	158.000000 	158.253998 	179.050995 
28.200000 	126.022003 	158.000000 	158.253998 	179.050995 
28.300000 	126.022003 	158.000000 	158.253998 	179.050995 
28.400000 	126.022003 	158.000000 	158.253998 	179.050995 
28.500000 	126.065002 	158.000000 	158.220993 	179.190002 
28.600000 	126.065002 	158.000000 	158.220993 	179.190002 
28.700000 	126.065002 	158.000000 	158.220993 	179.190002 
28.800000 	126.065002 	158.000000 	158.220993 	179.190002 
28.900000 	126.065002 	158.000000 	158.220993 	179.190002 
29.000000 	126.065002 	158.000000 	158.220993 	179.190002 
29.100000 	126.065002 	158.000000 	158.220993 	179.190002 
29.200000 	126.065002 	158.000000 	158.220993 	179.190002 
29.300000 	126.065002 	158.000000 	158.220993 	179.190002 
29.400000 	126.065002 	158.000000 	158.220993 	179.190002 
29.500000 	126.103996 	158.000000 	158.190002 	179.330002 
29.600000 	126.103996 	158.000000 	158.190002 	179.330002 
29.700000 	126.103996 	158.000000 	158.190002 	179.330002 
29.800000 	126.103996 	158.000000 	158.190002 	179.330002 
29.900000 	126.103996 	158.000000 	158.190002 	179.330002 
30.000000 	126.103996 	158.000000 	158.190002 	179.330002 
30.100000 	126.103996 	158.000000 	158.190002 	179.330002 
30.200000 	126.103996 	158.000000 	158.190002 	179.330002 
30.300000 	126.103996 	158.000000 	158.190002 	179.330002 
30.400000 	126.103996 	158.000000 	158.190002 	179.330002 
30.500000 	126.139999 	158.000000 	158.162003 	179.470993 
30.600000 	126.139999 	158.000000 	158.162003 	179.470993 
30.700000 	126.139999 	158.000000 	158.162003 	179.470993 
30.800000 	126.139999 	158.000000 	158.162003 	179.470993 
30.900000 	126.139999 	158.000000 	158.162003 	179.470993 
31.000000 	126.139999 	158.000000 	158.162003 	179.470993 
31.100000 	126.139999 	158.000000 	158.162003 	179.470993 
31.200000 	126.139999 	158.000000 	158.162003 	179.470993 
31.300000 	126.139999 	158.000000 	158.162003 	179.470993 
31.400000 	126.139999 	158.000000 	158.162003 	179.470993 
31.500000 	126.172997 	158.000000 	158.136002 	179.615005 
31.600000 	126.172997 	158.000000 	158.136002 	179.615005 
31.700000 	126.172997 	158.000000 	158.136002 	179.615005 
31.800000 	126.172997 	158.000000 	158.136002 	179.615005 
31.900000 	126.172997 	158.000000 	158.136002 	179.615005 
32.000000 	126.172997 	158.000000 	158.136002 	179.615005 
32.100000 	126.172997 	158.000000 	158.136002 	179.615005 
32.200000 	126.172997 	158.000000 	158.136002 	179.615005 
32.300000 	126.172997 	158.000000 	158.136002 	179.615005 
32.400000 	126.172997 	158.000000 	158.136002 	179.615005 
32.500000 	126.202003 	158.000000 	158.113007 	179.759003 
32.600000 	126.202003 	158.000000 	158.113007 	179.759003 
32.700000 	126.202003 	158.000000 	158.113007 	179.759003 
32.800000 	126.202003 	158.000000 	158.113007 	179.759003 
32.900000 	126.202003 	158.000000 	158.113007 	179.759003 
33.000000 	126.202003 	158.000000 	158.113007 	179.759003 
33.100000 	126.202003 	158.000000 	158.113007 	179.759003 
33.200000 	126.202003 	158.000000 	158.113007 	179.759003 
33.300000 	126.202003 	158.000000 	158.113007 	179.759003 
33.400000 	126.202003 	158.000000 	158.113007 	179.759003 
33.500000 	126.228996 	158.000000 	158.091003 	179.904999 
33.600000 	126.228996 	158.000000 	158.091003 	179.904999 
33.700000 	126.228996 	158.000000 	158.091003 	179.904999 
33.800000 	126.228996 	158.000000 	158.091003 	179.904999 
33.900000 	126.228996 	158.000000 	158.091003 	179.904999 
34.000000 	126.228996 	158.000000 	158.091003 	179.904999 
34.100000 	126.228996 	158.000000 	158.091003 	179.904999 
34.200000 	126.228996 	158.000000 	158.091003 	179.904999 
34.300000 	126.228996 	158.000000 	158.091003 	179.904999 
34.400000 	126.228996 	158.000000 	158.091003 	179.904999 
34.500000 	126.252998 	158.000000 	158.070007 	180.050995 
34.600000 	126.252998 	158.000000 	158.070007 	180.050995 
34.700000 	126.252998 	158.000000 	158.070007 	180.050995 
34.800000 	126.252998 	158.000000 	158.070007 	180.050995 
34.900000 	126.252998 	158.000000 	158.070007 	180.050995 
35.000000 	126.252998 	158.000000 	158.070007 	180.050995 
35.100000 	126.252998 	158.000000 	158.070007 	180.050995 
35.200000 	126.252998 	158.000000 	158.070007 	180.050995 
35.300000 	126.252998 	158.000000 	158.070007 	180.050995 
35.400000 	126.252998 	158.000000 	158.070007 	180.050995 
35.500000 	126.274002 	158.000000 	158.050995 	180.199005 
35.600000 	126.274002 	158.000000 	158.050995 	180.199005 
35.700000 	126.274002 	158.000000 	158.050995 	180.199005 
35.800000 	126.274002 	158.000000 	158.050995 	180.199005 
35.900000 	126.274002 	158.000000 	158.050995 	180.199005 
36.000000 	126.274002 	158.000000 	158.050995 	180.199005 
36.100000 	126.274002 	158.000000 	158.050995 	180.199005 
36.200000 	126.274002 	158.000000 	158.050995 	180.199005 
36.300000 	126.274002 	158.000000 	158.050995 	180.199005 
36.400000 	126.274002 	158.000000 	158.050995 	180.199005 
36.500000 	126.292999 	158.000000 	158.033997 	180.348007 
36.600000 	126.292999 	158.000000 	158.033997 	180.348007 
36.700000 	126.292999 	158.000000 	158.033997 	180.348007 
36.800000 	126.292999 	158.000000 	158.033997 	180.348007 
36.900000 	126.292999 	158.000000 	158.033997 	180.348007 
37.000000 	126.292999 	158.000000 	158.033997 	180.348007 
37.100000 	126.292999 	158.000000 	158.033997 	180.348007 
37.200000 	126.292999 	158.000000 	158.033997 	180.348007 
37.300000 	126.292999 	158.000000 	158.033997 	180.348007 
37.400000 	126.292999 	158.000000 	158.033997 	180.348007 
37.500000 	126.308998 	158.000000 	158.016998 	180.496994 
37.600000 	126.308998 	158.000000 	158.016998 	180.496994 
37.700000 	126.308998 	158.000000 	158.016998 	180.496994 
37.800000 	126.308998 	158.000000 	158.016998 	180.496994 
37.900000 	126.308998 	158.000000 	158.016998 	180.496994 
38.000000 	126.308998 	158.000000 	158.016998 	180.496994 
38.100000 	126.308998 	158.000000 	158.016998 	180.496994 
38.200000 	126.308998 	158.000000 	158.016998 	180.496994 
38.300000 	126.308998 	158.000000 	158.016998 	180.496994 
38.400000 	126.308998 	158.000000 	158.016998 	180.496994 
38.500000 	126.322998 	158.000000 	158.001007 	180.647003 
38.600000 	126.322998 	158.000000 	158.001007 	180.647003 
38.700000 	126.322998 	158.000000 	158.001007 	180.647003 
38.800000 	126.322998 	158.000000 	158.001007 	180.647003 
38.900000 	126.322998 	158.000000 	158.001007 	180.647003 
39.000000 	126.322998 	158.000000 	158.001007 	180.647003 
39.100000 	126.322998 	158.000000 	158.001007 	180.647003 
39.200000 	126.322998 	158.000000 	158.001007 	180.647003 
39.300000 	126.322998 	158.000000 	158.001007 	180.647003 
39.400000 	126.322998 	158.000000 	158.001007 	180.647003 
39.500000 	126.334000 	158.000000 	157.987000 	180.798004 
39.600000 	126.334000 	158.000000 	157.987000 	180.798004 
39.700000 	126.334000 	158.000000 	157.987000 	180.798004 
39.800000 	126.334000 	158.000000 	157.987000 	180.798004 
39.900000 	126.334000 	158.000000 	157.987000 	180.798004 
40.000000 	126.334000 	158.000000 	157.987000 	180.798004 
40.100000 	126.334000 	158.000000 	157.987000 	180.798004 
40.200000 	126.334000 	158.000000 	157.987000 	180.798004 
40.300000 	126.334000 	158.000000 	157.987000 	180.798004 
40.400000 	126.334000 	158.000000 	157.987000 	180.798004 
40.500000 	126.342003 	158.000000 	157.973007 	180.949005 
40.600000 	126.342003 	158.000000 	157.973007 	180.949005 
40.700000 	126.342003 	158.000000 	157.973007 	180.949005 
40.800000 	126.342003 	158.000000 	157.973007 	180.949005 
40.900000 	126.342003 	158.000000 	157.973007 	180.949005 
41.000000 	126.342003 	158.000000 	157.973007 	180.949005 
41.100000 	126.342003 	158.000000 	157.973007 	180.949005 
41.200000 	126.342003 	158.000000 	157.973007 	180.949005 
41.300000 	126.342003 	158.000000 	157.973007 	180.949005 
41.400000 	126.342003 	158.000000 	157.973007 	180.949005 
41.500000 	126.348000 	158.000000 	157.960007 	181.100006 
41.600000 	126.348000 	158.000000 	157.960007 	181.100006 
41.700000 	126.348000 	158.000000 	157.960007 	181.100006 
41.800000 	126.348000 	158.000000 	157.960007 	181.100006 
41.900000 	126.348000 	158.000000 	157.960007 	181.100006 
42.000000 	126.348000 	158.000000 	157.960007 	181.100006 
42.100000 	126.348000 	158.000000 	157.960007 	181.100006 
42.200000 	126.348000 	158.000000 	157.960007 	181.100006 
42.300000 	126.348000 	158.000000 	157.960007 	181.100006 
42.400000 	126.348000 	158.000000 	157.960007 	181.100006 
42.500000 	126.350998 	158.000000 	157.947006 	181.251999 
42.600000 	126.350998 	158.000000 	157.947006 	181.251999 
42.700000 	126.350998 	158.000000 	157.947006 	181.251999 
42.800000 	126.350998 	158.000000 	157.947006 	181.251999 
42.900000 	126.350998 	158.000000 	157.947006 	181.251999 
43.000000 	126.350998 	158.000000 	157.947006 	181.251999 
43.100000 	126.350998 	158.000000 	157.947006 	181.251999 
43.200000 	126.350998 	158.000000 	157.947006 	181.251999 
43.300000 	126.350998 	158.000000 	157.947006 	181.251999 
43.400000 	126.350998 	158.000000 	157.947006 	181.251999 
43.500000 	126.349998 	158.000000 	157.934998 	181.404007 
43.600000 	126.349998 	158.000000 	157.934998 	181.404007 
43.700000 	126.349998 	158.000000 	157.934998 	181.404007 
43.800000 	126.349998 	158.000000 	157.934998 	181.404007 
43.900000 	126.349998 	158.000000 	157.934998 	181.404007 
44.000000 	126.349998 	158.000000 	157.934998 	181.404007 
44.100000 	126.349998 	158.000000 	157.934998 	181.404007 
44.200000 	126.349998 	158.000000 	157.934998 	181.404007 
44.300000 	126.349998 	158.000000 	157.934998 	181.404007 
44.400000 	126.349998 	158.000000 	157.934998 	181.404007 
44.500000 	126.346001 	158.000000 	157.923996 	181.556000 
44.600000 	126.346001 	158.000000 	157.923996 	181.556000 
44.700000 	126.346001 	158.000000 	157.923996 	181.556000 
44.800000 	126.346001 	158.000000 	157.923996 	181.556000 
44.900000 	126.346001 	158.000000 	157.923996 	181.556000 
45.000000 	126.346001 	158.000000 	157.923996 	181.556000 
45.100000 	126.346001 	158.000000 	157.923996 	181.556000 
45.200000 	126.346001 	158.000000 	157.923996 	181.556000 
45.300000 	126.346001 	158.000000 	157.923996 	181.556000 
45.400000 	126.346001 	158.000000 	157.923996 	181.556000 
45.500000 	126.339996 	158.000000 	157.912994 	181.707993 
45.600000 	126.339996 	158.000000 	157.912994 	181.707993 
45.700000 	126.339996 	158.000000 	157.912994 	181.707993 
45.800000 	126.339996 	158.000000 	157.912994 	181.707993 
45.900000 	126.339996 	158.000000 	157.912994 	181.707993 
46.000000 	126.339996 	158.000000 	157.912994 	181.707993 
46.100000 	126.339996 	158.000000 	157.912994 	181.707993 
46.200000 	126.339996 	158.000000 	157.912994 	181.707993 
46.300000 	126.339996 	158.000000 	157.912994 	181.707993 
46.400000 	126.339996 	158.000000 	157.912994 	181.707993 
46.500000 	126.330002 	158.000000 	157.903000 	181.860992 
46.600000 	126.330002 	158.000000 	157.903000 	181.860992 
46.700000 	126.330002 	158.000000 	157.903000 	181.860992 
46.800000 	126.330002 	158.000000 	157.903000 	181.860992 
46.900000 	126.330002 	158.000000 	157.903000 	181.860992 
47.000000 	126.330002 	158.000000 	157.903000 	181.860992 
47.100000 	126.330002 	158.000000 	157.903000 	181.860992 
47.200000 	126.330002 	158.000000 	157.903000 	181.860992 
47.300000 	126.330002 	158.000000 	157.903000 	181.860992 
47.400000 	126.330002 	158.000000 	157.903000 	181.860992 
47.500000 	126.317001 	158.000000 	157.893005 	182.013000 
47.600000 	126.317001 	158.000000 	157.893005 	182.013000 
47.700000 	126.317001 	158.000000 	157.893005 	182.013000 
47.800000 	126.317001 	158.000000 	157.893005 	182.013000 
47.900000 	126.317001 	158.000000 	157.893005 	182.013000 
48.000000 	126.317001 	158.000000 	157.893005 	182.013000 
48.100000 	126.317001 	158.000000 	157.893005 	182.013000 
48.200000 	126.317001 	158.000000 	157.893005 	182.013000 
48.300000 	126.317001 	158.000000 	157.893005 	182.013000 
48.400000 	126.317001 	158.000000 	157.893005 	182.013000 
48.500000 	126.299004 	158.000000 	157.882996 	182.164993 
48.600000 	126.299004 	158.000000 	157.882996 	182.164993 
48.700000 	126.299004 	158.000000 	157.882996 	182.164993 
48.800000 	126.299004 	158.000000 	157.882996 	182.164993 
48.900000 	126.299004 	158.000000 	157.882996 	182.164993 
49.000000 	126.299004 	158.000000 	157.882996 	182.164993 
49.100000 	126.299004 	158.000000 	157.882996 	182.164993 
49.200000 	126.299004 	158.000000 	157.882996 	182.164993 
49.300000 	126.299004 	158.000000 	157.882996 	182.164993 
49.400000 	126.299004 	158.000000 	157.882996 	182.164993 
49.500000 	126.277000 	158.000000 	157.873001 	182.315994 
49.600000 	126.277000 	158.000000 	157.873001 	182.315994 
49.700000 	126.277000 	158.000000 	157.873001 	182.315994 
49.800000 	126.277000 	158.000000 	157.873001 	182.315994 
49.900000 	126.277000 	158.000000 	157.873001 	182.315994 
50.000000 	126.277000 	158.000000 	157.873001 	182.315994 
50.100000 	126.277000 	158.000000 	157.873001 	182.315994 
50.200000 	126.277000 	158.000000 	157.873001 	182.315994 
50.300000 	126.277000 	158.000000 	157.873001 	182.315994 
50.400000 	126.277000 	158.000000 	157.873001 	182.315994 
50.500000 	126.249001 	158.000000 	157.863998 	182.468002 
50.600000 	126.249001 	158.000000 	157.863998 	182.468002 
50.700000 	126.249001 	158.000000 	157.863998 	182.468002 
50.800000 	126.249001 	158.000000 	157.863998 	182.468002 
50.900000 	126.249001 	158.000000 	157.863998 	182.468002 
51.000000 	126.249001 	158.000000 	157.863998 	182.468002 
51.100000 	126.249001 	158.000000 	157.863998 	182.468002 
51.200000 	126.249001 	158.000000 	157.863998 	182.468002 
51.300000 	126.249001 	158.000000 	157.863998 	182.468002 
51.400000 	126.249001 	158.000000 	157.863998 	182.468002 
51.500000 	126.216003 	158.000000 	157.854996 	182.619003 
51.600000 	126.216003 	158.000000 	157.854996 	182.619003 
51.700000 	126.216003 	158.000000 	157.854996 	182.619003 
51.800000 	126.216003 	158.000000 	157.854996 	182.619003 
51.900000 	126.216003 	158.000000 	157.854996 	182.619003 
52.000000 	126.216003 	158.000000 	157.854996 	182.619003 
52.100000 	126.216003 	158.000000 	157.854996 	182.619003 
52.200000 	126.216003 	158.000000 	157.854996 	182.619003 
52.300000 	126.216003 	158.000000 	157.854996 	182.619003 
52.400000 	126.216003 	158.000000 	157.854996 	182.619003 
52.500000 	126.176003 	158.000000 	157.845993 	182.768997 
52.600000 	126.176003 	158.000000 	157.845993 	182.768997 
52.700000 	126.176003 	158.000000 	157.845993 	182.768997 
52.800000 	126.176003 	158.000000 	157.845993 	182.768997 
52.900000 	126.176003 	158.000000 	157.845993 	182.768997 
53.000000 	126.176003 	158.000000 	157.845993 	182.768997 
53.100000 	126.176003 	158.000000 	157.845993 	182.768997 
53.200000 	126.176003 	158.000000 	157.845993 	182.768997 
53.300000 	126.176003 	158.000000 	157.845993 	182.768997 
53.400000 	126.176003 	158.000000 	157.845993 	182.768997 
53.500000 	126.127998 	158.000000 	157.837006 	182.919006 
53.600000 	126.127998 	158.000000 	157.837006 	182.919006 
53.700000 	126.127998 	158.000000 	157.837006 	182.919006 
53.800000 	126.127998 	158.000000 	157.837006 	182.919006 
53.900000 	126.127998 	158.000000 	157.837006 	182.919006 
54.000000 	126.127998 	158.000000 	157.837006 	182.919006 
54.100000 	126.127998 	158.000000 	157.837006 	182.919006 
54.200000 	126.127998 	158.000000 	157.837006 	182.919006 
54.300000 	126.127998 	158.000000 	157.837006 	182.919006 
54.400000 	126.127998 	158.000000 	157.837006 	182.919006 
54.500000 	126.070999 	158.000000 	157.828995 	183.069000 
54.600000 	126.070999 	158.000000 	157.828995 	183.069000 
54.700000 	126.070999 	158.000000 	157.828995 	183.069000 
54.800000 	126.070999 	158.000000 	157.828995 	183.069000 
54.900000 	126.070999 	158.000000 	157.828995 	183.069000 
55.000000 	126.070999 	158.000000 	157.828995 	183.069000 
55.100000 	126.070999 	158.000000 	157.828995 	183.069000 
55.200000 	126.070999 	158.000000 	157.828995 	183.069000 
55.300000 	126.070999 	158.000000 	157.828995 	183.069000 
55.400000 	126.070999 	158.000000 	157.828995 	183.069000 
55.500000 	126.003998 	158.000000 	157.820007 	183.216995 
55.600000 	126.003998 	158.000000 	157.820007 	183.216995 
55.700000 	126.003998 	158.000000 	157.820007 	183.216995 
55.800000 	126.003998 	158.000000 	157.820007 	183.216995 
55.900000 	126.003998 	158.000000 	157.820007 	183.216995 
56.000000 	126.003998 	158.000000 	157.820007 	183.216995 
56.100000 	126.003998 	158.000000 	157.820007 	183.216995 
56.200000 	126.003998 	158.000000 	157.820007 	183.216995 
56.300000 	126.003998 	158.000000 	157.820007 	183.216995 
56.400000 	126.003998 	158.000000 	157.820007 	183.216995 
56.500000 	125.924004 	158.000000 	157.811996 	183.365005 
56.600000 	125.924004 	158.000000 	157.811996 	183.365005 
56.700000 	125.924004 	158.000000 	157.811996 	183.365005 
56.800000 	125.924004 	158.000000 	157.811996 	183.365005 
56.900000 	125.924004 	158.000000 	157.811996 	183.365005 
57.000000 	125.924004 	158.000000 	157.811996 	183.365005 
57.100000 	125.924004 	158.000000 	157.811996 	183.365005 
57.200000 	125.924004 	158.000000 	157.811996 	183.365005 
57.300000 	125.924004 	158.000000 	157.811996 	183.365005 
57.400000 	125.924004 	158.000000 	157.811996 	183.365005 
57.500000 	125.829002 	158.000000 	157.802994 	183.511993 
57.600000 	125.829002 	158.000000 	157.802994 	183.511993 
57.700000 	125.829002 	158.000000 	157.802994 	183.511993 
57.800000 	125.829002 	158.000000 	157.802994 	183.511993 
57.900000 	125.829002 	158.000000 	157.802994 	183.511993 
58.000000 	125.829002 	158.000000 	157.802994 	183.511993 
58.100000 	125.829002 	158.000000 	157.802994 	183.511993 
58.200000 	125.829002 	158.000000 	157.802994 	183.511993 
58.300000 	125.829002 	158.000000 	157.802994 	183.511993 
58.400000 	125.829002 	158.000000 	157.802994 	183.511993 
58.500000 	125.714996 	158.000000 	157.794998 	183.658005 
58.600000 	125.714996 	158.000000 	157.794998 	183.658005 
58.700000 	125.714996 	158.000000 	157.794998 	183.658005 
58.800000 	125.714996 	158.000000 	157.794998 	183.658005 
58.900000 	125.714996 	158.000000 	157.794998 	183.658005 
59.000000 	125.714996 	158.000000 	157.794998 	183.658005 
59.100000 	125.714996 	158.000000 	157.794998 	183.658005 
59.200000 	125.714996 	158.000000 	157.794998 	183.658005 
59.300000 	125.714996 	158.000000 	157.794998 	183.658005 
59.400000 	125.714996 	158.000000 	157.794998 	183.658005 
59.500000 	125.577003 	158.000000 	157.785995 	183.804001 
59.600000 	125.577003 	158.000000 	157.785995 	183.804001 
59.700000 	125.577003 	158.000000 	157.785995 	183.804001 
59.800000 	125.577003 	158.000000 	157.785995 	183.804001 
59.900000 	125.577003 	158.000000 	157.785995 	183.804001 
60.000000 	125.577003 	158.000000 	157.785995 	183.804001 
