0.500000 	94.506401 	651.000000 	662.507019 	655.359985 
0.600000 	94.506401 	651.000000 	662.507019 	655.359985 
0.700000 	94.506401 	651.000000 	662.507019 	655.359985 
0.800000 	94.506401 	651.000000 	662.507019 	655.359985 
0.900000 	94.506401 	651.000000 	662.507019 	655.359985 
1.000000 	94.506401 	651.000000 	662.507019 	655.359985 
1.100000 	94.506401 	651.000000 	662.507019 	655.359985 
1.200000 	94.506401 	651.000000 	662.507019 	655.359985 
1.300000 	94.506401 	651.000000 	662.507019 	655.359985 
1.400000 	94.506401 	651.000000 	662.507019 	655.359985 
1.500000 	104.774002 	651.000000 	656.268005 	655.958984 
1.600000 	104.774002 	651.000000 	656.268005 	655.958984 
1.700000 	104.774002 	651.000000 	656.268005 	655.958984 
1.800000 	104.774002 	651.000000 	656.268005 	655.958984 
1.900000 	104.774002 	651.000000 	656.268005 	655.958984 
2.000000 	104.774002 	651.000000 	656.268005 	655.958984 
2.100000 	104.774002 	651.000000 	656.268005 	655.958984 
2.200000 	104.774002 	651.000000 	656.268005 	655.958984 
2.300000 	104.774002 	651.000000 	656.268005 	655.958984 
2.400000 	104.774002 	651.000000 	656.268005 	655.958984 
2.500000 	114.528999 	651.000000 	653.755005 	655.966003 
2.600000 	114.528999 	651.000000 	653.755005 	655.966003 
2.700000 	114.528999 	651.000000 	653.755005 	655.966003 
2.800000 	114.528999 	651.000000 	653.755005 	655.966003 
2.900000 	114.528999 	651.000000 	653.755005 	655.966003 
3.000000 	114.528999 	651.000000 	653.755005 	655.966003 
3.100000 	114.528999 	651.000000 	653.755005 	655.966003 
3.200000 	114.528999 	651.000000 	653.755005 	655.966003 
3.300000 	114.528999 	651.000000 	653.755005 	655.966003 
3.400000 	114.528999 	651.000000 	653.755005 	655.966003 
3.500000 	119.221001 	651.000000 	652.609985 	655.973022 
3.600000 	119.221001 	651.000000 	652.609985 	655.973022 
3.700000 	119.221001 	651.000000 	652.609985 	655.973022 
3.800000 	119.221001 	651.000000 	652.609985 	655.973022 
3.900000 	119.221001 	651.000000 	652.609985 	655.973022 
4.000000 	119.221001 	651.000000 	652.609985 	655.973022 
4.100000 	119.221001 	651.000000 	652.609985 	655.973022 
4.200000 	119.221001 	651.000000 	652.609985 	655.973022 
4.300000 	119.221001 	651.000000 	652.609985 	655.973022 
4.400000 	119.221001 	651.000000 	652.609985 	655.973022 
4.500000 	121.671997 	651.000000 	652.018005 	655.981995 
4.600000 	121.671997 	651.000000 	652.018005 	655.981995 
4.700000 	121.671997 	651.000000 	652.018005 	655.981995 
4.800000 	121.671997 	651.000000 	652.018005 	655.981995 
4.900000 	121.671997 	651.000000 	652.018005 	655.981995 
5.000000 	121.671997 	651.000000 	652.018005 	655.981995 
5.100000 	121.671997 	651.000000 	652.018005 	655.981995 
5.200000 	121.671997 	651.000000 	652.018005 	655.981995 
5.300000 	121.671997 	651.000000 	652.018005 	655.981995 
5.400000 	121.671997 	651.000000 	652.018005 	655.981995 
5.500000 	123.085999 	651.000000 	651.677979 	655.992981 
5.600000 	123.085999 	651.000000 	651.677979 	655.992981 
5.700000 	123.085999 	651.000000 	651.677979 	655.992981 
5.800000 	123.085999 	651.000000 	651.677979 	655.992981 
5.900000 	123.085999 	651.000000 	651.677979 	655.992981 
6.000000 	123.085999 	651.000000 	651.677979 	655.992981 
6.100000 	123.085999 	651.000000 	651.677979 	655.992981 
6.200000 	123.085999 	651.000000 	651.677979 	655.992981 
6.300000 	123.085999 	651.000000 	651.677979 	655.992981 
6.400000 	123.085999 	651.000000 	651.677979 	655.992981 
6.500000 	123.970001 	651.000000 	651.466003 	656.004028 
6.600000 	123.970001 	651.000000 	651.466003 	656.004028 
6.700000 	123.970001 	651.000000 	651.466003 	656.004028 
6.800000 	123.970001 	651.000000 	651.466003 	656.004028 
6.900000 	123.970001 	651.000000 	651.466003 	656.004028 
7.000000 	123.970001 	651.000000 	651.466003 	656.004028 
7.100000 	123.970001 	651.000000 	651.466003 	656.004028 
7.200000 	123.970001 	651.000000 	651.466003 	656.004028 
7.300000 	123.970001 	651.000000 	651.466003 	656.004028 
7.400000 	123.970001 	651.000000 	651.466003 	656.004028 
7.500000 	124.557999 	651.000000 	651.325989 	656.015991 
7.600000 	124.557999 	651.000000 	651.325989 	656.015991 
7.700000 	124.557999 	651.000000 	651.325989 	656.015991 
7.800000 	124.557999 	651.000000 	651.325989 	656.015991 
7.900000 	124.557999 	651.000000 	651.325989 	656.015991 
8.000000 	124.557999 	651.000000 	651.325989 	656.015991 
8.100000 	124.557999 	651.000000 	651.325989 	656.015991 
8.200000 	124.557999 	651.000000 	651.325989 	656.015991 
8.300000 	124.557999 	651.000000 	651.325989 	656.015991 
8.400000 	124.557999 	651.000000 	651.325989 	656.015991 
8.500000 	124.969002 	651.000000 	651.229004 	656.028992 
8.600000 	124.969002 	651.000000 	651.229004 	656.028992 
8.700000 	124.969002 	651.000000 	651.229004 	656.028992 
8.800000 	124.969002 	651.000000 	651.229004 	656.028992 
8.900000 	124.969002 	651.000000 	651.229004 	656.028992 
9.000000 	124.969002 	651.000000 	651.229004 	656.028992 
9.100000 	124.969002 	651.000000 	651.229004 	656.028992 
9.200000 	124.969002 	651.000000 	651.229004 	656.028992 
9.300000 	124.969002 	651.000000 	651.229004 	656.028992 
9.400000 	124.969002 	651.000000 	651.229004 	656.028992 
9.500000 	125.266998 	651.000000 	651.158997 	656.041992 
9.600000 	125.266998 	651.000000 	651.158997 	656.041992 
9.700000 	125.266998 	651.000000 	651.158997 	656.041992 
9.800000 	125.266998 	651.000000 	651.158997 	656.041992 
9.900000 	125.266998 	651.000000 	651.158997 	656.041992 
10.000000 	125.266998 	651.000000 	651.158997 	656.041992 
10.100000 	125.266998 	651.000000 	651.158997 	656.041992 
10.200000 	125.266998 	651.000000 	651.158997 	656.041992 
10.300000 	125.266998 	651.000000 	651.158997 	656.041992 
10.400000 	125.266998 	651.000000 	651.158997 	656.041992 
10.500000 	125.489998 	651.000000 	651.106995 	656.056030 
10.600000 	125.489998 	651.000000 	651.106995 	656.056030 
10.700000 	125.489998 	651.000000 	651.106995 	656.056030 
10.800000 	125.489998 	651.000000 	651.106995 	656.056030 
10.900000 	125.489998 	651.000000 	651.106995 	656.056030 
11.000000 	125.489998 	651.000000 	651.106995 	656.056030 
11.100000 	125.489998 	651.000000 	651.106995 	656.056030 
11.200000 	125.489998 	651.000000 	651.106995 	656.056030 
11.300000 	125.489998 	651.000000 	651.106995 	656.056030 
11.400000 	125.489998 	651.000000 	651.106995 	656.056030 
11.500000 	125.662003 	651.000000 	651.067017 	656.070984 
11.600000 	125.662003 	651.000000 	651.067017 	656.070984 
11.700000 	125.662003 	651.000000 	651.067017 	656.070984 
11.800000 	125.662003 	651.000000 	651.067017 	656.070984 
11.900000 	125.662003 	651.000000 	651.067017 	656.070984 
12.000000 	125.662003 	651.000000 	651.067017 	656.070984 
12.100000 	125.662003 	651.000000 	651.067017 	656.070984 
12.200000 	125.662003 	651.000000 	651.067017 	656.070984 
12.300000 	125.662003 	651.000000 	651.067017 	656.070984 
12.400000 	125.662003 	651.000000 	651.067017 	656.070984 
12.500000 	125.797997 	651.000000 	651.034973 	656.085999 
12.600000 	125.797997 	651.000000 	651.034973 	656.085999 
12.700000 	125.797997 	651.000000 	651.034973 	656.085999 
12.800000 	125.797997 	651.000000 	651.034973 	656.085999 
12.900000 	125.797997 	651.000000 	651.034973 	656.085999 
13.000000 	125.797997 	651.000000 	651.034973 	656.085999 
13.100000 	125.797997 	651.000000 	651.034973 	656.085999 
13.200000 	125.797997 	651.000000 	651.034973 	656.085999 
13.300000 	125.797997 	651.000000 	651.034973 	656.085999 
13.400000 	125.797997 	651.000000 	651.034973 	656.085999 
13.500000 	125.906998 	651.000000 	651.010010 	656.101990 
13.600000 	125.906998 	651.000000 	651.010010 	656.101990 
13.700000 	125.906998 	651.000000 	651.010010 	656.101990 
13.800000 	125.906998 	651.000000 	651.010010 	656.101990 
13.900000 	125.906998 	651.000000 	651.010010 	656.101990 
14.000000 	125.906998 	651.000000 	651.010010 	656.101990 
14.100000 	125.906998 	651.000000 	651.010010 	656.101990 
14.200000 	125.906998 	651.000000 	651.010010 	656.101990 
14.300000 	125.906998 	651.000000 	651.010010 	656.101990 
14.400000 	125.906998 	651.000000 	651.010010 	656.101990 
14.500000 	125.996002 	651.000000 	650.989990 	656.119019 
14.600000 	125.996002 	651.000000 	650.989990 	656.119019 
14.700000 	125.996002 	651.000000 	650.989990 	656.119019 
14.800000 	125.996002 	651.000000 	650.989990 	656.119019 
14.900000 	125.996002 	651.000000 	650.989990 	656.119019 
15.000000 	125.996002 	651.000000 	650.989990 	656.119019 
15.100000 	125.996002 	651.000000 	650.989990 	656.119019 
15.200000 	125.996002 	651.000000 	650.989990 	656.119019 
15.300000 	125.996002 	651.000000 	650.989990 	656.119019 
15.400000 	125.996002 	651.000000 	650.989990 	656.119019 
15.500000 	126.070999 	651.000000 	650.973022 	656.135986 
15.600000 	126.070999 	651.000000 	650.973022 	656.135986 
15.700000 	126.070999 	651.000000 	650.973022 	656.135986 
15.800000 	126.070999 	651.000000 	650.973022 	656.135986 
15.900000 	126.070999 	651.000000 	650.973022 	656.135986 
16.000000 	126.070999 	651.000000 	650.973022 	656.135986 
16.100000 	126.070999 	651.000000 	650.973022 	656.135986 
16.200000 	126.070999 	651.000000 	650.973022 	656.135986 
16.300000 	126.070999 	651.000000 	650.973022 	656.135986 
16.400000 	126.070999 	651.000000 	650.973022 	656.135986 
16.500000 	126.133003 	651.000000 	650.958984 	656.153015 
16.600000 	126.133003 	651.000000 	650.958984 	656.153015 
16.700000 	126.133003 	651.000000 	650.958984 	656.153015 
16.800000 	126.133003 	651.000000 	650.958984 	656.153015 
16.900000 	126.133003 	651.000000 	650.958984 	656.153015 
17.000000 	126.133003 	651.000000 	650.958984 	656.153015 
17.100000 	126.133003 	651.000000 	650.958984 	656.153015 
17.200000 	126.133003 	651.000000 	650.958984 	656.153015 
17.300000 	126.133003 	651.000000 	650.958984 	656.153015 
17.400000 	126.133003 	651.000000 	650.958984 	656.153015 
17.500000 	126.185997 	651.000000 	650.947021 	656.171021 
17.600000 	126.185997 	651.000000 	650.947021 	656.171021 
17.700000 	126.185997 	651.000000 	650.947021 	656.171021 
17.800000 	126.185997 	651.000000 	650.947021 	656.171021 
17.900000 	126.185997 	651.000000 	650.947021 	656.171021 
18.000000 	126.185997 	651.000000 	650.947021 	656.171021 
18.100000 	126.185997 	651.000000 	650.947021 	656.171021 
18.200000 	126.185997 	651.000000 	650.947021 	656.171021 
18.300000 	126.185997 	651.000000 	650.947021 	656.171021 
18.400000 	126.185997 	651.000000 	650.947021 	656.171021 
18.500000 	126.232002 	651.000000 	650.935974 	656.189026 
18.600000 	126.232002 	651.000000 	650.935974 	656.189026 
18.700000 	126.232002 	651.000000 	650.935974 	656.189026 
18.800000 	126.232002 	651.000000 	650.935974 	656.189026 
18.900000 	126.232002 	651.000000 	650.935974 	656.189026 
19.000000 	126.232002 	651.000000 	650.935974 	656.189026 
19.100000 	126.232002 	651.000000 	650.935974 	656.189026 
19.200000 	126.232002 	651.000000 	650.935974 	656.189026 
19.300000 	126.232002 	651.000000 	650.935974 	656.189026 
19.400000 	126.232002 	651.000000 	650.935974 	656.189026 
19.500000 	126.271004 	651.000000 	650.927002 	656.208008 
19.600000 	126.271004 	651.000000 	650.927002 	656.208008 
19.700000 	126.271004 	651.000000 	650.927002 	656.208008 
19.800000 	126.271004 	651.000000 	650.927002 	656.208008 
19.900000 	126.271004 	651.000000 	650.927002 	656.208008 
20.000000 	126.271004 	651.000000 	650.927002 	656.208008 
20.100000 	126.271004 	651.000000 	650.927002 	656.208008 
20.200000 	126.271004 	651.000000 	650.927002 	656.208008 
20.300000 	126.271004 	651.000000 	650.927002 	656.208008 
20.400000 	126.271004 	651.000000 	650.927002 	656.208008 
20.500000 	126.306000 	651.000000 	650.919006 	656.226990 
20.600000 	126.306000 	651.000000 	650.919006 	656.226990 
20.700000 	126.306000 	651.000000 	650.919006 	656.226990 
20.800000 	126.306000 	651.000000 	650.919006 	656.226990 
20.900000 	126.306000 	651.000000 	650.919006 	656.226990 
21.000000 	126.306000 	651.000000 	650.919006 	656.226990 
21.100000 	126.306000 	651.000000 	650.919006 	656.226990 
21.200000 	126.306000 	651.000000 	650.919006 	656.226990 
21.300000 	126.306000 	651.000000 	650.919006 	656.226990 
21.400000 	126.306000 	651.000000 	650.919006 	656.226990 
21.500000 	126.336998 	651.000000 	650.911987 	656.247009 
21.600000 	126.336998 	651.000000 	650.911987 	656.247009 
21.700000 	126.336998 	651.000000 	650.911987 	656.247009 
21.800000 	126.336998 	651.000000 	650.911987 	656.247009 
21.900000 	126.336998 	651.000000 	650.911987 	656.247009 
22.000000 	126.336998 	651.000000 	650.911987 	656.247009 
22.100000 	126.336998 	651.000000 	650.911987 	656.247009 
22.200000 	126.336998 	651.000000 	650.911987 	656.247009 
22.300000 	126.336998 	651.000000 	650.911987 	656.247009 
22.400000 	126.336998 	651.000000 	650.911987 	656.247009 
22.500000 	126.363998 	651.000000 	650.905029 	656.267029 
22.600000 	126.363998 	651.000000 	650.905029 	656.267029 
22.700000 	126.363998 	651.000000 	650.905029 	656.267029 
22.800000 	126.363998 	651.000000 	650.905029 	656.267029 
22.900000 	126.363998 	651.000000 	650.905029 	656.267029 
23.000000 	126.363998 	651.000000 	650.905029 	656.267029 
23.100000 	126.363998 	651.000000 	650.905029 	656.267029 
23.200000 	126.363998 	651.000000 	650.905029 	656.267029 
23.300000 	126.363998 	651.000000 	650.905029 	656.267029 
23.400000 	126.363998 	651.000000 	650.905029 	656.267029 
23.500000 	126.388000 	651.000000 	650.898987 	656.286987 
23.600000 	126.388000 	651.000000 	650.898987 	656.286987 
23.700000 	126.388000 	651.000000 	650.898987 	656.286987 
23.800000 	126.388000 	651.000000 	650.898987 	656.286987 
23.900000 	126.388000 	651.000000 	650.898987 	656.286987 
24.000000 	126.388000 	651.000000 	650.898987 	656.286987 
24.100000 	126.388000 	651.000000 	650.898987 	656.286987 
24.200000 	126.388000 	651.000000 	650.898987 	656.286987 
24.300000 	126.388000 	651.000000 	650.898987 	656.286987 
24.400000 	126.388000 	651.000000 	650.898987 	656.286987 
24.500000 	126.408997 	651.000000 	650.893982 	656.307007 
24.600000 	126.408997 	651.000000 	650.893982 	656.307007 
24.700000 	126.408997 	651.000000 	650.893982 	656.307007 
24.800000 	126.408997 	651.000000 	650.893982 	656.307007 
24.900000 	126.408997 	651.000000 	650.893982 	656.307007 
25.000000 	126.408997 	651.000000 	650.893982 	656.307007 
25.100000 	126.408997 	651.000000 	650.893982 	656.307007 
25.200000 	126.408997 	651.000000 	650.893982 	656.307007 
25.300000 	126.408997 	651.000000 	650.893982 	656.307007 
25.400000 	126.408997 	651.000000 	650.893982 	656.307007 
25.500000 	126.428001 	651.000000 	650.888000 	656.327026 
25.600000 	126.428001 	651.000000 	650.888000 	656.327026 
25.700000 	126.428001 	651.000000 	650.888000 	656.327026 
25.800000 	126.428001 	651.000000 	650.888000 	656.327026 
25.900000 	126.428001 	651.000000 	650.888000 	656.327026 
26.000000 	126.428001 	651.000000 	650.888000 	656.327026 
26.100000 	126.428001 	651.000000 	650.888000 	656.327026 
26.200000 	126.428001 	651.000000 	650.888000 	656.327026 
26.300000 	126.428001 	651.000000 	650.888000 	656.327026 
26.400000 	126.428001 	651.000000 	650.888000 	656.327026 
26.500000 	126.445000 	651.000000 	650.882996 	656.348022 
26.600000 	126.445000 	651.000000 	650.882996 	656.348022 
26.700000 	126.445000 	651.000000 	650.882996 	656.348022 
26.800000 	126.445000 	651.000000 	650.882996 	656.348022 
26.900000 	126.445000 	651.000000 	650.882996 	656.348022 
27.000000 	126.445000 	651.000000 	650.882996 	656.348022 
27.100000 	126.445000 	651.000000 	650.882996 	656.348022 
27.200000 	126.445000 	651.000000 	650.882996 	656.348022 
27.300000 	126.445000 	651.000000 	650.882996 	656.348022 
27.400000 	126.445000 	651.000000 	650.882996 	656.348022 
27.500000 	126.459999 	651.000000 	650.877991 	656.369019 
27.600000 	126.459999 	651.000000 	650.877991 	656.369019 
27.700000 	126.459999 	651.000000 	650.877991 	656.369019 
27.800000 	126.459999 	651.000000 	650.877991 	656.369019 
27.900000 	126.459999 	651.000000 	650.877991 	656.369019 
28.000000 	126.459999 	651.000000 	650.877991 	656.369019 
28.100000 	126.459999 	651.000000 	650.877991 	656.369019 
28.200000 	126.459999 	651.000000 	650.877991 	656.369019 
28.300000 	126.459999 	651.000000 	650.877991 	656.369019 
28.400000 	126.459999 	651.000000 	650.877991 	656.369019 
28.500000 	126.473999 	651.000000 	650.874023 	656.390015 
28.600000 	126.473999 	651.000000 	650.874023 	656.390015 
28.700000 	126.473999 	651.000000 	650.874023 	656.390015 
28.800000 	126.473999 	651.000000 	650.874023 	656.390015 
28.900000 	126.473999 	651.000000 	650.874023 	656.390015 
29.000000 	126.473999 	651.000000 	650.874023 	656.390015 
29.100000 	126.473999 	651.000000 	650.874023 	656.390015 
29.200000 	126.473999 	651.000000 	650.874023 	656.390015 
29.300000 	126.473999 	651.000000 	650.874023 	656.390015 
29.400000 	126.473999 	651.000000 	650.874023 	656.390015 
29.500000 	126.486000 	651.000000 	650.869019 	656.411011 
29.600000 	126.486000 	651.000000 	650.869019 	656.411011 
29.700000 	126.486000 	651.000000 	650.869019 	656.411011 
29.800000 	126.486000 	651.000000 	650.869019 	656.411011 
29.900000 	126.486000 	651.000000 	650.869019 	656.411011 
30.000000 	126.486000 	651.000000 	650.869019 	656.411011 
30.100000 	126.486000 	651.000000 	650.869019 	656.411011 
30.200000 	126.486000 	651.000000 	650.869019 	656.411011 
30.300000 	126.486000 	651.000000 	650.869019 	656.411011 
30.400000 	126.486000 	651.000000 	650.869019 	656.411011 
30.500000 	126.496002 	651.000000 	650.864990 	656.432007 
30.600000 	126.496002 	651.000000 	650.864990 	656.432007 
30.700000 	126.496002 	651.000000 	650.864990 	656.432007 
30.800000 	126.496002 	651.000000 	650.864990 	656.432007 
30.900000 	126.496002 	651.000000 	650.864990 	656.432007 
31.000000 	126.496002 	651.000000 	650.864990 	656.432007 
31.100000 	126.496002 	651.000000 	650.864990 	656.432007 
31.200000 	126.496002 	651.000000 	650.864990 	656.432007 
31.300000 	126.496002 	651.000000 	650.864990 	656.432007 
31.400000 	126.496002 	651.000000 	650.864990 	656.432007 
31.500000 	126.504997 	651.000000 	650.859985 	656.453003 
31.600000 	126.504997 	651.000000 	650.859985 	656.453003 
31.700000 	126.504997 	651.000000 	650.859985 	656.453003 
31.800000 	126.504997 	651.000000 	650.859985 	656.453003 
31.900000 	126.504997 	651.000000 	650.859985 	656.453003 
32.000000 	126.504997 	651.000000 	650.859985 	656.453003 
32.100000 	126.504997 	651.000000 	650.859985 	656.453003 
32.200000 	126.504997 	651.000000 	650.859985 	656.453003 
32.300000 	126.504997 	651.000000 	650.859985 	656.453003 
32.400000 	126.504997 	651.000000 	650.859985 	656.453003 
32.500000 	126.513000 	651.000000 	650.856018 	656.473999 
32.600000 	126.513000 	651.000000 	650.856018 	656.473999 
32.700000 	126.513000 	651.000000 	650.856018 	656.473999 
32.800000 	126.513000 	651.000000 	650.856018 	656.473999 
32.900000 	126.513000 	651.000000 	650.856018 	656.473999 
33.000000 	126.513000 	651.000000 	650.856018 	656.473999 
33.100000 	126.513000 	651.000000 	650.856018 	656.473999 
33.200000 	126.513000 	651.000000 	650.856018 	656.473999 
33.300000 	126.513000 	651.000000 	650.856018 	656.473999 
33.400000 	126.513000 	651.000000 	650.856018 	656.473999 
33.500000 	126.518997 	651.000000 	650.851013 	656.494995 
33.600000 	126.518997 	651.000000 	650.851013 	656.494995 
33.700000 	126.518997 	651.000000 	650.851013 	656.494995 
33.800000 	126.518997 	651.000000 	650.851013 	656.494995 
33.900000 	126.518997 	651.000000 	650.851013 	656.494995 
34.000000 	126.518997 	651.000000 	650.851013 	656.494995 
34.100000 	126.518997 	651.000000 	650.851013 	656.494995 
34.200000 	126.518997 	651.000000 	650.851013 	656.494995 
34.300000 	126.518997 	651.000000 	650.851013 	656.494995 
34.400000 	126.518997 	651.000000 	650.851013 	656.494995 
34.500000 	126.523003 	651.000000 	650.846008 	656.515991 
34.600000 	126.523003 	651.000000 	650.846008 	656.515991 
34.700000 	126.523003 	651.000000 	650.846008 	656.515991 
34.800000 	126.523003 	651.000000 	650.846008 	656.515991 
34.900000 	126.523003 	651.000000 	650.846008 	656.515991 
35.000000 	126.523003 	651.000000 	650.846008 	656.515991 
35.100000 	126.523003 	651.000000 	650.846008 	656.515991 
35.200000 	126.523003 	651.000000 	650.846008 	656.515991 
35.300000 	126.523003 	651.000000 	650.846008 	656.515991 
35.400000 	126.523003 	651.000000 	650.846008 	656.515991 
35.500000 	126.526001 	651.000000 	650.841980 	656.536987 
35.600000 	126.526001 	651.000000 	650.841980 	656.536987 
35.700000 	126.526001 	651.000000 	650.841980 	656.536987 
35.800000 	126.526001 	651.000000 	650.841980 	656.536987 
35.900000 	126.526001 	651.000000 	650.841980 	656.536987 
36.000000 	126.526001 	651.000000 	650.841980 	656.536987 
36.100000 	126.526001 	651.000000 	650.841980 	656.536987 
36.200000 	126.526001 	651.000000 	650.841980 	656.536987 
36.300000 	126.526001 	651.000000 	650.841980 	656.536987 
36.400000 	126.526001 	651.000000 	650.841980 	656.536987 
36.500000 	126.528000 	651.000000 	650.836975 	656.557007 
36.600000 	126.528000 	651.000000 	650.836975 	656.557007 
36.700000 	126.528000 	651.000000 	650.836975 	656.557007 
36.800000 	126.528000 	651.000000 	650.836975 	656.557007 
36.900000 	126.528000 	651.000000 	650.836975 	656.557007 
37.000000 	126.528000 	651.000000 	650.836975 	656.557007 
37.100000 	126.528000 	651.000000 	650.836975 	656.557007 
37.200000 	126.528000 	651.000000 	650.836975 	656.557007 
37.300000 	126.528000 	651.000000 	650.836975 	656.557007 
37.400000 	126.528000 	651.000000 	650.836975 	656.557007 
37.500000 	126.528000 	651.000000 	650.831970 	656.578003 
37.600000 	126.528000 	651.000000 	650.831970 	656.578003 
37.700000 	126.528000 	651.000000 	650.831970 	656.578003 
37.800000 	126.528000 	651.000000 	650.831970 	656.578003 
37.900000 	126.528000 	651.000000 	650.831970 	656.578003 
38.000000 	126.528000 	651.000000 	650.831970 	656.578003 
38.100000 	126.528000 	651.000000 	650.831970 	656.578003 
38.200000 	126.528000 	651.000000 	650.831970 	656.578003 
38.300000 	126.528000 	651.000000 	650.831970 	656.578003 
38.400000 	126.528000 	651.000000 	650.831970 	656.578003 
38.500000 	126.526001 	651.000000 	650.827026 	656.598022 
38.600000 	126.526001 	651.000000 	650.827026 	656.598022 
38.700000 	126.526001 	651.000000 	650.827026 	656.598022 
38.800000 	126.526001 	651.000000 	650.827026 	656.598022 
38.900000 	126.526001 	651.000000 	650.827026 	656.598022 
39.000000 	126.526001 	651.000000 	650.827026 	656.598022 
39.100000 	126.526001 	651.000000 	650.827026 	656.598022 
39.200000 	126.526001 	651.000000 	650.827026 	656.598022 
39.300000 	126.526001 	651.000000 	650.827026 	656.598022 
39.400000 	126.526001 	651.000000 	650.827026 	656.598022 
39.500000 	126.523003 	651.000000 	650.822021 	656.619019 
39.600000 	126.523003 	651.000000 	650.822021 	656.619019 
39.700000 	126.523003 	651.000000 	650.822021 	656.619019 
39.800000 	126.523003 	651.000000 	650.822021 	656.619019 
39.900000 	126.523003 	651.000000 	650.822021 	656.619019 
40.000000 	126.523003 	651.000000 	650.822021 	656.619019 
40.100000 	126.523003 	651.000000 	650.822021 	656.619019 
40.200000 	126.523003 	651.000000 	650.822021 	656.619019 
40.300000 	126.523003 	651.000000 	650.822021 	656.619019 
40.400000 	126.523003 	651.000000 	650.822021 	656.619019 
40.500000 	126.516998 	651.000000 	650.817017 	656.638977 
40.600000 	126.516998 	651.000000 	650.817017 	656.638977 
40.700000 	126.516998 	651.000000 	650.817017 	656.638977 
40.800000 	126.516998 	651.000000 	650.817017 	656.638977 
40.900000 	126.516998 	651.000000 	650.817017 	656.638977 
41.000000 	126.516998 	651.000000 	650.817017 	656.638977 
41.100000 	126.516998 	651.000000 	650.817017 	656.638977 
41.200000 	126.516998 	651.000000 	650.817017 	656.638977 
41.300000 	126.516998 	651.000000 	650.817017 	656.638977 
41.400000 	126.516998 	651.000000 	650.817017 	656.638977 
41.500000 	126.510002 	651.000000 	650.810974 	656.658020 
41.600000 	126.510002 	651.000000 	650.810974 	656.658020 
41.700000 	126.510002 	651.000000 	650.810974 	656.658020 
41.800000 	126.510002 	651.000000 	650.810974 	656.658020 
41.900000 	126.510002 	651.000000 	650.810974 	656.658020 
42.000000 	126.510002 	651.000000 	650.810974 	656.658020 
42.100000 	126.510002 	651.000000 	650.810974 	656.658020 
42.200000 	126.510002 	651.000000 	650.810974 	656.658020 
42.300000 	126.510002 	651.000000 	650.810974 	656.658020 
42.400000 	126.510002 	651.000000 	650.810974 	656.658020 
42.500000 	126.500000 	651.000000 	650.804993 	656.677979 
42.600000 	126.500000 	651.000000 	650.804993 	656.677979 
42.700000 	126.500000 	651.000000 	650.804993 	656.677979 
42.800000 	126.500000 	651.000000 	650.804993 	656.677979 
42.900000 	126.500000 	651.000000 	650.804993 	656.677979 
43.000000 	126.500000 	651.000000 	650.804993 	656.677979 
43.100000 	126.500000 	651.000000 	650.804993 	656.677979 
43.200000 	126.500000 	651.000000 	650.804993 	656.677979 
43.300000 	126.500000 	651.000000 	650.804993 	656.677979 
43.400000 	126.500000 	651.000000 	650.804993 	656.677979 
43.500000 	126.487999 	651.000000 	650.799011 	656.697021 
43.600000 	126.487999 	651.000000 	650.799011 	656.697021 
43.700000 	126.487999 	651.000000 	650.799011 	656.697021 
43.800000 	126.487999 	651.000000 	650.799011 	656.697021 
43.900000 	126.487999 	651.000000 	650.799011 	656.697021 
44.000000 	126.487999 	651.000000 	650.799011 	656.697021 
44.100000 	126.487999 	651.000000 	650.799011 	656.697021 
44.200000 	126.487999 	651.000000 	650.799011 	656.697021 
44.300000 	126.487999 	651.000000 	650.799011 	656.697021 
44.400000 	126.487999 	651.000000 	650.799011 	656.697021 
44.500000 	126.473000 	651.000000 	650.793030 	656.716003 
44.600000 	126.473000 	651.000000 	650.793030 	656.716003 
44.700000 	126.473000 	651.000000 	650.793030 	656.716003 
44.800000 	126.473000 	651.000000 	650.793030 	656.716003 
44.900000 	126.473000 	651.000000 	650.793030 	656.716003 
45.000000 	126.473000 	651.000000 	650.793030 	656.716003 
45.100000 	126.473000 	651.000000 	650.793030 	656.716003 
45.200000 	126.473000 	651.000000 	650.793030 	656.716003 
45.300000 	126.473000 	651.000000 	650.793030 	656.716003 
45.400000 	126.473000 	651.000000 	650.793030 	656.716003 
45.500000 	126.456001 	651.000000 	650.786987 	656.734985 
45.600000 	126.456001 	651.000000 	650.786987 	656.734985 
45.700000 	126.456001 	651.000000 	650.786987 	656.734985 
45.800000 	126.456001 	651.000000 	650.786987 	656.734985 
45.900000 	126.456001 	651.000000 	650.786987 	656.734985 
46.000000 	126.456001 	651.000000 	650.786987 	656.734985 
46.100000 	126.456001 	651.000000 	650.786987 	656.734985 
46.200000 	126.456001 	651.000000 	650.786987 	656.734985 
46.300000 	126.456001 	651.000000 	650.786987 	656.734985 
46.400000 	126.456001 	651.000000 	650.786987 	656.734985 
46.500000 	126.434998 	651.000000 	650.780029 	656.752991 
46.600000 	126.434998 	651.000000 	650.780029 	656.752991 
46.700000 	126.434998 	651.000000 	650.780029 	656.752991 
46.800000 	126.434998 	651.000000 	650.780029 	656.752991 
46.900000 	126.434998 	651.000000 	650.780029 	656.752991 
47.000000 	126.434998 	651.000000 	650.780029 	656.752991 
47.100000 	126.434998 	651.000000 	650.780029 	656.752991 
47.200000 	126.434998 	651.000000 	650.780029 	656.752991 
47.300000 	126.434998 	651.000000 	650.780029 	656.752991 
47.400000 	126.434998 	651.000000 	650.780029 	656.752991 
47.500000 	126.411003 	651.000000 	650.773010 	656.770996 
47.600000 	126.411003 	651.000000 	650.773010 	656.770996 
47.700000 	126.411003 	651.000000 	650.773010 	656.770996 
47.800000 	126.411003 	651.000000 	650.773010 	656.770996 
47.900000 	126.411003 	651.000000 	650.773010 	656.770996 
48.000000 	126.411003 	651.000000 	650.773010 	656.770996 
48.100000 	126.411003 	651.000000 	650.773010 	656.770996 
48.200000 	126.411003 	651.000000 	650.773010 	656.770996 
48.300000 	126.411003 	651.000000 	650.773010 	656.770996 
48.400000 	126.411003 	651.000000 	650.773010 	656.770996 
48.500000 	126.383003 	651.000000 	650.765991 	656.788025 
48.600000 	126.383003 	651.000000 	650.765991 	656.788025 
48.700000 	126.383003 	651.000000 	650.765991 	656.788025 
48.800000 	126.383003 	651.000000 	650.765991 	656.788025 
48.900000 	126.383003 	651.000000 	650.765991 	656.788025 
49.000000 	126.383003 	651.000000 	650.765991 	656.788025 
49.100000 	126.383003 	651.000000 	650.765991 	656.788025 
49.200000 	126.383003 	651.000000 	650.765991 	656.788025 
49.300000 	126.383003 	651.000000 	650.765991 	656.788025 
49.400000 	126.383003 	651.000000 	650.765991 	656.788025 
49.500000 	126.349998 	651.000000 	650.758972 	656.804993 
49.600000 	126.349998 	651.000000 	650.758972 	656.804993 
49.700000 	126.349998 	651.000000 	650.758972 	656.804993 
49.800000 	126.349998 	651.000000 	650.758972 	656.804993 
49.900000 	126.349998 	651.000000 	650.758972 	656.804993 
50.000000 	126.349998 	651.000000 	650.758972 	656.804993 
50.100000 	126.349998 	651.000000 	650.758972 	656.804993 
50.200000 	126.349998 	651.000000 	650.758972 	656.804993 
50.300000 	126.349998 	651.000000 	650.758972 	656.804993 
50.400000 	126.349998 	651.000000 	650.758972 	656.804993 
50.500000 	126.311996 	651.000000 	650.750977 	656.822021 
50.600000 	126.311996 	651.000000 	650.750977 	656.822021 
50.700000 	126.311996 	651.000000 	650.750977 	656.822021 
50.800000 	126.311996 	651.000000 	650.750977 	656.822021 
50.900000 	126.311996 	651.000000 	650.750977 	656.822021 
51.000000 	126.311996 	651.000000 	650.750977 	656.822021 
51.100000 	126.311996 	651.000000 	650.750977 	656.822021 
51.200000 	126.311996 	651.000000 	650.750977 	656.822021 
51.300000 	126.311996 	651.000000 	650.750977 	656.822021 
51.400000 	126.311996 	651.000000 	650.750977 	656.822021 
51.500000 	126.268997 	651.000000 	650.742981 	656.838013 
51.600000 	126.268997 	651.000000 	650.742981 	656.838013 
51.700000 	126.268997 	651.000000 	650.742981 	656.838013 
51.800000 	126.268997 	651.000000 	650.742981 	656.838013 
51.900000 	126.268997 	651.000000 	650.742981 	656.838013 
52.000000 	126.268997 	651.000000 	650.742981 	656.838013 
52.100000 	126.268997 	651.000000 	650.742981 	656.838013 
52.200000 	126.268997 	651.000000 	650.742981 	656.838013 
52.300000 	126.268997 	651.000000 	650.742981 	656.838013 
52.400000 	126.268997 	651.000000 	650.742981 	656.838013 
52.500000 	126.219002 	651.000000 	650.734009 	656.853027 
52.600000 	126.219002 	651.000000 	650.734009 	656.853027 
52.700000 	126.219002 	651.000000 	650.734009 	656.853027 
52.800000 	126.219002 	651.000000 	650.734009 	656.853027 
52.900000 	126.219002 	651.000000 	650.734009 	656.853027 
53.000000 	126.219002 	651.000000 	650.734009 	656.853027 
53.100000 	126.219002 	651.000000 	650.734009 	656.853027 
53.200000 	126.219002 	651.000000 	650.734009 	656.853027 
53.300000 	126.219002 	651.000000 	650.734009 	656.853027 
53.400000 	126.219002 	651.000000 	650.734009 	656.853027 
53.500000 	126.161003 	651.000000 	650.726013 	656.869019 
53.600000 	126.161003 	651.000000 	650.726013 	656.869019 
53.700000 	126.161003 	651.000000 	650.726013 	656.869019 
53.800000 	126.161003 	651.000000 	650.726013 	656.869019 
53.900000 	126.161003 	651.000000 	650.726013 	656.869019 
54.000000 	126.161003 	651.000000 	650.726013 	656.869019 
54.100000 	126.161003 	651.000000 	650.726013 	656.869019 
54.200000 	126.161003 	651.000000 	650.726013 	656.869019 
54.300000 	126.161003 	651.000000 	650.726013 	656.869019 
54.400000 	126.161003 	651.000000 	650.726013 	656.869019 
54.500000 	126.095001 	651.000000 	650.716980 	656.882996 
54.600000 	126.095001 	651.000000 	650.716980 	656.882996 
54.700000 	126.095001 	651.000000 	650.716980 	656.882996 
54.800000 	126.095001 	651.000000 	650.716980 	656.882996 
54.900000 	126.095001 	651.000000 	650.716980 	656.882996 
55.000000 	126.095001 	651.000000 	650.716980 	656.882996 
55.100000 	126.095001 	651.000000 	650.716980 	656.882996 
55.200000 	126.095001 	651.000000 	650.716980 	656.882996 
55.300000 	126.095001 	651.000000 	650.716980 	656.882996 
55.400000 	126.095001 	651.000000 	650.716980 	656.882996 
55.500000 	126.017998 	651.000000 	650.706970 	656.896973 
55.600000 	126.017998 	651.000000 	650.706970 	656.896973 
55.700000 	126.017998 	651.000000 	650.706970 	656.896973 
55.800000 	126.017998 	651.000000 	650.706970 	656.896973 
55.900000 	126.017998 	651.000000 	650.706970 	656.896973 
56.000000 	126.017998 	651.000000 	650.706970 	656.896973 
56.100000 	126.017998 	651.000000 	650.706970 	656.896973 
56.200000 	126.017998 	651.000000 	650.706970 	656.896973 
56.300000 	126.017998 	651.000000 	650.706970 	656.896973 
56.400000 	126.017998 	651.000000 	650.706970 	656.896973 
56.500000 	125.929001 	651.000000 	650.697021 	656.911011 
56.600000 	125.929001 	651.000000 	650.697021 	656.911011 
56.700000 	125.929001 	651.000000 	650.697021 	656.911011 
56.800000 	125.929001 	651.000000 	650.697021 	656.911011 
56.900000 	125.929001 	651.000000 	650.697021 	656.911011 
57.000000 	125.929001 	651.000000 	650.697021 	656.911011 
57.100000 	125.929001 	651.000000 	650.697021 	656.911011 
57.200000 	125.929001 	651.000000 	650.697021 	656.911011 
57.300000 	125.929001 	651.000000 	650.697021 	656.911011 
57.400000 	125.929001 	651.000000 	650.697021 	656.911011 
57.500000 	125.823997 	651.000000 	650.687012 	656.922974 
57.600000 	125.823997 	651.000000 	650.687012 	656.922974 
57.700000 	125.823997 	651.000000 	650.687012 	656.922974 
57.800000 	125.823997 	651.000000 	650.687012 	656.922974 
57.900000 	125.823997 	651.000000 	650.687012 	656.922974 
58.000000 	125.823997 	651.000000 	650.687012 	656.922974 
58.100000 	125.823997 	651.000000 	650.687012 	656.922974 
58.200000 	125.823997 	651.000000 	650.687012 	656.922974 
58.300000 	125.823997 	651.000000 	650.687012 	656.922974 
58.400000 	125.823997 	651.000000 	650.687012 	656.922974 
58.500000 	125.700996 	651.000000 	650.676025 	656.935974 
58.600000 	125.700996 	651.000000 	650.676025 	656.935974 
58.700000 	125.700996 	651.000000 	650.676025 	656.935974 
58.800000 	125.700996 	651.000000 	650.676025 	656.935974 
58.900000 	125.700996 	651.000000 	650.676025 	656.935974 
59.000000 	125.700996 	651.000000 	650.676025 	656.935974 
59.100000 	125.700996 	651.000000 	650.676025 	656.935974 
59.200000 	125.700996 	651.000000 	650.676025 	656.935974 
59.300000 	125.700996 	651.000000 	650.676025 	656.935974 
59.400000 	125.700996 	651.000000 	650.676025 	656.935974 
59.500000 	125.554001 	651.000000 	650.664978 	656.947021 
59.600000 	125.554001 	651.000000 	650.664978 	656.947021 
59.700000 	125.554001 	651.000000 	650.664978 	656.947021 
59.800000 	125.554001 	651.000000 	650.664978 	656.947021 
59.900000 	125.554001 	651.000000 	650.664978 	656.947021 
60.000000 	125.554001 	651.000000 	650.664978 	656.947021 
