0.500000 	75.752403 	117.000000 	188.988998 	137.449997 
0.600000 	75.752403 	117.000000 	188.988998 	137.449997 
0.700000 	75.752403 	117.000000 	188.988998 	137.449997 
0.800000 	75.752403 	117.000000 	188.988998 	137.449997 
0.900000 	75.752403 	117.000000 	188.988998 	137.449997 
1.000000 	75.752403 	117.000000 	188.988998 	137.449997 
1.100000 	75.752403 	117.000000 	188.988998 	137.449997 
1.200000 	75.752403 	117.000000 	188.988998 	137.449997 
1.300000 	75.752403 	117.000000 	188.988998 	137.449997 
1.400000 	75.752403 	117.000000 	188.988998 	137.449997 
1.500000 	79.896797 	117.000000 	161.102005 	140.209000 
1.600000 	79.896797 	117.000000 	161.102005 	140.209000 
1.700000 	79.896797 	117.000000 	161.102005 	140.209000 
1.800000 	79.896797 	117.000000 	161.102005 	140.209000 
1.900000 	79.896797 	117.000000 	161.102005 	140.209000 
2.000000 	79.896797 	117.000000 	161.102005 	140.209000 
2.100000 	79.896797 	117.000000 	161.102005 	140.209000 
2.200000 	79.896797 	117.000000 	161.102005 	140.209000 
2.300000 	79.896797 	117.000000 	161.102005 	140.209000 
2.400000 	79.896797 	117.000000 	161.102005 	140.209000 
2.500000 	90.274101 	117.000000 	150.462006 	140.722000 
2.600000 	90.274101 	117.000000 	150.462006 	140.722000 
2.700000 	90.274101 	117.000000 	150.462006 	140.722000 
2.800000 	90.274101 	117.000000 	150.462006 	140.722000 
2.900000 	90.274101 	117.000000 	150.462006 	140.722000 
3.000000 	90.274101 	117.000000 	150.462006 	140.722000 
3.100000 	90.274101 	117.000000 	150.462006 	140.722000 
3.200000 	90.274101 	117.000000 	150.462006 	140.722000 
3.300000 	90.274101 	117.000000 	150.462006 	140.722000 
3.400000 	90.274101 	117.000000 	150.462006 	140.722000 
3.500000 	96.966599 	117.000000 	144.406006 	140.934006 
3.600000 	96.966599 	117.000000 	144.406006 	140.934006 
3.700000 	96.966599 	117.000000 	144.406006 	140.934006 
3.800000 	96.966599 	117.000000 	144.406006 	140.934006 
3.900000 	96.966599 	117.000000 	144.406006 	140.934006 
4.000000 	96.966599 	117.000000 	144.406006 	140.934006 
4.100000 	96.966599 	117.000000 	144.406006 	140.934006 
4.200000 	96.966599 	117.000000 	144.406006 	140.934006 
4.300000 	96.966599 	117.000000 	144.406006 	140.934006 
4.400000 	96.966599 	117.000000 	144.406006 	140.934006 
4.500000 	101.285004 	117.000000 	140.578003 	141.063995 
4.600000 	101.285004 	117.000000 	140.578003 	141.063995 
4.700000 	101.285004 	117.000000 	140.578003 	141.063995 
4.800000 	101.285004 	117.000000 	140.578003 	141.063995 
4.900000 	101.285004 	117.000000 	140.578003 	141.063995 
5.000000 	101.285004 	117.000000 	140.578003 	141.063995 
5.100000 	101.285004 	117.000000 	140.578003 	141.063995 
5.200000 	101.285004 	117.000000 	140.578003 	141.063995 
5.300000 	101.285004 	117.000000 	140.578003 	141.063995 
5.400000 	101.285004 	117.000000 	140.578003 	141.063995 
5.500000 	104.232002 	117.000000 	137.944000 	141.167007 
5.600000 	104.232002 	117.000000 	137.944000 	141.167007 
5.700000 	104.232002 	117.000000 	137.944000 	141.167007 
5.800000 	104.232002 	117.000000 	137.944000 	141.167007 
5.900000 	104.232002 	117.000000 	137.944000 	141.167007 
6.000000 	104.232002 	117.000000 	137.944000 	141.167007 
6.100000 	104.232002 	117.000000 	137.944000 	141.167007 
6.200000 	104.232002 	117.000000 	137.944000 	141.167007 
6.300000 	104.232002 	117.000000 	137.944000 	141.167007 
6.400000 	104.232002 	117.000000 	137.944000 	141.167007 
6.500000 	106.345001 	117.000000 	136.039993 	141.261002 
6.600000 	106.345001 	117.000000 	136.039993 	141.261002 
6.700000 	106.345001 	117.000000 	136.039993 	141.261002 
6.800000 	106.345001 	117.000000 	136.039993 	141.261002 
6.900000 	106.345001 	117.000000 	136.039993 	141.261002 
7.000000 	106.345001 	117.000000 	136.039993 	141.261002 
7.100000 	106.345001 	117.000000 	136.039993 	141.261002 
7.200000 	106.345001 	117.000000 	136.039993 	141.261002 
7.300000 	106.345001 	117.000000 	136.039993 	141.261002 
7.400000 	106.345001 	117.000000 	136.039993 	141.261002 
7.500000 	107.922997 	117.000000 	134.610001 	141.354996 
7.600000 	107.922997 	117.000000 	134.610001 	141.354996 
7.700000 	107.922997 	117.000000 	134.610001 	141.354996 
7.800000 	107.922997 	117.000000 	134.610001 	141.354996 
7.900000 	107.922997 	117.000000 	134.610001 	141.354996 
8.000000 	107.922997 	117.000000 	134.610001 	141.354996 
8.100000 	107.922997 	117.000000 	134.610001 	141.354996 
8.200000 	107.922997 	117.000000 	134.610001 	141.354996 
8.300000 	107.922997 	117.000000 	134.610001 	141.354996 
8.400000 	107.922997 	117.000000 	134.610001 	141.354996 
8.500000 	109.137001 	117.000000 	133.503006 	141.449997 
8.600000 	109.137001 	117.000000 	133.503006 	141.449997 
8.700000 	109.137001 	117.000000 	133.503006 	141.449997 
8.800000 	109.137001 	117.000000 	133.503006 	141.449997 
8.900000 	109.137001 	117.000000 	133.503006 	141.449997 
9.000000 	109.137001 	117.000000 	133.503006 	141.449997 
9.100000 	109.137001 	117.000000 	133.503006 	141.449997 
9.200000 	109.137001 	117.000000 	133.503006 	141.449997 
9.300000 	109.137001 	117.000000 	133.503006 	141.449997 
9.400000 	109.137001 	117.000000 	133.503006 	141.449997 
9.500000 	110.095001 	117.000000 	132.626007 	141.550003 
9.600000 	110.095001 	117.000000 	132.626007 	141.550003 
9.700000 	110.095001 	117.000000 	132.626007 	141.550003 
9.800000 	110.095001 	117.000000 	132.626007 	141.550003 
9.900000 	110.095001 	117.000000 	132.626007 	141.550003 
10.000000 	110.095001 	117.000000 	132.626007 	141.550003 
10.100000 	110.095001 	117.000000 	132.626007 	141.550003 
10.200000 	110.095001 	117.000000 	132.626007 	141.550003 
10.300000 	110.095001 	117.000000 	132.626007 	141.550003 
10.400000 	110.095001 	117.000000 	132.626007 	141.550003 
10.500000 	110.867996 	117.000000 	131.917007 	141.654007 
10.600000 	110.867996 	117.000000 	131.917007 	141.654007 
10.700000 	110.867996 	117.000000 	131.917007 	141.654007 
10.800000 	110.867996 	117.000000 	131.917007 	141.654007 
10.900000 	110.867996 	117.000000 	131.917007 	141.654007 
11.000000 	110.867996 	117.000000 	131.917007 	141.654007 
11.100000 	110.867996 	117.000000 	131.917007 	141.654007 
11.200000 	110.867996 	117.000000 	131.917007 	141.654007 
11.300000 	110.867996 	117.000000 	131.917007 	141.654007 
11.400000 	110.867996 	117.000000 	131.917007 	141.654007 
11.500000 	111.500999 	117.000000 	131.335999 	141.764008 
11.600000 	111.500999 	117.000000 	131.335999 	141.764008 
11.700000 	111.500999 	117.000000 	131.335999 	141.764008 
11.800000 	111.500999 	117.000000 	131.335999 	141.764008 
11.900000 	111.500999 	117.000000 	131.335999 	141.764008 
12.000000 	111.500999 	117.000000 	131.335999 	141.764008 
12.100000 	111.500999 	117.000000 	131.335999 	141.764008 
12.200000 	111.500999 	117.000000 	131.335999 	141.764008 
12.300000 	111.500999 	117.000000 	131.335999 	141.764008 
12.400000 	111.500999 	117.000000 	131.335999 	141.764008 
12.500000 	112.027000 	117.000000 	130.852005 	141.878006 
12.600000 	112.027000 	117.000000 	130.852005 	141.878006 
12.700000 	112.027000 	117.000000 	130.852005 	141.878006 
12.800000 	112.027000 	117.000000 	130.852005 	141.878006 
12.900000 	112.027000 	117.000000 	130.852005 	141.878006 
13.000000 	112.027000 	117.000000 	130.852005 	141.878006 
13.100000 	112.027000 	117.000000 	130.852005 	141.878006 
13.200000 	112.027000 	117.000000 	130.852005 	141.878006 
13.300000 	112.027000 	117.000000 	130.852005 	141.878006 
13.400000 	112.027000 	117.000000 	130.852005 	141.878006 
13.500000 	112.470001 	117.000000 	130.445007 	141.998993 
13.600000 	112.470001 	117.000000 	130.445007 	141.998993 
13.700000 	112.470001 	117.000000 	130.445007 	141.998993 
13.800000 	112.470001 	117.000000 	130.445007 	141.998993 
13.900000 	112.470001 	117.000000 	130.445007 	141.998993 
14.000000 	112.470001 	117.000000 	130.445007 	141.998993 
14.100000 	112.470001 	117.000000 	130.445007 	141.998993 
14.200000 	112.470001 	117.000000 	130.445007 	141.998993 
14.300000 	112.470001 	117.000000 	130.445007 	141.998993 
14.400000 	112.470001 	117.000000 	130.445007 	141.998993 
14.500000 	112.847000 	117.000000 	130.100006 	142.123993 
14.600000 	112.847000 	117.000000 	130.100006 	142.123993 
14.700000 	112.847000 	117.000000 	130.100006 	142.123993 
14.800000 	112.847000 	117.000000 	130.100006 	142.123993 
14.900000 	112.847000 	117.000000 	130.100006 	142.123993 
15.000000 	112.847000 	117.000000 	130.100006 	142.123993 
15.100000 	112.847000 	117.000000 	130.100006 	142.123993 
15.200000 	112.847000 	117.000000 	130.100006 	142.123993 
15.300000 	112.847000 	117.000000 	130.100006 	142.123993 
15.400000 	112.847000 	117.000000 	130.100006 	142.123993 
15.500000 	113.169998 	117.000000 	129.804001 	142.253998 
15.600000 	113.169998 	117.000000 	129.804001 	142.253998 
15.700000 	113.169998 	117.000000 	129.804001 	142.253998 
15.800000 	113.169998 	117.000000 	129.804001 	142.253998 
15.900000 	113.169998 	117.000000 	129.804001 	142.253998 
16.000000 	113.169998 	117.000000 	129.804001 	142.253998 
16.100000 	113.169998 	117.000000 	129.804001 	142.253998 
16.200000 	113.169998 	117.000000 	129.804001 	142.253998 
16.300000 	113.169998 	117.000000 	129.804001 	142.253998 
16.400000 	113.169998 	117.000000 	129.804001 	142.253998 
16.500000 	113.449997 	117.000000 	129.548004 	142.389008 
16.600000 	113.449997 	117.000000 	129.548004 	142.389008 
16.700000 	113.449997 	117.000000 	129.548004 	142.389008 
16.800000 	113.449997 	117.000000 	129.548004 	142.389008 
16.900000 	113.449997 	117.000000 	129.548004 	142.389008 
17.000000 	113.449997 	117.000000 	129.548004 	142.389008 
17.100000 	113.449997 	117.000000 	129.548004 	142.389008 
17.200000 	113.449997 	117.000000 	129.548004 	142.389008 
17.300000 	113.449997 	117.000000 	129.548004 	142.389008 
17.400000 	113.449997 	117.000000 	129.548004 	142.389008 
17.500000 	113.694000 	117.000000 	129.326004 	142.526993 
17.600000 	113.694000 	117.000000 	129.326004 	142.526993 
17.700000 	113.694000 	117.000000 	129.326004 	142.526993 
17.800000 	113.694000 	117.000000 	129.326004 	142.526993 
17.900000 	113.694000 	117.000000 	129.326004 	142.526993 
18.000000 	113.694000 	117.000000 	129.326004 	142.526993 
18.100000 	113.694000 	117.000000 	129.326004 	142.526993 
18.200000 	113.694000 	117.000000 	129.326004 	142.526993 
18.300000 	113.694000 	117.000000 	129.326004 	142.526993 
18.400000 	113.694000 	117.000000 	129.326004 	142.526993 
18.500000 	113.907997 	117.000000 	129.132004 	142.671005 
18.600000 	113.907997 	117.000000 	129.132004 	142.671005 
18.700000 	113.907997 	117.000000 	129.132004 	142.671005 
18.800000 	113.907997 	117.000000 	129.132004 	142.671005 
18.900000 	113.907997 	117.000000 	129.132004 	142.671005 
19.000000 	113.907997 	117.000000 	129.132004 	142.671005 
19.100000 	113.907997 	117.000000 	129.132004 	142.671005 
19.200000 	113.907997 	117.000000 	129.132004 	142.671005 
19.300000 	113.907997 	117.000000 	129.132004 	142.671005 
19.400000 	113.907997 	117.000000 	129.132004 	142.671005 
19.500000 	114.097000 	117.000000 	128.960999 	142.817993 
19.600000 	114.097000 	117.000000 	128.960999 	142.817993 
19.700000 	114.097000 	117.000000 	128.960999 	142.817993 
19.800000 	114.097000 	117.000000 	128.960999 	142.817993 
19.900000 	114.097000 	117.000000 	128.960999 	142.817993 
20.000000 	114.097000 	117.000000 	128.960999 	142.817993 
20.100000 	114.097000 	117.000000 	128.960999 	142.817993 
20.200000 	114.097000 	117.000000 	128.960999 	142.817993 
20.300000 	114.097000 	117.000000 	128.960999 	142.817993 
20.400000 	114.097000 	117.000000 	128.960999 	142.817993 
20.500000 	114.264999 	117.000000 	128.809998 	142.968002 
20.600000 	114.264999 	117.000000 	128.809998 	142.968002 
20.700000 	114.264999 	117.000000 	128.809998 	142.968002 
20.800000 	114.264999 	117.000000 	128.809998 	142.968002 
20.900000 	114.264999 	117.000000 	128.809998 	142.968002 
21.000000 	114.264999 	117.000000 	128.809998 	142.968002 
21.100000 	114.264999 	117.000000 	128.809998 	142.968002 
21.200000 	114.264999 	117.000000 	128.809998 	142.968002 
21.300000 	114.264999 	117.000000 	128.809998 	142.968002 
21.400000 	114.264999 	117.000000 	128.809998 	142.968002 
21.500000 	114.415001 	117.000000 	128.677002 	143.123001 
21.600000 	114.415001 	117.000000 	128.677002 	143.123001 
21.700000 	114.415001 	117.000000 	128.677002 	143.123001 
21.800000 	114.415001 	117.000000 	128.677002 	143.123001 
21.900000 	114.415001 	117.000000 	128.677002 	143.123001 
22.000000 	114.415001 	117.000000 	128.677002 	143.123001 
22.100000 	114.415001 	117.000000 	128.677002 	143.123001 
22.200000 	114.415001 	117.000000 	128.677002 	143.123001 
22.300000 	114.415001 	117.000000 	128.677002 	143.123001 
22.400000 	114.415001 	117.000000 	128.677002 	143.123001 
22.500000 	114.549004 	117.000000 	128.557007 	143.281006 
22.600000 	114.549004 	117.000000 	128.557007 	143.281006 
22.700000 	114.549004 	117.000000 	128.557007 	143.281006 
22.800000 	114.549004 	117.000000 	128.557007 	143.281006 
22.900000 	114.549004 	117.000000 	128.557007 	143.281006 
23.000000 	114.549004 	117.000000 	128.557007 	143.281006 
23.100000 	114.549004 	117.000000 	128.557007 	143.281006 
23.200000 	114.549004 	117.000000 	128.557007 	143.281006 
23.300000 	114.549004 	117.000000 	128.557007 	143.281006 
23.400000 	114.549004 	117.000000 	128.557007 	143.281006 
23.500000 	114.669998 	117.000000 	128.449997 	143.442001 
23.600000 	114.669998 	117.000000 	128.449997 	143.442001 
23.700000 	114.669998 	117.000000 	128.449997 	143.442001 
23.800000 	114.669998 	117.000000 	128.449997 	143.442001 
23.900000 	114.669998 	117.000000 	128.449997 	143.442001 
24.000000 	114.669998 	117.000000 	128.449997 	143.442001 
24.100000 	114.669998 	117.000000 	128.449997 	143.442001 
24.200000 	114.669998 	117.000000 	128.449997 	143.442001 
24.300000 	114.669998 	117.000000 	128.449997 	143.442001 
24.400000 	114.669998 	117.000000 	128.449997 	143.442001 
24.500000 	114.778999 	117.000000 	128.354004 	143.606003 
24.600000 	114.778999 	117.000000 	128.354004 	143.606003 
24.700000 	114.778999 	117.000000 	128.354004 	143.606003 
24.800000 	114.778999 	117.000000 	128.354004 	143.606003 
24.900000 	114.778999 	117.000000 	128.354004 	143.606003 
25.000000 	114.778999 	117.000000 	128.354004 	143.606003 
25.100000 	114.778999 	117.000000 	128.354004 	143.606003 
25.200000 	114.778999 	117.000000 	128.354004 	143.606003 
25.300000 	114.778999 	117.000000 	128.354004 	143.606003 
25.400000 	114.778999 	117.000000 	128.354004 	143.606003 
25.500000 	114.876999 	117.000000 	128.268005 	143.772995 
25.600000 	114.876999 	117.000000 	128.268005 	143.772995 
25.700000 	114.876999 	117.000000 	128.268005 	143.772995 
25.800000 	114.876999 	117.000000 	128.268005 	143.772995 
25.900000 	114.876999 	117.000000 	128.268005 	143.772995 
26.000000 	114.876999 	117.000000 	128.268005 	143.772995 
26.100000 	114.876999 	117.000000 	128.268005 	143.772995 
26.200000 	114.876999 	117.000000 	128.268005 	143.772995 
26.300000 	114.876999 	117.000000 	128.268005 	143.772995 
26.400000 	114.876999 	117.000000 	128.268005 	143.772995 
26.500000 	114.967003 	117.000000 	128.188995 	143.942001 
26.600000 	114.967003 	117.000000 	128.188995 	143.942001 
26.700000 	114.967003 	117.000000 	128.188995 	143.942001 
26.800000 	114.967003 	117.000000 	128.188995 	143.942001 
26.900000 	114.967003 	117.000000 	128.188995 	143.942001 
27.000000 	114.967003 	117.000000 	128.188995 	143.942001 
27.100000 	114.967003 	117.000000 	128.188995 	143.942001 
27.200000 	114.967003 	117.000000 	128.188995 	143.942001 
27.300000 	114.967003 	117.000000 	128.188995 	143.942001 
27.400000 	114.967003 	117.000000 	128.188995 	143.942001 
27.500000 	115.049004 	117.000000 	128.117996 	144.113998 
27.600000 	115.049004 	117.000000 	128.117996 	144.113998 
27.700000 	115.049004 	117.000000 	128.117996 	144.113998 
27.800000 	115.049004 	117.000000 	128.117996 	144.113998 
27.900000 	115.049004 	117.000000 	128.117996 	144.113998 
28.000000 	115.049004 	117.000000 	128.117996 	144.113998 
28.100000 	115.049004 	117.000000 	128.117996 	144.113998 
28.200000 	115.049004 	117.000000 	128.117996 	144.113998 
28.300000 	115.049004 	117.000000 	128.117996 	144.113998 
28.400000 	115.049004 	117.000000 	128.117996 	144.113998 
28.500000 	115.123001 	117.000000 	128.052994 	144.287994 
28.600000 	115.123001 	117.000000 	128.052994 	144.287994 
28.700000 	115.123001 	117.000000 	128.052994 	144.287994 
28.800000 	115.123001 	117.000000 	128.052994 	144.287994 
28.900000 	115.123001 	117.000000 	128.052994 	144.287994 
29.000000 	115.123001 	117.000000 	128.052994 	144.287994 
29.100000 	115.123001 	117.000000 	128.052994 	144.287994 
29.200000 	115.123001 	117.000000 	128.052994 	144.287994 
29.300000 	115.123001 	117.000000 	128.052994 	144.287994 
29.400000 	115.123001 	117.000000 	128.052994 	144.287994 
29.500000 	115.192001 	117.000000 	127.992996 	144.464996 
29.600000 	115.192001 	117.000000 	127.992996 	144.464996 
29.700000 	115.192001 	117.000000 	127.992996 	144.464996 
29.800000 	115.192001 	117.000000 	127.992996 	144.464996 
29.900000 	115.192001 	117.000000 	127.992996 	144.464996 
30.000000 	115.192001 	117.000000 	127.992996 	144.464996 
30.100000 	115.192001 	117.000000 	127.992996 	144.464996 
30.200000 	115.192001 	117.000000 	127.992996 	144.464996 
30.300000 	115.192001 	117.000000 	127.992996 	144.464996 
30.400000 	115.192001 	117.000000 	127.992996 	144.464996 
30.500000 	115.254997 	117.000000 	127.938004 	144.643005 
30.600000 	115.254997 	117.000000 	127.938004 	144.643005 
30.700000 	115.254997 	117.000000 	127.938004 	144.643005 
30.800000 	115.254997 	117.000000 	127.938004 	144.643005 
30.900000 	115.254997 	117.000000 	127.938004 	144.643005 
31.000000 	115.254997 	117.000000 	127.938004 	144.643005 
31.100000 	115.254997 	117.000000 	127.938004 	144.643005 
31.200000 	115.254997 	117.000000 	127.938004 	144.643005 
31.300000 	115.254997 	117.000000 	127.938004 	144.643005 
31.400000 	115.254997 	117.000000 	127.938004 	144.643005 
31.500000 	115.313004 	117.000000 	127.887001 	144.822998 
31.600000 	115.313004 	117.000000 	127.887001 	144.822998 
31.700000 	115.313004 	117.000000 	127.887001 	144.822998 
31.800000 	115.313004 	117.000000 	127.887001 	144.822998 
31.900000 	115.313004 	117.000000 	127.887001 	144.822998 
32.000000 	115.313004 	117.000000 	127.887001 	144.822998 
32.100000 	115.313004 	117.000000 	127.887001 	144.822998 
32.200000 	115.313004 	117.000000 	127.887001 	144.822998 
32.300000 	115.313004 	117.000000 	127.887001 	144.822998 
32.400000 	115.313004 	117.000000 	127.887001 	144.822998 
32.500000 	115.365997 	117.000000 	127.839996 	145.003998 
32.600000 	115.365997 	117.000000 	127.839996 	145.003998 
32.700000 	115.365997 	117.000000 	127.839996 	145.003998 
32.800000 	115.365997 	117.000000 	127.839996 	145.003998 
32.900000 	115.365997 	117.000000 	127.839996 	145.003998 
33.000000 	115.365997 	117.000000 	127.839996 	145.003998 
33.100000 	115.365997 	117.000000 	127.839996 	145.003998 
33.200000 	115.365997 	117.000000 	127.839996 	145.003998 
33.300000 	115.365997 	117.000000 	127.839996 	145.003998 
33.400000 	115.365997 	117.000000 	127.839996 	145.003998 
33.500000 	115.416000 	117.000000 	127.795998 	145.188004 
33.600000 	115.416000 	117.000000 	127.795998 	145.188004 
33.700000 	115.416000 	117.000000 	127.795998 	145.188004 
33.800000 	115.416000 	117.000000 	127.795998 	145.188004 
33.900000 	115.416000 	117.000000 	127.795998 	145.188004 
34.000000 	115.416000 	117.000000 	127.795998 	145.188004 
34.100000 	115.416000 	117.000000 	127.795998 	145.188004 
34.200000 	115.416000 	117.000000 	127.795998 	145.188004 
34.300000 	115.416000 	117.000000 	127.795998 	145.188004 
34.400000 	115.416000 	117.000000 	127.795998 	145.188004 
34.500000 	115.460999 	117.000000 	127.753998 	145.371994 
34.600000 	115.460999 	117.000000 	127.753998 	145.371994 
34.700000 	115.460999 	117.000000 	127.753998 	145.371994 
34.800000 	115.460999 	117.000000 	127.753998 	145.371994 
34.900000 	115.460999 	117.000000 	127.753998 	145.371994 
35.000000 	115.460999 	117.000000 	127.753998 	145.371994 
35.100000 	115.460999 	117.000000 	127.753998 	145.371994 
35.200000 	115.460999 	117.000000 	127.753998 	145.371994 
35.300000 	115.460999 	117.000000 	127.753998 	145.371994 
35.400000 	115.460999 	117.000000 	127.753998 	145.371994 
35.500000 	115.503998 	117.000000 	127.713997 	145.557999 
35.600000 	115.503998 	117.000000 	127.713997 	145.557999 
35.700000 	115.503998 	117.000000 	127.713997 	145.557999 
35.800000 	115.503998 	117.000000 	127.713997 	145.557999 
35.900000 	115.503998 	117.000000 	127.713997 	145.557999 
36.000000 	115.503998 	117.000000 	127.713997 	145.557999 
36.100000 	115.503998 	117.000000 	127.713997 	145.557999 
36.200000 	115.503998 	117.000000 	127.713997 	145.557999 
36.300000 	115.503998 	117.000000 	127.713997 	145.557999 
36.400000 	115.503998 	117.000000 	127.713997 	145.557999 
36.500000 	115.542999 	117.000000 	127.677002 	145.744003 
36.600000 	115.542999 	117.000000 	127.677002 	145.744003 
36.700000 	115.542999 	117.000000 	127.677002 	145.744003 
36.800000 	115.542999 	117.000000 	127.677002 	145.744003 
36.900000 	115.542999 	117.000000 	127.677002 	145.744003 
37.000000 	115.542999 	117.000000 	127.677002 	145.744003 
37.100000 	115.542999 	117.000000 	127.677002 	145.744003 
37.200000 	115.542999 	117.000000 	127.677002 	145.744003 
37.300000 	115.542999 	117.000000 	127.677002 	145.744003 
37.400000 	115.542999 	117.000000 	127.677002 	145.744003 
37.500000 	115.579002 	117.000000 	127.639999 	145.932007 
37.600000 	115.579002 	117.000000 	127.639999 	145.932007 
37.700000 	115.579002 	117.000000 	127.639999 	145.932007 
37.800000 	115.579002 	117.000000 	127.639999 	145.932007 
37.900000 	115.579002 	117.000000 	127.639999 	145.932007 
38.000000 	115.579002 	117.000000 	127.639999 	145.932007 
38.100000 	115.579002 	117.000000 	127.639999 	145.932007 
38.200000 	115.579002 	117.000000 	127.639999 	145.932007 
38.300000 	115.579002 	117.000000 	127.639999 	145.932007 
38.400000 	115.579002 	117.000000 	127.639999 	145.932007 
38.500000 	115.613998 	117.000000 	127.605003 	146.121002 
38.600000 	115.613998 	117.000000 	127.605003 	146.121002 
38.700000 	115.613998 	117.000000 	127.605003 	146.121002 
38.800000 	115.613998 	117.000000 	127.605003 	146.121002 
38.900000 	115.613998 	117.000000 	127.605003 	146.121002 
39.000000 	115.613998 	117.000000 	127.605003 	146.121002 
39.100000 	115.613998 	117.000000 	127.605003 	146.121002 
39.200000 	115.613998 	117.000000 	127.605003 	146.121002 
39.300000 	115.613998 	117.000000 	127.605003 	146.121002 
39.400000 	115.613998 	117.000000 	127.605003 	146.121002 
39.500000 	115.644997 	117.000000 	127.570999 	146.309998 
39.600000 	115.644997 	117.000000 	127.570999 	146.309998 
39.700000 	115.644997 	117.000000 	127.570999 	146.309998 
39.800000 	115.644997 	117.000000 	127.570999 	146.309998 
39.900000 	115.644997 	117.000000 	127.570999 	146.309998 
40.000000 	115.644997 	117.000000 	127.570999 	146.309998 
40.100000 	115.644997 	117.000000 	127.570999 	146.309998 
40.200000 	115.644997 	117.000000 	127.570999 	146.309998 
40.300000 	115.644997 	117.000000 	127.570999 	146.309998 
40.400000 	115.644997 	117.000000 	127.570999 	146.309998 
40.500000 	115.675003 	117.000000 	127.537003 	146.500000 
40.600000 	115.675003 	117.000000 	127.537003 	146.500000 
40.700000 	115.675003 	117.000000 	127.537003 	146.500000 
40.800000 	115.675003 	117.000000 	127.537003 	146.500000 
40.900000 	115.675003 	117.000000 	127.537003 	146.500000 
41.000000 	115.675003 	117.000000 	127.537003 	146.500000 
41.100000 	115.675003 	117.000000 	127.537003 	146.500000 
41.200000 	115.675003 	117.000000 	127.537003 	146.500000 
41.300000 	115.675003 	117.000000 	127.537003 	146.500000 
41.400000 	115.675003 	117.000000 	127.537003 	146.500000 
41.500000 	115.702003 	117.000000 	127.502998 	146.690002 
41.600000 	115.702003 	117.000000 	127.502998 	146.690002 
41.700000 	115.702003 	117.000000 	127.502998 	146.690002 
41.800000 	115.702003 	117.000000 	127.502998 	146.690002 
41.900000 	115.702003 	117.000000 	127.502998 	146.690002 
42.000000 	115.702003 	117.000000 	127.502998 	146.690002 
42.100000 	115.702003 	117.000000 	127.502998 	146.690002 
42.200000 	115.702003 	117.000000 	127.502998 	146.690002 
42.300000 	115.702003 	117.000000 	127.502998 	146.690002 
42.400000 	115.702003 	117.000000 	127.502998 	146.690002 
42.500000 	115.727997 	117.000000 	127.469002 	146.880005 
42.600000 	115.727997 	117.000000 	127.469002 	146.880005 
42.700000 	115.727997 	117.000000 	127.469002 	146.880005 
42.800000 	115.727997 	117.000000 	127.469002 	146.880005 
42.900000 	115.727997 	117.000000 	127.469002 	146.880005 
43.000000 	115.727997 	117.000000 	127.469002 	146.880005 
43.100000 	115.727997 	117.000000 	127.469002 	146.880005 
43.200000 	115.727997 	117.000000 	127.469002 	146.880005 
43.300000 	115.727997 	117.000000 	127.469002 	146.880005 
43.400000 	115.727997 	117.000000 	127.469002 	146.880005 
43.500000 	115.751999 	117.000000 	127.433998 	147.070999 
43.600000 	115.751999 	117.000000 	127.433998 	147.070999 
43.700000 	115.751999 	117.000000 	127.433998 	147.070999 
43.800000 	115.751999 	117.000000 	127.433998 	147.070999 
43.900000 	115.751999 	117.000000 	127.433998 	147.070999 
44.000000 	115.751999 	117.000000 	127.433998 	147.070999 
44.100000 	115.751999 	117.000000 	127.433998 	147.070999 
44.200000 	115.751999 	117.000000 	127.433998 	147.070999 
44.300000 	115.751999 	117.000000 	127.433998 	147.070999 
44.400000 	115.751999 	117.000000 	127.433998 	147.070999 
44.500000 	115.774002 	117.000000 	127.398003 	147.261993 
44.600000 	115.774002 	117.000000 	127.398003 	147.261993 
44.700000 	115.774002 	117.000000 	127.398003 	147.261993 
44.800000 	115.774002 	117.000000 	127.398003 	147.261993 
44.900000 	115.774002 	117.000000 	127.398003 	147.261993 
45.000000 	115.774002 	117.000000 	127.398003 	147.261993 
45.100000 	115.774002 	117.000000 	127.398003 	147.261993 
45.200000 	115.774002 	117.000000 	127.398003 	147.261993 
45.300000 	115.774002 	117.000000 	127.398003 	147.261993 
45.400000 	115.774002 	117.000000 	127.398003 	147.261993 
45.500000 	115.794998 	117.000000 	127.361000 	147.453003 
45.600000 	115.794998 	117.000000 	127.361000 	147.453003 
45.700000 	115.794998 	117.000000 	127.361000 	147.453003 
45.800000 	115.794998 	117.000000 	127.361000 	147.453003 
45.900000 	115.794998 	117.000000 	127.361000 	147.453003 
46.000000 	115.794998 	117.000000 	127.361000 	147.453003 
46.100000 	115.794998 	117.000000 	127.361000 	147.453003 
46.200000 	115.794998 	117.000000 	127.361000 	147.453003 
46.300000 	115.794998 	117.000000 	127.361000 	147.453003 
46.400000 	115.794998 	117.000000 	127.361000 	147.453003 
46.500000 	115.814003 	117.000000 	127.321999 	147.643997 
46.600000 	115.814003 	117.000000 	127.321999 	147.643997 
46.700000 	115.814003 	117.000000 	127.321999 	147.643997 
46.800000 	115.814003 	117.000000 	127.321999 	147.643997 
46.900000 	115.814003 	117.000000 	127.321999 	147.643997 
47.000000 	115.814003 	117.000000 	127.321999 	147.643997 
47.100000 	115.814003 	117.000000 	127.321999 	147.643997 
47.200000 	115.814003 	117.000000 	127.321999 	147.643997 
47.300000 	115.814003 	117.000000 	127.321999 	147.643997 
47.400000 	115.814003 	117.000000 	127.321999 	147.643997 
47.500000 	115.832001 	117.000000 	127.281998 	147.835007 
47.600000 	115.832001 	117.000000 	127.281998 	147.835007 
47.700000 	115.832001 	117.000000 	127.281998 	147.835007 
47.800000 	115.832001 	117.000000 	127.281998 	147.835007 
47.900000 	115.832001 	117.000000 	127.281998 	147.835007 
48.000000 	115.832001 	117.000000 	127.281998 	147.835007 
48.100000 	115.832001 	117.000000 	127.281998 	147.835007 
48.200000 	115.832001 	117.000000 	127.281998 	147.835007 
48.300000 	115.832001 	117.000000 	127.281998 	147.835007 
48.400000 	115.832001 	117.000000 	127.281998 	147.835007 
48.500000 	115.848999 	117.000000 	127.237999 	148.026001 
48.600000 	115.848999 	117.000000 	127.237999 	148.026001 
48.700000 	115.848999 	117.000000 	127.237999 	148.026001 
48.800000 	115.848999 	117.000000 	127.237999 	148.026001 
48.900000 	115.848999 	117.000000 	127.237999 	148.026001 
49.000000 	115.848999 	117.000000 	127.237999 	148.026001 
49.100000 	115.848999 	117.000000 	127.237999 	148.026001 
49.200000 	115.848999 	117.000000 	127.237999 	148.026001 
49.300000 	115.848999 	117.000000 	127.237999 	148.026001 
49.400000 	115.848999 	117.000000 	127.237999 	148.026001 
49.500000 	115.864998 	117.000000 	127.191002 	148.216003 
49.600000 	115.864998 	117.000000 	127.191002 	148.216003 
49.700000 	115.864998 	117.000000 	127.191002 	148.216003 
49.800000 	115.864998 	117.000000 	127.191002 	148.216003 
49.900000 	115.864998 	117.000000 	127.191002 	148.216003 
50.000000 	115.864998 	117.000000 	127.191002 	148.216003 
50.100000 	115.864998 	117.000000 	127.191002 	148.216003 
50.200000 	115.864998 	117.000000 	127.191002 	148.216003 
50.300000 	115.864998 	117.000000 	127.191002 	148.216003 
50.400000 	115.864998 	117.000000 	127.191002 	148.216003 
50.500000 	115.878998 	117.000000 	127.140999 	148.406006 
50.600000 	115.878998 	117.000000 	127.140999 	148.406006 
50.700000 	115.878998 	117.000000 	127.140999 	148.406006 
50.800000 	115.878998 	117.000000 	127.140999 	148.406006 
50.900000 	115.878998 	117.000000 	127.140999 	148.406006 
51.000000 	115.878998 	117.000000 	127.140999 	148.406006 
51.100000 	115.878998 	117.000000 	127.140999 	148.406006 
51.200000 	115.878998 	117.000000 	127.140999 	148.406006 
51.300000 	115.878998 	117.000000 	127.140999 	148.406006 
51.400000 	115.878998 	117.000000 	127.140999 	148.406006 
51.500000 	115.891998 	117.000000 	127.084999 	148.595001 
51.600000 	115.891998 	117.000000 	127.084999 	148.595001 
51.700000 	115.891998 	117.000000 	127.084999 	148.595001 
51.800000 	115.891998 	117.000000 	127.084999 	148.595001 
51.900000 	115.891998 	117.000000 	127.084999 	148.595001 
52.000000 	115.891998 	117.000000 	127.084999 	148.595001 
52.100000 	115.891998 	117.000000 	127.084999 	148.595001 
52.200000 	115.891998 	117.000000 	127.084999 	148.595001 
52.300000 	115.891998 	117.000000 	127.084999 	148.595001 
52.400000 	115.891998 	117.000000 	127.084999 	148.595001 
52.500000 	115.903999 	117.000000 	127.025002 	148.783997 
52.600000 	115.903999 	117.000000 	127.025002 	148.783997 
52.700000 	115.903999 	117.000000 	127.025002 	148.783997 
52.800000 	115.903999 	117.000000 	127.025002 	148.783997 
52.900000 	115.903999 	117.000000 	127.025002 	148.783997 
53.000000 	115.903999 	117.000000 	127.025002 	148.783997 
53.100000 	115.903999 	117.000000 	127.025002 	148.783997 
53.200000 	115.903999 	117.000000 	127.025002 	148.783997 
53.300000 	115.903999 	117.000000 	127.025002 	148.783997 
53.400000 	115.903999 	117.000000 	127.025002 	148.783997 
53.500000 	115.915001 	117.000000 	126.958000 	148.972000 
53.600000 	115.915001 	117.000000 	126.958000 	148.972000 
53.700000 	115.915001 	117.000000 	126.958000 	148.972000 
53.800000 	115.915001 	117.000000 	126.958000 	148.972000 
53.900000 	115.915001 	117.000000 	126.958000 	148.972000 
54.000000 	115.915001 	117.000000 	126.958000 	148.972000 
54.100000 	115.915001 	117.000000 	126.958000 	148.972000 
54.200000 	115.915001 	117.000000 	126.958000 	148.972000 
54.300000 	115.915001 	117.000000 	126.958000 	148.972000 
54.400000 	115.915001 	117.000000 	126.958000 	148.972000 
54.500000 	115.925003 	117.000000 	126.883003 	149.158997 
54.600000 	115.925003 	117.000000 	126.883003 	149.158997 
54.700000 	115.925003 	117.000000 	126.883003 	149.158997 
54.800000 	115.925003 	117.000000 	126.883003 	149.158997 
54.900000 	115.925003 	117.000000 	126.883003 	149.158997 
55.000000 	115.925003 	117.000000 	126.883003 	149.158997 
55.100000 	115.925003 	117.000000 	126.883003 	149.158997 
55.200000 	115.925003 	117.000000 	126.883003 	149.158997 
55.300000 	115.925003 	117.000000 	126.883003 	149.158997 
55.400000 	115.925003 	117.000000 	126.883003 	149.158997 
55.500000 	115.933998 	117.000000 	126.799004 	149.345993 
55.600000 	115.933998 	117.000000 	126.799004 	149.345993 
55.700000 	115.933998 	117.000000 	126.799004 	149.345993 
55.800000 	115.933998 	117.000000 	126.799004 	149.345993 
55.900000 	115.933998 	117.000000 	126.799004 	149.345993 
56.000000 	115.933998 	117.000000 	126.799004 	149.345993 
56.100000 	115.933998 	117.000000 	126.799004 	149.345993 
56.200000 	115.933998 	117.000000 	126.799004 	149.345993 
56.300000 	115.933998 	117.000000 	126.799004 	149.345993 
56.400000 	115.933998 	117.000000 	126.799004 	149.345993 
56.500000 	115.942001 	117.000000 	126.703003 	149.531006 
56.600000 	115.942001 	117.000000 	126.703003 	149.531006 
56.700000 	115.942001 	117.000000 	126.703003 	149.531006 
56.800000 	115.942001 	117.000000 	126.703003 	149.531006 
56.900000 	115.942001 	117.000000 	126.703003 	149.531006 
57.000000 	115.942001 	117.000000 	126.703003 	149.531006 
57.100000 	115.942001 	117.000000 	126.703003 	149.531006 
57.200000 	115.942001 	117.000000 	126.703003 	149.531006 
57.300000 	115.942001 	117.000000 	126.703003 	149.531006 
57.400000 	115.942001 	117.000000 	126.703003 	149.531006 
57.500000 	115.947998 	117.000000 	126.594002 	149.714996 
57.600000 	115.947998 	117.000000 	126.594002 	149.714996 
57.700000 	115.947998 	117.000000 	126.594002 	149.714996 
57.800000 	115.947998 	117.000000 	126.594002 	149.714996 
57.900000 	115.947998 	117.000000 	126.594002 	149.714996 
58.000000 	115.947998 	117.000000 	126.594002 	149.714996 
58.100000 	115.947998 	117.000000 	126.594002 	149.714996 
58.200000 	115.947998 	117.000000 	126.594002 	149.714996 
58.300000 	115.947998 	117.000000 	126.594002 	149.714996 
58.400000 	115.947998 	117.000000 	126.594002 	149.714996 
58.500000 	115.953003 	117.000000 	126.466003 	149.897995 
58.600000 	115.953003 	117.000000 	126.466003 	149.897995 
58.700000 	115.953003 	117.000000 	126.466003 	149.897995 
58.800000 	115.953003 	117.000000 	126.466003 	149.897995 
58.900000 	115.953003 	117.000000 	126.466003 	149.897995 
59.000000 	115.953003 	117.000000 	126.466003 	149.897995 
59.100000 	115.953003 	117.000000 	126.466003 	149.897995 
59.200000 	115.953003 	117.000000 	126.466003 	149.897995 
59.300000 	115.953003 	117.000000 	126.466003 	149.897995 
59.400000 	115.953003 	117.000000 	126.466003 	149.897995 
59.500000 	115.956001 	117.000000 	126.317001 	150.080002 
59.600000 	115.956001 	117.000000 	126.317001 	150.080002 
59.700000 	115.956001 	117.000000 	126.317001 	150.080002 
59.800000 	115.956001 	117.000000 	126.317001 	150.080002 
59.900000 	115.956001 	117.000000 	126.317001 	150.080002 
60.000000 	115.956001 	117.000000 	126.317001 	150.080002 
