0.500000 	92.219902 	308.000000 	338.325012 	316.027008 
0.600000 	92.219902 	308.000000 	338.325012 	316.027008 
0.700000 	92.219902 	308.000000 	338.325012 	316.027008 
0.800000 	92.219902 	308.000000 	338.325012 	316.027008 
0.900000 	92.219902 	308.000000 	338.325012 	316.027008 
1.000000 	92.219902 	308.000000 	338.325012 	316.027008 
1.100000 	92.219902 	308.000000 	338.325012 	316.027008 
1.200000 	92.219902 	308.000000 	338.325012 	316.027008 
1.300000 	92.219902 	308.000000 	338.325012 	316.027008 
1.400000 	92.219902 	308.000000 	338.325012 	316.027008 
1.500000 	102.106003 	308.000000 	321.549988 	317.696014 
1.600000 	102.106003 	308.000000 	321.549988 	317.696014 
1.700000 	102.106003 	308.000000 	321.549988 	317.696014 
1.800000 	102.106003 	308.000000 	321.549988 	317.696014 
1.900000 	102.106003 	308.000000 	321.549988 	317.696014 
2.000000 	102.106003 	308.000000 	321.549988 	317.696014 
2.100000 	102.106003 	308.000000 	321.549988 	317.696014 
2.200000 	102.106003 	308.000000 	321.549988 	317.696014 
2.300000 	102.106003 	308.000000 	321.549988 	317.696014 
2.400000 	102.106003 	308.000000 	321.549988 	317.696014 
2.500000 	112.667000 	308.000000 	315.355988 	317.967987 
2.600000 	112.667000 	308.000000 	315.355988 	317.967987 
2.700000 	112.667000 	308.000000 	315.355988 	317.967987 
2.800000 	112.667000 	308.000000 	315.355988 	317.967987 
2.900000 	112.667000 	308.000000 	315.355988 	317.967987 
3.000000 	112.667000 	308.000000 	315.355988 	317.967987 
3.100000 	112.667000 	308.000000 	315.355988 	317.967987 
3.200000 	112.667000 	308.000000 	315.355988 	317.967987 
3.300000 	112.667000 	308.000000 	315.355988 	317.967987 
3.400000 	112.667000 	308.000000 	315.355988 	317.967987 
3.500000 	117.959999 	308.000000 	312.475006 	318.070007 
3.600000 	117.959999 	308.000000 	312.475006 	318.070007 
3.700000 	117.959999 	308.000000 	312.475006 	318.070007 
3.800000 	117.959999 	308.000000 	312.475006 	318.070007 
3.900000 	117.959999 	308.000000 	312.475006 	318.070007 
4.000000 	117.959999 	308.000000 	312.475006 	318.070007 
4.100000 	117.959999 	308.000000 	312.475006 	318.070007 
4.200000 	117.959999 	308.000000 	312.475006 	318.070007 
4.300000 	117.959999 	308.000000 	312.475006 	318.070007 
4.400000 	117.959999 	308.000000 	312.475006 	318.070007 
4.500000 	120.782997 	308.000000 	310.958008 	318.127991 
4.600000 	120.782997 	308.000000 	310.958008 	318.127991 
4.700000 	120.782997 	308.000000 	310.958008 	318.127991 
4.800000 	120.782997 	308.000000 	310.958008 	318.127991 
4.900000 	120.782997 	308.000000 	310.958008 	318.127991 
5.000000 	120.782997 	308.000000 	310.958008 	318.127991 
5.100000 	120.782997 	308.000000 	310.958008 	318.127991 
5.200000 	120.782997 	308.000000 	310.958008 	318.127991 
5.300000 	120.782997 	308.000000 	310.958008 	318.127991 
5.400000 	120.782997 	308.000000 	310.958008 	318.127991 
5.500000 	122.431000 	308.000000 	310.075012 	318.170990 
5.600000 	122.431000 	308.000000 	310.075012 	318.170990 
5.700000 	122.431000 	308.000000 	310.075012 	318.170990 
5.800000 	122.431000 	308.000000 	310.075012 	318.170990 
5.900000 	122.431000 	308.000000 	310.075012 	318.170990 
6.000000 	122.431000 	308.000000 	310.075012 	318.170990 
6.100000 	122.431000 	308.000000 	310.075012 	318.170990 
6.200000 	122.431000 	308.000000 	310.075012 	318.170990 
6.300000 	122.431000 	308.000000 	310.075012 	318.170990 
6.400000 	122.431000 	308.000000 	310.075012 	318.170990 
6.500000 	123.469002 	308.000000 	309.519989 	318.208008 
6.600000 	123.469002 	308.000000 	309.519989 	318.208008 
6.700000 	123.469002 	308.000000 	309.519989 	318.208008 
6.800000 	123.469002 	308.000000 	309.519989 	318.208008 
6.900000 	123.469002 	308.000000 	309.519989 	318.208008 
7.000000 	123.469002 	308.000000 	309.519989 	318.208008 
7.100000 	123.469002 	308.000000 	309.519989 	318.208008 
7.200000 	123.469002 	308.000000 	309.519989 	318.208008 
7.300000 	123.469002 	308.000000 	309.519989 	318.208008 
7.400000 	123.469002 	308.000000 	309.519989 	318.208008 
7.500000 	124.162003 	308.000000 	309.151001 	318.243988 
7.600000 	124.162003 	308.000000 	309.151001 	318.243988 
7.700000 	124.162003 	308.000000 	309.151001 	318.243988 
7.800000 	124.162003 	308.000000 	309.151001 	318.243988 
7.900000 	124.162003 	308.000000 	309.151001 	318.243988 
8.000000 	124.162003 	308.000000 	309.151001 	318.243988 
8.100000 	124.162003 	308.000000 	309.151001 	318.243988 
8.200000 	124.162003 	308.000000 	309.151001 	318.243988 
8.300000 	124.162003 	308.000000 	309.151001 	318.243988 
8.400000 	124.162003 	308.000000 	309.151001 	318.243988 
8.500000 	124.647003 	308.000000 	308.891998 	318.279999 
8.600000 	124.647003 	308.000000 	308.891998 	318.279999 
8.700000 	124.647003 	308.000000 	308.891998 	318.279999 
8.800000 	124.647003 	308.000000 	308.891998 	318.279999 
8.900000 	124.647003 	308.000000 	308.891998 	318.279999 
9.000000 	124.647003 	308.000000 	308.891998 	318.279999 
9.100000 	124.647003 	308.000000 	308.891998 	318.279999 
9.200000 	124.647003 	308.000000 	308.891998 	318.279999 
9.300000 	124.647003 	308.000000 	308.891998 	318.279999 
9.400000 	124.647003 	308.000000 	308.891998 	318.279999 
9.500000 	125.000999 	308.000000 	308.704987 	318.316010 
9.600000 	125.000999 	308.000000 	308.704987 	318.316010 
9.700000 	125.000999 	308.000000 	308.704987 	318.316010 
9.800000 	125.000999 	308.000000 	308.704987 	318.316010 
9.900000 	125.000999 	308.000000 	308.704987 	318.316010 
10.000000 	125.000999 	308.000000 	308.704987 	318.316010 
10.100000 	125.000999 	308.000000 	308.704987 	318.316010 
10.200000 	125.000999 	308.000000 	308.704987 	318.316010 
10.300000 	125.000999 	308.000000 	308.704987 	318.316010 
10.400000 	125.000999 	308.000000 	308.704987 	318.316010 
10.500000 	125.265999 	308.000000 	308.565002 	318.356995 
10.600000 	125.265999 	308.000000 	308.565002 	318.356995 
10.700000 	125.265999 	308.000000 	308.565002 	318.356995 
10.800000 	125.265999 	308.000000 	308.565002 	318.356995 
10.900000 	125.265999 	308.000000 	308.565002 	318.356995 
11.000000 	125.265999 	308.000000 	308.565002 	318.356995 
11.100000 	125.265999 	308.000000 	308.565002 	318.356995 
11.200000 	125.265999 	308.000000 	308.565002 	318.356995 
11.300000 	125.265999 	308.000000 	308.565002 	318.356995 
11.400000 	125.265999 	308.000000 	308.565002 	318.356995 
11.500000 	125.471001 	308.000000 	308.457001 	318.397003 
11.600000 	125.471001 	308.000000 	308.457001 	318.397003 
11.700000 	125.471001 	308.000000 	308.457001 	318.397003 
11.800000 	125.471001 	308.000000 	308.457001 	318.397003 
11.900000 	125.471001 	308.000000 	308.457001 	318.397003 
12.000000 	125.471001 	308.000000 	308.457001 	318.397003 
12.100000 	125.471001 	308.000000 	308.457001 	318.397003 
12.200000 	125.471001 	308.000000 	308.457001 	318.397003 
12.300000 	125.471001 	308.000000 	308.457001 	318.397003 
12.400000 	125.471001 	308.000000 	308.457001 	318.397003 
12.500000 	125.633003 	308.000000 	308.372986 	318.438995 
12.600000 	125.633003 	308.000000 	308.372986 	318.438995 
12.700000 	125.633003 	308.000000 	308.372986 	318.438995 
12.800000 	125.633003 	308.000000 	308.372986 	318.438995 
12.900000 	125.633003 	308.000000 	308.372986 	318.438995 
13.000000 	125.633003 	308.000000 	308.372986 	318.438995 
13.100000 	125.633003 	308.000000 	308.372986 	318.438995 
13.200000 	125.633003 	308.000000 	308.372986 	318.438995 
13.300000 	125.633003 	308.000000 	308.372986 	318.438995 
13.400000 	125.633003 	308.000000 	308.372986 	318.438995 
13.500000 	125.763000 	308.000000 	308.306000 	318.481995 
13.600000 	125.763000 	308.000000 	308.306000 	318.481995 
13.700000 	125.763000 	308.000000 	308.306000 	318.481995 
13.800000 	125.763000 	308.000000 	308.306000 	318.481995 
13.900000 	125.763000 	308.000000 	308.306000 	318.481995 
14.000000 	125.763000 	308.000000 	308.306000 	318.481995 
14.100000 	125.763000 	308.000000 	308.306000 	318.481995 
14.200000 	125.763000 	308.000000 	308.306000 	318.481995 
14.300000 	125.763000 	308.000000 	308.306000 	318.481995 
14.400000 	125.763000 	308.000000 	308.306000 	318.481995 
14.500000 	125.870003 	308.000000 	308.251007 	318.528015 
14.600000 	125.870003 	308.000000 	308.251007 	318.528015 
14.700000 	125.870003 	308.000000 	308.251007 	318.528015 
14.800000 	125.870003 	308.000000 	308.251007 	318.528015 
14.900000 	125.870003 	308.000000 	308.251007 	318.528015 
15.000000 	125.870003 	308.000000 	308.251007 	318.528015 
15.100000 	125.870003 	308.000000 	308.251007 	318.528015 
15.200000 	125.870003 	308.000000 	308.251007 	318.528015 
15.300000 	125.870003 	308.000000 	308.251007 	318.528015 
15.400000 	125.870003 	308.000000 	308.251007 	318.528015 
15.500000 	125.959000 	308.000000 	308.205994 	318.575012 
15.600000 	125.959000 	308.000000 	308.205994 	318.575012 
15.700000 	125.959000 	308.000000 	308.205994 	318.575012 
15.800000 	125.959000 	308.000000 	308.205994 	318.575012 
15.900000 	125.959000 	308.000000 	308.205994 	318.575012 
16.000000 	125.959000 	308.000000 	308.205994 	318.575012 
16.100000 	125.959000 	308.000000 	308.205994 	318.575012 
16.200000 	125.959000 	308.000000 	308.205994 	318.575012 
16.300000 	125.959000 	308.000000 	308.205994 	318.575012 
16.400000 	125.959000 	308.000000 	308.205994 	318.575012 
16.500000 	126.033997 	308.000000 	308.167999 	318.623993 
16.600000 	126.033997 	308.000000 	308.167999 	318.623993 
16.700000 	126.033997 	308.000000 	308.167999 	318.623993 
16.800000 	126.033997 	308.000000 	308.167999 	318.623993 
16.900000 	126.033997 	308.000000 	308.167999 	318.623993 
17.000000 	126.033997 	308.000000 	308.167999 	318.623993 
17.100000 	126.033997 	308.000000 	308.167999 	318.623993 
17.200000 	126.033997 	308.000000 	308.167999 	318.623993 
17.300000 	126.033997 	308.000000 	308.167999 	318.623993 
17.400000 	126.033997 	308.000000 	308.167999 	318.623993 
17.500000 	126.098000 	308.000000 	308.136993 	318.674011 
17.600000 	126.098000 	308.000000 	308.136993 	318.674011 
17.700000 	126.098000 	308.000000 	308.136993 	318.674011 
17.800000 	126.098000 	308.000000 	308.136993 	318.674011 
17.900000 	126.098000 	308.000000 	308.136993 	318.674011 
18.000000 	126.098000 	308.000000 	308.136993 	318.674011 
18.100000 	126.098000 	308.000000 	308.136993 	318.674011 
18.200000 	126.098000 	308.000000 	308.136993 	318.674011 
18.300000 	126.098000 	308.000000 	308.136993 	318.674011 
18.400000 	126.098000 	308.000000 	308.136993 	318.674011 
18.500000 	126.153000 	308.000000 	308.109985 	318.726013 
18.600000 	126.153000 	308.000000 	308.109985 	318.726013 
18.700000 	126.153000 	308.000000 	308.109985 	318.726013 
18.800000 	126.153000 	308.000000 	308.109985 	318.726013 
18.900000 	126.153000 	308.000000 	308.109985 	318.726013 
19.000000 	126.153000 	308.000000 	308.109985 	318.726013 
19.100000 	126.153000 	308.000000 	308.109985 	318.726013 
19.200000 	126.153000 	308.000000 	308.109985 	318.726013 
19.300000 	126.153000 	308.000000 	308.109985 	318.726013 
19.400000 	126.153000 	308.000000 	308.109985 	318.726013 
19.500000 	126.199997 	308.000000 	308.085999 	318.779999 
19.600000 	126.199997 	308.000000 	308.085999 	318.779999 
19.700000 	126.199997 	308.000000 	308.085999 	318.779999 
19.800000 	126.199997 	308.000000 	308.085999 	318.779999 
19.900000 	126.199997 	308.000000 	308.085999 	318.779999 
20.000000 	126.199997 	308.000000 	308.085999 	318.779999 
20.100000 	126.199997 	308.000000 	308.085999 	318.779999 
20.200000 	126.199997 	308.000000 	308.085999 	318.779999 
20.300000 	126.199997 	308.000000 	308.085999 	318.779999 
20.400000 	126.199997 	308.000000 	308.085999 	318.779999 
20.500000 	126.241997 	308.000000 	308.066010 	318.834991 
20.600000 	126.241997 	308.000000 	308.066010 	318.834991 
20.700000 	126.241997 	308.000000 	308.066010 	318.834991 
20.800000 	126.241997 	308.000000 	308.066010 	318.834991 
20.900000 	126.241997 	308.000000 	308.066010 	318.834991 
21.000000 	126.241997 	308.000000 	308.066010 	318.834991 
21.100000 	126.241997 	308.000000 	308.066010 	318.834991 
21.200000 	126.241997 	308.000000 	308.066010 	318.834991 
21.300000 	126.241997 	308.000000 	308.066010 	318.834991 
21.400000 	126.241997 	308.000000 	308.066010 	318.834991 
21.500000 	126.279999 	308.000000 	308.049011 	318.890991 
21.600000 	126.279999 	308.000000 	308.049011 	318.890991 
21.700000 	126.279999 	308.000000 	308.049011 	318.890991 
21.800000 	126.279999 	308.000000 	308.049011 	318.890991 
21.900000 	126.279999 	308.000000 	308.049011 	318.890991 
22.000000 	126.279999 	308.000000 	308.049011 	318.890991 
22.100000 	126.279999 	308.000000 	308.049011 	318.890991 
22.200000 	126.279999 	308.000000 	308.049011 	318.890991 
22.300000 	126.279999 	308.000000 	308.049011 	318.890991 
22.400000 	126.279999 	308.000000 	308.049011 	318.890991 
22.500000 	126.313004 	308.000000 	308.032990 	318.949005 
22.600000 	126.313004 	308.000000 	308.032990 	318.949005 
22.700000 	126.313004 	308.000000 	308.032990 	318.949005 
22.800000 	126.313004 	308.000000 	308.032990 	318.949005 
22.900000 	126.313004 	308.000000 	308.032990 	318.949005 
23.000000 	126.313004 	308.000000 	308.032990 	318.949005 
23.100000 	126.313004 	308.000000 	308.032990 	318.949005 
23.200000 	126.313004 	308.000000 	308.032990 	318.949005 
23.300000 	126.313004 	308.000000 	308.032990 	318.949005 
23.400000 	126.313004 	308.000000 	308.032990 	318.949005 
23.500000 	126.342003 	308.000000 	308.019012 	319.006989 
23.600000 	126.342003 	308.000000 	308.019012 	319.006989 
23.700000 	126.342003 	308.000000 	308.019012 	319.006989 
23.800000 	126.342003 	308.000000 	308.019012 	319.006989 
23.900000 	126.342003 	308.000000 	308.019012 	319.006989 
24.000000 	126.342003 	308.000000 	308.019012 	319.006989 
24.100000 	126.342003 	308.000000 	308.019012 	319.006989 
24.200000 	126.342003 	308.000000 	308.019012 	319.006989 
24.300000 	126.342003 	308.000000 	308.019012 	319.006989 
24.400000 	126.342003 	308.000000 	308.019012 	319.006989 
24.500000 	126.369003 	308.000000 	308.006989 	319.066986 
24.600000 	126.369003 	308.000000 	308.006989 	319.066986 
24.700000 	126.369003 	308.000000 	308.006989 	319.066986 
24.800000 	126.369003 	308.000000 	308.006989 	319.066986 
24.900000 	126.369003 	308.000000 	308.006989 	319.066986 
25.000000 	126.369003 	308.000000 	308.006989 	319.066986 
25.100000 	126.369003 	308.000000 	308.006989 	319.066986 
25.200000 	126.369003 	308.000000 	308.006989 	319.066986 
25.300000 	126.369003 	308.000000 	308.006989 	319.066986 
25.400000 	126.369003 	308.000000 	308.006989 	319.066986 
25.500000 	126.391998 	308.000000 	307.996002 	319.127991 
25.600000 	126.391998 	308.000000 	307.996002 	319.127991 
25.700000 	126.391998 	308.000000 	307.996002 	319.127991 
25.800000 	126.391998 	308.000000 	307.996002 	319.127991 
25.900000 	126.391998 	308.000000 	307.996002 	319.127991 
26.000000 	126.391998 	308.000000 	307.996002 	319.127991 
26.100000 	126.391998 	308.000000 	307.996002 	319.127991 
26.200000 	126.391998 	308.000000 	307.996002 	319.127991 
26.300000 	126.391998 	308.000000 	307.996002 	319.127991 
26.400000 	126.391998 	308.000000 	307.996002 	319.127991 
26.500000 	126.414001 	308.000000 	307.984985 	319.190002 
26.600000 	126.414001 	308.000000 	307.984985 	319.190002 
26.700000 	126.414001 	308.000000 	307.984985 	319.190002 
26.800000 	126.414001 	308.000000 	307.984985 	319.190002 
26.900000 	126.414001 	308.000000 	307.984985 	319.190002 
27.000000 	126.414001 	308.000000 	307.984985 	319.190002 
27.100000 	126.414001 	308.000000 	307.984985 	319.190002 
27.200000 	126.414001 	308.000000 	307.984985 	319.190002 
27.300000 	126.414001 	308.000000 	307.984985 	319.190002 
27.400000 	126.414001 	308.000000 	307.984985 	319.190002 
27.500000 	126.432999 	308.000000 	307.976013 	319.252991 
27.600000 	126.432999 	308.000000 	307.976013 	319.252991 
27.700000 	126.432999 	308.000000 	307.976013 	319.252991 
27.800000 	126.432999 	308.000000 	307.976013 	319.252991 
27.900000 	126.432999 	308.000000 	307.976013 	319.252991 
28.000000 	126.432999 	308.000000 	307.976013 	319.252991 
28.100000 	126.432999 	308.000000 	307.976013 	319.252991 
28.200000 	126.432999 	308.000000 	307.976013 	319.252991 
28.300000 	126.432999 	308.000000 	307.976013 	319.252991 
28.400000 	126.432999 	308.000000 	307.976013 	319.252991 
28.500000 	126.449997 	308.000000 	307.967987 	319.316986 
28.600000 	126.449997 	308.000000 	307.967987 	319.316986 
28.700000 	126.449997 	308.000000 	307.967987 	319.316986 
28.800000 	126.449997 	308.000000 	307.967987 	319.316986 
28.900000 	126.449997 	308.000000 	307.967987 	319.316986 
29.000000 	126.449997 	308.000000 	307.967987 	319.316986 
29.100000 	126.449997 	308.000000 	307.967987 	319.316986 
29.200000 	126.449997 	308.000000 	307.967987 	319.316986 
29.300000 	126.449997 	308.000000 	307.967987 	319.316986 
29.400000 	126.449997 	308.000000 	307.967987 	319.316986 
29.500000 	126.466003 	308.000000 	307.959991 	319.381012 
29.600000 	126.466003 	308.000000 	307.959991 	319.381012 
29.700000 	126.466003 	308.000000 	307.959991 	319.381012 
29.800000 	126.466003 	308.000000 	307.959991 	319.381012 
29.900000 	126.466003 	308.000000 	307.959991 	319.381012 
30.000000 	126.466003 	308.000000 	307.959991 	319.381012 
30.100000 	126.466003 	308.000000 	307.959991 	319.381012 
30.200000 	126.466003 	308.000000 	307.959991 	319.381012 
30.300000 	126.466003 	308.000000 	307.959991 	319.381012 
30.400000 	126.466003 	308.000000 	307.959991 	319.381012 
30.500000 	126.480003 	308.000000 	307.953003 	319.446014 
30.600000 	126.480003 	308.000000 	307.953003 	319.446014 
30.700000 	126.480003 	308.000000 	307.953003 	319.446014 
30.800000 	126.480003 	308.000000 	307.953003 	319.446014 
30.900000 	126.480003 	308.000000 	307.953003 	319.446014 
31.000000 	126.480003 	308.000000 	307.953003 	319.446014 
31.100000 	126.480003 	308.000000 	307.953003 	319.446014 
31.200000 	126.480003 	308.000000 	307.953003 	319.446014 
31.300000 	126.480003 	308.000000 	307.953003 	319.446014 
31.400000 	126.480003 	308.000000 	307.953003 	319.446014 
31.500000 	126.491997 	308.000000 	307.946014 	319.511993 
31.600000 	126.491997 	308.000000 	307.946014 	319.511993 
31.700000 	126.491997 	308.000000 	307.946014 	319.511993 
31.800000 	126.491997 	308.000000 	307.946014 	319.511993 
31.900000 	126.491997 	308.000000 	307.946014 	319.511993 
32.000000 	126.491997 	308.000000 	307.946014 	319.511993 
32.100000 	126.491997 	308.000000 	307.946014 	319.511993 
32.200000 	126.491997 	308.000000 	307.946014 	319.511993 
32.300000 	126.491997 	308.000000 	307.946014 	319.511993 
32.400000 	126.491997 	308.000000 	307.946014 	319.511993 
32.500000 	126.502998 	308.000000 	307.938995 	319.579010 
32.600000 	126.502998 	308.000000 	307.938995 	319.579010 
32.700000 	126.502998 	308.000000 	307.938995 	319.579010 
32.800000 	126.502998 	308.000000 	307.938995 	319.579010 
32.900000 	126.502998 	308.000000 	307.938995 	319.579010 
33.000000 	126.502998 	308.000000 	307.938995 	319.579010 
33.100000 	126.502998 	308.000000 	307.938995 	319.579010 
33.200000 	126.502998 	308.000000 	307.938995 	319.579010 
33.300000 	126.502998 	308.000000 	307.938995 	319.579010 
33.400000 	126.502998 	308.000000 	307.938995 	319.579010 
33.500000 	126.512001 	308.000000 	307.933014 	319.645996 
33.600000 	126.512001 	308.000000 	307.933014 	319.645996 
33.700000 	126.512001 	308.000000 	307.933014 	319.645996 
33.800000 	126.512001 	308.000000 	307.933014 	319.645996 
33.900000 	126.512001 	308.000000 	307.933014 	319.645996 
34.000000 	126.512001 	308.000000 	307.933014 	319.645996 
34.100000 	126.512001 	308.000000 	307.933014 	319.645996 
34.200000 	126.512001 	308.000000 	307.933014 	319.645996 
34.300000 	126.512001 	308.000000 	307.933014 	319.645996 
34.400000 	126.512001 	308.000000 	307.933014 	319.645996 
34.500000 	126.518997 	308.000000 	307.927002 	319.713013 
34.600000 	126.518997 	308.000000 	307.927002 	319.713013 
34.700000 	126.518997 	308.000000 	307.927002 	319.713013 
34.800000 	126.518997 	308.000000 	307.927002 	319.713013 
34.900000 	126.518997 	308.000000 	307.927002 	319.713013 
35.000000 	126.518997 	308.000000 	307.927002 	319.713013 
35.100000 	126.518997 	308.000000 	307.927002 	319.713013 
35.200000 	126.518997 	308.000000 	307.927002 	319.713013 
35.300000 	126.518997 	308.000000 	307.927002 	319.713013 
35.400000 	126.518997 	308.000000 	307.927002 	319.713013 
35.500000 	126.525002 	308.000000 	307.921997 	319.781006 
35.600000 	126.525002 	308.000000 	307.921997 	319.781006 
35.700000 	126.525002 	308.000000 	307.921997 	319.781006 
35.800000 	126.525002 	308.000000 	307.921997 	319.781006 
35.900000 	126.525002 	308.000000 	307.921997 	319.781006 
36.000000 	126.525002 	308.000000 	307.921997 	319.781006 
36.100000 	126.525002 	308.000000 	307.921997 	319.781006 
36.200000 	126.525002 	308.000000 	307.921997 	319.781006 
36.300000 	126.525002 	308.000000 	307.921997 	319.781006 
36.400000 	126.525002 	308.000000 	307.921997 	319.781006 
36.500000 	126.528999 	308.000000 	307.915985 	319.850006 
36.600000 	126.528999 	308.000000 	307.915985 	319.850006 
36.700000 	126.528999 	308.000000 	307.915985 	319.850006 
36.800000 	126.528999 	308.000000 	307.915985 	319.850006 
36.900000 	126.528999 	308.000000 	307.915985 	319.850006 
37.000000 	126.528999 	308.000000 	307.915985 	319.850006 
37.100000 	126.528999 	308.000000 	307.915985 	319.850006 
37.200000 	126.528999 	308.000000 	307.915985 	319.850006 
37.300000 	126.528999 	308.000000 	307.915985 	319.850006 
37.400000 	126.528999 	308.000000 	307.915985 	319.850006 
37.500000 	126.531998 	308.000000 	307.911011 	319.917999 
37.600000 	126.531998 	308.000000 	307.911011 	319.917999 
37.700000 	126.531998 	308.000000 	307.911011 	319.917999 
37.800000 	126.531998 	308.000000 	307.911011 	319.917999 
37.900000 	126.531998 	308.000000 	307.911011 	319.917999 
38.000000 	126.531998 	308.000000 	307.911011 	319.917999 
38.100000 	126.531998 	308.000000 	307.911011 	319.917999 
38.200000 	126.531998 	308.000000 	307.911011 	319.917999 
38.300000 	126.531998 	308.000000 	307.911011 	319.917999 
38.400000 	126.531998 	308.000000 	307.911011 	319.917999 
38.500000 	126.532997 	308.000000 	307.906006 	319.987000 
38.600000 	126.532997 	308.000000 	307.906006 	319.987000 
38.700000 	126.532997 	308.000000 	307.906006 	319.987000 
38.800000 	126.532997 	308.000000 	307.906006 	319.987000 
38.900000 	126.532997 	308.000000 	307.906006 	319.987000 
39.000000 	126.532997 	308.000000 	307.906006 	319.987000 
39.100000 	126.532997 	308.000000 	307.906006 	319.987000 
39.200000 	126.532997 	308.000000 	307.906006 	319.987000 
39.300000 	126.532997 	308.000000 	307.906006 	319.987000 
39.400000 	126.532997 	308.000000 	307.906006 	319.987000 
39.500000 	126.531998 	308.000000 	307.901001 	320.057007 
39.600000 	126.531998 	308.000000 	307.901001 	320.057007 
39.700000 	126.531998 	308.000000 	307.901001 	320.057007 
39.800000 	126.531998 	308.000000 	307.901001 	320.057007 
39.900000 	126.531998 	308.000000 	307.901001 	320.057007 
40.000000 	126.531998 	308.000000 	307.901001 	320.057007 
40.100000 	126.531998 	308.000000 	307.901001 	320.057007 
40.200000 	126.531998 	308.000000 	307.901001 	320.057007 
40.300000 	126.531998 	308.000000 	307.901001 	320.057007 
40.400000 	126.531998 	308.000000 	307.901001 	320.057007 
40.500000 	126.528999 	308.000000 	307.895996 	320.126007 
40.600000 	126.528999 	308.000000 	307.895996 	320.126007 
40.700000 	126.528999 	308.000000 	307.895996 	320.126007 
40.800000 	126.528999 	308.000000 	307.895996 	320.126007 
40.900000 	126.528999 	308.000000 	307.895996 	320.126007 
41.000000 	126.528999 	308.000000 	307.895996 	320.126007 
41.100000 	126.528999 	308.000000 	307.895996 	320.126007 
41.200000 	126.528999 	308.000000 	307.895996 	320.126007 
41.300000 	126.528999 	308.000000 	307.895996 	320.126007 
41.400000 	126.528999 	308.000000 	307.895996 	320.126007 
41.500000 	126.524002 	308.000000 	307.890991 	320.196014 
41.600000 	126.524002 	308.000000 	307.890991 	320.196014 
41.700000 	126.524002 	308.000000 	307.890991 	320.196014 
41.800000 	126.524002 	308.000000 	307.890991 	320.196014 
41.900000 	126.524002 	308.000000 	307.890991 	320.196014 
42.000000 	126.524002 	308.000000 	307.890991 	320.196014 
42.100000 	126.524002 	308.000000 	307.890991 	320.196014 
42.200000 	126.524002 	308.000000 	307.890991 	320.196014 
42.300000 	126.524002 	308.000000 	307.890991 	320.196014 
42.400000 	126.524002 	308.000000 	307.890991 	320.196014 
42.500000 	126.516998 	308.000000 	307.885986 	320.265991 
42.600000 	126.516998 	308.000000 	307.885986 	320.265991 
42.700000 	126.516998 	308.000000 	307.885986 	320.265991 
42.800000 	126.516998 	308.000000 	307.885986 	320.265991 
42.900000 	126.516998 	308.000000 	307.885986 	320.265991 
43.000000 	126.516998 	308.000000 	307.885986 	320.265991 
43.100000 	126.516998 	308.000000 	307.885986 	320.265991 
43.200000 	126.516998 	308.000000 	307.885986 	320.265991 
43.300000 	126.516998 	308.000000 	307.885986 	320.265991 
43.400000 	126.516998 	308.000000 	307.885986 	320.265991 
43.500000 	126.507004 	308.000000 	307.881989 	320.335999 
43.600000 	126.507004 	308.000000 	307.881989 	320.335999 
43.700000 	126.507004 	308.000000 	307.881989 	320.335999 
43.800000 	126.507004 	308.000000 	307.881989 	320.335999 
43.900000 	126.507004 	308.000000 	307.881989 	320.335999 
44.000000 	126.507004 	308.000000 	307.881989 	320.335999 
44.100000 	126.507004 	308.000000 	307.881989 	320.335999 
44.200000 	126.507004 	308.000000 	307.881989 	320.335999 
44.300000 	126.507004 	308.000000 	307.881989 	320.335999 
44.400000 	126.507004 	308.000000 	307.881989 	320.335999 
44.500000 	126.495003 	308.000000 	307.877014 	320.406006 
44.600000 	126.495003 	308.000000 	307.877014 	320.406006 
44.700000 	126.495003 	308.000000 	307.877014 	320.406006 
44.800000 	126.495003 	308.000000 	307.877014 	320.406006 
44.900000 	126.495003 	308.000000 	307.877014 	320.406006 
45.000000 	126.495003 	308.000000 	307.877014 	320.406006 
45.100000 	126.495003 	308.000000 	307.877014 	320.406006 
45.200000 	126.495003 	308.000000 	307.877014 	320.406006 
45.300000 	126.495003 	308.000000 	307.877014 	320.406006 
45.400000 	126.495003 	308.000000 	307.877014 	320.406006 
45.500000 	126.480003 	308.000000 	307.872009 	320.475006 
45.600000 	126.480003 	308.000000 	307.872009 	320.475006 
45.700000 	126.480003 	308.000000 	307.872009 	320.475006 
45.800000 	126.480003 	308.000000 	307.872009 	320.475006 
45.900000 	126.480003 	308.000000 	307.872009 	320.475006 
46.000000 	126.480003 	308.000000 	307.872009 	320.475006 
46.100000 	126.480003 	308.000000 	307.872009 	320.475006 
46.200000 	126.480003 	308.000000 	307.872009 	320.475006 
46.300000 	126.480003 	308.000000 	307.872009 	320.475006 
46.400000 	126.480003 	308.000000 	307.872009 	320.475006 
46.500000 	126.460999 	308.000000 	307.867004 	320.545013 
46.600000 	126.460999 	308.000000 	307.867004 	320.545013 
46.700000 	126.460999 	308.000000 	307.867004 	320.545013 
46.800000 	126.460999 	308.000000 	307.867004 	320.545013 
46.900000 	126.460999 	308.000000 	307.867004 	320.545013 
47.000000 	126.460999 	308.000000 	307.867004 	320.545013 
47.100000 	126.460999 	308.000000 	307.867004 	320.545013 
47.200000 	126.460999 	308.000000 	307.867004 	320.545013 
47.300000 	126.460999 	308.000000 	307.867004 	320.545013 
47.400000 	126.460999 	308.000000 	307.867004 	320.545013 
47.500000 	126.439003 	308.000000 	307.863007 	320.614990 
47.600000 	126.439003 	308.000000 	307.863007 	320.614990 
47.700000 	126.439003 	308.000000 	307.863007 	320.614990 
47.800000 	126.439003 	308.000000 	307.863007 	320.614990 
47.900000 	126.439003 	308.000000 	307.863007 	320.614990 
48.000000 	126.439003 	308.000000 	307.863007 	320.614990 
48.100000 	126.439003 	308.000000 	307.863007 	320.614990 
48.200000 	126.439003 	308.000000 	307.863007 	320.614990 
48.300000 	126.439003 	308.000000 	307.863007 	320.614990 
48.400000 	126.439003 	308.000000 	307.863007 	320.614990 
48.500000 	126.413002 	308.000000 	307.858002 	320.684998 
48.600000 	126.413002 	308.000000 	307.858002 	320.684998 
48.700000 	126.413002 	308.000000 	307.858002 	320.684998 
48.800000 	126.413002 	308.000000 	307.858002 	320.684998 
48.900000 	126.413002 	308.000000 	307.858002 	320.684998 
49.000000 	126.413002 	308.000000 	307.858002 	320.684998 
49.100000 	126.413002 	308.000000 	307.858002 	320.684998 
49.200000 	126.413002 	308.000000 	307.858002 	320.684998 
49.300000 	126.413002 	308.000000 	307.858002 	320.684998 
49.400000 	126.413002 	308.000000 	307.858002 	320.684998 
49.500000 	126.383003 	308.000000 	307.852997 	320.753998 
49.600000 	126.383003 	308.000000 	307.852997 	320.753998 
49.700000 	126.383003 	308.000000 	307.852997 	320.753998 
49.800000 	126.383003 	308.000000 	307.852997 	320.753998 
49.900000 	126.383003 	308.000000 	307.852997 	320.753998 
50.000000 	126.383003 	308.000000 	307.852997 	320.753998 
50.100000 	126.383003 	308.000000 	307.852997 	320.753998 
50.200000 	126.383003 	308.000000 	307.852997 	320.753998 
50.300000 	126.383003 	308.000000 	307.852997 	320.753998 
50.400000 	126.383003 	308.000000 	307.852997 	320.753998 
50.500000 	126.347000 	308.000000 	307.847992 	320.822998 
50.600000 	126.347000 	308.000000 	307.847992 	320.822998 
50.700000 	126.347000 	308.000000 	307.847992 	320.822998 
50.800000 	126.347000 	308.000000 	307.847992 	320.822998 
50.900000 	126.347000 	308.000000 	307.847992 	320.822998 
51.000000 	126.347000 	308.000000 	307.847992 	320.822998 
51.100000 	126.347000 	308.000000 	307.847992 	320.822998 
51.200000 	126.347000 	308.000000 	307.847992 	320.822998 
51.300000 	126.347000 	308.000000 	307.847992 	320.822998 
51.400000 	126.347000 	308.000000 	307.847992 	320.822998 
51.500000 	126.306000 	308.000000 	307.842987 	320.891998 
51.600000 	126.306000 	308.000000 	307.842987 	320.891998 
51.700000 	126.306000 	308.000000 	307.842987 	320.891998 
51.800000 	126.306000 	308.000000 	307.842987 	320.891998 
51.900000 	126.306000 	308.000000 	307.842987 	320.891998 
52.000000 	126.306000 	308.000000 	307.842987 	320.891998 
52.100000 	126.306000 	308.000000 	307.842987 	320.891998 
52.200000 	126.306000 	308.000000 	307.842987 	320.891998 
52.300000 	126.306000 	308.000000 	307.842987 	320.891998 
52.400000 	126.306000 	308.000000 	307.842987 	320.891998 
52.500000 	126.258003 	308.000000 	307.838013 	320.960999 
52.600000 	126.258003 	308.000000 	307.838013 	320.960999 
52.700000 	126.258003 	308.000000 	307.838013 	320.960999 
52.800000 	126.258003 	308.000000 	307.838013 	320.960999 
52.900000 	126.258003 	308.000000 	307.838013 	320.960999 
53.000000 	126.258003 	308.000000 	307.838013 	320.960999 
53.100000 	126.258003 	308.000000 	307.838013 	320.960999 
53.200000 	126.258003 	308.000000 	307.838013 	320.960999 
53.300000 	126.258003 	308.000000 	307.838013 	320.960999 
53.400000 	126.258003 	308.000000 	307.838013 	320.960999 
53.500000 	126.203003 	308.000000 	307.832001 	321.029999 
53.600000 	126.203003 	308.000000 	307.832001 	321.029999 
53.700000 	126.203003 	308.000000 	307.832001 	321.029999 
53.800000 	126.203003 	308.000000 	307.832001 	321.029999 
53.900000 	126.203003 	308.000000 	307.832001 	321.029999 
54.000000 	126.203003 	308.000000 	307.832001 	321.029999 
54.100000 	126.203003 	308.000000 	307.832001 	321.029999 
54.200000 	126.203003 	308.000000 	307.832001 	321.029999 
54.300000 	126.203003 	308.000000 	307.832001 	321.029999 
54.400000 	126.203003 	308.000000 	307.832001 	321.029999 
54.500000 	126.139000 	308.000000 	307.826996 	321.097992 
54.600000 	126.139000 	308.000000 	307.826996 	321.097992 
54.700000 	126.139000 	308.000000 	307.826996 	321.097992 
54.800000 	126.139000 	308.000000 	307.826996 	321.097992 
54.900000 	126.139000 	308.000000 	307.826996 	321.097992 
55.000000 	126.139000 	308.000000 	307.826996 	321.097992 
55.100000 	126.139000 	308.000000 	307.826996 	321.097992 
55.200000 	126.139000 	308.000000 	307.826996 	321.097992 
55.300000 	126.139000 	308.000000 	307.826996 	321.097992 
55.400000 	126.139000 	308.000000 	307.826996 	321.097992 
55.500000 	126.064003 	308.000000 	307.821991 	321.165009 
55.600000 	126.064003 	308.000000 	307.821991 	321.165009 
55.700000 	126.064003 	308.000000 	307.821991 	321.165009 
55.800000 	126.064003 	308.000000 	307.821991 	321.165009 
55.900000 	126.064003 	308.000000 	307.821991 	321.165009 
56.000000 	126.064003 	308.000000 	307.821991 	321.165009 
56.100000 	126.064003 	308.000000 	307.821991 	321.165009 
56.200000 	126.064003 	308.000000 	307.821991 	321.165009 
56.300000 	126.064003 	308.000000 	307.821991 	321.165009 
56.400000 	126.064003 	308.000000 	307.821991 	321.165009 
56.500000 	125.976997 	308.000000 	307.816010 	321.231995 
56.600000 	125.976997 	308.000000 	307.816010 	321.231995 
56.700000 	125.976997 	308.000000 	307.816010 	321.231995 
56.800000 	125.976997 	308.000000 	307.816010 	321.231995 
56.900000 	125.976997 	308.000000 	307.816010 	321.231995 
57.000000 	125.976997 	308.000000 	307.816010 	321.231995 
57.100000 	125.976997 	308.000000 	307.816010 	321.231995 
57.200000 	125.976997 	308.000000 	307.816010 	321.231995 
57.300000 	125.976997 	308.000000 	307.816010 	321.231995 
57.400000 	125.976997 	308.000000 	307.816010 	321.231995 
57.500000 	125.875000 	308.000000 	307.809998 	321.299011 
57.600000 	125.875000 	308.000000 	307.809998 	321.299011 
57.700000 	125.875000 	308.000000 	307.809998 	321.299011 
57.800000 	125.875000 	308.000000 	307.809998 	321.299011 
57.900000 	125.875000 	308.000000 	307.809998 	321.299011 
58.000000 	125.875000 	308.000000 	307.809998 	321.299011 
58.100000 	125.875000 	308.000000 	307.809998 	321.299011 
58.200000 	125.875000 	308.000000 	307.809998 	321.299011 
58.300000 	125.875000 	308.000000 	307.809998 	321.299011 
58.400000 	125.875000 	308.000000 	307.809998 	321.299011 
58.500000 	125.753998 	308.000000 	307.803986 	321.364990 
58.600000 	125.753998 	308.000000 	307.803986 	321.364990 
58.700000 	125.753998 	308.000000 	307.803986 	321.364990 
58.800000 	125.753998 	308.000000 	307.803986 	321.364990 
58.900000 	125.753998 	308.000000 	307.803986 	321.364990 
59.000000 	125.753998 	308.000000 	307.803986 	321.364990 
59.100000 	125.753998 	308.000000 	307.803986 	321.364990 
59.200000 	125.753998 	308.000000 	307.803986 	321.364990 
59.300000 	125.753998 	308.000000 	307.803986 	321.364990 
59.400000 	125.753998 	308.000000 	307.803986 	321.364990 
59.500000 	125.609001 	308.000000 	307.798004 	321.431000 
59.600000 	125.609001 	308.000000 	307.798004 	321.431000 
59.700000 	125.609001 	308.000000 	307.798004 	321.431000 
59.800000 	125.609001 	308.000000 	307.798004 	321.431000 
59.900000 	125.609001 	308.000000 	307.798004 	321.431000 
60.000000 	125.609001 	308.000000 	307.798004 	321.431000 
