0.500000 	85.760597 	184.000000 	232.615005 	196.386993 
0.600000 	85.760597 	184.000000 	232.615005 	196.386993 
0.700000 	85.760597 	184.000000 	232.615005 	196.386993 
0.800000 	85.760597 	184.000000 	232.615005 	196.386993 
0.900000 	85.760597 	184.000000 	232.615005 	196.386993 
1.000000 	85.760597 	184.000000 	232.615005 	196.386993 
1.100000 	85.760597 	184.000000 	232.615005 	196.386993 
1.200000 	85.760597 	184.000000 	232.615005 	196.386993 
1.300000 	85.760597 	184.000000 	232.615005 	196.386993 
1.400000 	85.760597 	184.000000 	232.615005 	196.386993 
1.500000 	95.000801 	184.000000 	208.587006 	199.322998 
1.600000 	95.000801 	184.000000 	208.587006 	199.322998 
1.700000 	95.000801 	184.000000 	208.587006 	199.322998 
1.800000 	95.000801 	184.000000 	208.587006 	199.322998 
1.900000 	95.000801 	184.000000 	208.587006 	199.322998 
2.000000 	95.000801 	184.000000 	208.587006 	199.322998 
2.100000 	95.000801 	184.000000 	208.587006 	199.322998 
2.200000 	95.000801 	184.000000 	208.587006 	199.322998 
2.300000 	95.000801 	184.000000 	208.587006 	199.322998 
2.400000 	95.000801 	184.000000 	208.587006 	199.322998 
2.500000 	106.961998 	184.000000 	198.850006 	199.876007 
2.600000 	106.961998 	184.000000 	198.850006 	199.876007 
2.700000 	106.961998 	184.000000 	198.850006 	199.876007 
2.800000 	106.961998 	184.000000 	198.850006 	199.876007 
2.900000 	106.961998 	184.000000 	198.850006 	199.876007 
3.000000 	106.961998 	184.000000 	198.850006 	199.876007 
3.100000 	106.961998 	184.000000 	198.850006 	199.876007 
3.200000 	106.961998 	184.000000 	198.850006 	199.876007 
3.300000 	106.961998 	184.000000 	198.850006 	199.876007 
3.400000 	106.961998 	184.000000 	198.850006 	199.876007 
3.500000 	113.685997 	184.000000 	193.701004 	200.091003 
3.600000 	113.685997 	184.000000 	193.701004 	200.091003 
3.700000 	113.685997 	184.000000 	193.701004 	200.091003 
3.800000 	113.685997 	184.000000 	193.701004 	200.091003 
3.900000 	113.685997 	184.000000 	193.701004 	200.091003 
4.000000 	113.685997 	184.000000 	193.701004 	200.091003 
4.100000 	113.685997 	184.000000 	193.701004 	200.091003 
4.200000 	113.685997 	184.000000 	193.701004 	200.091003 
4.300000 	113.685997 	184.000000 	193.701004 	200.091003 
4.400000 	113.685997 	184.000000 	193.701004 	200.091003 
4.500000 	117.561996 	184.000000 	190.729004 	200.212997 
4.600000 	117.561996 	184.000000 	190.729004 	200.212997 
4.700000 	117.561996 	184.000000 	190.729004 	200.212997 
4.800000 	117.561996 	184.000000 	190.729004 	200.212997 
4.900000 	117.561996 	184.000000 	190.729004 	200.212997 
5.000000 	117.561996 	184.000000 	190.729004 	200.212997 
5.100000 	117.561996 	184.000000 	190.729004 	200.212997 
5.200000 	117.561996 	184.000000 	190.729004 	200.212997 
5.300000 	117.561996 	184.000000 	190.729004 	200.212997 
5.400000 	117.561996 	184.000000 	190.729004 	200.212997 
5.500000 	119.948997 	184.000000 	188.888000 	200.300995 
5.600000 	119.948997 	184.000000 	188.888000 	200.300995 
5.700000 	119.948997 	184.000000 	188.888000 	200.300995 
5.800000 	119.948997 	184.000000 	188.888000 	200.300995 
5.900000 	119.948997 	184.000000 	188.888000 	200.300995 
6.000000 	119.948997 	184.000000 	188.888000 	200.300995 
6.100000 	119.948997 	184.000000 	188.888000 	200.300995 
6.200000 	119.948997 	184.000000 	188.888000 	200.300995 
6.300000 	119.948997 	184.000000 	188.888000 	200.300995 
6.400000 	119.948997 	184.000000 	188.888000 	200.300995 
6.500000 	121.508003 	184.000000 	187.681000 	200.376007 
6.600000 	121.508003 	184.000000 	187.681000 	200.376007 
6.700000 	121.508003 	184.000000 	187.681000 	200.376007 
6.800000 	121.508003 	184.000000 	187.681000 	200.376007 
6.900000 	121.508003 	184.000000 	187.681000 	200.376007 
7.000000 	121.508003 	184.000000 	187.681000 	200.376007 
7.100000 	121.508003 	184.000000 	187.681000 	200.376007 
7.200000 	121.508003 	184.000000 	187.681000 	200.376007 
7.300000 	121.508003 	184.000000 	187.681000 	200.376007 
7.400000 	121.508003 	184.000000 	187.681000 	200.376007 
7.500000 	122.578003 	184.000000 	186.850006 	200.445999 
7.600000 	122.578003 	184.000000 	186.850006 	200.445999 
7.700000 	122.578003 	184.000000 	186.850006 	200.445999 
7.800000 	122.578003 	184.000000 	186.850006 	200.445999 
7.900000 	122.578003 	184.000000 	186.850006 	200.445999 
8.000000 	122.578003 	184.000000 	186.850006 	200.445999 
8.100000 	122.578003 	184.000000 	186.850006 	200.445999 
8.200000 	122.578003 	184.000000 	186.850006 	200.445999 
8.300000 	122.578003 	184.000000 	186.850006 	200.445999 
8.400000 	122.578003 	184.000000 	186.850006 	200.445999 
8.500000 	123.343002 	184.000000 	186.257004 	200.516006 
8.600000 	123.343002 	184.000000 	186.257004 	200.516006 
8.700000 	123.343002 	184.000000 	186.257004 	200.516006 
8.800000 	123.343002 	184.000000 	186.257004 	200.516006 
8.900000 	123.343002 	184.000000 	186.257004 	200.516006 
9.000000 	123.343002 	184.000000 	186.257004 	200.516006 
9.100000 	123.343002 	184.000000 	186.257004 	200.516006 
9.200000 	123.343002 	184.000000 	186.257004 	200.516006 
9.300000 	123.343002 	184.000000 	186.257004 	200.516006 
9.400000 	123.343002 	184.000000 	186.257004 	200.516006 
9.500000 	123.906998 	184.000000 	185.819000 	200.587006 
9.600000 	123.906998 	184.000000 	185.819000 	200.587006 
9.700000 	123.906998 	184.000000 	185.819000 	200.587006 
9.800000 	123.906998 	184.000000 	185.819000 	200.587006 
9.900000 	123.906998 	184.000000 	185.819000 	200.587006 
10.000000 	123.906998 	184.000000 	185.819000 	200.587006 
10.100000 	123.906998 	184.000000 	185.819000 	200.587006 
10.200000 	123.906998 	184.000000 	185.819000 	200.587006 
10.300000 	123.906998 	184.000000 	185.819000 	200.587006 
10.400000 	123.906998 	184.000000 	185.819000 	200.587006 
10.500000 	124.335999 	184.000000 	185.487000 	200.660004 
10.600000 	124.335999 	184.000000 	185.487000 	200.660004 
10.700000 	124.335999 	184.000000 	185.487000 	200.660004 
10.800000 	124.335999 	184.000000 	185.487000 	200.660004 
10.900000 	124.335999 	184.000000 	185.487000 	200.660004 
11.000000 	124.335999 	184.000000 	185.487000 	200.660004 
11.100000 	124.335999 	184.000000 	185.487000 	200.660004 
11.200000 	124.335999 	184.000000 	185.487000 	200.660004 
11.300000 	124.335999 	184.000000 	185.487000 	200.660004 
11.400000 	124.335999 	184.000000 	185.487000 	200.660004 
11.500000 	124.668999 	184.000000 	185.229996 	200.735992 
11.600000 	124.668999 	184.000000 	185.229996 	200.735992 
11.700000 	124.668999 	184.000000 	185.229996 	200.735992 
11.800000 	124.668999 	184.000000 	185.229996 	200.735992 
11.900000 	124.668999 	184.000000 	185.229996 	200.735992 
12.000000 	124.668999 	184.000000 	185.229996 	200.735992 
12.100000 	124.668999 	184.000000 	185.229996 	200.735992 
12.200000 	124.668999 	184.000000 	185.229996 	200.735992 
12.300000 	124.668999 	184.000000 	185.229996 	200.735992 
12.400000 	124.668999 	184.000000 	185.229996 	200.735992 
12.500000 	124.934998 	184.000000 	185.026001 	200.815994 
12.600000 	124.934998 	184.000000 	185.026001 	200.815994 
12.700000 	124.934998 	184.000000 	185.026001 	200.815994 
12.800000 	124.934998 	184.000000 	185.026001 	200.815994 
12.900000 	124.934998 	184.000000 	185.026001 	200.815994 
13.000000 	124.934998 	184.000000 	185.026001 	200.815994 
13.100000 	124.934998 	184.000000 	185.026001 	200.815994 
13.200000 	124.934998 	184.000000 	185.026001 	200.815994 
13.300000 	124.934998 	184.000000 	185.026001 	200.815994 
13.400000 	124.934998 	184.000000 	185.026001 	200.815994 
13.500000 	125.149002 	184.000000 	184.862000 	200.899002 
13.600000 	125.149002 	184.000000 	184.862000 	200.899002 
13.700000 	125.149002 	184.000000 	184.862000 	200.899002 
13.800000 	125.149002 	184.000000 	184.862000 	200.899002 
13.900000 	125.149002 	184.000000 	184.862000 	200.899002 
14.000000 	125.149002 	184.000000 	184.862000 	200.899002 
14.100000 	125.149002 	184.000000 	184.862000 	200.899002 
14.200000 	125.149002 	184.000000 	184.862000 	200.899002 
14.300000 	125.149002 	184.000000 	184.862000 	200.899002 
14.400000 	125.149002 	184.000000 	184.862000 	200.899002 
14.500000 	125.324997 	184.000000 	184.727997 	200.985001 
14.600000 	125.324997 	184.000000 	184.727997 	200.985001 
14.700000 	125.324997 	184.000000 	184.727997 	200.985001 
14.800000 	125.324997 	184.000000 	184.727997 	200.985001 
14.900000 	125.324997 	184.000000 	184.727997 	200.985001 
15.000000 	125.324997 	184.000000 	184.727997 	200.985001 
15.100000 	125.324997 	184.000000 	184.727997 	200.985001 
15.200000 	125.324997 	184.000000 	184.727997 	200.985001 
15.300000 	125.324997 	184.000000 	184.727997 	200.985001 
15.400000 	125.324997 	184.000000 	184.727997 	200.985001 
15.500000 	125.472000 	184.000000 	184.617996 	201.072998 
15.600000 	125.472000 	184.000000 	184.617996 	201.072998 
15.700000 	125.472000 	184.000000 	184.617996 	201.072998 
15.800000 	125.472000 	184.000000 	184.617996 	201.072998 
15.900000 	125.472000 	184.000000 	184.617996 	201.072998 
16.000000 	125.472000 	184.000000 	184.617996 	201.072998 
16.100000 	125.472000 	184.000000 	184.617996 	201.072998 
16.200000 	125.472000 	184.000000 	184.617996 	201.072998 
16.300000 	125.472000 	184.000000 	184.617996 	201.072998 
16.400000 	125.472000 	184.000000 	184.617996 	201.072998 
16.500000 	125.596001 	184.000000 	184.524994 	201.164993 
16.600000 	125.596001 	184.000000 	184.524994 	201.164993 
16.700000 	125.596001 	184.000000 	184.524994 	201.164993 
16.800000 	125.596001 	184.000000 	184.524994 	201.164993 
16.900000 	125.596001 	184.000000 	184.524994 	201.164993 
17.000000 	125.596001 	184.000000 	184.524994 	201.164993 
17.100000 	125.596001 	184.000000 	184.524994 	201.164993 
17.200000 	125.596001 	184.000000 	184.524994 	201.164993 
17.300000 	125.596001 	184.000000 	184.524994 	201.164993 
17.400000 	125.596001 	184.000000 	184.524994 	201.164993 
17.500000 	125.702003 	184.000000 	184.447006 	201.259995 
17.600000 	125.702003 	184.000000 	184.447006 	201.259995 
17.700000 	125.702003 	184.000000 	184.447006 	201.259995 
17.800000 	125.702003 	184.000000 	184.447006 	201.259995 
17.900000 	125.702003 	184.000000 	184.447006 	201.259995 
18.000000 	125.702003 	184.000000 	184.447006 	201.259995 
18.100000 	125.702003 	184.000000 	184.447006 	201.259995 
18.200000 	125.702003 	184.000000 	184.447006 	201.259995 
18.300000 	125.702003 	184.000000 	184.447006 	201.259995 
18.400000 	125.702003 	184.000000 	184.447006 	201.259995 
18.500000 	125.792999 	184.000000 	184.380005 	201.358002 
18.600000 	125.792999 	184.000000 	184.380005 	201.358002 
18.700000 	125.792999 	184.000000 	184.380005 	201.358002 
18.800000 	125.792999 	184.000000 	184.380005 	201.358002 
18.900000 	125.792999 	184.000000 	184.380005 	201.358002 
19.000000 	125.792999 	184.000000 	184.380005 	201.358002 
19.100000 	125.792999 	184.000000 	184.380005 	201.358002 
19.200000 	125.792999 	184.000000 	184.380005 	201.358002 
19.300000 	125.792999 	184.000000 	184.380005 	201.358002 
19.400000 	125.792999 	184.000000 	184.380005 	201.358002 
19.500000 	125.873001 	184.000000 	184.322006 	201.457993 
19.600000 	125.873001 	184.000000 	184.322006 	201.457993 
19.700000 	125.873001 	184.000000 	184.322006 	201.457993 
19.800000 	125.873001 	184.000000 	184.322006 	201.457993 
19.900000 	125.873001 	184.000000 	184.322006 	201.457993 
20.000000 	125.873001 	184.000000 	184.322006 	201.457993 
20.100000 	125.873001 	184.000000 	184.322006 	201.457993 
20.200000 	125.873001 	184.000000 	184.322006 	201.457993 
20.300000 	125.873001 	184.000000 	184.322006 	201.457993 
20.400000 	125.873001 	184.000000 	184.322006 	201.457993 
20.500000 	125.942001 	184.000000 	184.272003 	201.561005 
20.600000 	125.942001 	184.000000 	184.272003 	201.561005 
20.700000 	125.942001 	184.000000 	184.272003 	201.561005 
20.800000 	125.942001 	184.000000 	184.272003 	201.561005 
20.900000 	125.942001 	184.000000 	184.272003 	201.561005 
21.000000 	125.942001 	184.000000 	184.272003 	201.561005 
21.100000 	125.942001 	184.000000 	184.272003 	201.561005 
21.200000 	125.942001 	184.000000 	184.272003 	201.561005 
21.300000 	125.942001 	184.000000 	184.272003 	201.561005 
21.400000 	125.942001 	184.000000 	184.272003 	201.561005 
21.500000 	126.003998 	184.000000 	184.229004 	201.666000 
21.600000 	126.003998 	184.000000 	184.229004 	201.666000 
21.700000 	126.003998 	184.000000 	184.229004 	201.666000 
21.800000 	126.003998 	184.000000 	184.229004 	201.666000 
21.900000 	126.003998 	184.000000 	184.229004 	201.666000 
22.000000 	126.003998 	184.000000 	184.229004 	201.666000 
22.100000 	126.003998 	184.000000 	184.229004 	201.666000 
22.200000 	126.003998 	184.000000 	184.229004 	201.666000 
22.300000 	126.003998 	184.000000 	184.229004 	201.666000 
22.400000 	126.003998 	184.000000 	184.229004 	201.666000 
22.500000 	126.058998 	184.000000 	184.190002 	201.772995 
22.600000 	126.058998 	184.000000 	184.190002 	201.772995 
22.700000 	126.058998 	184.000000 	184.190002 	201.772995 
22.800000 	126.058998 	184.000000 	184.190002 	201.772995 
22.900000 	126.058998 	184.000000 	184.190002 	201.772995 
23.000000 	126.058998 	184.000000 	184.190002 	201.772995 
23.100000 	126.058998 	184.000000 	184.190002 	201.772995 
23.200000 	126.058998 	184.000000 	184.190002 	201.772995 
23.300000 	126.058998 	184.000000 	184.190002 	201.772995 
23.400000 	126.058998 	184.000000 	184.190002 	201.772995 
23.500000 	126.107002 	184.000000 	184.156006 	201.882996 
23.600000 	126.107002 	184.000000 	184.156006 	201.882996 
23.700000 	126.107002 	184.000000 	184.156006 	201.882996 
23.800000 	126.107002 	184.000000 	184.156006 	201.882996 
23.900000 	126.107002 	184.000000 	184.156006 	201.882996 
24.000000 	126.107002 	184.000000 	184.156006 	201.882996 
24.100000 	126.107002 	184.000000 	184.156006 	201.882996 
24.200000 	126.107002 	184.000000 	184.156006 	201.882996 
24.300000 	126.107002 	184.000000 	184.156006 	201.882996 
24.400000 	126.107002 	184.000000 	184.156006 	201.882996 
24.500000 	126.151001 	184.000000 	184.126007 	201.994995 
24.600000 	126.151001 	184.000000 	184.126007 	201.994995 
24.700000 	126.151001 	184.000000 	184.126007 	201.994995 
24.800000 	126.151001 	184.000000 	184.126007 	201.994995 
24.900000 	126.151001 	184.000000 	184.126007 	201.994995 
25.000000 	126.151001 	184.000000 	184.126007 	201.994995 
25.100000 	126.151001 	184.000000 	184.126007 	201.994995 
25.200000 	126.151001 	184.000000 	184.126007 	201.994995 
25.300000 	126.151001 	184.000000 	184.126007 	201.994995 
25.400000 	126.151001 	184.000000 	184.126007 	201.994995 
25.500000 	126.191002 	184.000000 	184.098999 	202.108994 
25.600000 	126.191002 	184.000000 	184.098999 	202.108994 
25.700000 	126.191002 	184.000000 	184.098999 	202.108994 
25.800000 	126.191002 	184.000000 	184.098999 	202.108994 
25.900000 	126.191002 	184.000000 	184.098999 	202.108994 
26.000000 	126.191002 	184.000000 	184.098999 	202.108994 
26.100000 	126.191002 	184.000000 	184.098999 	202.108994 
26.200000 	126.191002 	184.000000 	184.098999 	202.108994 
26.300000 	126.191002 	184.000000 	184.098999 	202.108994 
26.400000 	126.191002 	184.000000 	184.098999 	202.108994 
26.500000 	126.226997 	184.000000 	184.074005 	202.223999 
26.600000 	126.226997 	184.000000 	184.074005 	202.223999 
26.700000 	126.226997 	184.000000 	184.074005 	202.223999 
26.800000 	126.226997 	184.000000 	184.074005 	202.223999 
26.900000 	126.226997 	184.000000 	184.074005 	202.223999 
27.000000 	126.226997 	184.000000 	184.074005 	202.223999 
27.100000 	126.226997 	184.000000 	184.074005 	202.223999 
27.200000 	126.226997 	184.000000 	184.074005 	202.223999 
27.300000 	126.226997 	184.000000 	184.074005 	202.223999 
27.400000 	126.226997 	184.000000 	184.074005 	202.223999 
27.500000 	126.259003 	184.000000 	184.052002 	202.341995 
27.600000 	126.259003 	184.000000 	184.052002 	202.341995 
27.700000 	126.259003 	184.000000 	184.052002 	202.341995 
27.800000 	126.259003 	184.000000 	184.052002 	202.341995 
27.900000 	126.259003 	184.000000 	184.052002 	202.341995 
28.000000 	126.259003 	184.000000 	184.052002 	202.341995 
28.100000 	126.259003 	184.000000 	184.052002 	202.341995 
28.200000 	126.259003 	184.000000 	184.052002 	202.341995 
28.300000 	126.259003 	184.000000 	184.052002 	202.341995 
28.400000 	126.259003 	184.000000 	184.052002 	202.341995 
28.500000 	126.288002 	184.000000 	184.031998 	202.460007 
28.600000 	126.288002 	184.000000 	184.031998 	202.460007 
28.700000 	126.288002 	184.000000 	184.031998 	202.460007 
28.800000 	126.288002 	184.000000 	184.031998 	202.460007 
28.900000 	126.288002 	184.000000 	184.031998 	202.460007 
29.000000 	126.288002 	184.000000 	184.031998 	202.460007 
29.100000 	126.288002 	184.000000 	184.031998 	202.460007 
29.200000 	126.288002 	184.000000 	184.031998 	202.460007 
29.300000 	126.288002 	184.000000 	184.031998 	202.460007 
29.400000 	126.288002 	184.000000 	184.031998 	202.460007 
29.500000 	126.315002 	184.000000 	184.014008 	202.580994 
29.600000 	126.315002 	184.000000 	184.014008 	202.580994 
29.700000 	126.315002 	184.000000 	184.014008 	202.580994 
29.800000 	126.315002 	184.000000 	184.014008 	202.580994 
29.900000 	126.315002 	184.000000 	184.014008 	202.580994 
30.000000 	126.315002 	184.000000 	184.014008 	202.580994 
30.100000 	126.315002 	184.000000 	184.014008 	202.580994 
30.200000 	126.315002 	184.000000 	184.014008 	202.580994 
30.300000 	126.315002 	184.000000 	184.014008 	202.580994 
30.400000 	126.315002 	184.000000 	184.014008 	202.580994 
30.500000 	126.338997 	184.000000 	183.996994 	202.701996 
30.600000 	126.338997 	184.000000 	183.996994 	202.701996 
30.700000 	126.338997 	184.000000 	183.996994 	202.701996 
30.800000 	126.338997 	184.000000 	183.996994 	202.701996 
30.900000 	126.338997 	184.000000 	183.996994 	202.701996 
31.000000 	126.338997 	184.000000 	183.996994 	202.701996 
31.100000 	126.338997 	184.000000 	183.996994 	202.701996 
31.200000 	126.338997 	184.000000 	183.996994 	202.701996 
31.300000 	126.338997 	184.000000 	183.996994 	202.701996 
31.400000 	126.338997 	184.000000 	183.996994 	202.701996 
31.500000 	126.361000 	184.000000 	183.981995 	202.824997 
31.600000 	126.361000 	184.000000 	183.981995 	202.824997 
31.700000 	126.361000 	184.000000 	183.981995 	202.824997 
31.800000 	126.361000 	184.000000 	183.981995 	202.824997 
31.900000 	126.361000 	184.000000 	183.981995 	202.824997 
32.000000 	126.361000 	184.000000 	183.981995 	202.824997 
32.100000 	126.361000 	184.000000 	183.981995 	202.824997 
32.200000 	126.361000 	184.000000 	183.981995 	202.824997 
32.300000 	126.361000 	184.000000 	183.981995 	202.824997 
32.400000 	126.361000 	184.000000 	183.981995 	202.824997 
32.500000 	126.379997 	184.000000 	183.968002 	202.949005 
32.600000 	126.379997 	184.000000 	183.968002 	202.949005 
32.700000 	126.379997 	184.000000 	183.968002 	202.949005 
32.800000 	126.379997 	184.000000 	183.968002 	202.949005 
32.900000 	126.379997 	184.000000 	183.968002 	202.949005 
33.000000 	126.379997 	184.000000 	183.968002 	202.949005 
33.100000 	126.379997 	184.000000 	183.968002 	202.949005 
33.200000 	126.379997 	184.000000 	183.968002 	202.949005 
33.300000 	126.379997 	184.000000 	183.968002 	202.949005 
33.400000 	126.379997 	184.000000 	183.968002 	202.949005 
33.500000 	126.398003 	184.000000 	183.955002 	203.074997 
33.600000 	126.398003 	184.000000 	183.955002 	203.074997 
33.700000 	126.398003 	184.000000 	183.955002 	203.074997 
33.800000 	126.398003 	184.000000 	183.955002 	203.074997 
33.900000 	126.398003 	184.000000 	183.955002 	203.074997 
34.000000 	126.398003 	184.000000 	183.955002 	203.074997 
34.100000 	126.398003 	184.000000 	183.955002 	203.074997 
34.200000 	126.398003 	184.000000 	183.955002 	203.074997 
34.300000 	126.398003 	184.000000 	183.955002 	203.074997 
34.400000 	126.398003 	184.000000 	183.955002 	203.074997 
34.500000 	126.413002 	184.000000 	183.942001 	203.201004 
34.600000 	126.413002 	184.000000 	183.942001 	203.201004 
34.700000 	126.413002 	184.000000 	183.942001 	203.201004 
34.800000 	126.413002 	184.000000 	183.942001 	203.201004 
34.900000 	126.413002 	184.000000 	183.942001 	203.201004 
35.000000 	126.413002 	184.000000 	183.942001 	203.201004 
35.100000 	126.413002 	184.000000 	183.942001 	203.201004 
35.200000 	126.413002 	184.000000 	183.942001 	203.201004 
35.300000 	126.413002 	184.000000 	183.942001 	203.201004 
35.400000 	126.413002 	184.000000 	183.942001 	203.201004 
35.500000 	126.426003 	184.000000 	183.931000 	203.328003 
35.600000 	126.426003 	184.000000 	183.931000 	203.328003 
35.700000 	126.426003 	184.000000 	183.931000 	203.328003 
35.800000 	126.426003 	184.000000 	183.931000 	203.328003 
35.900000 	126.426003 	184.000000 	183.931000 	203.328003 
36.000000 	126.426003 	184.000000 	183.931000 	203.328003 
36.100000 	126.426003 	184.000000 	183.931000 	203.328003 
36.200000 	126.426003 	184.000000 	183.931000 	203.328003 
36.300000 	126.426003 	184.000000 	183.931000 	203.328003 
36.400000 	126.426003 	184.000000 	183.931000 	203.328003 
36.500000 	126.436996 	184.000000 	183.919998 	203.455002 
36.600000 	126.436996 	184.000000 	183.919998 	203.455002 
36.700000 	126.436996 	184.000000 	183.919998 	203.455002 
36.800000 	126.436996 	184.000000 	183.919998 	203.455002 
36.900000 	126.436996 	184.000000 	183.919998 	203.455002 
37.000000 	126.436996 	184.000000 	183.919998 	203.455002 
37.100000 	126.436996 	184.000000 	183.919998 	203.455002 
37.200000 	126.436996 	184.000000 	183.919998 	203.455002 
37.300000 	126.436996 	184.000000 	183.919998 	203.455002 
37.400000 	126.436996 	184.000000 	183.919998 	203.455002 
37.500000 	126.446999 	184.000000 	183.910004 	203.584000 
37.600000 	126.446999 	184.000000 	183.910004 	203.584000 
37.700000 	126.446999 	184.000000 	183.910004 	203.584000 
37.800000 	126.446999 	184.000000 	183.910004 	203.584000 
37.900000 	126.446999 	184.000000 	183.910004 	203.584000 
38.000000 	126.446999 	184.000000 	183.910004 	203.584000 
38.100000 	126.446999 	184.000000 	183.910004 	203.584000 
38.200000 	126.446999 	184.000000 	183.910004 	203.584000 
38.300000 	126.446999 	184.000000 	183.910004 	203.584000 
38.400000 	126.446999 	184.000000 	183.910004 	203.584000 
38.500000 	126.454002 	184.000000 	183.899994 	203.712997 
38.600000 	126.454002 	184.000000 	183.899994 	203.712997 
38.700000 	126.454002 	184.000000 	183.899994 	203.712997 
38.800000 	126.454002 	184.000000 	183.899994 	203.712997 
38.900000 	126.454002 	184.000000 	183.899994 	203.712997 
39.000000 	126.454002 	184.000000 	183.899994 	203.712997 
39.100000 	126.454002 	184.000000 	183.899994 	203.712997 
39.200000 	126.454002 	184.000000 	183.899994 	203.712997 
39.300000 	126.454002 	184.000000 	183.899994 	203.712997 
39.400000 	126.454002 	184.000000 	183.899994 	203.712997 
39.500000 	126.459000 	184.000000 	183.891006 	203.841995 
39.600000 	126.459000 	184.000000 	183.891006 	203.841995 
39.700000 	126.459000 	184.000000 	183.891006 	203.841995 
39.800000 	126.459000 	184.000000 	183.891006 	203.841995 
39.900000 	126.459000 	184.000000 	183.891006 	203.841995 
40.000000 	126.459000 	184.000000 	183.891006 	203.841995 
40.100000 	126.459000 	184.000000 	183.891006 	203.841995 
40.200000 	126.459000 	184.000000 	183.891006 	203.841995 
40.300000 	126.459000 	184.000000 	183.891006 	203.841995 
40.400000 	126.459000 	184.000000 	183.891006 	203.841995 
40.500000 	126.460999 	184.000000 	183.882004 	203.972000 
40.600000 	126.460999 	184.000000 	183.882004 	203.972000 
40.700000 	126.460999 	184.000000 	183.882004 	203.972000 
40.800000 	126.460999 	184.000000 	183.882004 	203.972000 
40.900000 	126.460999 	184.000000 	183.882004 	203.972000 
41.000000 	126.460999 	184.000000 	183.882004 	203.972000 
41.100000 	126.460999 	184.000000 	183.882004 	203.972000 
41.200000 	126.460999 	184.000000 	183.882004 	203.972000 
41.300000 	126.460999 	184.000000 	183.882004 	203.972000 
41.400000 	126.460999 	184.000000 	183.882004 	203.972000 
41.500000 	126.461998 	184.000000 	183.873993 	204.102005 
41.600000 	126.461998 	184.000000 	183.873993 	204.102005 
41.700000 	126.461998 	184.000000 	183.873993 	204.102005 
41.800000 	126.461998 	184.000000 	183.873993 	204.102005 
41.900000 	126.461998 	184.000000 	183.873993 	204.102005 
42.000000 	126.461998 	184.000000 	183.873993 	204.102005 
42.100000 	126.461998 	184.000000 	183.873993 	204.102005 
42.200000 	126.461998 	184.000000 	183.873993 	204.102005 
42.300000 	126.461998 	184.000000 	183.873993 	204.102005 
42.400000 	126.461998 	184.000000 	183.873993 	204.102005 
42.500000 	126.459999 	184.000000 	183.865997 	204.233002 
42.600000 	126.459999 	184.000000 	183.865997 	204.233002 
42.700000 	126.459999 	184.000000 	183.865997 	204.233002 
42.800000 	126.459999 	184.000000 	183.865997 	204.233002 
42.900000 	126.459999 	184.000000 	183.865997 	204.233002 
43.000000 	126.459999 	184.000000 	183.865997 	204.233002 
43.100000 	126.459999 	184.000000 	183.865997 	204.233002 
43.200000 	126.459999 	184.000000 	183.865997 	204.233002 
43.300000 	126.459999 	184.000000 	183.865997 	204.233002 
43.400000 	126.459999 	184.000000 	183.865997 	204.233002 
43.500000 	126.455002 	184.000000 	183.858002 	204.363998 
43.600000 	126.455002 	184.000000 	183.858002 	204.363998 
43.700000 	126.455002 	184.000000 	183.858002 	204.363998 
43.800000 	126.455002 	184.000000 	183.858002 	204.363998 
43.900000 	126.455002 	184.000000 	183.858002 	204.363998 
44.000000 	126.455002 	184.000000 	183.858002 	204.363998 
44.100000 	126.455002 	184.000000 	183.858002 	204.363998 
44.200000 	126.455002 	184.000000 	183.858002 	204.363998 
44.300000 	126.455002 	184.000000 	183.858002 	204.363998 
44.400000 	126.455002 	184.000000 	183.858002 	204.363998 
44.500000 	126.446999 	184.000000 	183.850998 	204.494995 
44.600000 	126.446999 	184.000000 	183.850998 	204.494995 
44.700000 	126.446999 	184.000000 	183.850998 	204.494995 
44.800000 	126.446999 	184.000000 	183.850998 	204.494995 
44.900000 	126.446999 	184.000000 	183.850998 	204.494995 
45.000000 	126.446999 	184.000000 	183.850998 	204.494995 
45.100000 	126.446999 	184.000000 	183.850998 	204.494995 
45.200000 	126.446999 	184.000000 	183.850998 	204.494995 
45.300000 	126.446999 	184.000000 	183.850998 	204.494995 
45.400000 	126.446999 	184.000000 	183.850998 	204.494995 
45.500000 	126.435997 	184.000000 	183.843994 	204.626007 
45.600000 	126.435997 	184.000000 	183.843994 	204.626007 
45.700000 	126.435997 	184.000000 	183.843994 	204.626007 
45.800000 	126.435997 	184.000000 	183.843994 	204.626007 
45.900000 	126.435997 	184.000000 	183.843994 	204.626007 
46.000000 	126.435997 	184.000000 	183.843994 	204.626007 
46.100000 	126.435997 	184.000000 	183.843994 	204.626007 
46.200000 	126.435997 	184.000000 	183.843994 	204.626007 
46.300000 	126.435997 	184.000000 	183.843994 	204.626007 
46.400000 	126.435997 	184.000000 	183.843994 	204.626007 
46.500000 	126.421997 	184.000000 	183.837006 	204.757004 
46.600000 	126.421997 	184.000000 	183.837006 	204.757004 
46.700000 	126.421997 	184.000000 	183.837006 	204.757004 
46.800000 	126.421997 	184.000000 	183.837006 	204.757004 
46.900000 	126.421997 	184.000000 	183.837006 	204.757004 
47.000000 	126.421997 	184.000000 	183.837006 	204.757004 
47.100000 	126.421997 	184.000000 	183.837006 	204.757004 
47.200000 	126.421997 	184.000000 	183.837006 	204.757004 
47.300000 	126.421997 	184.000000 	183.837006 	204.757004 
47.400000 	126.421997 	184.000000 	183.837006 	204.757004 
47.500000 	126.403999 	184.000000 	183.830002 	204.888000 
47.600000 	126.403999 	184.000000 	183.830002 	204.888000 
47.700000 	126.403999 	184.000000 	183.830002 	204.888000 
47.800000 	126.403999 	184.000000 	183.830002 	204.888000 
47.900000 	126.403999 	184.000000 	183.830002 	204.888000 
48.000000 	126.403999 	184.000000 	183.830002 	204.888000 
48.100000 	126.403999 	184.000000 	183.830002 	204.888000 
48.200000 	126.403999 	184.000000 	183.830002 	204.888000 
48.300000 	126.403999 	184.000000 	183.830002 	204.888000 
48.400000 	126.403999 	184.000000 	183.830002 	204.888000 
48.500000 	126.382004 	184.000000 	183.822998 	205.018997 
48.600000 	126.382004 	184.000000 	183.822998 	205.018997 
48.700000 	126.382004 	184.000000 	183.822998 	205.018997 
48.800000 	126.382004 	184.000000 	183.822998 	205.018997 
48.900000 	126.382004 	184.000000 	183.822998 	205.018997 
49.000000 	126.382004 	184.000000 	183.822998 	205.018997 
49.100000 	126.382004 	184.000000 	183.822998 	205.018997 
49.200000 	126.382004 	184.000000 	183.822998 	205.018997 
49.300000 	126.382004 	184.000000 	183.822998 	205.018997 
49.400000 	126.382004 	184.000000 	183.822998 	205.018997 
49.500000 	126.356003 	184.000000 	183.817001 	205.149994 
49.600000 	126.356003 	184.000000 	183.817001 	205.149994 
49.700000 	126.356003 	184.000000 	183.817001 	205.149994 
49.800000 	126.356003 	184.000000 	183.817001 	205.149994 
49.900000 	126.356003 	184.000000 	183.817001 	205.149994 
50.000000 	126.356003 	184.000000 	183.817001 	205.149994 
50.100000 	126.356003 	184.000000 	183.817001 	205.149994 
50.200000 	126.356003 	184.000000 	183.817001 	205.149994 
50.300000 	126.356003 	184.000000 	183.817001 	205.149994 
50.400000 	126.356003 	184.000000 	183.817001 	205.149994 
50.500000 	126.323997 	184.000000 	183.811005 	205.279999 
50.600000 	126.323997 	184.000000 	183.811005 	205.279999 
50.700000 	126.323997 	184.000000 	183.811005 	205.279999 
50.800000 	126.323997 	184.000000 	183.811005 	205.279999 
50.900000 	126.323997 	184.000000 	183.811005 	205.279999 
51.000000 	126.323997 	184.000000 	183.811005 	205.279999 
51.100000 	126.323997 	184.000000 	183.811005 	205.279999 
51.200000 	126.323997 	184.000000 	183.811005 	205.279999 
51.300000 	126.323997 	184.000000 	183.811005 	205.279999 
51.400000 	126.323997 	184.000000 	183.811005 	205.279999 
51.500000 	126.286003 	184.000000 	183.804001 	205.410004 
51.600000 	126.286003 	184.000000 	183.804001 	205.410004 
51.700000 	126.286003 	184.000000 	183.804001 	205.410004 
51.800000 	126.286003 	184.000000 	183.804001 	205.410004 
51.900000 	126.286003 	184.000000 	183.804001 	205.410004 
52.000000 	126.286003 	184.000000 	183.804001 	205.410004 
52.100000 	126.286003 	184.000000 	183.804001 	205.410004 
52.200000 	126.286003 	184.000000 	183.804001 	205.410004 
52.300000 	126.286003 	184.000000 	183.804001 	205.410004 
52.400000 	126.286003 	184.000000 	183.804001 	205.410004 
52.500000 	126.241997 	184.000000 	183.798004 	205.539993 
52.600000 	126.241997 	184.000000 	183.798004 	205.539993 
52.700000 	126.241997 	184.000000 	183.798004 	205.539993 
52.800000 	126.241997 	184.000000 	183.798004 	205.539993 
52.900000 	126.241997 	184.000000 	183.798004 	205.539993 
53.000000 	126.241997 	184.000000 	183.798004 	205.539993 
53.100000 	126.241997 	184.000000 	183.798004 	205.539993 
53.200000 	126.241997 	184.000000 	183.798004 	205.539993 
53.300000 	126.241997 	184.000000 	183.798004 	205.539993 
53.400000 	126.241997 	184.000000 	183.798004 	205.539993 
53.500000 	126.190002 	184.000000 	183.792007 	205.669006 
53.600000 	126.190002 	184.000000 	183.792007 	205.669006 
53.700000 	126.190002 	184.000000 	183.792007 	205.669006 
53.800000 	126.190002 	184.000000 	183.792007 	205.669006 
53.900000 	126.190002 	184.000000 	183.792007 	205.669006 
54.000000 	126.190002 	184.000000 	183.792007 	205.669006 
54.100000 	126.190002 	184.000000 	183.792007 	205.669006 
54.200000 	126.190002 	184.000000 	183.792007 	205.669006 
54.300000 	126.190002 	184.000000 	183.792007 	205.669006 
54.400000 	126.190002 	184.000000 	183.792007 	205.669006 
54.500000 	126.129997 	184.000000 	183.785995 	205.798004 
54.600000 	126.129997 	184.000000 	183.785995 	205.798004 
54.700000 	126.129997 	184.000000 	183.785995 	205.798004 
54.800000 	126.129997 	184.000000 	183.785995 	205.798004 
54.900000 	126.129997 	184.000000 	183.785995 	205.798004 
55.000000 	126.129997 	184.000000 	183.785995 	205.798004 
55.100000 	126.129997 	184.000000 	183.785995 	205.798004 
55.200000 	126.129997 	184.000000 	183.785995 	205.798004 
55.300000 	126.129997 	184.000000 	183.785995 	205.798004 
55.400000 	126.129997 	184.000000 	183.785995 	205.798004 
55.500000 	126.057999 	184.000000 	183.779007 	205.925995 
55.600000 	126.057999 	184.000000 	183.779007 	205.925995 
55.700000 	126.057999 	184.000000 	183.779007 	205.925995 
55.800000 	126.057999 	184.000000 	183.779007 	205.925995 
55.900000 	126.057999 	184.000000 	183.779007 	205.925995 
56.000000 	126.057999 	184.000000 	183.779007 	205.925995 
56.100000 	126.057999 	184.000000 	183.779007 	205.925995 
56.200000 	126.057999 	184.000000 	183.779007 	205.925995 
56.300000 	126.057999 	184.000000 	183.779007 	205.925995 
56.400000 	126.057999 	184.000000 	183.779007 	205.925995 
56.500000 	125.974998 	184.000000 	183.772995 	206.052994 
56.600000 	125.974998 	184.000000 	183.772995 	206.052994 
56.700000 	125.974998 	184.000000 	183.772995 	206.052994 
56.800000 	125.974998 	184.000000 	183.772995 	206.052994 
56.900000 	125.974998 	184.000000 	183.772995 	206.052994 
57.000000 	125.974998 	184.000000 	183.772995 	206.052994 
57.100000 	125.974998 	184.000000 	183.772995 	206.052994 
57.200000 	125.974998 	184.000000 	183.772995 	206.052994 
57.300000 	125.974998 	184.000000 	183.772995 	206.052994 
57.400000 	125.974998 	184.000000 	183.772995 	206.052994 
57.500000 	125.875999 	184.000000 	183.766998 	206.179993 
57.600000 	125.875999 	184.000000 	183.766998 	206.179993 
57.700000 	125.875999 	184.000000 	183.766998 	206.179993 
57.800000 	125.875999 	184.000000 	183.766998 	206.179993 
57.900000 	125.875999 	184.000000 	183.766998 	206.179993 
58.000000 	125.875999 	184.000000 	183.766998 	206.179993 
58.100000 	125.875999 	184.000000 	183.766998 	206.179993 
58.200000 	125.875999 	184.000000 	183.766998 	206.179993 
58.300000 	125.875999 	184.000000 	183.766998 	206.179993 
58.400000 	125.875999 	184.000000 	183.766998 	206.179993 
58.500000 	125.757004 	184.000000 	183.761002 	206.306000 
58.600000 	125.757004 	184.000000 	183.761002 	206.306000 
58.700000 	125.757004 	184.000000 	183.761002 	206.306000 
58.800000 	125.757004 	184.000000 	183.761002 	206.306000 
58.900000 	125.757004 	184.000000 	183.761002 	206.306000 
59.000000 	125.757004 	184.000000 	183.761002 	206.306000 
59.100000 	125.757004 	184.000000 	183.761002 	206.306000 
59.200000 	125.757004 	184.000000 	183.761002 	206.306000 
59.300000 	125.757004 	184.000000 	183.761002 	206.306000 
59.400000 	125.757004 	184.000000 	183.761002 	206.306000 
59.500000 	125.614998 	184.000000 	183.753998 	206.431000 
59.600000 	125.614998 	184.000000 	183.753998 	206.431000 
59.700000 	125.614998 	184.000000 	183.753998 	206.431000 
59.800000 	125.614998 	184.000000 	183.753998 	206.431000 
59.900000 	125.614998 	184.000000 	183.753998 	206.431000 
60.000000 	125.614998 	184.000000 	183.753998 	206.431000 
