0.500000 	94.465500 	624.000000 	636.442017 	628.732971 
0.600000 	94.465500 	624.000000 	636.442017 	628.732971 
0.700000 	94.465500 	624.000000 	636.442017 	628.732971 
0.800000 	94.465500 	624.000000 	636.442017 	628.732971 
0.900000 	94.465500 	624.000000 	636.442017 	628.732971 
1.000000 	94.465500 	624.000000 	636.442017 	628.732971 
1.100000 	94.465500 	624.000000 	636.442017 	628.732971 
1.200000 	94.465500 	624.000000 	636.442017 	628.732971 
1.300000 	94.465500 	624.000000 	636.442017 	628.732971 
1.400000 	94.465500 	624.000000 	636.442017 	628.732971 
1.500000 	104.709000 	624.000000 	629.643982 	629.250000 
1.600000 	104.709000 	624.000000 	629.643982 	629.250000 
1.700000 	104.709000 	624.000000 	629.643982 	629.250000 
1.800000 	104.709000 	624.000000 	629.643982 	629.250000 
1.900000 	104.709000 	624.000000 	629.643982 	629.250000 
2.000000 	104.709000 	624.000000 	629.643982 	629.250000 
2.100000 	104.709000 	624.000000 	629.643982 	629.250000 
2.200000 	104.709000 	624.000000 	629.643982 	629.250000 
2.300000 	104.709000 	624.000000 	629.643982 	629.250000 
2.400000 	104.709000 	624.000000 	629.643982 	629.250000 
2.500000 	114.484001 	624.000000 	626.960999 	629.234985 
2.600000 	114.484001 	624.000000 	626.960999 	629.234985 
2.700000 	114.484001 	624.000000 	626.960999 	629.234985 
2.800000 	114.484001 	624.000000 	626.960999 	629.234985 
2.900000 	114.484001 	624.000000 	626.960999 	629.234985 
3.000000 	114.484001 	624.000000 	626.960999 	629.234985 
3.100000 	114.484001 	624.000000 	626.960999 	629.234985 
3.200000 	114.484001 	624.000000 	626.960999 	629.234985 
3.300000 	114.484001 	624.000000 	626.960999 	629.234985 
3.400000 	114.484001 	624.000000 	626.960999 	629.234985 
3.500000 	119.190002 	624.000000 	625.741028 	629.231995 
3.600000 	119.190002 	624.000000 	625.741028 	629.231995 
3.700000 	119.190002 	624.000000 	625.741028 	629.231995 
3.800000 	119.190002 	624.000000 	625.741028 	629.231995 
3.900000 	119.190002 	624.000000 	625.741028 	629.231995 
4.000000 	119.190002 	624.000000 	625.741028 	629.231995 
4.100000 	119.190002 	624.000000 	625.741028 	629.231995 
4.200000 	119.190002 	624.000000 	625.741028 	629.231995 
4.300000 	119.190002 	624.000000 	625.741028 	629.231995 
4.400000 	119.190002 	624.000000 	625.741028 	629.231995 
4.500000 	121.650002 	624.000000 	625.109985 	629.234985 
4.600000 	121.650002 	624.000000 	625.109985 	629.234985 
4.700000 	121.650002 	624.000000 	625.109985 	629.234985 
4.800000 	121.650002 	624.000000 	625.109985 	629.234985 
4.900000 	121.650002 	624.000000 	625.109985 	629.234985 
5.000000 	121.650002 	624.000000 	625.109985 	629.234985 
5.100000 	121.650002 	624.000000 	625.109985 	629.234985 
5.200000 	121.650002 	624.000000 	625.109985 	629.234985 
5.300000 	121.650002 	624.000000 	625.109985 	629.234985 
5.400000 	121.650002 	624.000000 	625.109985 	629.234985 
5.500000 	123.070000 	624.000000 	624.747986 	629.242981 
5.600000 	123.070000 	624.000000 	624.747986 	629.242981 
5.700000 	123.070000 	624.000000 	624.747986 	629.242981 
5.800000 	123.070000 	624.000000 	624.747986 	629.242981 
5.900000 	123.070000 	624.000000 	624.747986 	629.242981 
6.000000 	123.070000 	624.000000 	624.747986 	629.242981 
6.100000 	123.070000 	624.000000 	624.747986 	629.242981 
6.200000 	123.070000 	624.000000 	624.747986 	629.242981 
6.300000 	123.070000 	624.000000 	624.747986 	629.242981 
6.400000 	123.070000 	624.000000 	624.747986 	629.242981 
6.500000 	123.958000 	624.000000 	624.521973 	629.252014 
6.600000 	123.958000 	624.000000 	624.521973 	629.252014 
6.700000 	123.958000 	624.000000 	624.521973 	629.252014 
6.800000 	123.958000 	624.000000 	624.521973 	629.252014 
6.900000 	123.958000 	624.000000 	624.521973 	629.252014 
7.000000 	123.958000 	624.000000 	624.521973 	629.252014 
7.100000 	123.958000 	624.000000 	624.521973 	629.252014 
7.200000 	123.958000 	624.000000 	624.521973 	629.252014 
7.300000 	123.958000 	624.000000 	624.521973 	629.252014 
7.400000 	123.958000 	624.000000 	624.521973 	629.252014 
7.500000 	124.547997 	624.000000 	624.372009 	629.262024 
7.600000 	124.547997 	624.000000 	624.372009 	629.262024 
7.700000 	124.547997 	624.000000 	624.372009 	629.262024 
7.800000 	124.547997 	624.000000 	624.372009 	629.262024 
7.900000 	124.547997 	624.000000 	624.372009 	629.262024 
8.000000 	124.547997 	624.000000 	624.372009 	629.262024 
8.100000 	124.547997 	624.000000 	624.372009 	629.262024 
8.200000 	124.547997 	624.000000 	624.372009 	629.262024 
8.300000 	124.547997 	624.000000 	624.372009 	629.262024 
8.400000 	124.547997 	624.000000 	624.372009 	629.262024 
8.500000 	124.960999 	624.000000 	624.268005 	629.273987 
8.600000 	124.960999 	624.000000 	624.268005 	629.273987 
8.700000 	124.960999 	624.000000 	624.268005 	629.273987 
8.800000 	124.960999 	624.000000 	624.268005 	629.273987 
8.900000 	124.960999 	624.000000 	624.268005 	629.273987 
9.000000 	124.960999 	624.000000 	624.268005 	629.273987 
9.100000 	124.960999 	624.000000 	624.268005 	629.273987 
9.200000 	124.960999 	624.000000 	624.268005 	629.273987 
9.300000 	124.960999 	624.000000 	624.268005 	629.273987 
9.400000 	124.960999 	624.000000 	624.268005 	629.273987 
9.500000 	125.260002 	624.000000 	624.192993 	629.286987 
9.600000 	125.260002 	624.000000 	624.192993 	629.286987 
9.700000 	125.260002 	624.000000 	624.192993 	629.286987 
9.800000 	125.260002 	624.000000 	624.192993 	629.286987 
9.900000 	125.260002 	624.000000 	624.192993 	629.286987 
10.000000 	125.260002 	624.000000 	624.192993 	629.286987 
10.100000 	125.260002 	624.000000 	624.192993 	629.286987 
10.200000 	125.260002 	624.000000 	624.192993 	629.286987 
10.300000 	125.260002 	624.000000 	624.192993 	629.286987 
10.400000 	125.260002 	624.000000 	624.192993 	629.286987 
10.500000 	125.484001 	624.000000 	624.137024 	629.301025 
10.600000 	125.484001 	624.000000 	624.137024 	629.301025 
10.700000 	125.484001 	624.000000 	624.137024 	629.301025 
10.800000 	125.484001 	624.000000 	624.137024 	629.301025 
10.900000 	125.484001 	624.000000 	624.137024 	629.301025 
11.000000 	125.484001 	624.000000 	624.137024 	629.301025 
11.100000 	125.484001 	624.000000 	624.137024 	629.301025 
11.200000 	125.484001 	624.000000 	624.137024 	629.301025 
11.300000 	125.484001 	624.000000 	624.137024 	629.301025 
11.400000 	125.484001 	624.000000 	624.137024 	629.301025 
11.500000 	125.656998 	624.000000 	624.093994 	629.315979 
11.600000 	125.656998 	624.000000 	624.093994 	629.315979 
11.700000 	125.656998 	624.000000 	624.093994 	629.315979 
11.800000 	125.656998 	624.000000 	624.093994 	629.315979 
11.900000 	125.656998 	624.000000 	624.093994 	629.315979 
12.000000 	125.656998 	624.000000 	624.093994 	629.315979 
12.100000 	125.656998 	624.000000 	624.093994 	629.315979 
12.200000 	125.656998 	624.000000 	624.093994 	629.315979 
12.300000 	125.656998 	624.000000 	624.093994 	629.315979 
12.400000 	125.656998 	624.000000 	624.093994 	629.315979 
12.500000 	125.793999 	624.000000 	624.060974 	629.330994 
12.600000 	125.793999 	624.000000 	624.060974 	629.330994 
12.700000 	125.793999 	624.000000 	624.060974 	629.330994 
12.800000 	125.793999 	624.000000 	624.060974 	629.330994 
12.900000 	125.793999 	624.000000 	624.060974 	629.330994 
13.000000 	125.793999 	624.000000 	624.060974 	629.330994 
13.100000 	125.793999 	624.000000 	624.060974 	629.330994 
13.200000 	125.793999 	624.000000 	624.060974 	629.330994 
13.300000 	125.793999 	624.000000 	624.060974 	629.330994 
13.400000 	125.793999 	624.000000 	624.060974 	629.330994 
13.500000 	125.903000 	624.000000 	624.033997 	629.348022 
13.600000 	125.903000 	624.000000 	624.033997 	629.348022 
13.700000 	125.903000 	624.000000 	624.033997 	629.348022 
13.800000 	125.903000 	624.000000 	624.033997 	629.348022 
13.900000 	125.903000 	624.000000 	624.033997 	629.348022 
14.000000 	125.903000 	624.000000 	624.033997 	629.348022 
14.100000 	125.903000 	624.000000 	624.033997 	629.348022 
14.200000 	125.903000 	624.000000 	624.033997 	629.348022 
14.300000 	125.903000 	624.000000 	624.033997 	629.348022 
14.400000 	125.903000 	624.000000 	624.033997 	629.348022 
14.500000 	125.992996 	624.000000 	624.012024 	629.364990 
14.600000 	125.992996 	624.000000 	624.012024 	629.364990 
14.700000 	125.992996 	624.000000 	624.012024 	629.364990 
14.800000 	125.992996 	624.000000 	624.012024 	629.364990 
14.900000 	125.992996 	624.000000 	624.012024 	629.364990 
15.000000 	125.992996 	624.000000 	624.012024 	629.364990 
15.100000 	125.992996 	624.000000 	624.012024 	629.364990 
15.200000 	125.992996 	624.000000 	624.012024 	629.364990 
15.300000 	125.992996 	624.000000 	624.012024 	629.364990 
15.400000 	125.992996 	624.000000 	624.012024 	629.364990 
15.500000 	126.067001 	624.000000 	623.994019 	629.382019 
15.600000 	126.067001 	624.000000 	623.994019 	629.382019 
15.700000 	126.067001 	624.000000 	623.994019 	629.382019 
15.800000 	126.067001 	624.000000 	623.994019 	629.382019 
15.900000 	126.067001 	624.000000 	623.994019 	629.382019 
16.000000 	126.067001 	624.000000 	623.994019 	629.382019 
16.100000 	126.067001 	624.000000 	623.994019 	629.382019 
16.200000 	126.067001 	624.000000 	623.994019 	629.382019 
16.300000 	126.067001 	624.000000 	623.994019 	629.382019 
16.400000 	126.067001 	624.000000 	623.994019 	629.382019 
16.500000 	126.129997 	624.000000 	623.979004 	629.401001 
16.600000 	126.129997 	624.000000 	623.979004 	629.401001 
16.700000 	126.129997 	624.000000 	623.979004 	629.401001 
16.800000 	126.129997 	624.000000 	623.979004 	629.401001 
16.900000 	126.129997 	624.000000 	623.979004 	629.401001 
17.000000 	126.129997 	624.000000 	623.979004 	629.401001 
17.100000 	126.129997 	624.000000 	623.979004 	629.401001 
17.200000 	126.129997 	624.000000 	623.979004 	629.401001 
17.300000 	126.129997 	624.000000 	623.979004 	629.401001 
17.400000 	126.129997 	624.000000 	623.979004 	629.401001 
17.500000 	126.182999 	624.000000 	623.966003 	629.419006 
17.600000 	126.182999 	624.000000 	623.966003 	629.419006 
17.700000 	126.182999 	624.000000 	623.966003 	629.419006 
17.800000 	126.182999 	624.000000 	623.966003 	629.419006 
17.900000 	126.182999 	624.000000 	623.966003 	629.419006 
18.000000 	126.182999 	624.000000 	623.966003 	629.419006 
18.100000 	126.182999 	624.000000 	623.966003 	629.419006 
18.200000 	126.182999 	624.000000 	623.966003 	629.419006 
18.300000 	126.182999 	624.000000 	623.966003 	629.419006 
18.400000 	126.182999 	624.000000 	623.966003 	629.419006 
18.500000 	126.228996 	624.000000 	623.955017 	629.439026 
18.600000 	126.228996 	624.000000 	623.955017 	629.439026 
18.700000 	126.228996 	624.000000 	623.955017 	629.439026 
18.800000 	126.228996 	624.000000 	623.955017 	629.439026 
18.900000 	126.228996 	624.000000 	623.955017 	629.439026 
19.000000 	126.228996 	624.000000 	623.955017 	629.439026 
19.100000 	126.228996 	624.000000 	623.955017 	629.439026 
19.200000 	126.228996 	624.000000 	623.955017 	629.439026 
19.300000 	126.228996 	624.000000 	623.955017 	629.439026 
19.400000 	126.228996 	624.000000 	623.955017 	629.439026 
19.500000 	126.268997 	624.000000 	623.945007 	629.458984 
19.600000 	126.268997 	624.000000 	623.945007 	629.458984 
19.700000 	126.268997 	624.000000 	623.945007 	629.458984 
19.800000 	126.268997 	624.000000 	623.945007 	629.458984 
19.900000 	126.268997 	624.000000 	623.945007 	629.458984 
20.000000 	126.268997 	624.000000 	623.945007 	629.458984 
20.100000 	126.268997 	624.000000 	623.945007 	629.458984 
20.200000 	126.268997 	624.000000 	623.945007 	629.458984 
20.300000 	126.268997 	624.000000 	623.945007 	629.458984 
20.400000 	126.268997 	624.000000 	623.945007 	629.458984 
20.500000 	126.304001 	624.000000 	623.935974 	629.479004 
20.600000 	126.304001 	624.000000 	623.935974 	629.479004 
20.700000 	126.304001 	624.000000 	623.935974 	629.479004 
20.800000 	126.304001 	624.000000 	623.935974 	629.479004 
20.900000 	126.304001 	624.000000 	623.935974 	629.479004 
21.000000 	126.304001 	624.000000 	623.935974 	629.479004 
21.100000 	126.304001 	624.000000 	623.935974 	629.479004 
21.200000 	126.304001 	624.000000 	623.935974 	629.479004 
21.300000 	126.304001 	624.000000 	623.935974 	629.479004 
21.400000 	126.304001 	624.000000 	623.935974 	629.479004 
21.500000 	126.334999 	624.000000 	623.927979 	629.499023 
21.600000 	126.334999 	624.000000 	623.927979 	629.499023 
21.700000 	126.334999 	624.000000 	623.927979 	629.499023 
21.800000 	126.334999 	624.000000 	623.927979 	629.499023 
21.900000 	126.334999 	624.000000 	623.927979 	629.499023 
22.000000 	126.334999 	624.000000 	623.927979 	629.499023 
22.100000 	126.334999 	624.000000 	623.927979 	629.499023 
22.200000 	126.334999 	624.000000 	623.927979 	629.499023 
22.300000 	126.334999 	624.000000 	623.927979 	629.499023 
22.400000 	126.334999 	624.000000 	623.927979 	629.499023 
22.500000 	126.362000 	624.000000 	623.921021 	629.520020 
22.600000 	126.362000 	624.000000 	623.921021 	629.520020 
22.700000 	126.362000 	624.000000 	623.921021 	629.520020 
22.800000 	126.362000 	624.000000 	623.921021 	629.520020 
22.900000 	126.362000 	624.000000 	623.921021 	629.520020 
23.000000 	126.362000 	624.000000 	623.921021 	629.520020 
23.100000 	126.362000 	624.000000 	623.921021 	629.520020 
23.200000 	126.362000 	624.000000 	623.921021 	629.520020 
23.300000 	126.362000 	624.000000 	623.921021 	629.520020 
23.400000 	126.362000 	624.000000 	623.921021 	629.520020 
23.500000 	126.386002 	624.000000 	623.914978 	629.541992 
23.600000 	126.386002 	624.000000 	623.914978 	629.541992 
23.700000 	126.386002 	624.000000 	623.914978 	629.541992 
23.800000 	126.386002 	624.000000 	623.914978 	629.541992 
23.900000 	126.386002 	624.000000 	623.914978 	629.541992 
24.000000 	126.386002 	624.000000 	623.914978 	629.541992 
24.100000 	126.386002 	624.000000 	623.914978 	629.541992 
24.200000 	126.386002 	624.000000 	623.914978 	629.541992 
24.300000 	126.386002 	624.000000 	623.914978 	629.541992 
24.400000 	126.386002 	624.000000 	623.914978 	629.541992 
24.500000 	126.407997 	624.000000 	623.908997 	629.562988 
24.600000 	126.407997 	624.000000 	623.908997 	629.562988 
24.700000 	126.407997 	624.000000 	623.908997 	629.562988 
24.800000 	126.407997 	624.000000 	623.908997 	629.562988 
24.900000 	126.407997 	624.000000 	623.908997 	629.562988 
25.000000 	126.407997 	624.000000 	623.908997 	629.562988 
25.100000 	126.407997 	624.000000 	623.908997 	629.562988 
25.200000 	126.407997 	624.000000 	623.908997 	629.562988 
25.300000 	126.407997 	624.000000 	623.908997 	629.562988 
25.400000 	126.407997 	624.000000 	623.908997 	629.562988 
25.500000 	126.427002 	624.000000 	623.903992 	629.585022 
25.600000 	126.427002 	624.000000 	623.903992 	629.585022 
25.700000 	126.427002 	624.000000 	623.903992 	629.585022 
25.800000 	126.427002 	624.000000 	623.903992 	629.585022 
25.900000 	126.427002 	624.000000 	623.903992 	629.585022 
26.000000 	126.427002 	624.000000 	623.903992 	629.585022 
26.100000 	126.427002 	624.000000 	623.903992 	629.585022 
26.200000 	126.427002 	624.000000 	623.903992 	629.585022 
26.300000 	126.427002 	624.000000 	623.903992 	629.585022 
26.400000 	126.427002 	624.000000 	623.903992 	629.585022 
26.500000 	126.444000 	624.000000 	623.898010 	629.606995 
26.600000 	126.444000 	624.000000 	623.898010 	629.606995 
26.700000 	126.444000 	624.000000 	623.898010 	629.606995 
26.800000 	126.444000 	624.000000 	623.898010 	629.606995 
26.900000 	126.444000 	624.000000 	623.898010 	629.606995 
27.000000 	126.444000 	624.000000 	623.898010 	629.606995 
27.100000 	126.444000 	624.000000 	623.898010 	629.606995 
27.200000 	126.444000 	624.000000 	623.898010 	629.606995 
27.300000 	126.444000 	624.000000 	623.898010 	629.606995 
27.400000 	126.444000 	624.000000 	623.898010 	629.606995 
27.500000 	126.459999 	624.000000 	623.893005 	629.629028 
27.600000 	126.459999 	624.000000 	623.893005 	629.629028 
27.700000 	126.459999 	624.000000 	623.893005 	629.629028 
27.800000 	126.459999 	624.000000 	623.893005 	629.629028 
27.900000 	126.459999 	624.000000 	623.893005 	629.629028 
28.000000 	126.459999 	624.000000 	623.893005 	629.629028 
28.100000 	126.459999 	624.000000 	623.893005 	629.629028 
28.200000 	126.459999 	624.000000 	623.893005 	629.629028 
28.300000 	126.459999 	624.000000 	623.893005 	629.629028 
28.400000 	126.459999 	624.000000 	623.893005 	629.629028 
28.500000 	126.473000 	624.000000 	623.888000 	629.651978 
28.600000 	126.473000 	624.000000 	623.888000 	629.651978 
28.700000 	126.473000 	624.000000 	623.888000 	629.651978 
28.800000 	126.473000 	624.000000 	623.888000 	629.651978 
28.900000 	126.473000 	624.000000 	623.888000 	629.651978 
29.000000 	126.473000 	624.000000 	623.888000 	629.651978 
29.100000 	126.473000 	624.000000 	623.888000 	629.651978 
29.200000 	126.473000 	624.000000 	623.888000 	629.651978 
29.300000 	126.473000 	624.000000 	623.888000 	629.651978 
29.400000 	126.473000 	624.000000 	623.888000 	629.651978 
29.500000 	126.485001 	624.000000 	623.883972 	629.674011 
29.600000 	126.485001 	624.000000 	623.883972 	629.674011 
29.700000 	126.485001 	624.000000 	623.883972 	629.674011 
29.800000 	126.485001 	624.000000 	623.883972 	629.674011 
29.900000 	126.485001 	624.000000 	623.883972 	629.674011 
30.000000 	126.485001 	624.000000 	623.883972 	629.674011 
30.100000 	126.485001 	624.000000 	623.883972 	629.674011 
30.200000 	126.485001 	624.000000 	623.883972 	629.674011 
30.300000 	126.485001 	624.000000 	623.883972 	629.674011 
30.400000 	126.485001 	624.000000 	623.883972 	629.674011 
30.500000 	126.496002 	624.000000 	623.879028 	629.697021 
30.600000 	126.496002 	624.000000 	623.879028 	629.697021 
30.700000 	126.496002 	624.000000 	623.879028 	629.697021 
30.800000 	126.496002 	624.000000 	623.879028 	629.697021 
30.900000 	126.496002 	624.000000 	623.879028 	629.697021 
31.000000 	126.496002 	624.000000 	623.879028 	629.697021 
31.100000 	126.496002 	624.000000 	623.879028 	629.697021 
31.200000 	126.496002 	624.000000 	623.879028 	629.697021 
31.300000 	126.496002 	624.000000 	623.879028 	629.697021 
31.400000 	126.496002 	624.000000 	623.879028 	629.697021 
31.500000 	126.504997 	624.000000 	623.874023 	629.718994 
31.600000 	126.504997 	624.000000 	623.874023 	629.718994 
31.700000 	126.504997 	624.000000 	623.874023 	629.718994 
31.800000 	126.504997 	624.000000 	623.874023 	629.718994 
31.900000 	126.504997 	624.000000 	623.874023 	629.718994 
32.000000 	126.504997 	624.000000 	623.874023 	629.718994 
32.100000 	126.504997 	624.000000 	623.874023 	629.718994 
32.200000 	126.504997 	624.000000 	623.874023 	629.718994 
32.300000 	126.504997 	624.000000 	623.874023 	629.718994 
32.400000 	126.504997 	624.000000 	623.874023 	629.718994 
32.500000 	126.512001 	624.000000 	623.869995 	629.742004 
32.600000 	126.512001 	624.000000 	623.869995 	629.742004 
32.700000 	126.512001 	624.000000 	623.869995 	629.742004 
32.800000 	126.512001 	624.000000 	623.869995 	629.742004 
32.900000 	126.512001 	624.000000 	623.869995 	629.742004 
33.000000 	126.512001 	624.000000 	623.869995 	629.742004 
33.100000 	126.512001 	624.000000 	623.869995 	629.742004 
33.200000 	126.512001 	624.000000 	623.869995 	629.742004 
33.300000 	126.512001 	624.000000 	623.869995 	629.742004 
33.400000 	126.512001 	624.000000 	623.869995 	629.742004 
33.500000 	126.518997 	624.000000 	623.864990 	629.765015 
33.600000 	126.518997 	624.000000 	623.864990 	629.765015 
33.700000 	126.518997 	624.000000 	623.864990 	629.765015 
33.800000 	126.518997 	624.000000 	623.864990 	629.765015 
33.900000 	126.518997 	624.000000 	623.864990 	629.765015 
34.000000 	126.518997 	624.000000 	623.864990 	629.765015 
34.100000 	126.518997 	624.000000 	623.864990 	629.765015 
34.200000 	126.518997 	624.000000 	623.864990 	629.765015 
34.300000 	126.518997 	624.000000 	623.864990 	629.765015 
34.400000 	126.518997 	624.000000 	623.864990 	629.765015 
34.500000 	126.523003 	624.000000 	623.861023 	629.786987 
34.600000 	126.523003 	624.000000 	623.861023 	629.786987 
34.700000 	126.523003 	624.000000 	623.861023 	629.786987 
34.800000 	126.523003 	624.000000 	623.861023 	629.786987 
34.900000 	126.523003 	624.000000 	623.861023 	629.786987 
35.000000 	126.523003 	624.000000 	623.861023 	629.786987 
35.100000 	126.523003 	624.000000 	623.861023 	629.786987 
35.200000 	126.523003 	624.000000 	623.861023 	629.786987 
35.300000 	126.523003 	624.000000 	623.861023 	629.786987 
35.400000 	126.523003 	624.000000 	623.861023 	629.786987 
35.500000 	126.526001 	624.000000 	623.856018 	629.809998 
35.600000 	126.526001 	624.000000 	623.856018 	629.809998 
35.700000 	126.526001 	624.000000 	623.856018 	629.809998 
35.800000 	126.526001 	624.000000 	623.856018 	629.809998 
35.900000 	126.526001 	624.000000 	623.856018 	629.809998 
36.000000 	126.526001 	624.000000 	623.856018 	629.809998 
36.100000 	126.526001 	624.000000 	623.856018 	629.809998 
36.200000 	126.526001 	624.000000 	623.856018 	629.809998 
36.300000 	126.526001 	624.000000 	623.856018 	629.809998 
36.400000 	126.526001 	624.000000 	623.856018 	629.809998 
36.500000 	126.528000 	624.000000 	623.851013 	629.831970 
36.600000 	126.528000 	624.000000 	623.851013 	629.831970 
36.700000 	126.528000 	624.000000 	623.851013 	629.831970 
36.800000 	126.528000 	624.000000 	623.851013 	629.831970 
36.900000 	126.528000 	624.000000 	623.851013 	629.831970 
37.000000 	126.528000 	624.000000 	623.851013 	629.831970 
37.100000 	126.528000 	624.000000 	623.851013 	629.831970 
37.200000 	126.528000 	624.000000 	623.851013 	629.831970 
37.300000 	126.528000 	624.000000 	623.851013 	629.831970 
37.400000 	126.528000 	624.000000 	623.851013 	629.831970 
37.500000 	126.528000 	624.000000 	623.846008 	629.854980 
37.600000 	126.528000 	624.000000 	623.846008 	629.854980 
37.700000 	126.528000 	624.000000 	623.846008 	629.854980 
37.800000 	126.528000 	624.000000 	623.846008 	629.854980 
37.900000 	126.528000 	624.000000 	623.846008 	629.854980 
38.000000 	126.528000 	624.000000 	623.846008 	629.854980 
38.100000 	126.528000 	624.000000 	623.846008 	629.854980 
38.200000 	126.528000 	624.000000 	623.846008 	629.854980 
38.300000 	126.528000 	624.000000 	623.846008 	629.854980 
38.400000 	126.528000 	624.000000 	623.846008 	629.854980 
38.500000 	126.527000 	624.000000 	623.841003 	629.877014 
38.600000 	126.527000 	624.000000 	623.841003 	629.877014 
38.700000 	126.527000 	624.000000 	623.841003 	629.877014 
38.800000 	126.527000 	624.000000 	623.841003 	629.877014 
38.900000 	126.527000 	624.000000 	623.841003 	629.877014 
39.000000 	126.527000 	624.000000 	623.841003 	629.877014 
39.100000 	126.527000 	624.000000 	623.841003 	629.877014 
39.200000 	126.527000 	624.000000 	623.841003 	629.877014 
39.300000 	126.527000 	624.000000 	623.841003 	629.877014 
39.400000 	126.527000 	624.000000 	623.841003 	629.877014 
39.500000 	126.523003 	624.000000 	623.835999 	629.898987 
39.600000 	126.523003 	624.000000 	623.835999 	629.898987 
39.700000 	126.523003 	624.000000 	623.835999 	629.898987 
39.800000 	126.523003 	624.000000 	623.835999 	629.898987 
39.900000 	126.523003 	624.000000 	623.835999 	629.898987 
40.000000 	126.523003 	624.000000 	623.835999 	629.898987 
40.100000 	126.523003 	624.000000 	623.835999 	629.898987 
40.200000 	126.523003 	624.000000 	623.835999 	629.898987 
40.300000 	126.523003 	624.000000 	623.835999 	629.898987 
40.400000 	126.523003 	624.000000 	623.835999 	629.898987 
40.500000 	126.517998 	624.000000 	623.830994 	629.921021 
40.600000 	126.517998 	624.000000 	623.830994 	629.921021 
40.700000 	126.517998 	624.000000 	623.830994 	629.921021 
40.800000 	126.517998 	624.000000 	623.830994 	629.921021 
40.900000 	126.517998 	624.000000 	623.830994 	629.921021 
41.000000 	126.517998 	624.000000 	623.830994 	629.921021 
41.100000 	126.517998 	624.000000 	623.830994 	629.921021 
41.200000 	126.517998 	624.000000 	623.830994 	629.921021 
41.300000 	126.517998 	624.000000 	623.830994 	629.921021 
41.400000 	126.517998 	624.000000 	623.830994 	629.921021 
41.500000 	126.510002 	624.000000 	623.825989 	629.942993 
41.600000 	126.510002 	624.000000 	623.825989 	629.942993 
41.700000 	126.510002 	624.000000 	623.825989 	629.942993 
41.800000 	126.510002 	624.000000 	623.825989 	629.942993 
41.900000 	126.510002 	624.000000 	623.825989 	629.942993 
42.000000 	126.510002 	624.000000 	623.825989 	629.942993 
42.100000 	126.510002 	624.000000 	623.825989 	629.942993 
42.200000 	126.510002 	624.000000 	623.825989 	629.942993 
42.300000 	126.510002 	624.000000 	623.825989 	629.942993 
42.400000 	126.510002 	624.000000 	623.825989 	629.942993 
42.500000 	126.500999 	624.000000 	623.820007 	629.963989 
42.600000 	126.500999 	624.000000 	623.820007 	629.963989 
42.700000 	126.500999 	624.000000 	623.820007 	629.963989 
42.800000 	126.500999 	624.000000 	623.820007 	629.963989 
42.900000 	126.500999 	624.000000 	623.820007 	629.963989 
43.000000 	126.500999 	624.000000 	623.820007 	629.963989 
43.100000 	126.500999 	624.000000 	623.820007 	629.963989 
43.200000 	126.500999 	624.000000 	623.820007 	629.963989 
43.300000 	126.500999 	624.000000 	623.820007 	629.963989 
43.400000 	126.500999 	624.000000 	623.820007 	629.963989 
43.500000 	126.488998 	624.000000 	623.814026 	629.984985 
43.600000 	126.488998 	624.000000 	623.814026 	629.984985 
43.700000 	126.488998 	624.000000 	623.814026 	629.984985 
43.800000 	126.488998 	624.000000 	623.814026 	629.984985 
43.900000 	126.488998 	624.000000 	623.814026 	629.984985 
44.000000 	126.488998 	624.000000 	623.814026 	629.984985 
44.100000 	126.488998 	624.000000 	623.814026 	629.984985 
44.200000 	126.488998 	624.000000 	623.814026 	629.984985 
44.300000 	126.488998 	624.000000 	623.814026 	629.984985 
44.400000 	126.488998 	624.000000 	623.814026 	629.984985 
44.500000 	126.473999 	624.000000 	623.807983 	630.005981 
44.600000 	126.473999 	624.000000 	623.807983 	630.005981 
44.700000 	126.473999 	624.000000 	623.807983 	630.005981 
44.800000 	126.473999 	624.000000 	623.807983 	630.005981 
44.900000 	126.473999 	624.000000 	623.807983 	630.005981 
45.000000 	126.473999 	624.000000 	623.807983 	630.005981 
45.100000 	126.473999 	624.000000 	623.807983 	630.005981 
45.200000 	126.473999 	624.000000 	623.807983 	630.005981 
45.300000 	126.473999 	624.000000 	623.807983 	630.005981 
45.400000 	126.473999 	624.000000 	623.807983 	630.005981 
45.500000 	126.457001 	624.000000 	623.802002 	630.026978 
45.600000 	126.457001 	624.000000 	623.802002 	630.026978 
45.700000 	126.457001 	624.000000 	623.802002 	630.026978 
45.800000 	126.457001 	624.000000 	623.802002 	630.026978 
45.900000 	126.457001 	624.000000 	623.802002 	630.026978 
46.000000 	126.457001 	624.000000 	623.802002 	630.026978 
46.100000 	126.457001 	624.000000 	623.802002 	630.026978 
46.200000 	126.457001 	624.000000 	623.802002 	630.026978 
46.300000 	126.457001 	624.000000 	623.802002 	630.026978 
46.400000 	126.457001 	624.000000 	623.802002 	630.026978 
46.500000 	126.435997 	624.000000 	623.796021 	630.046997 
46.600000 	126.435997 	624.000000 	623.796021 	630.046997 
46.700000 	126.435997 	624.000000 	623.796021 	630.046997 
46.800000 	126.435997 	624.000000 	623.796021 	630.046997 
46.900000 	126.435997 	624.000000 	623.796021 	630.046997 
47.000000 	126.435997 	624.000000 	623.796021 	630.046997 
47.100000 	126.435997 	624.000000 	623.796021 	630.046997 
47.200000 	126.435997 	624.000000 	623.796021 	630.046997 
47.300000 	126.435997 	624.000000 	623.796021 	630.046997 
47.400000 	126.435997 	624.000000 	623.796021 	630.046997 
47.500000 	126.412003 	624.000000 	623.789001 	630.067017 
47.600000 	126.412003 	624.000000 	623.789001 	630.067017 
47.700000 	126.412003 	624.000000 	623.789001 	630.067017 
47.800000 	126.412003 	624.000000 	623.789001 	630.067017 
47.900000 	126.412003 	624.000000 	623.789001 	630.067017 
48.000000 	126.412003 	624.000000 	623.789001 	630.067017 
48.100000 	126.412003 	624.000000 	623.789001 	630.067017 
48.200000 	126.412003 	624.000000 	623.789001 	630.067017 
48.300000 	126.412003 	624.000000 	623.789001 	630.067017 
48.400000 	126.412003 	624.000000 	623.789001 	630.067017 
48.500000 	126.384003 	624.000000 	623.781982 	630.085999 
48.600000 	126.384003 	624.000000 	623.781982 	630.085999 
48.700000 	126.384003 	624.000000 	623.781982 	630.085999 
48.800000 	126.384003 	624.000000 	623.781982 	630.085999 
48.900000 	126.384003 	624.000000 	623.781982 	630.085999 
49.000000 	126.384003 	624.000000 	623.781982 	630.085999 
49.100000 	126.384003 	624.000000 	623.781982 	630.085999 
49.200000 	126.384003 	624.000000 	623.781982 	630.085999 
49.300000 	126.384003 	624.000000 	623.781982 	630.085999 
49.400000 	126.384003 	624.000000 	623.781982 	630.085999 
49.500000 	126.350998 	624.000000 	623.775024 	630.104980 
49.600000 	126.350998 	624.000000 	623.775024 	630.104980 
49.700000 	126.350998 	624.000000 	623.775024 	630.104980 
49.800000 	126.350998 	624.000000 	623.775024 	630.104980 
49.900000 	126.350998 	624.000000 	623.775024 	630.104980 
50.000000 	126.350998 	624.000000 	623.775024 	630.104980 
50.100000 	126.350998 	624.000000 	623.775024 	630.104980 
50.200000 	126.350998 	624.000000 	623.775024 	630.104980 
50.300000 	126.350998 	624.000000 	623.775024 	630.104980 
50.400000 	126.350998 	624.000000 	623.775024 	630.104980 
50.500000 	126.314003 	624.000000 	623.767029 	630.124023 
50.600000 	126.314003 	624.000000 	623.767029 	630.124023 
50.700000 	126.314003 	624.000000 	623.767029 	630.124023 
50.800000 	126.314003 	624.000000 	623.767029 	630.124023 
50.900000 	126.314003 	624.000000 	623.767029 	630.124023 
51.000000 	126.314003 	624.000000 	623.767029 	630.124023 
51.100000 	126.314003 	624.000000 	623.767029 	630.124023 
51.200000 	126.314003 	624.000000 	623.767029 	630.124023 
51.300000 	126.314003 	624.000000 	623.767029 	630.124023 
51.400000 	126.314003 	624.000000 	623.767029 	630.124023 
51.500000 	126.269997 	624.000000 	623.758972 	630.142029 
51.600000 	126.269997 	624.000000 	623.758972 	630.142029 
51.700000 	126.269997 	624.000000 	623.758972 	630.142029 
51.800000 	126.269997 	624.000000 	623.758972 	630.142029 
51.900000 	126.269997 	624.000000 	623.758972 	630.142029 
52.000000 	126.269997 	624.000000 	623.758972 	630.142029 
52.100000 	126.269997 	624.000000 	623.758972 	630.142029 
52.200000 	126.269997 	624.000000 	623.758972 	630.142029 
52.300000 	126.269997 	624.000000 	623.758972 	630.142029 
52.400000 	126.269997 	624.000000 	623.758972 	630.142029 
52.500000 	126.220001 	624.000000 	623.750977 	630.159973 
52.600000 	126.220001 	624.000000 	623.750977 	630.159973 
52.700000 	126.220001 	624.000000 	623.750977 	630.159973 
52.800000 	126.220001 	624.000000 	623.750977 	630.159973 
52.900000 	126.220001 	624.000000 	623.750977 	630.159973 
53.000000 	126.220001 	624.000000 	623.750977 	630.159973 
53.100000 	126.220001 	624.000000 	623.750977 	630.159973 
53.200000 	126.220001 	624.000000 	623.750977 	630.159973 
53.300000 	126.220001 	624.000000 	623.750977 	630.159973 
53.400000 	126.220001 	624.000000 	623.750977 	630.159973 
53.500000 	126.163002 	624.000000 	623.742981 	630.177002 
53.600000 	126.163002 	624.000000 	623.742981 	630.177002 
53.700000 	126.163002 	624.000000 	623.742981 	630.177002 
53.800000 	126.163002 	624.000000 	623.742981 	630.177002 
53.900000 	126.163002 	624.000000 	623.742981 	630.177002 
54.000000 	126.163002 	624.000000 	623.742981 	630.177002 
54.100000 	126.163002 	624.000000 	623.742981 	630.177002 
54.200000 	126.163002 	624.000000 	623.742981 	630.177002 
54.300000 	126.163002 	624.000000 	623.742981 	630.177002 
54.400000 	126.163002 	624.000000 	623.742981 	630.177002 
54.500000 	126.097000 	624.000000 	623.734009 	630.193970 
54.600000 	126.097000 	624.000000 	623.734009 	630.193970 
54.700000 	126.097000 	624.000000 	623.734009 	630.193970 
54.800000 	126.097000 	624.000000 	623.734009 	630.193970 
54.900000 	126.097000 	624.000000 	623.734009 	630.193970 
55.000000 	126.097000 	624.000000 	623.734009 	630.193970 
55.100000 	126.097000 	624.000000 	623.734009 	630.193970 
55.200000 	126.097000 	624.000000 	623.734009 	630.193970 
55.300000 	126.097000 	624.000000 	623.734009 	630.193970 
55.400000 	126.097000 	624.000000 	623.734009 	630.193970 
55.500000 	126.019997 	624.000000 	623.724976 	630.210022 
55.600000 	126.019997 	624.000000 	623.724976 	630.210022 
55.700000 	126.019997 	624.000000 	623.724976 	630.210022 
55.800000 	126.019997 	624.000000 	623.724976 	630.210022 
55.900000 	126.019997 	624.000000 	623.724976 	630.210022 
56.000000 	126.019997 	624.000000 	623.724976 	630.210022 
56.100000 	126.019997 	624.000000 	623.724976 	630.210022 
56.200000 	126.019997 	624.000000 	623.724976 	630.210022 
56.300000 	126.019997 	624.000000 	623.724976 	630.210022 
56.400000 	126.019997 	624.000000 	623.724976 	630.210022 
56.500000 	125.931000 	624.000000 	623.715027 	630.226013 
56.600000 	125.931000 	624.000000 	623.715027 	630.226013 
56.700000 	125.931000 	624.000000 	623.715027 	630.226013 
56.800000 	125.931000 	624.000000 	623.715027 	630.226013 
56.900000 	125.931000 	624.000000 	623.715027 	630.226013 
57.000000 	125.931000 	624.000000 	623.715027 	630.226013 
57.100000 	125.931000 	624.000000 	623.715027 	630.226013 
57.200000 	125.931000 	624.000000 	623.715027 	630.226013 
57.300000 	125.931000 	624.000000 	623.715027 	630.226013 
57.400000 	125.931000 	624.000000 	623.715027 	630.226013 
57.500000 	125.827003 	624.000000 	623.705017 	630.241028 
57.600000 	125.827003 	624.000000 	623.705017 	630.241028 
57.700000 	125.827003 	624.000000 	623.705017 	630.241028 
57.800000 	125.827003 	624.000000 	623.705017 	630.241028 
57.900000 	125.827003 	624.000000 	623.705017 	630.241028 
58.000000 	125.827003 	624.000000 	623.705017 	630.241028 
58.100000 	125.827003 	624.000000 	623.705017 	630.241028 
58.200000 	125.827003 	624.000000 	623.705017 	630.241028 
58.300000 	125.827003 	624.000000 	623.705017 	630.241028 
58.400000 	125.827003 	624.000000 	623.705017 	630.241028 
58.500000 	125.703003 	624.000000 	623.695007 	630.255981 
58.600000 	125.703003 	624.000000 	623.695007 	630.255981 
58.700000 	125.703003 	624.000000 	623.695007 	630.255981 
58.800000 	125.703003 	624.000000 	623.695007 	630.255981 
58.900000 	125.703003 	624.000000 	623.695007 	630.255981 
59.000000 	125.703003 	624.000000 	623.695007 	630.255981 
59.100000 	125.703003 	624.000000 	623.695007 	630.255981 
59.200000 	125.703003 	624.000000 	623.695007 	630.255981 
59.300000 	125.703003 	624.000000 	623.695007 	630.255981 
59.400000 	125.703003 	624.000000 	623.695007 	630.255981 
59.500000 	125.556000 	624.000000 	623.684021 	630.270020 
59.600000 	125.556000 	624.000000 	623.684021 	630.270020 
59.700000 	125.556000 	624.000000 	623.684021 	630.270020 
59.800000 	125.556000 	624.000000 	623.684021 	630.270020 
59.900000 	125.556000 	624.000000 	623.684021 	630.270020 
60.000000 	125.556000 	624.000000 	623.684021 	630.270020 
