0.500000 	76.382103 	120.000000 	190.613998 
0.600000 	76.382103 	120.000000 	190.613998 
0.700000 	76.382103 	120.000000 	190.613998 
0.800000 	76.382103 	120.000000 	190.613998 
0.900000 	76.382103 	120.000000 	190.613998 
1.000000 	76.382103 	120.000000 	190.613998 
1.100000 	76.382103 	120.000000 	190.613998 
1.200000 	76.382103 	120.000000 	190.613998 
1.300000 	76.382103 	120.000000 	190.613998 
1.400000 	76.382103 	120.000000 	190.613998 
1.500000 	80.977203 	120.000000 	162.770996 
1.600000 	80.977203 	120.000000 	162.770996 
1.700000 	80.977203 	120.000000 	162.770996 
1.800000 	80.977203 	120.000000 	162.770996 
1.900000 	80.977203 	120.000000 	162.770996 
2.000000 	80.977203 	120.000000 	162.770996 
2.100000 	80.977203 	120.000000 	162.770996 
2.200000 	80.977203 	120.000000 	162.770996 
2.300000 	80.977203 	120.000000 	162.770996 
2.400000 	80.977203 	120.000000 	162.770996 
2.500000 	91.617897 	120.000000 	152.011002 
2.600000 	91.617897 	120.000000 	152.011002 
2.700000 	91.617897 	120.000000 	152.011002 
2.800000 	91.617897 	120.000000 	152.011002 
2.900000 	91.617897 	120.000000 	152.011002 
3.000000 	91.617897 	120.000000 	152.011002 
3.100000 	91.617897 	120.000000 	152.011002 
3.200000 	91.617897 	120.000000 	152.011002 
3.300000 	91.617897 	120.000000 	152.011002 
3.400000 	91.617897 	120.000000 	152.011002 
3.500000 	98.473900 	120.000000 	145.839996 
3.600000 	98.473900 	120.000000 	145.839996 
3.700000 	98.473900 	120.000000 	145.839996 
3.800000 	98.473900 	120.000000 	145.839996 
3.900000 	98.473900 	120.000000 	145.839996 
4.000000 	98.473900 	120.000000 	145.839996 
4.100000 	98.473900 	120.000000 	145.839996 
4.200000 	98.473900 	120.000000 	145.839996 
4.300000 	98.473900 	120.000000 	145.839996 
4.400000 	98.473900 	120.000000 	145.839996 
4.500000 	102.912003 	120.000000 	141.921997 
4.600000 	102.912003 	120.000000 	141.921997 
4.700000 	102.912003 	120.000000 	141.921997 
4.800000 	102.912003 	120.000000 	141.921997 
4.900000 	102.912003 	120.000000 	141.921997 
5.000000 	102.912003 	120.000000 	141.921997 
5.100000 	102.912003 	120.000000 	141.921997 
5.200000 	102.912003 	120.000000 	141.921997 
5.300000 	102.912003 	120.000000 	141.921997 
5.400000 	102.912003 	120.000000 	141.921997 
5.500000 	105.956001 	120.000000 	139.205002 
5.600000 	105.956001 	120.000000 	139.205002 
5.700000 	105.956001 	120.000000 	139.205002 
5.800000 	105.956001 	120.000000 	139.205002 
5.900000 	105.956001 	120.000000 	139.205002 
6.000000 	105.956001 	120.000000 	139.205002 
6.100000 	105.956001 	120.000000 	139.205002 
6.200000 	105.956001 	120.000000 	139.205002 
6.300000 	105.956001 	120.000000 	139.205002 
6.400000 	105.956001 	120.000000 	139.205002 
6.500000 	108.152000 	120.000000 	137.227005 
6.600000 	108.152000 	120.000000 	137.227005 
6.700000 	108.152000 	120.000000 	137.227005 
6.800000 	108.152000 	120.000000 	137.227005 
6.900000 	108.152000 	120.000000 	137.227005 
7.000000 	108.152000 	120.000000 	137.227005 
7.100000 	108.152000 	120.000000 	137.227005 
7.200000 	108.152000 	120.000000 	137.227005 
7.300000 	108.152000 	120.000000 	137.227005 
7.400000 	108.152000 	120.000000 	137.227005 
7.500000 	109.801003 	120.000000 	135.729004 
7.600000 	109.801003 	120.000000 	135.729004 
7.700000 	109.801003 	120.000000 	135.729004 
7.800000 	109.801003 	120.000000 	135.729004 
7.900000 	109.801003 	120.000000 	135.729004 
8.000000 	109.801003 	120.000000 	135.729004 
8.100000 	109.801003 	120.000000 	135.729004 
8.200000 	109.801003 	120.000000 	135.729004 
8.300000 	109.801003 	120.000000 	135.729004 
8.400000 	109.801003 	120.000000 	135.729004 
8.500000 	111.081001 	120.000000 	134.561005 
8.600000 	111.081001 	120.000000 	134.561005 
8.700000 	111.081001 	120.000000 	134.561005 
8.800000 	111.081001 	120.000000 	134.561005 
8.900000 	111.081001 	120.000000 	134.561005 
9.000000 	111.081001 	120.000000 	134.561005 
9.100000 	111.081001 	120.000000 	134.561005 
9.200000 	111.081001 	120.000000 	134.561005 
9.300000 	111.081001 	120.000000 	134.561005 
9.400000 	111.081001 	120.000000 	134.561005 
9.500000 	112.098999 	120.000000 	133.626999 
9.600000 	112.098999 	120.000000 	133.626999 
9.700000 	112.098999 	120.000000 	133.626999 
9.800000 	112.098999 	120.000000 	133.626999 
9.900000 	112.098999 	120.000000 	133.626999 
10.000000 	112.098999 	120.000000 	133.626999 
10.100000 	112.098999 	120.000000 	133.626999 
10.200000 	112.098999 	120.000000 	133.626999 
10.300000 	112.098999 	120.000000 	133.626999 
10.400000 	112.098999 	120.000000 	133.626999 
10.500000 	112.926003 	120.000000 	132.865997 
10.600000 	112.926003 	120.000000 	132.865997 
10.700000 	112.926003 	120.000000 	132.865997 
10.800000 	112.926003 	120.000000 	132.865997 
10.900000 	112.926003 	120.000000 	132.865997 
11.000000 	112.926003 	120.000000 	132.865997 
11.100000 	112.926003 	120.000000 	132.865997 
11.200000 	112.926003 	120.000000 	132.865997 
11.300000 	112.926003 	120.000000 	132.865997 
11.400000 	112.926003 	120.000000 	132.865997 
11.500000 	113.609001 	120.000000 	132.235001 
11.600000 	113.609001 	120.000000 	132.235001 
11.700000 	113.609001 	120.000000 	132.235001 
11.800000 	113.609001 	120.000000 	132.235001 
11.900000 	113.609001 	120.000000 	132.235001 
12.000000 	113.609001 	120.000000 	132.235001 
12.100000 	113.609001 	120.000000 	132.235001 
12.200000 	113.609001 	120.000000 	132.235001 
12.300000 	113.609001 	120.000000 	132.235001 
12.400000 	113.609001 	120.000000 	132.235001 
12.500000 	114.181999 	120.000000 	131.705994 
12.600000 	114.181999 	120.000000 	131.705994 
12.700000 	114.181999 	120.000000 	131.705994 
12.800000 	114.181999 	120.000000 	131.705994 
12.900000 	114.181999 	120.000000 	131.705994 
13.000000 	114.181999 	120.000000 	131.705994 
13.100000 	114.181999 	120.000000 	131.705994 
13.200000 	114.181999 	120.000000 	131.705994 
13.300000 	114.181999 	120.000000 	131.705994 
13.400000 	114.181999 	120.000000 	131.705994 
13.500000 	114.667999 	120.000000 	131.257004 
13.600000 	114.667999 	120.000000 	131.257004 
13.700000 	114.667999 	120.000000 	131.257004 
13.800000 	114.667999 	120.000000 	131.257004 
13.900000 	114.667999 	120.000000 	131.257004 
14.000000 	114.667999 	120.000000 	131.257004 
14.100000 	114.667999 	120.000000 	131.257004 
14.200000 	114.667999 	120.000000 	131.257004 
14.300000 	114.667999 	120.000000 	131.257004 
14.400000 	114.667999 	120.000000 	131.257004 
14.500000 	115.084999 	120.000000 	130.871994 
14.600000 	115.084999 	120.000000 	130.871994 
14.700000 	115.084999 	120.000000 	130.871994 
14.800000 	115.084999 	120.000000 	130.871994 
14.900000 	115.084999 	120.000000 	130.871994 
15.000000 	115.084999 	120.000000 	130.871994 
15.100000 	115.084999 	120.000000 	130.871994 
15.200000 	115.084999 	120.000000 	130.871994 
15.300000 	115.084999 	120.000000 	130.871994 
15.400000 	115.084999 	120.000000 	130.871994 
15.500000 	115.445999 	120.000000 	130.539001 
15.600000 	115.445999 	120.000000 	130.539001 
15.700000 	115.445999 	120.000000 	130.539001 
15.800000 	115.445999 	120.000000 	130.539001 
15.900000 	115.445999 	120.000000 	130.539001 
16.000000 	115.445999 	120.000000 	130.539001 
16.100000 	115.445999 	120.000000 	130.539001 
16.200000 	115.445999 	120.000000 	130.539001 
16.300000 	115.445999 	120.000000 	130.539001 
16.400000 	115.445999 	120.000000 	130.539001 
16.500000 	115.760002 	120.000000 	130.248993 
16.600000 	115.760002 	120.000000 	130.248993 
16.700000 	115.760002 	120.000000 	130.248993 
16.800000 	115.760002 	120.000000 	130.248993 
16.900000 	115.760002 	120.000000 	130.248993 
17.000000 	115.760002 	120.000000 	130.248993 
17.100000 	115.760002 	120.000000 	130.248993 
17.200000 	115.760002 	120.000000 	130.248993 
17.300000 	115.760002 	120.000000 	130.248993 
17.400000 	115.760002 	120.000000 	130.248993 
17.500000 	116.037003 	120.000000 	129.994995 
17.600000 	116.037003 	120.000000 	129.994995 
17.700000 	116.037003 	120.000000 	129.994995 
17.800000 	116.037003 	120.000000 	129.994995 
17.900000 	116.037003 	120.000000 	129.994995 
18.000000 	116.037003 	120.000000 	129.994995 
18.100000 	116.037003 	120.000000 	129.994995 
18.200000 	116.037003 	120.000000 	129.994995 
18.300000 	116.037003 	120.000000 	129.994995 
18.400000 	116.037003 	120.000000 	129.994995 
18.500000 	116.281998 	120.000000 	129.770004 
18.600000 	116.281998 	120.000000 	129.770004 
18.700000 	116.281998 	120.000000 	129.770004 
18.800000 	116.281998 	120.000000 	129.770004 
18.900000 	116.281998 	120.000000 	129.770004 
19.000000 	116.281998 	120.000000 	129.770004 
19.100000 	116.281998 	120.000000 	129.770004 
19.200000 	116.281998 	120.000000 	129.770004 
19.300000 	116.281998 	120.000000 	129.770004 
19.400000 	116.281998 	120.000000 	129.770004 
19.500000 	116.499001 	120.000000 	129.570999 
19.600000 	116.499001 	120.000000 	129.570999 
19.700000 	116.499001 	120.000000 	129.570999 
19.800000 	116.499001 	120.000000 	129.570999 
19.900000 	116.499001 	120.000000 	129.570999 
20.000000 	116.499001 	120.000000 	129.570999 
20.100000 	116.499001 	120.000000 	129.570999 
20.200000 	116.499001 	120.000000 	129.570999 
20.300000 	116.499001 	120.000000 	129.570999 
20.400000 	116.499001 	120.000000 	129.570999 
20.500000 	116.694000 	120.000000 	129.393997 
20.600000 	116.694000 	120.000000 	129.393997 
20.700000 	116.694000 	120.000000 	129.393997 
20.800000 	116.694000 	120.000000 	129.393997 
20.900000 	116.694000 	120.000000 	129.393997 
21.000000 	116.694000 	120.000000 	129.393997 
21.100000 	116.694000 	120.000000 	129.393997 
21.200000 	116.694000 	120.000000 	129.393997 
21.300000 	116.694000 	120.000000 	129.393997 
21.400000 	116.694000 	120.000000 	129.393997 
21.500000 	116.867996 	120.000000 	129.235001 
21.600000 	116.867996 	120.000000 	129.235001 
21.700000 	116.867996 	120.000000 	129.235001 
21.800000 	116.867996 	120.000000 	129.235001 
21.900000 	116.867996 	120.000000 	129.235001 
22.000000 	116.867996 	120.000000 	129.235001 
22.100000 	116.867996 	120.000000 	129.235001 
22.200000 	116.867996 	120.000000 	129.235001 
22.300000 	116.867996 	120.000000 	129.235001 
22.400000 	116.867996 	120.000000 	129.235001 
22.500000 	117.026001 	120.000000 	129.093002 
22.600000 	117.026001 	120.000000 	129.093002 
22.700000 	117.026001 	120.000000 	129.093002 
22.800000 	117.026001 	120.000000 	129.093002 
22.900000 	117.026001 	120.000000 	129.093002 
23.000000 	117.026001 	120.000000 	129.093002 
23.100000 	117.026001 	120.000000 	129.093002 
23.200000 	117.026001 	120.000000 	129.093002 
23.300000 	117.026001 	120.000000 	129.093002 
23.400000 	117.026001 	120.000000 	129.093002 
23.500000 	117.167999 	120.000000 	128.964005 
23.600000 	117.167999 	120.000000 	128.964005 
23.700000 	117.167999 	120.000000 	128.964005 
23.800000 	117.167999 	120.000000 	128.964005 
23.900000 	117.167999 	120.000000 	128.964005 
24.000000 	117.167999 	120.000000 	128.964005 
24.100000 	117.167999 	120.000000 	128.964005 
24.200000 	117.167999 	120.000000 	128.964005 
24.300000 	117.167999 	120.000000 	128.964005 
24.400000 	117.167999 	120.000000 	128.964005 
24.500000 	117.297997 	120.000000 	128.848007 
24.600000 	117.297997 	120.000000 	128.848007 
24.700000 	117.297997 	120.000000 	128.848007 
24.800000 	117.297997 	120.000000 	128.848007 
24.900000 	117.297997 	120.000000 	128.848007 
25.000000 	117.297997 	120.000000 	128.848007 
25.100000 	117.297997 	120.000000 	128.848007 
25.200000 	117.297997 	120.000000 	128.848007 
25.300000 	117.297997 	120.000000 	128.848007 
25.400000 	117.297997 	120.000000 	128.848007 
25.500000 	117.416000 	120.000000 	128.742004 
25.600000 	117.416000 	120.000000 	128.742004 
25.700000 	117.416000 	120.000000 	128.742004 
25.800000 	117.416000 	120.000000 	128.742004 
25.900000 	117.416000 	120.000000 	128.742004 
26.000000 	117.416000 	120.000000 	128.742004 
26.100000 	117.416000 	120.000000 	128.742004 
26.200000 	117.416000 	120.000000 	128.742004 
26.300000 	117.416000 	120.000000 	128.742004 
26.400000 	117.416000 	120.000000 	128.742004 
26.500000 	117.524002 	120.000000 	128.645004 
26.600000 	117.524002 	120.000000 	128.645004 
26.700000 	117.524002 	120.000000 	128.645004 
26.800000 	117.524002 	120.000000 	128.645004 
26.900000 	117.524002 	120.000000 	128.645004 
27.000000 	117.524002 	120.000000 	128.645004 
27.100000 	117.524002 	120.000000 	128.645004 
27.200000 	117.524002 	120.000000 	128.645004 
27.300000 	117.524002 	120.000000 	128.645004 
27.400000 	117.524002 	120.000000 	128.645004 
27.500000 	117.623001 	120.000000 	128.556000 
27.600000 	117.623001 	120.000000 	128.556000 
27.700000 	117.623001 	120.000000 	128.556000 
27.800000 	117.623001 	120.000000 	128.556000 
27.900000 	117.623001 	120.000000 	128.556000 
28.000000 	117.623001 	120.000000 	128.556000 
28.100000 	117.623001 	120.000000 	128.556000 
28.200000 	117.623001 	120.000000 	128.556000 
28.300000 	117.623001 	120.000000 	128.556000 
28.400000 	117.623001 	120.000000 	128.556000 
28.500000 	117.713997 	120.000000 	128.475006 
28.600000 	117.713997 	120.000000 	128.475006 
28.700000 	117.713997 	120.000000 	128.475006 
28.800000 	117.713997 	120.000000 	128.475006 
28.900000 	117.713997 	120.000000 	128.475006 
29.000000 	117.713997 	120.000000 	128.475006 
29.100000 	117.713997 	120.000000 	128.475006 
29.200000 	117.713997 	120.000000 	128.475006 
29.300000 	117.713997 	120.000000 	128.475006 
29.400000 	117.713997 	120.000000 	128.475006 
29.500000 	117.797997 	120.000000 	128.399994 
29.600000 	117.797997 	120.000000 	128.399994 
29.700000 	117.797997 	120.000000 	128.399994 
29.800000 	117.797997 	120.000000 	128.399994 
29.900000 	117.797997 	120.000000 	128.399994 
30.000000 	117.797997 	120.000000 	128.399994 
30.100000 	117.797997 	120.000000 	128.399994 
30.200000 	117.797997 	120.000000 	128.399994 
30.300000 	117.797997 	120.000000 	128.399994 
30.400000 	117.797997 	120.000000 	128.399994 
30.500000 	117.875000 	120.000000 	128.330994 
30.600000 	117.875000 	120.000000 	128.330994 
30.700000 	117.875000 	120.000000 	128.330994 
30.800000 	117.875000 	120.000000 	128.330994 
30.900000 	117.875000 	120.000000 	128.330994 
31.000000 	117.875000 	120.000000 	128.330994 
31.100000 	117.875000 	120.000000 	128.330994 
31.200000 	117.875000 	120.000000 	128.330994 
31.300000 	117.875000 	120.000000 	128.330994 
31.400000 	117.875000 	120.000000 	128.330994 
31.500000 	117.946999 	120.000000 	128.266006 
31.600000 	117.946999 	120.000000 	128.266006 
31.700000 	117.946999 	120.000000 	128.266006 
31.800000 	117.946999 	120.000000 	128.266006 
31.900000 	117.946999 	120.000000 	128.266006 
32.000000 	117.946999 	120.000000 	128.266006 
32.100000 	117.946999 	120.000000 	128.266006 
32.200000 	117.946999 	120.000000 	128.266006 
32.300000 	117.946999 	120.000000 	128.266006 
32.400000 	117.946999 	120.000000 	128.266006 
32.500000 	118.013000 	120.000000 	128.205994 
32.600000 	118.013000 	120.000000 	128.205994 
32.700000 	118.013000 	120.000000 	128.205994 
32.800000 	118.013000 	120.000000 	128.205994 
32.900000 	118.013000 	120.000000 	128.205994 
33.000000 	118.013000 	120.000000 	128.205994 
33.100000 	118.013000 	120.000000 	128.205994 
33.200000 	118.013000 	120.000000 	128.205994 
33.300000 	118.013000 	120.000000 	128.205994 
33.400000 	118.013000 	120.000000 	128.205994 
33.500000 	118.073997 	120.000000 	128.149002 
33.600000 	118.073997 	120.000000 	128.149002 
33.700000 	118.073997 	120.000000 	128.149002 
33.800000 	118.073997 	120.000000 	128.149002 
33.900000 	118.073997 	120.000000 	128.149002 
34.000000 	118.073997 	120.000000 	128.149002 
34.100000 	118.073997 	120.000000 	128.149002 
34.200000 	118.073997 	120.000000 	128.149002 
34.300000 	118.073997 	120.000000 	128.149002 
34.400000 	118.073997 	120.000000 	128.149002 
34.500000 	118.132004 	120.000000 	128.095993 
34.600000 	118.132004 	120.000000 	128.095993 
34.700000 	118.132004 	120.000000 	128.095993 
34.800000 	118.132004 	120.000000 	128.095993 
34.900000 	118.132004 	120.000000 	128.095993 
35.000000 	118.132004 	120.000000 	128.095993 
35.100000 	118.132004 	120.000000 	128.095993 
35.200000 	118.132004 	120.000000 	128.095993 
35.300000 	118.132004 	120.000000 	128.095993 
35.400000 	118.132004 	120.000000 	128.095993 
35.500000 	118.184998 	120.000000 	128.046005 
35.600000 	118.184998 	120.000000 	128.046005 
35.700000 	118.184998 	120.000000 	128.046005 
35.800000 	118.184998 	120.000000 	128.046005 
35.900000 	118.184998 	120.000000 	128.046005 
36.000000 	118.184998 	120.000000 	128.046005 
36.100000 	118.184998 	120.000000 	128.046005 
36.200000 	118.184998 	120.000000 	128.046005 
36.300000 	118.184998 	120.000000 	128.046005 
36.400000 	118.184998 	120.000000 	128.046005 
36.500000 	118.234001 	120.000000 	127.998001 
36.600000 	118.234001 	120.000000 	127.998001 
36.700000 	118.234001 	120.000000 	127.998001 
36.800000 	118.234001 	120.000000 	127.998001 
36.900000 	118.234001 	120.000000 	127.998001 
37.000000 	118.234001 	120.000000 	127.998001 
37.100000 	118.234001 	120.000000 	127.998001 
37.200000 	118.234001 	120.000000 	127.998001 
37.300000 	118.234001 	120.000000 	127.998001 
37.400000 	118.234001 	120.000000 	127.998001 
37.500000 	118.280998 	120.000000 	127.952003 
37.600000 	118.280998 	120.000000 	127.952003 
37.700000 	118.280998 	120.000000 	127.952003 
37.800000 	118.280998 	120.000000 	127.952003 
37.900000 	118.280998 	120.000000 	127.952003 
38.000000 	118.280998 	120.000000 	127.952003 
38.100000 	118.280998 	120.000000 	127.952003 
38.200000 	118.280998 	120.000000 	127.952003 
38.300000 	118.280998 	120.000000 	127.952003 
38.400000 	118.280998 	120.000000 	127.952003 
38.500000 	118.323997 	120.000000 	127.906998 
38.600000 	118.323997 	120.000000 	127.906998 
38.700000 	118.323997 	120.000000 	127.906998 
38.800000 	118.323997 	120.000000 	127.906998 
38.900000 	118.323997 	120.000000 	127.906998 
39.000000 	118.323997 	120.000000 	127.906998 
39.100000 	118.323997 	120.000000 	127.906998 
39.200000 	118.323997 	120.000000 	127.906998 
39.300000 	118.323997 	120.000000 	127.906998 
39.400000 	118.323997 	120.000000 	127.906998 
39.500000 	118.363998 	120.000000 	127.863998 
39.600000 	118.363998 	120.000000 	127.863998 
39.700000 	118.363998 	120.000000 	127.863998 
39.800000 	118.363998 	120.000000 	127.863998 
39.900000 	118.363998 	120.000000 	127.863998 
40.000000 	118.363998 	120.000000 	127.863998 
40.100000 	118.363998 	120.000000 	127.863998 
40.200000 	118.363998 	120.000000 	127.863998 
40.300000 	118.363998 	120.000000 	127.863998 
40.400000 	118.363998 	120.000000 	127.863998 
40.500000 	118.402000 	120.000000 	127.821999 
40.600000 	118.402000 	120.000000 	127.821999 
40.700000 	118.402000 	120.000000 	127.821999 
40.800000 	118.402000 	120.000000 	127.821999 
40.900000 	118.402000 	120.000000 	127.821999 
41.000000 	118.402000 	120.000000 	127.821999 
41.100000 	118.402000 	120.000000 	127.821999 
41.200000 	118.402000 	120.000000 	127.821999 
41.300000 	118.402000 	120.000000 	127.821999 
41.400000 	118.402000 	120.000000 	127.821999 
41.500000 	118.436996 	120.000000 	127.779999 
41.600000 	118.436996 	120.000000 	127.779999 
41.700000 	118.436996 	120.000000 	127.779999 
41.800000 	118.436996 	120.000000 	127.779999 
41.900000 	118.436996 	120.000000 	127.779999 
42.000000 	118.436996 	120.000000 	127.779999 
42.100000 	118.436996 	120.000000 	127.779999 
42.200000 	118.436996 	120.000000 	127.779999 
42.300000 	118.436996 	120.000000 	127.779999 
42.400000 	118.436996 	120.000000 	127.779999 
42.500000 	118.470001 	120.000000 	127.738998 
42.600000 	118.470001 	120.000000 	127.738998 
42.700000 	118.470001 	120.000000 	127.738998 
42.800000 	118.470001 	120.000000 	127.738998 
42.900000 	118.470001 	120.000000 	127.738998 
43.000000 	118.470001 	120.000000 	127.738998 
43.100000 	118.470001 	120.000000 	127.738998 
43.200000 	118.470001 	120.000000 	127.738998 
43.300000 	118.470001 	120.000000 	127.738998 
43.400000 	118.470001 	120.000000 	127.738998 
43.500000 	118.500999 	120.000000 	127.696999 
43.600000 	118.500999 	120.000000 	127.696999 
43.700000 	118.500999 	120.000000 	127.696999 
43.800000 	118.500999 	120.000000 	127.696999 
43.900000 	118.500999 	120.000000 	127.696999 
44.000000 	118.500999 	120.000000 	127.696999 
44.100000 	118.500999 	120.000000 	127.696999 
44.200000 	118.500999 	120.000000 	127.696999 
44.300000 	118.500999 	120.000000 	127.696999 
44.400000 	118.500999 	120.000000 	127.696999 
44.500000 	118.529999 	120.000000 	127.654999 
44.600000 	118.529999 	120.000000 	127.654999 
44.700000 	118.529999 	120.000000 	127.654999 
44.800000 	118.529999 	120.000000 	127.654999 
44.900000 	118.529999 	120.000000 	127.654999 
45.000000 	118.529999 	120.000000 	127.654999 
45.100000 	118.529999 	120.000000 	127.654999 
45.200000 	118.529999 	120.000000 	127.654999 
45.300000 	118.529999 	120.000000 	127.654999 
45.400000 	118.529999 	120.000000 	127.654999 
45.500000 	118.556999 	120.000000 	127.611000 
45.600000 	118.556999 	120.000000 	127.611000 
45.700000 	118.556999 	120.000000 	127.611000 
45.800000 	118.556999 	120.000000 	127.611000 
45.900000 	118.556999 	120.000000 	127.611000 
46.000000 	118.556999 	120.000000 	127.611000 
46.100000 	118.556999 	120.000000 	127.611000 
46.200000 	118.556999 	120.000000 	127.611000 
46.300000 	118.556999 	120.000000 	127.611000 
46.400000 	118.556999 	120.000000 	127.611000 
46.500000 	118.582001 	120.000000 	127.567001 
46.600000 	118.582001 	120.000000 	127.567001 
46.700000 	118.582001 	120.000000 	127.567001 
46.800000 	118.582001 	120.000000 	127.567001 
46.900000 	118.582001 	120.000000 	127.567001 
47.000000 	118.582001 	120.000000 	127.567001 
47.100000 	118.582001 	120.000000 	127.567001 
47.200000 	118.582001 	120.000000 	127.567001 
47.300000 	118.582001 	120.000000 	127.567001 
47.400000 	118.582001 	120.000000 	127.567001 
47.500000 	118.606003 	120.000000 	127.519997 
47.600000 	118.606003 	120.000000 	127.519997 
47.700000 	118.606003 	120.000000 	127.519997 
47.800000 	118.606003 	120.000000 	127.519997 
47.900000 	118.606003 	120.000000 	127.519997 
48.000000 	118.606003 	120.000000 	127.519997 
48.100000 	118.606003 	120.000000 	127.519997 
48.200000 	118.606003 	120.000000 	127.519997 
48.300000 	118.606003 	120.000000 	127.519997 
48.400000 	118.606003 	120.000000 	127.519997 
48.500000 	118.627998 	120.000000 	127.472000 
48.600000 	118.627998 	120.000000 	127.472000 
48.700000 	118.627998 	120.000000 	127.472000 
48.800000 	118.627998 	120.000000 	127.472000 
48.900000 	118.627998 	120.000000 	127.472000 
49.000000 	118.627998 	120.000000 	127.472000 
49.100000 	118.627998 	120.000000 	127.472000 
49.200000 	118.627998 	120.000000 	127.472000 
49.300000 	118.627998 	120.000000 	127.472000 
49.400000 	118.627998 	120.000000 	127.472000 
49.500000 	118.648003 	120.000000 	127.419998 
49.600000 	118.648003 	120.000000 	127.419998 
49.700000 	118.648003 	120.000000 	127.419998 
49.800000 	118.648003 	120.000000 	127.419998 
49.900000 	118.648003 	120.000000 	127.419998 
50.000000 	118.648003 	120.000000 	127.419998 
50.100000 	118.648003 	120.000000 	127.419998 
50.200000 	118.648003 	120.000000 	127.419998 
50.300000 	118.648003 	120.000000 	127.419998 
50.400000 	118.648003 	120.000000 	127.419998 
50.500000 	118.666000 	120.000000 	127.364998 
50.600000 	118.666000 	120.000000 	127.364998 
50.700000 	118.666000 	120.000000 	127.364998 
50.800000 	118.666000 	120.000000 	127.364998 
50.900000 	118.666000 	120.000000 	127.364998 
51.000000 	118.666000 	120.000000 	127.364998 
51.100000 	118.666000 	120.000000 	127.364998 
51.200000 	118.666000 	120.000000 	127.364998 
51.300000 	118.666000 	120.000000 	127.364998 
51.400000 	118.666000 	120.000000 	127.364998 
51.500000 	118.683998 	120.000000 	127.306000 
51.600000 	118.683998 	120.000000 	127.306000 
51.700000 	118.683998 	120.000000 	127.306000 
51.800000 	118.683998 	120.000000 	127.306000 
51.900000 	118.683998 	120.000000 	127.306000 
52.000000 	118.683998 	120.000000 	127.306000 
52.100000 	118.683998 	120.000000 	127.306000 
52.200000 	118.683998 	120.000000 	127.306000 
52.300000 	118.683998 	120.000000 	127.306000 
52.400000 	118.683998 	120.000000 	127.306000 
52.500000 	118.698997 	120.000000 	127.241997 
52.600000 	118.698997 	120.000000 	127.241997 
52.700000 	118.698997 	120.000000 	127.241997 
52.800000 	118.698997 	120.000000 	127.241997 
52.900000 	118.698997 	120.000000 	127.241997 
53.000000 	118.698997 	120.000000 	127.241997 
53.100000 	118.698997 	120.000000 	127.241997 
53.200000 	118.698997 	120.000000 	127.241997 
53.300000 	118.698997 	120.000000 	127.241997 
53.400000 	118.698997 	120.000000 	127.241997 
53.500000 	118.712997 	120.000000 	127.171997 
53.600000 	118.712997 	120.000000 	127.171997 
53.700000 	118.712997 	120.000000 	127.171997 
53.800000 	118.712997 	120.000000 	127.171997 
53.900000 	118.712997 	120.000000 	127.171997 
54.000000 	118.712997 	120.000000 	127.171997 
54.100000 	118.712997 	120.000000 	127.171997 
54.200000 	118.712997 	120.000000 	127.171997 
54.300000 	118.712997 	120.000000 	127.171997 
54.400000 	118.712997 	120.000000 	127.171997 
54.500000 	118.725998 	120.000000 	127.094002 
54.600000 	118.725998 	120.000000 	127.094002 
54.700000 	118.725998 	120.000000 	127.094002 
54.800000 	118.725998 	120.000000 	127.094002 
54.900000 	118.725998 	120.000000 	127.094002 
55.000000 	118.725998 	120.000000 	127.094002 
55.100000 	118.725998 	120.000000 	127.094002 
55.200000 	118.725998 	120.000000 	127.094002 
55.300000 	118.725998 	120.000000 	127.094002 
55.400000 	118.725998 	120.000000 	127.094002 
55.500000 	118.737000 	120.000000 	127.008003 
55.600000 	118.737000 	120.000000 	127.008003 
55.700000 	118.737000 	120.000000 	127.008003 
55.800000 	118.737000 	120.000000 	127.008003 
55.900000 	118.737000 	120.000000 	127.008003 
56.000000 	118.737000 	120.000000 	127.008003 
56.100000 	118.737000 	120.000000 	127.008003 
56.200000 	118.737000 	120.000000 	127.008003 
56.300000 	118.737000 	120.000000 	127.008003 
56.400000 	118.737000 	120.000000 	127.008003 
56.500000 	118.746002 	120.000000 	126.911003 
56.600000 	118.746002 	120.000000 	126.911003 
56.700000 	118.746002 	120.000000 	126.911003 
56.800000 	118.746002 	120.000000 	126.911003 
56.900000 	118.746002 	120.000000 	126.911003 
57.000000 	118.746002 	120.000000 	126.911003 
57.100000 	118.746002 	120.000000 	126.911003 
57.200000 	118.746002 	120.000000 	126.911003 
57.300000 	118.746002 	120.000000 	126.911003 
57.400000 	118.746002 	120.000000 	126.911003 
57.500000 	118.752998 	120.000000 	126.800003 
57.600000 	118.752998 	120.000000 	126.800003 
57.700000 	118.752998 	120.000000 	126.800003 
57.800000 	118.752998 	120.000000 	126.800003 
57.900000 	118.752998 	120.000000 	126.800003 
58.000000 	118.752998 	120.000000 	126.800003 
58.100000 	118.752998 	120.000000 	126.800003 
58.200000 	118.752998 	120.000000 	126.800003 
58.300000 	118.752998 	120.000000 	126.800003 
58.400000 	118.752998 	120.000000 	126.800003 
58.500000 	118.759003 	120.000000 	126.672997 
58.600000 	118.759003 	120.000000 	126.672997 
58.700000 	118.759003 	120.000000 	126.672997 
58.800000 	118.759003 	120.000000 	126.672997 
58.900000 	118.759003 	120.000000 	126.672997 
59.000000 	118.759003 	120.000000 	126.672997 
59.100000 	118.759003 	120.000000 	126.672997 
59.200000 	118.759003 	120.000000 	126.672997 
59.300000 	118.759003 	120.000000 	126.672997 
59.400000 	118.759003 	120.000000 	126.672997 
59.500000 	118.761002 	120.000000 	126.524002 
59.600000 	118.761002 	120.000000 	126.524002 
59.700000 	118.761002 	120.000000 	126.524002 
59.800000 	118.761002 	120.000000 	126.524002 
59.900000 	118.761002 	120.000000 	126.524002 
60.000000 	118.761002 	120.000000 	126.524002 
