0.500000 	92.063904 	301.000000 	331.944000 	308.903015 
0.600000 	92.063904 	301.000000 	331.944000 	308.903015 
0.700000 	92.063904 	301.000000 	331.944000 	308.903015 
0.800000 	92.063904 	301.000000 	331.944000 	308.903015 
0.900000 	92.063904 	301.000000 	331.944000 	308.903015 
1.000000 	92.063904 	301.000000 	331.944000 	308.903015 
1.100000 	92.063904 	301.000000 	331.944000 	308.903015 
1.200000 	92.063904 	301.000000 	331.944000 	308.903015 
1.300000 	92.063904 	301.000000 	331.944000 	308.903015 
1.400000 	92.063904 	301.000000 	331.944000 	308.903015 
1.500000 	101.936996 	301.000000 	314.851013 	310.822998 
1.600000 	101.936996 	301.000000 	314.851013 	310.822998 
1.700000 	101.936996 	301.000000 	314.851013 	310.822998 
1.800000 	101.936996 	301.000000 	314.851013 	310.822998 
1.900000 	101.936996 	301.000000 	314.851013 	310.822998 
2.000000 	101.936996 	301.000000 	314.851013 	310.822998 
2.100000 	101.936996 	301.000000 	314.851013 	310.822998 
2.200000 	101.936996 	301.000000 	314.851013 	310.822998 
2.300000 	101.936996 	301.000000 	314.851013 	310.822998 
2.400000 	101.936996 	301.000000 	314.851013 	310.822998 
2.500000 	112.544998 	301.000000 	308.539001 	311.144989 
2.600000 	112.544998 	301.000000 	308.539001 	311.144989 
2.700000 	112.544998 	301.000000 	308.539001 	311.144989 
2.800000 	112.544998 	301.000000 	308.539001 	311.144989 
2.900000 	112.544998 	301.000000 	308.539001 	311.144989 
3.000000 	112.544998 	301.000000 	308.539001 	311.144989 
3.100000 	112.544998 	301.000000 	308.539001 	311.144989 
3.200000 	112.544998 	301.000000 	308.539001 	311.144989 
3.300000 	112.544998 	301.000000 	308.539001 	311.144989 
3.400000 	112.544998 	301.000000 	308.539001 	311.144989 
3.500000 	117.876999 	301.000000 	305.592010 	311.265991 
3.600000 	117.876999 	301.000000 	305.592010 	311.265991 
3.700000 	117.876999 	301.000000 	305.592010 	311.265991 
3.800000 	117.876999 	301.000000 	305.592010 	311.265991 
3.900000 	117.876999 	301.000000 	305.592010 	311.265991 
4.000000 	117.876999 	301.000000 	305.592010 	311.265991 
4.100000 	117.876999 	301.000000 	305.592010 	311.265991 
4.200000 	117.876999 	301.000000 	305.592010 	311.265991 
4.300000 	117.876999 	301.000000 	305.592010 	311.265991 
4.400000 	117.876999 	301.000000 	305.592010 	311.265991 
4.500000 	120.723000 	301.000000 	304.036987 	311.332001 
4.600000 	120.723000 	301.000000 	304.036987 	311.332001 
4.700000 	120.723000 	301.000000 	304.036987 	311.332001 
4.800000 	120.723000 	301.000000 	304.036987 	311.332001 
4.900000 	120.723000 	301.000000 	304.036987 	311.332001 
5.000000 	120.723000 	301.000000 	304.036987 	311.332001 
5.100000 	120.723000 	301.000000 	304.036987 	311.332001 
5.200000 	120.723000 	301.000000 	304.036987 	311.332001 
5.300000 	120.723000 	301.000000 	304.036987 	311.332001 
5.400000 	120.723000 	301.000000 	304.036987 	311.332001 
5.500000 	122.387001 	301.000000 	303.131989 	311.380005 
5.600000 	122.387001 	301.000000 	303.131989 	311.380005 
5.700000 	122.387001 	301.000000 	303.131989 	311.380005 
5.800000 	122.387001 	301.000000 	303.131989 	311.380005 
5.900000 	122.387001 	301.000000 	303.131989 	311.380005 
6.000000 	122.387001 	301.000000 	303.131989 	311.380005 
6.100000 	122.387001 	301.000000 	303.131989 	311.380005 
6.200000 	122.387001 	301.000000 	303.131989 	311.380005 
6.300000 	122.387001 	301.000000 	303.131989 	311.380005 
6.400000 	122.387001 	301.000000 	303.131989 	311.380005 
6.500000 	123.434998 	301.000000 	302.562012 	311.420990 
6.600000 	123.434998 	301.000000 	302.562012 	311.420990 
6.700000 	123.434998 	301.000000 	302.562012 	311.420990 
6.800000 	123.434998 	301.000000 	302.562012 	311.420990 
6.900000 	123.434998 	301.000000 	302.562012 	311.420990 
7.000000 	123.434998 	301.000000 	302.562012 	311.420990 
7.100000 	123.434998 	301.000000 	302.562012 	311.420990 
7.200000 	123.434998 	301.000000 	302.562012 	311.420990 
7.300000 	123.434998 	301.000000 	302.562012 	311.420990 
7.400000 	123.434998 	301.000000 	302.562012 	311.420990 
7.500000 	124.135002 	301.000000 	302.183014 	311.459015 
7.600000 	124.135002 	301.000000 	302.183014 	311.459015 
7.700000 	124.135002 	301.000000 	302.183014 	311.459015 
7.800000 	124.135002 	301.000000 	302.183014 	311.459015 
7.900000 	124.135002 	301.000000 	302.183014 	311.459015 
8.000000 	124.135002 	301.000000 	302.183014 	311.459015 
8.100000 	124.135002 	301.000000 	302.183014 	311.459015 
8.200000 	124.135002 	301.000000 	302.183014 	311.459015 
8.300000 	124.135002 	301.000000 	302.183014 	311.459015 
8.400000 	124.135002 	301.000000 	302.183014 	311.459015 
8.500000 	124.625999 	301.000000 	301.916992 	311.497009 
8.600000 	124.625999 	301.000000 	301.916992 	311.497009 
8.700000 	124.625999 	301.000000 	301.916992 	311.497009 
8.800000 	124.625999 	301.000000 	301.916992 	311.497009 
8.900000 	124.625999 	301.000000 	301.916992 	311.497009 
9.000000 	124.625999 	301.000000 	301.916992 	311.497009 
9.100000 	124.625999 	301.000000 	301.916992 	311.497009 
9.200000 	124.625999 	301.000000 	301.916992 	311.497009 
9.300000 	124.625999 	301.000000 	301.916992 	311.497009 
9.400000 	124.625999 	301.000000 	301.916992 	311.497009 
9.500000 	124.983002 	301.000000 	301.725006 	311.536011 
9.600000 	124.983002 	301.000000 	301.725006 	311.536011 
9.700000 	124.983002 	301.000000 	301.725006 	311.536011 
9.800000 	124.983002 	301.000000 	301.725006 	311.536011 
9.900000 	124.983002 	301.000000 	301.725006 	311.536011 
10.000000 	124.983002 	301.000000 	301.725006 	311.536011 
10.100000 	124.983002 	301.000000 	301.725006 	311.536011 
10.200000 	124.983002 	301.000000 	301.725006 	311.536011 
10.300000 	124.983002 	301.000000 	301.725006 	311.536011 
10.400000 	124.983002 	301.000000 	301.725006 	311.536011 
10.500000 	125.251999 	301.000000 	301.580994 	311.578003 
10.600000 	125.251999 	301.000000 	301.580994 	311.578003 
10.700000 	125.251999 	301.000000 	301.580994 	311.578003 
10.800000 	125.251999 	301.000000 	301.580994 	311.578003 
10.900000 	125.251999 	301.000000 	301.580994 	311.578003 
11.000000 	125.251999 	301.000000 	301.580994 	311.578003 
11.100000 	125.251999 	301.000000 	301.580994 	311.578003 
11.200000 	125.251999 	301.000000 	301.580994 	311.578003 
11.300000 	125.251999 	301.000000 	301.580994 	311.578003 
11.400000 	125.251999 	301.000000 	301.580994 	311.578003 
11.500000 	125.459000 	301.000000 	301.470001 	311.619995 
11.600000 	125.459000 	301.000000 	301.470001 	311.619995 
11.700000 	125.459000 	301.000000 	301.470001 	311.619995 
11.800000 	125.459000 	301.000000 	301.470001 	311.619995 
11.900000 	125.459000 	301.000000 	301.470001 	311.619995 
12.000000 	125.459000 	301.000000 	301.470001 	311.619995 
12.100000 	125.459000 	301.000000 	301.470001 	311.619995 
12.200000 	125.459000 	301.000000 	301.470001 	311.619995 
12.300000 	125.459000 	301.000000 	301.470001 	311.619995 
12.400000 	125.459000 	301.000000 	301.470001 	311.619995 
12.500000 	125.622002 	301.000000 	301.382996 	311.662994 
12.600000 	125.622002 	301.000000 	301.382996 	311.662994 
12.700000 	125.622002 	301.000000 	301.382996 	311.662994 
12.800000 	125.622002 	301.000000 	301.382996 	311.662994 
12.900000 	125.622002 	301.000000 	301.382996 	311.662994 
13.000000 	125.622002 	301.000000 	301.382996 	311.662994 
13.100000 	125.622002 	301.000000 	301.382996 	311.662994 
13.200000 	125.622002 	301.000000 	301.382996 	311.662994 
13.300000 	125.622002 	301.000000 	301.382996 	311.662994 
13.400000 	125.622002 	301.000000 	301.382996 	311.662994 
13.500000 	125.753998 	301.000000 	301.313995 	311.709015 
13.600000 	125.753998 	301.000000 	301.313995 	311.709015 
13.700000 	125.753998 	301.000000 	301.313995 	311.709015 
13.800000 	125.753998 	301.000000 	301.313995 	311.709015 
13.900000 	125.753998 	301.000000 	301.313995 	311.709015 
14.000000 	125.753998 	301.000000 	301.313995 	311.709015 
14.100000 	125.753998 	301.000000 	301.313995 	311.709015 
14.200000 	125.753998 	301.000000 	301.313995 	311.709015 
14.300000 	125.753998 	301.000000 	301.313995 	311.709015 
14.400000 	125.753998 	301.000000 	301.313995 	311.709015 
14.500000 	125.862000 	301.000000 	301.257996 	311.756012 
14.600000 	125.862000 	301.000000 	301.257996 	311.756012 
14.700000 	125.862000 	301.000000 	301.257996 	311.756012 
14.800000 	125.862000 	301.000000 	301.257996 	311.756012 
14.900000 	125.862000 	301.000000 	301.257996 	311.756012 
15.000000 	125.862000 	301.000000 	301.257996 	311.756012 
15.100000 	125.862000 	301.000000 	301.257996 	311.756012 
15.200000 	125.862000 	301.000000 	301.257996 	311.756012 
15.300000 	125.862000 	301.000000 	301.257996 	311.756012 
15.400000 	125.862000 	301.000000 	301.257996 	311.756012 
15.500000 	125.952003 	301.000000 	301.212006 	311.803986 
15.600000 	125.952003 	301.000000 	301.212006 	311.803986 
15.700000 	125.952003 	301.000000 	301.212006 	311.803986 
15.800000 	125.952003 	301.000000 	301.212006 	311.803986 
15.900000 	125.952003 	301.000000 	301.212006 	311.803986 
16.000000 	125.952003 	301.000000 	301.212006 	311.803986 
16.100000 	125.952003 	301.000000 	301.212006 	311.803986 
16.200000 	125.952003 	301.000000 	301.212006 	311.803986 
16.300000 	125.952003 	301.000000 	301.212006 	311.803986 
16.400000 	125.952003 	301.000000 	301.212006 	311.803986 
16.500000 	126.028000 	301.000000 	301.173004 	311.855011 
16.600000 	126.028000 	301.000000 	301.173004 	311.855011 
16.700000 	126.028000 	301.000000 	301.173004 	311.855011 
16.800000 	126.028000 	301.000000 	301.173004 	311.855011 
16.900000 	126.028000 	301.000000 	301.173004 	311.855011 
17.000000 	126.028000 	301.000000 	301.173004 	311.855011 
17.100000 	126.028000 	301.000000 	301.173004 	311.855011 
17.200000 	126.028000 	301.000000 	301.173004 	311.855011 
17.300000 	126.028000 	301.000000 	301.173004 	311.855011 
17.400000 	126.028000 	301.000000 	301.173004 	311.855011 
17.500000 	126.092003 	301.000000 	301.140015 	311.907013 
17.600000 	126.092003 	301.000000 	301.140015 	311.907013 
17.700000 	126.092003 	301.000000 	301.140015 	311.907013 
17.800000 	126.092003 	301.000000 	301.140015 	311.907013 
17.900000 	126.092003 	301.000000 	301.140015 	311.907013 
18.000000 	126.092003 	301.000000 	301.140015 	311.907013 
18.100000 	126.092003 	301.000000 	301.140015 	311.907013 
18.200000 	126.092003 	301.000000 	301.140015 	311.907013 
18.300000 	126.092003 	301.000000 	301.140015 	311.907013 
18.400000 	126.092003 	301.000000 	301.140015 	311.907013 
18.500000 	126.148003 	301.000000 	301.113007 	311.960999 
18.600000 	126.148003 	301.000000 	301.113007 	311.960999 
18.700000 	126.148003 	301.000000 	301.113007 	311.960999 
18.800000 	126.148003 	301.000000 	301.113007 	311.960999 
18.900000 	126.148003 	301.000000 	301.113007 	311.960999 
19.000000 	126.148003 	301.000000 	301.113007 	311.960999 
19.100000 	126.148003 	301.000000 	301.113007 	311.960999 
19.200000 	126.148003 	301.000000 	301.113007 	311.960999 
19.300000 	126.148003 	301.000000 	301.113007 	311.960999 
19.400000 	126.148003 	301.000000 	301.113007 	311.960999 
19.500000 	126.195999 	301.000000 	301.088989 	312.015991 
19.600000 	126.195999 	301.000000 	301.088989 	312.015991 
19.700000 	126.195999 	301.000000 	301.088989 	312.015991 
19.800000 	126.195999 	301.000000 	301.088989 	312.015991 
19.900000 	126.195999 	301.000000 	301.088989 	312.015991 
20.000000 	126.195999 	301.000000 	301.088989 	312.015991 
20.100000 	126.195999 	301.000000 	301.088989 	312.015991 
20.200000 	126.195999 	301.000000 	301.088989 	312.015991 
20.300000 	126.195999 	301.000000 	301.088989 	312.015991 
20.400000 	126.195999 	301.000000 	301.088989 	312.015991 
20.500000 	126.238998 	301.000000 	301.067993 	312.072998 
20.600000 	126.238998 	301.000000 	301.067993 	312.072998 
20.700000 	126.238998 	301.000000 	301.067993 	312.072998 
20.800000 	126.238998 	301.000000 	301.067993 	312.072998 
20.900000 	126.238998 	301.000000 	301.067993 	312.072998 
21.000000 	126.238998 	301.000000 	301.067993 	312.072998 
21.100000 	126.238998 	301.000000 	301.067993 	312.072998 
21.200000 	126.238998 	301.000000 	301.067993 	312.072998 
21.300000 	126.238998 	301.000000 	301.067993 	312.072998 
21.400000 	126.238998 	301.000000 	301.067993 	312.072998 
21.500000 	126.276001 	301.000000 	301.049988 	312.131012 
21.600000 	126.276001 	301.000000 	301.049988 	312.131012 
21.700000 	126.276001 	301.000000 	301.049988 	312.131012 
21.800000 	126.276001 	301.000000 	301.049988 	312.131012 
21.900000 	126.276001 	301.000000 	301.049988 	312.131012 
22.000000 	126.276001 	301.000000 	301.049988 	312.131012 
22.100000 	126.276001 	301.000000 	301.049988 	312.131012 
22.200000 	126.276001 	301.000000 	301.049988 	312.131012 
22.300000 	126.276001 	301.000000 	301.049988 	312.131012 
22.400000 	126.276001 	301.000000 	301.049988 	312.131012 
22.500000 	126.309998 	301.000000 	301.033997 	312.190002 
22.600000 	126.309998 	301.000000 	301.033997 	312.190002 
22.700000 	126.309998 	301.000000 	301.033997 	312.190002 
22.800000 	126.309998 	301.000000 	301.033997 	312.190002 
22.900000 	126.309998 	301.000000 	301.033997 	312.190002 
23.000000 	126.309998 	301.000000 	301.033997 	312.190002 
23.100000 	126.309998 	301.000000 	301.033997 	312.190002 
23.200000 	126.309998 	301.000000 	301.033997 	312.190002 
23.300000 	126.309998 	301.000000 	301.033997 	312.190002 
23.400000 	126.309998 	301.000000 	301.033997 	312.190002 
23.500000 	126.338997 	301.000000 	301.019989 	312.251007 
23.600000 	126.338997 	301.000000 	301.019989 	312.251007 
23.700000 	126.338997 	301.000000 	301.019989 	312.251007 
23.800000 	126.338997 	301.000000 	301.019989 	312.251007 
23.900000 	126.338997 	301.000000 	301.019989 	312.251007 
24.000000 	126.338997 	301.000000 	301.019989 	312.251007 
24.100000 	126.338997 	301.000000 	301.019989 	312.251007 
24.200000 	126.338997 	301.000000 	301.019989 	312.251007 
24.300000 	126.338997 	301.000000 	301.019989 	312.251007 
24.400000 	126.338997 	301.000000 	301.019989 	312.251007 
24.500000 	126.365997 	301.000000 	301.006989 	312.312988 
24.600000 	126.365997 	301.000000 	301.006989 	312.312988 
24.700000 	126.365997 	301.000000 	301.006989 	312.312988 
24.800000 	126.365997 	301.000000 	301.006989 	312.312988 
24.900000 	126.365997 	301.000000 	301.006989 	312.312988 
25.000000 	126.365997 	301.000000 	301.006989 	312.312988 
25.100000 	126.365997 	301.000000 	301.006989 	312.312988 
25.200000 	126.365997 	301.000000 	301.006989 	312.312988 
25.300000 	126.365997 	301.000000 	301.006989 	312.312988 
25.400000 	126.365997 	301.000000 	301.006989 	312.312988 
25.500000 	126.389999 	301.000000 	300.994995 	312.376007 
25.600000 	126.389999 	301.000000 	300.994995 	312.376007 
25.700000 	126.389999 	301.000000 	300.994995 	312.376007 
25.800000 	126.389999 	301.000000 	300.994995 	312.376007 
25.900000 	126.389999 	301.000000 	300.994995 	312.376007 
26.000000 	126.389999 	301.000000 	300.994995 	312.376007 
26.100000 	126.389999 	301.000000 	300.994995 	312.376007 
26.200000 	126.389999 	301.000000 	300.994995 	312.376007 
26.300000 	126.389999 	301.000000 	300.994995 	312.376007 
26.400000 	126.389999 	301.000000 	300.994995 	312.376007 
26.500000 	126.412003 	301.000000 	300.984985 	312.438995 
26.600000 	126.412003 	301.000000 	300.984985 	312.438995 
26.700000 	126.412003 	301.000000 	300.984985 	312.438995 
26.800000 	126.412003 	301.000000 	300.984985 	312.438995 
26.900000 	126.412003 	301.000000 	300.984985 	312.438995 
27.000000 	126.412003 	301.000000 	300.984985 	312.438995 
27.100000 	126.412003 	301.000000 	300.984985 	312.438995 
27.200000 	126.412003 	301.000000 	300.984985 	312.438995 
27.300000 	126.412003 	301.000000 	300.984985 	312.438995 
27.400000 	126.412003 	301.000000 	300.984985 	312.438995 
27.500000 	126.431000 	301.000000 	300.976013 	312.503998 
27.600000 	126.431000 	301.000000 	300.976013 	312.503998 
27.700000 	126.431000 	301.000000 	300.976013 	312.503998 
27.800000 	126.431000 	301.000000 	300.976013 	312.503998 
27.900000 	126.431000 	301.000000 	300.976013 	312.503998 
28.000000 	126.431000 	301.000000 	300.976013 	312.503998 
28.100000 	126.431000 	301.000000 	300.976013 	312.503998 
28.200000 	126.431000 	301.000000 	300.976013 	312.503998 
28.300000 	126.431000 	301.000000 	300.976013 	312.503998 
28.400000 	126.431000 	301.000000 	300.976013 	312.503998 
28.500000 	126.448997 	301.000000 	300.967010 	312.570007 
28.600000 	126.448997 	301.000000 	300.967010 	312.570007 
28.700000 	126.448997 	301.000000 	300.967010 	312.570007 
28.800000 	126.448997 	301.000000 	300.967010 	312.570007 
28.900000 	126.448997 	301.000000 	300.967010 	312.570007 
29.000000 	126.448997 	301.000000 	300.967010 	312.570007 
29.100000 	126.448997 	301.000000 	300.967010 	312.570007 
29.200000 	126.448997 	301.000000 	300.967010 	312.570007 
29.300000 	126.448997 	301.000000 	300.967010 	312.570007 
29.400000 	126.448997 	301.000000 	300.967010 	312.570007 
29.500000 	126.464996 	301.000000 	300.959015 	312.635986 
29.600000 	126.464996 	301.000000 	300.959015 	312.635986 
29.700000 	126.464996 	301.000000 	300.959015 	312.635986 
29.800000 	126.464996 	301.000000 	300.959015 	312.635986 
29.900000 	126.464996 	301.000000 	300.959015 	312.635986 
30.000000 	126.464996 	301.000000 	300.959015 	312.635986 
30.100000 	126.464996 	301.000000 	300.959015 	312.635986 
30.200000 	126.464996 	301.000000 	300.959015 	312.635986 
30.300000 	126.464996 	301.000000 	300.959015 	312.635986 
30.400000 	126.464996 	301.000000 	300.959015 	312.635986 
30.500000 	126.478996 	301.000000 	300.950989 	312.704010 
30.600000 	126.478996 	301.000000 	300.950989 	312.704010 
30.700000 	126.478996 	301.000000 	300.950989 	312.704010 
30.800000 	126.478996 	301.000000 	300.950989 	312.704010 
30.900000 	126.478996 	301.000000 	300.950989 	312.704010 
31.000000 	126.478996 	301.000000 	300.950989 	312.704010 
31.100000 	126.478996 	301.000000 	300.950989 	312.704010 
31.200000 	126.478996 	301.000000 	300.950989 	312.704010 
31.300000 	126.478996 	301.000000 	300.950989 	312.704010 
31.400000 	126.478996 	301.000000 	300.950989 	312.704010 
31.500000 	126.490997 	301.000000 	300.944000 	312.772003 
31.600000 	126.490997 	301.000000 	300.944000 	312.772003 
31.700000 	126.490997 	301.000000 	300.944000 	312.772003 
31.800000 	126.490997 	301.000000 	300.944000 	312.772003 
31.900000 	126.490997 	301.000000 	300.944000 	312.772003 
32.000000 	126.490997 	301.000000 	300.944000 	312.772003 
32.100000 	126.490997 	301.000000 	300.944000 	312.772003 
32.200000 	126.490997 	301.000000 	300.944000 	312.772003 
32.300000 	126.490997 	301.000000 	300.944000 	312.772003 
32.400000 	126.490997 	301.000000 	300.944000 	312.772003 
32.500000 	126.501999 	301.000000 	300.937988 	312.839996 
32.600000 	126.501999 	301.000000 	300.937988 	312.839996 
32.700000 	126.501999 	301.000000 	300.937988 	312.839996 
32.800000 	126.501999 	301.000000 	300.937988 	312.839996 
32.900000 	126.501999 	301.000000 	300.937988 	312.839996 
33.000000 	126.501999 	301.000000 	300.937988 	312.839996 
33.100000 	126.501999 	301.000000 	300.937988 	312.839996 
33.200000 	126.501999 	301.000000 	300.937988 	312.839996 
33.300000 	126.501999 	301.000000 	300.937988 	312.839996 
33.400000 	126.501999 	301.000000 	300.937988 	312.839996 
33.500000 	126.511002 	301.000000 	300.932007 	312.908997 
33.600000 	126.511002 	301.000000 	300.932007 	312.908997 
33.700000 	126.511002 	301.000000 	300.932007 	312.908997 
33.800000 	126.511002 	301.000000 	300.932007 	312.908997 
33.900000 	126.511002 	301.000000 	300.932007 	312.908997 
34.000000 	126.511002 	301.000000 	300.932007 	312.908997 
34.100000 	126.511002 	301.000000 	300.932007 	312.908997 
34.200000 	126.511002 	301.000000 	300.932007 	312.908997 
34.300000 	126.511002 	301.000000 	300.932007 	312.908997 
34.400000 	126.511002 	301.000000 	300.932007 	312.908997 
34.500000 	126.518997 	301.000000 	300.925995 	312.979004 
34.600000 	126.518997 	301.000000 	300.925995 	312.979004 
34.700000 	126.518997 	301.000000 	300.925995 	312.979004 
34.800000 	126.518997 	301.000000 	300.925995 	312.979004 
34.900000 	126.518997 	301.000000 	300.925995 	312.979004 
35.000000 	126.518997 	301.000000 	300.925995 	312.979004 
35.100000 	126.518997 	301.000000 	300.925995 	312.979004 
35.200000 	126.518997 	301.000000 	300.925995 	312.979004 
35.300000 	126.518997 	301.000000 	300.925995 	312.979004 
35.400000 	126.518997 	301.000000 	300.925995 	312.979004 
35.500000 	126.525002 	301.000000 	300.920013 	313.049011 
35.600000 	126.525002 	301.000000 	300.920013 	313.049011 
35.700000 	126.525002 	301.000000 	300.920013 	313.049011 
35.800000 	126.525002 	301.000000 	300.920013 	313.049011 
35.900000 	126.525002 	301.000000 	300.920013 	313.049011 
36.000000 	126.525002 	301.000000 	300.920013 	313.049011 
36.100000 	126.525002 	301.000000 	300.920013 	313.049011 
36.200000 	126.525002 	301.000000 	300.920013 	313.049011 
36.300000 	126.525002 	301.000000 	300.920013 	313.049011 
36.400000 	126.525002 	301.000000 	300.920013 	313.049011 
36.500000 	126.528999 	301.000000 	300.915009 	313.119995 
36.600000 	126.528999 	301.000000 	300.915009 	313.119995 
36.700000 	126.528999 	301.000000 	300.915009 	313.119995 
36.800000 	126.528999 	301.000000 	300.915009 	313.119995 
36.900000 	126.528999 	301.000000 	300.915009 	313.119995 
37.000000 	126.528999 	301.000000 	300.915009 	313.119995 
37.100000 	126.528999 	301.000000 	300.915009 	313.119995 
37.200000 	126.528999 	301.000000 	300.915009 	313.119995 
37.300000 	126.528999 	301.000000 	300.915009 	313.119995 
37.400000 	126.528999 	301.000000 	300.915009 	313.119995 
37.500000 	126.531998 	301.000000 	300.908997 	313.191010 
37.600000 	126.531998 	301.000000 	300.908997 	313.191010 
37.700000 	126.531998 	301.000000 	300.908997 	313.191010 
37.800000 	126.531998 	301.000000 	300.908997 	313.191010 
37.900000 	126.531998 	301.000000 	300.908997 	313.191010 
38.000000 	126.531998 	301.000000 	300.908997 	313.191010 
38.100000 	126.531998 	301.000000 	300.908997 	313.191010 
38.200000 	126.531998 	301.000000 	300.908997 	313.191010 
38.300000 	126.531998 	301.000000 	300.908997 	313.191010 
38.400000 	126.531998 	301.000000 	300.908997 	313.191010 
38.500000 	126.532997 	301.000000 	300.903992 	313.261993 
38.600000 	126.532997 	301.000000 	300.903992 	313.261993 
38.700000 	126.532997 	301.000000 	300.903992 	313.261993 
38.800000 	126.532997 	301.000000 	300.903992 	313.261993 
38.900000 	126.532997 	301.000000 	300.903992 	313.261993 
39.000000 	126.532997 	301.000000 	300.903992 	313.261993 
39.100000 	126.532997 	301.000000 	300.903992 	313.261993 
39.200000 	126.532997 	301.000000 	300.903992 	313.261993 
39.300000 	126.532997 	301.000000 	300.903992 	313.261993 
39.400000 	126.532997 	301.000000 	300.903992 	313.261993 
39.500000 	126.531998 	301.000000 	300.898987 	313.333008 
39.600000 	126.531998 	301.000000 	300.898987 	313.333008 
39.700000 	126.531998 	301.000000 	300.898987 	313.333008 
39.800000 	126.531998 	301.000000 	300.898987 	313.333008 
39.900000 	126.531998 	301.000000 	300.898987 	313.333008 
40.000000 	126.531998 	301.000000 	300.898987 	313.333008 
40.100000 	126.531998 	301.000000 	300.898987 	313.333008 
40.200000 	126.531998 	301.000000 	300.898987 	313.333008 
40.300000 	126.531998 	301.000000 	300.898987 	313.333008 
40.400000 	126.531998 	301.000000 	300.898987 	313.333008 
40.500000 	126.529999 	301.000000 	300.894012 	313.404999 
40.600000 	126.529999 	301.000000 	300.894012 	313.404999 
40.700000 	126.529999 	301.000000 	300.894012 	313.404999 
40.800000 	126.529999 	301.000000 	300.894012 	313.404999 
40.900000 	126.529999 	301.000000 	300.894012 	313.404999 
41.000000 	126.529999 	301.000000 	300.894012 	313.404999 
41.100000 	126.529999 	301.000000 	300.894012 	313.404999 
41.200000 	126.529999 	301.000000 	300.894012 	313.404999 
41.300000 	126.529999 	301.000000 	300.894012 	313.404999 
41.400000 	126.529999 	301.000000 	300.894012 	313.404999 
41.500000 	126.525002 	301.000000 	300.889008 	313.476990 
41.600000 	126.525002 	301.000000 	300.889008 	313.476990 
41.700000 	126.525002 	301.000000 	300.889008 	313.476990 
41.800000 	126.525002 	301.000000 	300.889008 	313.476990 
41.900000 	126.525002 	301.000000 	300.889008 	313.476990 
42.000000 	126.525002 	301.000000 	300.889008 	313.476990 
42.100000 	126.525002 	301.000000 	300.889008 	313.476990 
42.200000 	126.525002 	301.000000 	300.889008 	313.476990 
42.300000 	126.525002 	301.000000 	300.889008 	313.476990 
42.400000 	126.525002 	301.000000 	300.889008 	313.476990 
42.500000 	126.517998 	301.000000 	300.884003 	313.549011 
42.600000 	126.517998 	301.000000 	300.884003 	313.549011 
42.700000 	126.517998 	301.000000 	300.884003 	313.549011 
42.800000 	126.517998 	301.000000 	300.884003 	313.549011 
42.900000 	126.517998 	301.000000 	300.884003 	313.549011 
43.000000 	126.517998 	301.000000 	300.884003 	313.549011 
43.100000 	126.517998 	301.000000 	300.884003 	313.549011 
43.200000 	126.517998 	301.000000 	300.884003 	313.549011 
43.300000 	126.517998 	301.000000 	300.884003 	313.549011 
43.400000 	126.517998 	301.000000 	300.884003 	313.549011 
43.500000 	126.508003 	301.000000 	300.880005 	313.621002 
43.600000 	126.508003 	301.000000 	300.880005 	313.621002 
43.700000 	126.508003 	301.000000 	300.880005 	313.621002 
43.800000 	126.508003 	301.000000 	300.880005 	313.621002 
43.900000 	126.508003 	301.000000 	300.880005 	313.621002 
44.000000 	126.508003 	301.000000 	300.880005 	313.621002 
44.100000 	126.508003 	301.000000 	300.880005 	313.621002 
44.200000 	126.508003 	301.000000 	300.880005 	313.621002 
44.300000 	126.508003 	301.000000 	300.880005 	313.621002 
44.400000 	126.508003 	301.000000 	300.880005 	313.621002 
44.500000 	126.496002 	301.000000 	300.875000 	313.692993 
44.600000 	126.496002 	301.000000 	300.875000 	313.692993 
44.700000 	126.496002 	301.000000 	300.875000 	313.692993 
44.800000 	126.496002 	301.000000 	300.875000 	313.692993 
44.900000 	126.496002 	301.000000 	300.875000 	313.692993 
45.000000 	126.496002 	301.000000 	300.875000 	313.692993 
45.100000 	126.496002 	301.000000 	300.875000 	313.692993 
45.200000 	126.496002 	301.000000 	300.875000 	313.692993 
45.300000 	126.496002 	301.000000 	300.875000 	313.692993 
45.400000 	126.496002 	301.000000 	300.875000 	313.692993 
45.500000 	126.481003 	301.000000 	300.869995 	313.765015 
45.600000 	126.481003 	301.000000 	300.869995 	313.765015 
45.700000 	126.481003 	301.000000 	300.869995 	313.765015 
45.800000 	126.481003 	301.000000 	300.869995 	313.765015 
45.900000 	126.481003 	301.000000 	300.869995 	313.765015 
46.000000 	126.481003 	301.000000 	300.869995 	313.765015 
46.100000 	126.481003 	301.000000 	300.869995 	313.765015 
46.200000 	126.481003 	301.000000 	300.869995 	313.765015 
46.300000 	126.481003 	301.000000 	300.869995 	313.765015 
46.400000 	126.481003 	301.000000 	300.869995 	313.765015 
46.500000 	126.461998 	301.000000 	300.864990 	313.838013 
46.600000 	126.461998 	301.000000 	300.864990 	313.838013 
46.700000 	126.461998 	301.000000 	300.864990 	313.838013 
46.800000 	126.461998 	301.000000 	300.864990 	313.838013 
46.900000 	126.461998 	301.000000 	300.864990 	313.838013 
47.000000 	126.461998 	301.000000 	300.864990 	313.838013 
47.100000 	126.461998 	301.000000 	300.864990 	313.838013 
47.200000 	126.461998 	301.000000 	300.864990 	313.838013 
47.300000 	126.461998 	301.000000 	300.864990 	313.838013 
47.400000 	126.461998 	301.000000 	300.864990 	313.838013 
47.500000 	126.440002 	301.000000 	300.859985 	313.910004 
47.600000 	126.440002 	301.000000 	300.859985 	313.910004 
47.700000 	126.440002 	301.000000 	300.859985 	313.910004 
47.800000 	126.440002 	301.000000 	300.859985 	313.910004 
47.900000 	126.440002 	301.000000 	300.859985 	313.910004 
48.000000 	126.440002 	301.000000 	300.859985 	313.910004 
48.100000 	126.440002 	301.000000 	300.859985 	313.910004 
48.200000 	126.440002 	301.000000 	300.859985 	313.910004 
48.300000 	126.440002 	301.000000 	300.859985 	313.910004 
48.400000 	126.440002 	301.000000 	300.859985 	313.910004 
48.500000 	126.414001 	301.000000 	300.855988 	313.981995 
48.600000 	126.414001 	301.000000 	300.855988 	313.981995 
48.700000 	126.414001 	301.000000 	300.855988 	313.981995 
48.800000 	126.414001 	301.000000 	300.855988 	313.981995 
48.900000 	126.414001 	301.000000 	300.855988 	313.981995 
49.000000 	126.414001 	301.000000 	300.855988 	313.981995 
49.100000 	126.414001 	301.000000 	300.855988 	313.981995 
49.200000 	126.414001 	301.000000 	300.855988 	313.981995 
49.300000 	126.414001 	301.000000 	300.855988 	313.981995 
49.400000 	126.414001 	301.000000 	300.855988 	313.981995 
49.500000 	126.384003 	301.000000 	300.851013 	314.053009 
49.600000 	126.384003 	301.000000 	300.851013 	314.053009 
49.700000 	126.384003 	301.000000 	300.851013 	314.053009 
49.800000 	126.384003 	301.000000 	300.851013 	314.053009 
49.900000 	126.384003 	301.000000 	300.851013 	314.053009 
50.000000 	126.384003 	301.000000 	300.851013 	314.053009 
50.100000 	126.384003 	301.000000 	300.851013 	314.053009 
50.200000 	126.384003 	301.000000 	300.851013 	314.053009 
50.300000 	126.384003 	301.000000 	300.851013 	314.053009 
50.400000 	126.384003 	301.000000 	300.851013 	314.053009 
50.500000 	126.348999 	301.000000 	300.846008 	314.125000 
50.600000 	126.348999 	301.000000 	300.846008 	314.125000 
50.700000 	126.348999 	301.000000 	300.846008 	314.125000 
50.800000 	126.348999 	301.000000 	300.846008 	314.125000 
50.900000 	126.348999 	301.000000 	300.846008 	314.125000 
51.000000 	126.348999 	301.000000 	300.846008 	314.125000 
51.100000 	126.348999 	301.000000 	300.846008 	314.125000 
51.200000 	126.348999 	301.000000 	300.846008 	314.125000 
51.300000 	126.348999 	301.000000 	300.846008 	314.125000 
51.400000 	126.348999 	301.000000 	300.846008 	314.125000 
51.500000 	126.307999 	301.000000 	300.841003 	314.196014 
51.600000 	126.307999 	301.000000 	300.841003 	314.196014 
51.700000 	126.307999 	301.000000 	300.841003 	314.196014 
51.800000 	126.307999 	301.000000 	300.841003 	314.196014 
51.900000 	126.307999 	301.000000 	300.841003 	314.196014 
52.000000 	126.307999 	301.000000 	300.841003 	314.196014 
52.100000 	126.307999 	301.000000 	300.841003 	314.196014 
52.200000 	126.307999 	301.000000 	300.841003 	314.196014 
52.300000 	126.307999 	301.000000 	300.841003 	314.196014 
52.400000 	126.307999 	301.000000 	300.841003 	314.196014 
52.500000 	126.260002 	301.000000 	300.835999 	314.266998 
52.600000 	126.260002 	301.000000 	300.835999 	314.266998 
52.700000 	126.260002 	301.000000 	300.835999 	314.266998 
52.800000 	126.260002 	301.000000 	300.835999 	314.266998 
52.900000 	126.260002 	301.000000 	300.835999 	314.266998 
53.000000 	126.260002 	301.000000 	300.835999 	314.266998 
53.100000 	126.260002 	301.000000 	300.835999 	314.266998 
53.200000 	126.260002 	301.000000 	300.835999 	314.266998 
53.300000 	126.260002 	301.000000 	300.835999 	314.266998 
53.400000 	126.260002 	301.000000 	300.835999 	314.266998 
53.500000 	126.205002 	301.000000 	300.829987 	314.338013 
53.600000 	126.205002 	301.000000 	300.829987 	314.338013 
53.700000 	126.205002 	301.000000 	300.829987 	314.338013 
53.800000 	126.205002 	301.000000 	300.829987 	314.338013 
53.900000 	126.205002 	301.000000 	300.829987 	314.338013 
54.000000 	126.205002 	301.000000 	300.829987 	314.338013 
54.100000 	126.205002 	301.000000 	300.829987 	314.338013 
54.200000 	126.205002 	301.000000 	300.829987 	314.338013 
54.300000 	126.205002 	301.000000 	300.829987 	314.338013 
54.400000 	126.205002 	301.000000 	300.829987 	314.338013 
54.500000 	126.140999 	301.000000 	300.825012 	314.407990 
54.600000 	126.140999 	301.000000 	300.825012 	314.407990 
54.700000 	126.140999 	301.000000 	300.825012 	314.407990 
54.800000 	126.140999 	301.000000 	300.825012 	314.407990 
54.900000 	126.140999 	301.000000 	300.825012 	314.407990 
55.000000 	126.140999 	301.000000 	300.825012 	314.407990 
55.100000 	126.140999 	301.000000 	300.825012 	314.407990 
55.200000 	126.140999 	301.000000 	300.825012 	314.407990 
55.300000 	126.140999 	301.000000 	300.825012 	314.407990 
55.400000 	126.140999 	301.000000 	300.825012 	314.407990 
55.500000 	126.066002 	301.000000 	300.820007 	314.477997 
55.600000 	126.066002 	301.000000 	300.820007 	314.477997 
55.700000 	126.066002 	301.000000 	300.820007 	314.477997 
55.800000 	126.066002 	301.000000 	300.820007 	314.477997 
55.900000 	126.066002 	301.000000 	300.820007 	314.477997 
56.000000 	126.066002 	301.000000 	300.820007 	314.477997 
56.100000 	126.066002 	301.000000 	300.820007 	314.477997 
56.200000 	126.066002 	301.000000 	300.820007 	314.477997 
56.300000 	126.066002 	301.000000 	300.820007 	314.477997 
56.400000 	126.066002 	301.000000 	300.820007 	314.477997 
56.500000 	125.978996 	301.000000 	300.813995 	314.546997 
56.600000 	125.978996 	301.000000 	300.813995 	314.546997 
56.700000 	125.978996 	301.000000 	300.813995 	314.546997 
56.800000 	125.978996 	301.000000 	300.813995 	314.546997 
56.900000 	125.978996 	301.000000 	300.813995 	314.546997 
57.000000 	125.978996 	301.000000 	300.813995 	314.546997 
57.100000 	125.978996 	301.000000 	300.813995 	314.546997 
57.200000 	125.978996 	301.000000 	300.813995 	314.546997 
57.300000 	125.978996 	301.000000 	300.813995 	314.546997 
57.400000 	125.978996 	301.000000 	300.813995 	314.546997 
57.500000 	125.876999 	301.000000 	300.808014 	314.615997 
57.600000 	125.876999 	301.000000 	300.808014 	314.615997 
57.700000 	125.876999 	301.000000 	300.808014 	314.615997 
57.800000 	125.876999 	301.000000 	300.808014 	314.615997 
57.900000 	125.876999 	301.000000 	300.808014 	314.615997 
58.000000 	125.876999 	301.000000 	300.808014 	314.615997 
58.100000 	125.876999 	301.000000 	300.808014 	314.615997 
58.200000 	125.876999 	301.000000 	300.808014 	314.615997 
58.300000 	125.876999 	301.000000 	300.808014 	314.615997 
58.400000 	125.876999 	301.000000 	300.808014 	314.615997 
58.500000 	125.755997 	301.000000 	300.802002 	314.684998 
58.600000 	125.755997 	301.000000 	300.802002 	314.684998 
58.700000 	125.755997 	301.000000 	300.802002 	314.684998 
58.800000 	125.755997 	301.000000 	300.802002 	314.684998 
58.900000 	125.755997 	301.000000 	300.802002 	314.684998 
59.000000 	125.755997 	301.000000 	300.802002 	314.684998 
59.100000 	125.755997 	301.000000 	300.802002 	314.684998 
59.200000 	125.755997 	301.000000 	300.802002 	314.684998 
59.300000 	125.755997 	301.000000 	300.802002 	314.684998 
59.400000 	125.755997 	301.000000 	300.802002 	314.684998 
59.500000 	125.611000 	301.000000 	300.795990 	314.752014 
59.600000 	125.611000 	301.000000 	300.795990 	314.752014 
59.700000 	125.611000 	301.000000 	300.795990 	314.752014 
59.800000 	125.611000 	301.000000 	300.795990 	314.752014 
59.900000 	125.611000 	301.000000 	300.795990 	314.752014 
60.000000 	125.611000 	301.000000 	300.795990 	314.752014 
