0.500000 	94.608597 	753.000000 	761.508972 	755.853027 
0.600000 	94.608597 	753.000000 	761.508972 	755.853027 
0.700000 	94.608597 	753.000000 	761.508972 	755.853027 
0.800000 	94.608597 	753.000000 	761.508972 	755.853027 
0.900000 	94.608597 	753.000000 	761.508972 	755.853027 
1.000000 	94.608597 	753.000000 	761.508972 	755.853027 
1.100000 	94.608597 	753.000000 	761.508972 	755.853027 
1.200000 	94.608597 	753.000000 	761.508972 	755.853027 
1.300000 	94.608597 	753.000000 	761.508972 	755.853027 
1.400000 	94.608597 	753.000000 	761.508972 	755.853027 
1.500000 	104.962997 	753.000000 	757.125977 	756.997986 
1.600000 	104.962997 	753.000000 	757.125977 	756.997986 
1.700000 	104.962997 	753.000000 	757.125977 	756.997986 
1.800000 	104.962997 	753.000000 	757.125977 	756.997986 
1.900000 	104.962997 	753.000000 	757.125977 	756.997986 
2.000000 	104.962997 	753.000000 	757.125977 	756.997986 
2.100000 	104.962997 	753.000000 	757.125977 	756.997986 
2.200000 	104.962997 	753.000000 	757.125977 	756.997986 
2.300000 	104.962997 	753.000000 	757.125977 	756.997986 
2.400000 	104.962997 	753.000000 	757.125977 	756.997986 
2.500000 	114.661003 	753.000000 	755.124023 	757.117981 
2.600000 	114.661003 	753.000000 	755.124023 	757.117981 
2.700000 	114.661003 	753.000000 	755.124023 	757.117981 
2.800000 	114.661003 	753.000000 	755.124023 	757.117981 
2.900000 	114.661003 	753.000000 	755.124023 	757.117981 
3.000000 	114.661003 	753.000000 	755.124023 	757.117981 
3.100000 	114.661003 	753.000000 	755.124023 	757.117981 
3.200000 	114.661003 	753.000000 	755.124023 	757.117981 
3.300000 	114.661003 	753.000000 	755.124023 	757.117981 
3.400000 	114.661003 	753.000000 	755.124023 	757.117981 
3.500000 	119.308998 	753.000000 	754.203003 	757.166992 
3.600000 	119.308998 	753.000000 	754.203003 	757.166992 
3.700000 	119.308998 	753.000000 	754.203003 	757.166992 
3.800000 	119.308998 	753.000000 	754.203003 	757.166992 
3.900000 	119.308998 	753.000000 	754.203003 	757.166992 
4.000000 	119.308998 	753.000000 	754.203003 	757.166992 
4.100000 	119.308998 	753.000000 	754.203003 	757.166992 
4.200000 	119.308998 	753.000000 	754.203003 	757.166992 
4.300000 	119.308998 	753.000000 	754.203003 	757.166992 
4.400000 	119.308998 	753.000000 	754.203003 	757.166992 
4.500000 	121.734001 	753.000000 	753.728027 	757.195984 
4.600000 	121.734001 	753.000000 	753.728027 	757.195984 
4.700000 	121.734001 	753.000000 	753.728027 	757.195984 
4.800000 	121.734001 	753.000000 	753.728027 	757.195984 
4.900000 	121.734001 	753.000000 	753.728027 	757.195984 
5.000000 	121.734001 	753.000000 	753.728027 	757.195984 
5.100000 	121.734001 	753.000000 	753.728027 	757.195984 
5.200000 	121.734001 	753.000000 	753.728027 	757.195984 
5.300000 	121.734001 	753.000000 	753.728027 	757.195984 
5.400000 	121.734001 	753.000000 	753.728027 	757.195984 
5.500000 	123.132004 	753.000000 	753.455994 	757.216980 
5.600000 	123.132004 	753.000000 	753.455994 	757.216980 
5.700000 	123.132004 	753.000000 	753.455994 	757.216980 
5.800000 	123.132004 	753.000000 	753.455994 	757.216980 
5.900000 	123.132004 	753.000000 	753.455994 	757.216980 
6.000000 	123.132004 	753.000000 	753.455994 	757.216980 
6.100000 	123.132004 	753.000000 	753.455994 	757.216980 
6.200000 	123.132004 	753.000000 	753.455994 	757.216980 
6.300000 	123.132004 	753.000000 	753.455994 	757.216980 
6.400000 	123.132004 	753.000000 	753.455994 	757.216980 
6.500000 	124.005997 	753.000000 	753.286987 	757.234009 
6.600000 	124.005997 	753.000000 	753.286987 	757.234009 
6.700000 	124.005997 	753.000000 	753.286987 	757.234009 
6.800000 	124.005997 	753.000000 	753.286987 	757.234009 
6.900000 	124.005997 	753.000000 	753.286987 	757.234009 
7.000000 	124.005997 	753.000000 	753.286987 	757.234009 
7.100000 	124.005997 	753.000000 	753.286987 	757.234009 
7.200000 	124.005997 	753.000000 	753.286987 	757.234009 
7.300000 	124.005997 	753.000000 	753.286987 	757.234009 
7.400000 	124.005997 	753.000000 	753.286987 	757.234009 
7.500000 	124.586998 	753.000000 	753.176025 	757.249023 
7.600000 	124.586998 	753.000000 	753.176025 	757.249023 
7.700000 	124.586998 	753.000000 	753.176025 	757.249023 
7.800000 	124.586998 	753.000000 	753.176025 	757.249023 
7.900000 	124.586998 	753.000000 	753.176025 	757.249023 
8.000000 	124.586998 	753.000000 	753.176025 	757.249023 
8.100000 	124.586998 	753.000000 	753.176025 	757.249023 
8.200000 	124.586998 	753.000000 	753.176025 	757.249023 
8.300000 	124.586998 	753.000000 	753.176025 	757.249023 
8.400000 	124.586998 	753.000000 	753.176025 	757.249023 
8.500000 	124.991997 	753.000000 	753.098999 	757.262024 
8.600000 	124.991997 	753.000000 	753.098999 	757.262024 
8.700000 	124.991997 	753.000000 	753.098999 	757.262024 
8.800000 	124.991997 	753.000000 	753.098999 	757.262024 
8.900000 	124.991997 	753.000000 	753.098999 	757.262024 
9.000000 	124.991997 	753.000000 	753.098999 	757.262024 
9.100000 	124.991997 	753.000000 	753.098999 	757.262024 
9.200000 	124.991997 	753.000000 	753.098999 	757.262024 
9.300000 	124.991997 	753.000000 	753.098999 	757.262024 
9.400000 	124.991997 	753.000000 	753.098999 	757.262024 
9.500000 	125.287003 	753.000000 	753.043030 	757.275024 
9.600000 	125.287003 	753.000000 	753.043030 	757.275024 
9.700000 	125.287003 	753.000000 	753.043030 	757.275024 
9.800000 	125.287003 	753.000000 	753.043030 	757.275024 
9.900000 	125.287003 	753.000000 	753.043030 	757.275024 
10.000000 	125.287003 	753.000000 	753.043030 	757.275024 
10.100000 	125.287003 	753.000000 	753.043030 	757.275024 
10.200000 	125.287003 	753.000000 	753.043030 	757.275024 
10.300000 	125.287003 	753.000000 	753.043030 	757.275024 
10.400000 	125.287003 	753.000000 	753.043030 	757.275024 
10.500000 	125.507004 	753.000000 	753.000977 	757.302002 
10.600000 	125.507004 	753.000000 	753.000977 	757.302002 
10.700000 	125.507004 	753.000000 	753.000977 	757.302002 
10.800000 	125.507004 	753.000000 	753.000977 	757.302002 
10.900000 	125.507004 	753.000000 	753.000977 	757.302002 
11.000000 	125.507004 	753.000000 	753.000977 	757.302002 
11.100000 	125.507004 	753.000000 	753.000977 	757.302002 
11.200000 	125.507004 	753.000000 	753.000977 	757.302002 
11.300000 	125.507004 	753.000000 	753.000977 	757.302002 
11.400000 	125.507004 	753.000000 	753.000977 	757.302002 
11.500000 	125.677002 	753.000000 	752.968994 	757.314026 
11.600000 	125.677002 	753.000000 	752.968994 	757.314026 
11.700000 	125.677002 	753.000000 	752.968994 	757.314026 
11.800000 	125.677002 	753.000000 	752.968994 	757.314026 
11.900000 	125.677002 	753.000000 	752.968994 	757.314026 
12.000000 	125.677002 	753.000000 	752.968994 	757.314026 
12.100000 	125.677002 	753.000000 	752.968994 	757.314026 
12.200000 	125.677002 	753.000000 	752.968994 	757.314026 
12.300000 	125.677002 	753.000000 	752.968994 	757.314026 
12.400000 	125.677002 	753.000000 	752.968994 	757.314026 
12.500000 	125.810997 	753.000000 	752.943970 	757.327026 
12.600000 	125.810997 	753.000000 	752.943970 	757.327026 
12.700000 	125.810997 	753.000000 	752.943970 	757.327026 
12.800000 	125.810997 	753.000000 	752.943970 	757.327026 
12.900000 	125.810997 	753.000000 	752.943970 	757.327026 
13.000000 	125.810997 	753.000000 	752.943970 	757.327026 
13.100000 	125.810997 	753.000000 	752.943970 	757.327026 
13.200000 	125.810997 	753.000000 	752.943970 	757.327026 
13.300000 	125.810997 	753.000000 	752.943970 	757.327026 
13.400000 	125.810997 	753.000000 	752.943970 	757.327026 
13.500000 	125.918999 	753.000000 	752.924011 	757.340027 
13.600000 	125.918999 	753.000000 	752.924011 	757.340027 
13.700000 	125.918999 	753.000000 	752.924011 	757.340027 
13.800000 	125.918999 	753.000000 	752.924011 	757.340027 
13.900000 	125.918999 	753.000000 	752.924011 	757.340027 
14.000000 	125.918999 	753.000000 	752.924011 	757.340027 
14.100000 	125.918999 	753.000000 	752.924011 	757.340027 
14.200000 	125.918999 	753.000000 	752.924011 	757.340027 
14.300000 	125.918999 	753.000000 	752.924011 	757.340027 
14.400000 	125.918999 	753.000000 	752.924011 	757.340027 
14.500000 	126.007004 	753.000000 	752.906982 	757.351990 
14.600000 	126.007004 	753.000000 	752.906982 	757.351990 
14.700000 	126.007004 	753.000000 	752.906982 	757.351990 
14.800000 	126.007004 	753.000000 	752.906982 	757.351990 
14.900000 	126.007004 	753.000000 	752.906982 	757.351990 
15.000000 	126.007004 	753.000000 	752.906982 	757.351990 
15.100000 	126.007004 	753.000000 	752.906982 	757.351990 
15.200000 	126.007004 	753.000000 	752.906982 	757.351990 
15.300000 	126.007004 	753.000000 	752.906982 	757.351990 
15.400000 	126.007004 	753.000000 	752.906982 	757.351990 
15.500000 	126.080002 	753.000000 	752.893005 	757.364990 
15.600000 	126.080002 	753.000000 	752.893005 	757.364990 
15.700000 	126.080002 	753.000000 	752.893005 	757.364990 
15.800000 	126.080002 	753.000000 	752.893005 	757.364990 
15.900000 	126.080002 	753.000000 	752.893005 	757.364990 
16.000000 	126.080002 	753.000000 	752.893005 	757.364990 
16.100000 	126.080002 	753.000000 	752.893005 	757.364990 
16.200000 	126.080002 	753.000000 	752.893005 	757.364990 
16.300000 	126.080002 	753.000000 	752.893005 	757.364990 
16.400000 	126.080002 	753.000000 	752.893005 	757.364990 
16.500000 	126.141998 	753.000000 	752.880005 	757.379028 
16.600000 	126.141998 	753.000000 	752.880005 	757.379028 
16.700000 	126.141998 	753.000000 	752.880005 	757.379028 
16.800000 	126.141998 	753.000000 	752.880005 	757.379028 
16.900000 	126.141998 	753.000000 	752.880005 	757.379028 
17.000000 	126.141998 	753.000000 	752.880005 	757.379028 
17.100000 	126.141998 	753.000000 	752.880005 	757.379028 
17.200000 	126.141998 	753.000000 	752.880005 	757.379028 
17.300000 	126.141998 	753.000000 	752.880005 	757.379028 
17.400000 	126.141998 	753.000000 	752.880005 	757.379028 
17.500000 	126.194000 	753.000000 	752.869995 	757.392029 
17.600000 	126.194000 	753.000000 	752.869995 	757.392029 
17.700000 	126.194000 	753.000000 	752.869995 	757.392029 
17.800000 	126.194000 	753.000000 	752.869995 	757.392029 
17.900000 	126.194000 	753.000000 	752.869995 	757.392029 
18.000000 	126.194000 	753.000000 	752.869995 	757.392029 
18.100000 	126.194000 	753.000000 	752.869995 	757.392029 
18.200000 	126.194000 	753.000000 	752.869995 	757.392029 
18.300000 	126.194000 	753.000000 	752.869995 	757.392029 
18.400000 	126.194000 	753.000000 	752.869995 	757.392029 
18.500000 	126.238998 	753.000000 	752.859985 	757.405029 
18.600000 	126.238998 	753.000000 	752.859985 	757.405029 
18.700000 	126.238998 	753.000000 	752.859985 	757.405029 
18.800000 	126.238998 	753.000000 	752.859985 	757.405029 
18.900000 	126.238998 	753.000000 	752.859985 	757.405029 
19.000000 	126.238998 	753.000000 	752.859985 	757.405029 
19.100000 	126.238998 	753.000000 	752.859985 	757.405029 
19.200000 	126.238998 	753.000000 	752.859985 	757.405029 
19.300000 	126.238998 	753.000000 	752.859985 	757.405029 
19.400000 	126.238998 	753.000000 	752.859985 	757.405029 
19.500000 	126.278000 	753.000000 	752.851990 	757.419006 
19.600000 	126.278000 	753.000000 	752.851990 	757.419006 
19.700000 	126.278000 	753.000000 	752.851990 	757.419006 
19.800000 	126.278000 	753.000000 	752.851990 	757.419006 
19.900000 	126.278000 	753.000000 	752.851990 	757.419006 
20.000000 	126.278000 	753.000000 	752.851990 	757.419006 
20.100000 	126.278000 	753.000000 	752.851990 	757.419006 
20.200000 	126.278000 	753.000000 	752.851990 	757.419006 
20.300000 	126.278000 	753.000000 	752.851990 	757.419006 
20.400000 	126.278000 	753.000000 	752.851990 	757.419006 
20.500000 	126.311996 	753.000000 	752.843994 	757.432007 
20.600000 	126.311996 	753.000000 	752.843994 	757.432007 
20.700000 	126.311996 	753.000000 	752.843994 	757.432007 
20.800000 	126.311996 	753.000000 	752.843994 	757.432007 
20.900000 	126.311996 	753.000000 	752.843994 	757.432007 
21.000000 	126.311996 	753.000000 	752.843994 	757.432007 
21.100000 	126.311996 	753.000000 	752.843994 	757.432007 
21.200000 	126.311996 	753.000000 	752.843994 	757.432007 
21.300000 	126.311996 	753.000000 	752.843994 	757.432007 
21.400000 	126.311996 	753.000000 	752.843994 	757.432007 
21.500000 	126.342003 	753.000000 	752.836975 	757.445984 
21.600000 	126.342003 	753.000000 	752.836975 	757.445984 
21.700000 	126.342003 	753.000000 	752.836975 	757.445984 
21.800000 	126.342003 	753.000000 	752.836975 	757.445984 
21.900000 	126.342003 	753.000000 	752.836975 	757.445984 
22.000000 	126.342003 	753.000000 	752.836975 	757.445984 
22.100000 	126.342003 	753.000000 	752.836975 	757.445984 
22.200000 	126.342003 	753.000000 	752.836975 	757.445984 
22.300000 	126.342003 	753.000000 	752.836975 	757.445984 
22.400000 	126.342003 	753.000000 	752.836975 	757.445984 
22.500000 	126.369003 	753.000000 	752.830017 	757.460022 
22.600000 	126.369003 	753.000000 	752.830017 	757.460022 
22.700000 	126.369003 	753.000000 	752.830017 	757.460022 
22.800000 	126.369003 	753.000000 	752.830017 	757.460022 
22.900000 	126.369003 	753.000000 	752.830017 	757.460022 
23.000000 	126.369003 	753.000000 	752.830017 	757.460022 
23.100000 	126.369003 	753.000000 	752.830017 	757.460022 
23.200000 	126.369003 	753.000000 	752.830017 	757.460022 
23.300000 	126.369003 	753.000000 	752.830017 	757.460022 
23.400000 	126.369003 	753.000000 	752.830017 	757.460022 
23.500000 	126.391998 	753.000000 	752.822998 	757.473999 
23.600000 	126.391998 	753.000000 	752.822998 	757.473999 
23.700000 	126.391998 	753.000000 	752.822998 	757.473999 
23.800000 	126.391998 	753.000000 	752.822998 	757.473999 
23.900000 	126.391998 	753.000000 	752.822998 	757.473999 
24.000000 	126.391998 	753.000000 	752.822998 	757.473999 
24.100000 	126.391998 	753.000000 	752.822998 	757.473999 
24.200000 	126.391998 	753.000000 	752.822998 	757.473999 
24.300000 	126.391998 	753.000000 	752.822998 	757.473999 
24.400000 	126.391998 	753.000000 	752.822998 	757.473999 
24.500000 	126.413002 	753.000000 	752.817017 	757.487976 
24.600000 	126.413002 	753.000000 	752.817017 	757.487976 
24.700000 	126.413002 	753.000000 	752.817017 	757.487976 
24.800000 	126.413002 	753.000000 	752.817017 	757.487976 
24.900000 	126.413002 	753.000000 	752.817017 	757.487976 
25.000000 	126.413002 	753.000000 	752.817017 	757.487976 
25.100000 	126.413002 	753.000000 	752.817017 	757.487976 
25.200000 	126.413002 	753.000000 	752.817017 	757.487976 
25.300000 	126.413002 	753.000000 	752.817017 	757.487976 
25.400000 	126.413002 	753.000000 	752.817017 	757.487976 
25.500000 	126.431999 	753.000000 	752.809998 	757.502014 
25.600000 	126.431999 	753.000000 	752.809998 	757.502014 
25.700000 	126.431999 	753.000000 	752.809998 	757.502014 
25.800000 	126.431999 	753.000000 	752.809998 	757.502014 
25.900000 	126.431999 	753.000000 	752.809998 	757.502014 
26.000000 	126.431999 	753.000000 	752.809998 	757.502014 
26.100000 	126.431999 	753.000000 	752.809998 	757.502014 
26.200000 	126.431999 	753.000000 	752.809998 	757.502014 
26.300000 	126.431999 	753.000000 	752.809998 	757.502014 
26.400000 	126.431999 	753.000000 	752.809998 	757.502014 
26.500000 	126.448997 	753.000000 	752.804016 	757.515015 
26.600000 	126.448997 	753.000000 	752.804016 	757.515015 
26.700000 	126.448997 	753.000000 	752.804016 	757.515015 
26.800000 	126.448997 	753.000000 	752.804016 	757.515015 
26.900000 	126.448997 	753.000000 	752.804016 	757.515015 
27.000000 	126.448997 	753.000000 	752.804016 	757.515015 
27.100000 	126.448997 	753.000000 	752.804016 	757.515015 
27.200000 	126.448997 	753.000000 	752.804016 	757.515015 
27.300000 	126.448997 	753.000000 	752.804016 	757.515015 
27.400000 	126.448997 	753.000000 	752.804016 	757.515015 
27.500000 	126.462997 	753.000000 	752.797974 	757.528992 
27.600000 	126.462997 	753.000000 	752.797974 	757.528992 
27.700000 	126.462997 	753.000000 	752.797974 	757.528992 
27.800000 	126.462997 	753.000000 	752.797974 	757.528992 
27.900000 	126.462997 	753.000000 	752.797974 	757.528992 
28.000000 	126.462997 	753.000000 	752.797974 	757.528992 
28.100000 	126.462997 	753.000000 	752.797974 	757.528992 
28.200000 	126.462997 	753.000000 	752.797974 	757.528992 
28.300000 	126.462997 	753.000000 	752.797974 	757.528992 
28.400000 	126.462997 	753.000000 	752.797974 	757.528992 
28.500000 	126.476997 	753.000000 	752.791992 	757.543030 
28.600000 	126.476997 	753.000000 	752.791992 	757.543030 
28.700000 	126.476997 	753.000000 	752.791992 	757.543030 
28.800000 	126.476997 	753.000000 	752.791992 	757.543030 
28.900000 	126.476997 	753.000000 	752.791992 	757.543030 
29.000000 	126.476997 	753.000000 	752.791992 	757.543030 
29.100000 	126.476997 	753.000000 	752.791992 	757.543030 
29.200000 	126.476997 	753.000000 	752.791992 	757.543030 
29.300000 	126.476997 	753.000000 	752.791992 	757.543030 
29.400000 	126.476997 	753.000000 	752.791992 	757.543030 
29.500000 	126.487999 	753.000000 	752.786011 	757.557007 
29.600000 	126.487999 	753.000000 	752.786011 	757.557007 
29.700000 	126.487999 	753.000000 	752.786011 	757.557007 
29.800000 	126.487999 	753.000000 	752.786011 	757.557007 
29.900000 	126.487999 	753.000000 	752.786011 	757.557007 
30.000000 	126.487999 	753.000000 	752.786011 	757.557007 
30.100000 	126.487999 	753.000000 	752.786011 	757.557007 
30.200000 	126.487999 	753.000000 	752.786011 	757.557007 
30.300000 	126.487999 	753.000000 	752.786011 	757.557007 
30.400000 	126.487999 	753.000000 	752.786011 	757.557007 
30.500000 	126.498001 	753.000000 	752.780029 	757.570007 
30.600000 	126.498001 	753.000000 	752.780029 	757.570007 
30.700000 	126.498001 	753.000000 	752.780029 	757.570007 
30.800000 	126.498001 	753.000000 	752.780029 	757.570007 
30.900000 	126.498001 	753.000000 	752.780029 	757.570007 
31.000000 	126.498001 	753.000000 	752.780029 	757.570007 
31.100000 	126.498001 	753.000000 	752.780029 	757.570007 
31.200000 	126.498001 	753.000000 	752.780029 	757.570007 
31.300000 	126.498001 	753.000000 	752.780029 	757.570007 
31.400000 	126.498001 	753.000000 	752.780029 	757.570007 
31.500000 	126.507004 	753.000000 	752.773987 	757.583008 
31.600000 	126.507004 	753.000000 	752.773987 	757.583008 
31.700000 	126.507004 	753.000000 	752.773987 	757.583008 
31.800000 	126.507004 	753.000000 	752.773987 	757.583008 
31.900000 	126.507004 	753.000000 	752.773987 	757.583008 
32.000000 	126.507004 	753.000000 	752.773987 	757.583008 
32.100000 	126.507004 	753.000000 	752.773987 	757.583008 
32.200000 	126.507004 	753.000000 	752.773987 	757.583008 
32.300000 	126.507004 	753.000000 	752.773987 	757.583008 
32.400000 	126.507004 	753.000000 	752.773987 	757.583008 
32.500000 	126.514000 	753.000000 	752.767029 	757.596008 
32.600000 	126.514000 	753.000000 	752.767029 	757.596008 
32.700000 	126.514000 	753.000000 	752.767029 	757.596008 
32.800000 	126.514000 	753.000000 	752.767029 	757.596008 
32.900000 	126.514000 	753.000000 	752.767029 	757.596008 
33.000000 	126.514000 	753.000000 	752.767029 	757.596008 
33.100000 	126.514000 	753.000000 	752.767029 	757.596008 
33.200000 	126.514000 	753.000000 	752.767029 	757.596008 
33.300000 	126.514000 	753.000000 	752.767029 	757.596008 
33.400000 	126.514000 	753.000000 	752.767029 	757.596008 
33.500000 	126.519997 	753.000000 	752.760986 	757.609009 
33.600000 	126.519997 	753.000000 	752.760986 	757.609009 
33.700000 	126.519997 	753.000000 	752.760986 	757.609009 
33.800000 	126.519997 	753.000000 	752.760986 	757.609009 
33.900000 	126.519997 	753.000000 	752.760986 	757.609009 
34.000000 	126.519997 	753.000000 	752.760986 	757.609009 
34.100000 	126.519997 	753.000000 	752.760986 	757.609009 
34.200000 	126.519997 	753.000000 	752.760986 	757.609009 
34.300000 	126.519997 	753.000000 	752.760986 	757.609009 
34.400000 	126.519997 	753.000000 	752.760986 	757.609009 
34.500000 	126.524002 	753.000000 	752.754028 	757.622009 
34.600000 	126.524002 	753.000000 	752.754028 	757.622009 
34.700000 	126.524002 	753.000000 	752.754028 	757.622009 
34.800000 	126.524002 	753.000000 	752.754028 	757.622009 
34.900000 	126.524002 	753.000000 	752.754028 	757.622009 
35.000000 	126.524002 	753.000000 	752.754028 	757.622009 
35.100000 	126.524002 	753.000000 	752.754028 	757.622009 
35.200000 	126.524002 	753.000000 	752.754028 	757.622009 
35.300000 	126.524002 	753.000000 	752.754028 	757.622009 
35.400000 	126.524002 	753.000000 	752.754028 	757.622009 
35.500000 	126.527000 	753.000000 	752.747009 	757.633972 
35.600000 	126.527000 	753.000000 	752.747009 	757.633972 
35.700000 	126.527000 	753.000000 	752.747009 	757.633972 
35.800000 	126.527000 	753.000000 	752.747009 	757.633972 
35.900000 	126.527000 	753.000000 	752.747009 	757.633972 
36.000000 	126.527000 	753.000000 	752.747009 	757.633972 
36.100000 	126.527000 	753.000000 	752.747009 	757.633972 
36.200000 	126.527000 	753.000000 	752.747009 	757.633972 
36.300000 	126.527000 	753.000000 	752.747009 	757.633972 
36.400000 	126.527000 	753.000000 	752.747009 	757.633972 
36.500000 	126.528000 	753.000000 	752.739990 	757.646973 
36.600000 	126.528000 	753.000000 	752.739990 	757.646973 
36.700000 	126.528000 	753.000000 	752.739990 	757.646973 
36.800000 	126.528000 	753.000000 	752.739990 	757.646973 
36.900000 	126.528000 	753.000000 	752.739990 	757.646973 
37.000000 	126.528000 	753.000000 	752.739990 	757.646973 
37.100000 	126.528000 	753.000000 	752.739990 	757.646973 
37.200000 	126.528000 	753.000000 	752.739990 	757.646973 
37.300000 	126.528000 	753.000000 	752.739990 	757.646973 
37.400000 	126.528000 	753.000000 	752.739990 	757.646973 
37.500000 	126.527000 	753.000000 	752.732971 	757.658020 
37.600000 	126.527000 	753.000000 	752.732971 	757.658020 
37.700000 	126.527000 	753.000000 	752.732971 	757.658020 
37.800000 	126.527000 	753.000000 	752.732971 	757.658020 
37.900000 	126.527000 	753.000000 	752.732971 	757.658020 
38.000000 	126.527000 	753.000000 	752.732971 	757.658020 
38.100000 	126.527000 	753.000000 	752.732971 	757.658020 
38.200000 	126.527000 	753.000000 	752.732971 	757.658020 
38.300000 	126.527000 	753.000000 	752.732971 	757.658020 
38.400000 	126.527000 	753.000000 	752.732971 	757.658020 
38.500000 	126.525002 	753.000000 	752.724976 	757.669983 
38.600000 	126.525002 	753.000000 	752.724976 	757.669983 
38.700000 	126.525002 	753.000000 	752.724976 	757.669983 
38.800000 	126.525002 	753.000000 	752.724976 	757.669983 
38.900000 	126.525002 	753.000000 	752.724976 	757.669983 
39.000000 	126.525002 	753.000000 	752.724976 	757.669983 
39.100000 	126.525002 	753.000000 	752.724976 	757.669983 
39.200000 	126.525002 	753.000000 	752.724976 	757.669983 
39.300000 	126.525002 	753.000000 	752.724976 	757.669983 
39.400000 	126.525002 	753.000000 	752.724976 	757.669983 
39.500000 	126.522003 	753.000000 	752.716980 	757.681030 
39.600000 	126.522003 	753.000000 	752.716980 	757.681030 
39.700000 	126.522003 	753.000000 	752.716980 	757.681030 
39.800000 	126.522003 	753.000000 	752.716980 	757.681030 
39.900000 	126.522003 	753.000000 	752.716980 	757.681030 
40.000000 	126.522003 	753.000000 	752.716980 	757.681030 
40.100000 	126.522003 	753.000000 	752.716980 	757.681030 
40.200000 	126.522003 	753.000000 	752.716980 	757.681030 
40.300000 	126.522003 	753.000000 	752.716980 	757.681030 
40.400000 	126.522003 	753.000000 	752.716980 	757.681030 
40.500000 	126.515999 	753.000000 	752.708984 	757.692017 
40.600000 	126.515999 	753.000000 	752.708984 	757.692017 
40.700000 	126.515999 	753.000000 	752.708984 	757.692017 
40.800000 	126.515999 	753.000000 	752.708984 	757.692017 
40.900000 	126.515999 	753.000000 	752.708984 	757.692017 
41.000000 	126.515999 	753.000000 	752.708984 	757.692017 
41.100000 	126.515999 	753.000000 	752.708984 	757.692017 
41.200000 	126.515999 	753.000000 	752.708984 	757.692017 
41.300000 	126.515999 	753.000000 	752.708984 	757.692017 
41.400000 	126.515999 	753.000000 	752.708984 	757.692017 
41.500000 	126.508003 	753.000000 	752.700989 	757.703003 
41.600000 	126.508003 	753.000000 	752.700989 	757.703003 
41.700000 	126.508003 	753.000000 	752.700989 	757.703003 
41.800000 	126.508003 	753.000000 	752.700989 	757.703003 
41.900000 	126.508003 	753.000000 	752.700989 	757.703003 
42.000000 	126.508003 	753.000000 	752.700989 	757.703003 
42.100000 	126.508003 	753.000000 	752.700989 	757.703003 
42.200000 	126.508003 	753.000000 	752.700989 	757.703003 
42.300000 	126.508003 	753.000000 	752.700989 	757.703003 
42.400000 	126.508003 	753.000000 	752.700989 	757.703003 
42.500000 	126.498001 	753.000000 	752.692017 	757.713013 
42.600000 	126.498001 	753.000000 	752.692017 	757.713013 
42.700000 	126.498001 	753.000000 	752.692017 	757.713013 
42.800000 	126.498001 	753.000000 	752.692017 	757.713013 
42.900000 	126.498001 	753.000000 	752.692017 	757.713013 
43.000000 	126.498001 	753.000000 	752.692017 	757.713013 
43.100000 	126.498001 	753.000000 	752.692017 	757.713013 
43.200000 	126.498001 	753.000000 	752.692017 	757.713013 
43.300000 	126.498001 	753.000000 	752.692017 	757.713013 
43.400000 	126.498001 	753.000000 	752.692017 	757.713013 
43.500000 	126.486000 	753.000000 	752.682983 	757.721985 
43.600000 	126.486000 	753.000000 	752.682983 	757.721985 
43.700000 	126.486000 	753.000000 	752.682983 	757.721985 
43.800000 	126.486000 	753.000000 	752.682983 	757.721985 
43.900000 	126.486000 	753.000000 	752.682983 	757.721985 
44.000000 	126.486000 	753.000000 	752.682983 	757.721985 
44.100000 	126.486000 	753.000000 	752.682983 	757.721985 
44.200000 	126.486000 	753.000000 	752.682983 	757.721985 
44.300000 	126.486000 	753.000000 	752.682983 	757.721985 
44.400000 	126.486000 	753.000000 	752.682983 	757.721985 
44.500000 	126.471001 	753.000000 	752.674011 	757.731995 
44.600000 	126.471001 	753.000000 	752.674011 	757.731995 
44.700000 	126.471001 	753.000000 	752.674011 	757.731995 
44.800000 	126.471001 	753.000000 	752.674011 	757.731995 
44.900000 	126.471001 	753.000000 	752.674011 	757.731995 
45.000000 	126.471001 	753.000000 	752.674011 	757.731995 
45.100000 	126.471001 	753.000000 	752.674011 	757.731995 
45.200000 	126.471001 	753.000000 	752.674011 	757.731995 
45.300000 	126.471001 	753.000000 	752.674011 	757.731995 
45.400000 	126.471001 	753.000000 	752.674011 	757.731995 
45.500000 	126.453003 	753.000000 	752.664978 	757.739990 
45.600000 	126.453003 	753.000000 	752.664978 	757.739990 
45.700000 	126.453003 	753.000000 	752.664978 	757.739990 
45.800000 	126.453003 	753.000000 	752.664978 	757.739990 
45.900000 	126.453003 	753.000000 	752.664978 	757.739990 
46.000000 	126.453003 	753.000000 	752.664978 	757.739990 
46.100000 	126.453003 	753.000000 	752.664978 	757.739990 
46.200000 	126.453003 	753.000000 	752.664978 	757.739990 
46.300000 	126.453003 	753.000000 	752.664978 	757.739990 
46.400000 	126.453003 	753.000000 	752.664978 	757.739990 
46.500000 	126.431999 	753.000000 	752.655029 	757.749023 
46.600000 	126.431999 	753.000000 	752.655029 	757.749023 
46.700000 	126.431999 	753.000000 	752.655029 	757.749023 
46.800000 	126.431999 	753.000000 	752.655029 	757.749023 
46.900000 	126.431999 	753.000000 	752.655029 	757.749023 
47.000000 	126.431999 	753.000000 	752.655029 	757.749023 
47.100000 	126.431999 	753.000000 	752.655029 	757.749023 
47.200000 	126.431999 	753.000000 	752.655029 	757.749023 
47.300000 	126.431999 	753.000000 	752.655029 	757.749023 
47.400000 	126.431999 	753.000000 	752.655029 	757.749023 
47.500000 	126.406998 	753.000000 	752.643982 	757.755981 
47.600000 	126.406998 	753.000000 	752.643982 	757.755981 
47.700000 	126.406998 	753.000000 	752.643982 	757.755981 
47.800000 	126.406998 	753.000000 	752.643982 	757.755981 
47.900000 	126.406998 	753.000000 	752.643982 	757.755981 
48.000000 	126.406998 	753.000000 	752.643982 	757.755981 
48.100000 	126.406998 	753.000000 	752.643982 	757.755981 
48.200000 	126.406998 	753.000000 	752.643982 	757.755981 
48.300000 	126.406998 	753.000000 	752.643982 	757.755981 
48.400000 	126.406998 	753.000000 	752.643982 	757.755981 
48.500000 	126.378998 	753.000000 	752.633972 	757.763977 
48.600000 	126.378998 	753.000000 	752.633972 	757.763977 
48.700000 	126.378998 	753.000000 	752.633972 	757.763977 
48.800000 	126.378998 	753.000000 	752.633972 	757.763977 
48.900000 	126.378998 	753.000000 	752.633972 	757.763977 
49.000000 	126.378998 	753.000000 	752.633972 	757.763977 
49.100000 	126.378998 	753.000000 	752.633972 	757.763977 
49.200000 	126.378998 	753.000000 	752.633972 	757.763977 
49.300000 	126.378998 	753.000000 	752.633972 	757.763977 
49.400000 	126.378998 	753.000000 	752.633972 	757.763977 
49.500000 	126.346001 	753.000000 	752.622986 	757.770020 
49.600000 	126.346001 	753.000000 	752.622986 	757.770020 
49.700000 	126.346001 	753.000000 	752.622986 	757.770020 
49.800000 	126.346001 	753.000000 	752.622986 	757.770020 
49.900000 	126.346001 	753.000000 	752.622986 	757.770020 
50.000000 	126.346001 	753.000000 	752.622986 	757.770020 
50.100000 	126.346001 	753.000000 	752.622986 	757.770020 
50.200000 	126.346001 	753.000000 	752.622986 	757.770020 
50.300000 	126.346001 	753.000000 	752.622986 	757.770020 
50.400000 	126.346001 	753.000000 	752.622986 	757.770020 
50.500000 	126.307999 	753.000000 	752.611023 	757.776978 
50.600000 	126.307999 	753.000000 	752.611023 	757.776978 
50.700000 	126.307999 	753.000000 	752.611023 	757.776978 
50.800000 	126.307999 	753.000000 	752.611023 	757.776978 
50.900000 	126.307999 	753.000000 	752.611023 	757.776978 
51.000000 	126.307999 	753.000000 	752.611023 	757.776978 
51.100000 	126.307999 	753.000000 	752.611023 	757.776978 
51.200000 	126.307999 	753.000000 	752.611023 	757.776978 
51.300000 	126.307999 	753.000000 	752.611023 	757.776978 
51.400000 	126.307999 	753.000000 	752.611023 	757.776978 
51.500000 	126.264000 	753.000000 	752.598999 	757.781982 
51.600000 	126.264000 	753.000000 	752.598999 	757.781982 
51.700000 	126.264000 	753.000000 	752.598999 	757.781982 
51.800000 	126.264000 	753.000000 	752.598999 	757.781982 
51.900000 	126.264000 	753.000000 	752.598999 	757.781982 
52.000000 	126.264000 	753.000000 	752.598999 	757.781982 
52.100000 	126.264000 	753.000000 	752.598999 	757.781982 
52.200000 	126.264000 	753.000000 	752.598999 	757.781982 
52.300000 	126.264000 	753.000000 	752.598999 	757.781982 
52.400000 	126.264000 	753.000000 	752.598999 	757.781982 
52.500000 	126.213997 	753.000000 	752.586975 	757.786987 
52.600000 	126.213997 	753.000000 	752.586975 	757.786987 
52.700000 	126.213997 	753.000000 	752.586975 	757.786987 
52.800000 	126.213997 	753.000000 	752.586975 	757.786987 
52.900000 	126.213997 	753.000000 	752.586975 	757.786987 
53.000000 	126.213997 	753.000000 	752.586975 	757.786987 
53.100000 	126.213997 	753.000000 	752.586975 	757.786987 
53.200000 	126.213997 	753.000000 	752.586975 	757.786987 
53.300000 	126.213997 	753.000000 	752.586975 	757.786987 
53.400000 	126.213997 	753.000000 	752.586975 	757.786987 
53.500000 	126.155998 	753.000000 	752.573975 	757.791016 
53.600000 	126.155998 	753.000000 	752.573975 	757.791016 
53.700000 	126.155998 	753.000000 	752.573975 	757.791016 
53.800000 	126.155998 	753.000000 	752.573975 	757.791016 
53.900000 	126.155998 	753.000000 	752.573975 	757.791016 
54.000000 	126.155998 	753.000000 	752.573975 	757.791016 
54.100000 	126.155998 	753.000000 	752.573975 	757.791016 
54.200000 	126.155998 	753.000000 	752.573975 	757.791016 
54.300000 	126.155998 	753.000000 	752.573975 	757.791016 
54.400000 	126.155998 	753.000000 	752.573975 	757.791016 
54.500000 	126.088997 	753.000000 	752.560974 	757.794983 
54.600000 	126.088997 	753.000000 	752.560974 	757.794983 
54.700000 	126.088997 	753.000000 	752.560974 	757.794983 
54.800000 	126.088997 	753.000000 	752.560974 	757.794983 
54.900000 	126.088997 	753.000000 	752.560974 	757.794983 
55.000000 	126.088997 	753.000000 	752.560974 	757.794983 
55.100000 	126.088997 	753.000000 	752.560974 	757.794983 
55.200000 	126.088997 	753.000000 	752.560974 	757.794983 
55.300000 	126.088997 	753.000000 	752.560974 	757.794983 
55.400000 	126.088997 	753.000000 	752.560974 	757.794983 
55.500000 	126.012001 	753.000000 	752.546997 	757.797974 
55.600000 	126.012001 	753.000000 	752.546997 	757.797974 
55.700000 	126.012001 	753.000000 	752.546997 	757.797974 
55.800000 	126.012001 	753.000000 	752.546997 	757.797974 
55.900000 	126.012001 	753.000000 	752.546997 	757.797974 
56.000000 	126.012001 	753.000000 	752.546997 	757.797974 
56.100000 	126.012001 	753.000000 	752.546997 	757.797974 
56.200000 	126.012001 	753.000000 	752.546997 	757.797974 
56.300000 	126.012001 	753.000000 	752.546997 	757.797974 
56.400000 	126.012001 	753.000000 	752.546997 	757.797974 
56.500000 	125.921997 	753.000000 	752.531982 	757.799988 
56.600000 	125.921997 	753.000000 	752.531982 	757.799988 
56.700000 	125.921997 	753.000000 	752.531982 	757.799988 
56.800000 	125.921997 	753.000000 	752.531982 	757.799988 
56.900000 	125.921997 	753.000000 	752.531982 	757.799988 
57.000000 	125.921997 	753.000000 	752.531982 	757.799988 
57.100000 	125.921997 	753.000000 	752.531982 	757.799988 
57.200000 	125.921997 	753.000000 	752.531982 	757.799988 
57.300000 	125.921997 	753.000000 	752.531982 	757.799988 
57.400000 	125.921997 	753.000000 	752.531982 	757.799988 
57.500000 	125.818001 	753.000000 	752.518005 	757.802002 
57.600000 	125.818001 	753.000000 	752.518005 	757.802002 
57.700000 	125.818001 	753.000000 	752.518005 	757.802002 
57.800000 	125.818001 	753.000000 	752.518005 	757.802002 
57.900000 	125.818001 	753.000000 	752.518005 	757.802002 
58.000000 	125.818001 	753.000000 	752.518005 	757.802002 
58.100000 	125.818001 	753.000000 	752.518005 	757.802002 
58.200000 	125.818001 	753.000000 	752.518005 	757.802002 
58.300000 	125.818001 	753.000000 	752.518005 	757.802002 
58.400000 	125.818001 	753.000000 	752.518005 	757.802002 
58.500000 	125.694000 	753.000000 	752.502014 	757.802979 
58.600000 	125.694000 	753.000000 	752.502014 	757.802979 
58.700000 	125.694000 	753.000000 	752.502014 	757.802979 
58.800000 	125.694000 	753.000000 	752.502014 	757.802979 
58.900000 	125.694000 	753.000000 	752.502014 	757.802979 
59.000000 	125.694000 	753.000000 	752.502014 	757.802979 
59.100000 	125.694000 	753.000000 	752.502014 	757.802979 
59.200000 	125.694000 	753.000000 	752.502014 	757.802979 
59.300000 	125.694000 	753.000000 	752.502014 	757.802979 
59.400000 	125.694000 	753.000000 	752.502014 	757.802979 
59.500000 	125.545998 	753.000000 	752.486023 	757.802979 
59.600000 	125.545998 	753.000000 	752.486023 	757.802979 
59.700000 	125.545998 	753.000000 	752.486023 	757.802979 
59.800000 	125.545998 	753.000000 	752.486023 	757.802979 
59.900000 	125.545998 	753.000000 	752.486023 	757.802979 
60.000000 	125.545998 	753.000000 	752.486023 	757.802979 
