0.500000 	94.657204 	850.000000 	856.479004 	852.096008 
0.600000 	94.657204 	850.000000 	856.479004 	852.096008 
0.700000 	94.657204 	850.000000 	856.479004 	852.096008 
0.800000 	94.657204 	850.000000 	856.479004 	852.096008 
0.900000 	94.657204 	850.000000 	856.479004 	852.096008 
1.000000 	94.657204 	850.000000 	856.479004 	852.096008 
1.100000 	94.657204 	850.000000 	856.479004 	852.096008 
1.200000 	94.657204 	850.000000 	856.479004 	852.096008 
1.300000 	94.657204 	850.000000 	856.479004 	852.096008 
1.400000 	94.657204 	850.000000 	856.479004 	852.096008 
1.500000 	105.083000 	850.000000 	853.431030 	853.507996 
1.600000 	105.083000 	850.000000 	853.431030 	853.507996 
1.700000 	105.083000 	850.000000 	853.431030 	853.507996 
1.800000 	105.083000 	850.000000 	853.431030 	853.507996 
1.900000 	105.083000 	850.000000 	853.431030 	853.507996 
2.000000 	105.083000 	850.000000 	853.431030 	853.507996 
2.100000 	105.083000 	850.000000 	853.431030 	853.507996 
2.200000 	105.083000 	850.000000 	853.431030 	853.507996 
2.300000 	105.083000 	850.000000 	853.431030 	853.507996 
2.400000 	105.083000 	850.000000 	853.431030 	853.507996 
2.500000 	114.746002 	850.000000 	851.776001 	853.646973 
2.600000 	114.746002 	850.000000 	851.776001 	853.646973 
2.700000 	114.746002 	850.000000 	851.776001 	853.646973 
2.800000 	114.746002 	850.000000 	851.776001 	853.646973 
2.900000 	114.746002 	850.000000 	851.776001 	853.646973 
3.000000 	114.746002 	850.000000 	851.776001 	853.646973 
3.100000 	114.746002 	850.000000 	851.776001 	853.646973 
3.200000 	114.746002 	850.000000 	851.776001 	853.646973 
3.300000 	114.746002 	850.000000 	851.776001 	853.646973 
3.400000 	114.746002 	850.000000 	851.776001 	853.646973 
3.500000 	119.366997 	850.000000 	851.000977 	853.697998 
3.600000 	119.366997 	850.000000 	851.000977 	853.697998 
3.700000 	119.366997 	850.000000 	851.000977 	853.697998 
3.800000 	119.366997 	850.000000 	851.000977 	853.697998 
3.900000 	119.366997 	850.000000 	851.000977 	853.697998 
4.000000 	119.366997 	850.000000 	851.000977 	853.697998 
4.100000 	119.366997 	850.000000 	851.000977 	853.697998 
4.200000 	119.366997 	850.000000 	851.000977 	853.697998 
4.300000 	119.366997 	850.000000 	851.000977 	853.697998 
4.400000 	119.366997 	850.000000 	851.000977 	853.697998 
4.500000 	121.775002 	850.000000 	850.598999 	853.726990 
4.600000 	121.775002 	850.000000 	850.598999 	853.726990 
4.700000 	121.775002 	850.000000 	850.598999 	853.726990 
4.800000 	121.775002 	850.000000 	850.598999 	853.726990 
4.900000 	121.775002 	850.000000 	850.598999 	853.726990 
5.000000 	121.775002 	850.000000 	850.598999 	853.726990 
5.100000 	121.775002 	850.000000 	850.598999 	853.726990 
5.200000 	121.775002 	850.000000 	850.598999 	853.726990 
5.300000 	121.775002 	850.000000 	850.598999 	853.726990 
5.400000 	121.775002 	850.000000 	850.598999 	853.726990 
5.500000 	123.163002 	850.000000 	850.367981 	853.747009 
5.600000 	123.163002 	850.000000 	850.367981 	853.747009 
5.700000 	123.163002 	850.000000 	850.367981 	853.747009 
5.800000 	123.163002 	850.000000 	850.367981 	853.747009 
5.900000 	123.163002 	850.000000 	850.367981 	853.747009 
6.000000 	123.163002 	850.000000 	850.367981 	853.747009 
6.100000 	123.163002 	850.000000 	850.367981 	853.747009 
6.200000 	123.163002 	850.000000 	850.367981 	853.747009 
6.300000 	123.163002 	850.000000 	850.367981 	853.747009 
6.400000 	123.163002 	850.000000 	850.367981 	853.747009 
6.500000 	124.029999 	850.000000 	850.224976 	853.762024 
6.600000 	124.029999 	850.000000 	850.224976 	853.762024 
6.700000 	124.029999 	850.000000 	850.224976 	853.762024 
6.800000 	124.029999 	850.000000 	850.224976 	853.762024 
6.900000 	124.029999 	850.000000 	850.224976 	853.762024 
7.000000 	124.029999 	850.000000 	850.224976 	853.762024 
7.100000 	124.029999 	850.000000 	850.224976 	853.762024 
7.200000 	124.029999 	850.000000 	850.224976 	853.762024 
7.300000 	124.029999 	850.000000 	850.224976 	853.762024 
7.400000 	124.029999 	850.000000 	850.224976 	853.762024 
7.500000 	124.606003 	850.000000 	850.130005 	853.796997 
7.600000 	124.606003 	850.000000 	850.130005 	853.796997 
7.700000 	124.606003 	850.000000 	850.130005 	853.796997 
7.800000 	124.606003 	850.000000 	850.130005 	853.796997 
7.900000 	124.606003 	850.000000 	850.130005 	853.796997 
8.000000 	124.606003 	850.000000 	850.130005 	853.796997 
8.100000 	124.606003 	850.000000 	850.130005 	853.796997 
8.200000 	124.606003 	850.000000 	850.130005 	853.796997 
8.300000 	124.606003 	850.000000 	850.130005 	853.796997 
8.400000 	124.606003 	850.000000 	850.130005 	853.796997 
8.500000 	125.009003 	850.000000 	850.064026 	853.809021 
8.600000 	125.009003 	850.000000 	850.064026 	853.809021 
8.700000 	125.009003 	850.000000 	850.064026 	853.809021 
8.800000 	125.009003 	850.000000 	850.064026 	853.809021 
8.900000 	125.009003 	850.000000 	850.064026 	853.809021 
9.000000 	125.009003 	850.000000 	850.064026 	853.809021 
9.100000 	125.009003 	850.000000 	850.064026 	853.809021 
9.200000 	125.009003 	850.000000 	850.064026 	853.809021 
9.300000 	125.009003 	850.000000 	850.064026 	853.809021 
9.400000 	125.009003 	850.000000 	850.064026 	853.809021 
9.500000 	125.301003 	850.000000 	850.017029 	853.818970 
9.600000 	125.301003 	850.000000 	850.017029 	853.818970 
9.700000 	125.301003 	850.000000 	850.017029 	853.818970 
9.800000 	125.301003 	850.000000 	850.017029 	853.818970 
9.900000 	125.301003 	850.000000 	850.017029 	853.818970 
10.000000 	125.301003 	850.000000 	850.017029 	853.818970 
10.100000 	125.301003 	850.000000 	850.017029 	853.818970 
10.200000 	125.301003 	850.000000 	850.017029 	853.818970 
10.300000 	125.301003 	850.000000 	850.017029 	853.818970 
10.400000 	125.301003 	850.000000 	850.017029 	853.818970 
10.500000 	125.518997 	850.000000 	849.981018 	853.830017 
10.600000 	125.518997 	850.000000 	849.981018 	853.830017 
10.700000 	125.518997 	850.000000 	849.981018 	853.830017 
10.800000 	125.518997 	850.000000 	849.981018 	853.830017 
10.900000 	125.518997 	850.000000 	849.981018 	853.830017 
11.000000 	125.518997 	850.000000 	849.981018 	853.830017 
11.100000 	125.518997 	850.000000 	849.981018 	853.830017 
11.200000 	125.518997 	850.000000 	849.981018 	853.830017 
11.300000 	125.518997 	850.000000 	849.981018 	853.830017 
11.400000 	125.518997 	850.000000 	849.981018 	853.830017 
11.500000 	125.688004 	850.000000 	849.953979 	853.840027 
11.600000 	125.688004 	850.000000 	849.953979 	853.840027 
11.700000 	125.688004 	850.000000 	849.953979 	853.840027 
11.800000 	125.688004 	850.000000 	849.953979 	853.840027 
11.900000 	125.688004 	850.000000 	849.953979 	853.840027 
12.000000 	125.688004 	850.000000 	849.953979 	853.840027 
12.100000 	125.688004 	850.000000 	849.953979 	853.840027 
12.200000 	125.688004 	850.000000 	849.953979 	853.840027 
12.300000 	125.688004 	850.000000 	849.953979 	853.840027 
12.400000 	125.688004 	850.000000 	849.953979 	853.840027 
12.500000 	125.820999 	850.000000 	849.932007 	853.849976 
12.600000 	125.820999 	850.000000 	849.932007 	853.849976 
12.700000 	125.820999 	850.000000 	849.932007 	853.849976 
12.800000 	125.820999 	850.000000 	849.932007 	853.849976 
12.900000 	125.820999 	850.000000 	849.932007 	853.849976 
13.000000 	125.820999 	850.000000 	849.932007 	853.849976 
13.100000 	125.820999 	850.000000 	849.932007 	853.849976 
13.200000 	125.820999 	850.000000 	849.932007 	853.849976 
13.300000 	125.820999 	850.000000 	849.932007 	853.849976 
13.400000 	125.820999 	850.000000 	849.932007 	853.849976 
13.500000 	125.927002 	850.000000 	849.914001 	853.859985 
13.600000 	125.927002 	850.000000 	849.914001 	853.859985 
13.700000 	125.927002 	850.000000 	849.914001 	853.859985 
13.800000 	125.927002 	850.000000 	849.914001 	853.859985 
13.900000 	125.927002 	850.000000 	849.914001 	853.859985 
14.000000 	125.927002 	850.000000 	849.914001 	853.859985 
14.100000 	125.927002 	850.000000 	849.914001 	853.859985 
14.200000 	125.927002 	850.000000 	849.914001 	853.859985 
14.300000 	125.927002 	850.000000 	849.914001 	853.859985 
14.400000 	125.927002 	850.000000 	849.914001 	853.859985 
14.500000 	126.014999 	850.000000 	849.898987 	853.869995 
14.600000 	126.014999 	850.000000 	849.898987 	853.869995 
14.700000 	126.014999 	850.000000 	849.898987 	853.869995 
14.800000 	126.014999 	850.000000 	849.898987 	853.869995 
14.900000 	126.014999 	850.000000 	849.898987 	853.869995 
15.000000 	126.014999 	850.000000 	849.898987 	853.869995 
15.100000 	126.014999 	850.000000 	849.898987 	853.869995 
15.200000 	126.014999 	850.000000 	849.898987 	853.869995 
15.300000 	126.014999 	850.000000 	849.898987 	853.869995 
15.400000 	126.014999 	850.000000 	849.898987 	853.869995 
15.500000 	126.086998 	850.000000 	849.885986 	853.880005 
15.600000 	126.086998 	850.000000 	849.885986 	853.880005 
15.700000 	126.086998 	850.000000 	849.885986 	853.880005 
15.800000 	126.086998 	850.000000 	849.885986 	853.880005 
15.900000 	126.086998 	850.000000 	849.885986 	853.880005 
16.000000 	126.086998 	850.000000 	849.885986 	853.880005 
16.100000 	126.086998 	850.000000 	849.885986 	853.880005 
16.200000 	126.086998 	850.000000 	849.885986 	853.880005 
16.300000 	126.086998 	850.000000 	849.885986 	853.880005 
16.400000 	126.086998 	850.000000 	849.885986 	853.880005 
16.500000 	126.148003 	850.000000 	849.875000 	853.890015 
16.600000 	126.148003 	850.000000 	849.875000 	853.890015 
16.700000 	126.148003 	850.000000 	849.875000 	853.890015 
16.800000 	126.148003 	850.000000 	849.875000 	853.890015 
16.900000 	126.148003 	850.000000 	849.875000 	853.890015 
17.000000 	126.148003 	850.000000 	849.875000 	853.890015 
17.100000 	126.148003 	850.000000 	849.875000 	853.890015 
17.200000 	126.148003 	850.000000 	849.875000 	853.890015 
17.300000 	126.148003 	850.000000 	849.875000 	853.890015 
17.400000 	126.148003 	850.000000 	849.875000 	853.890015 
17.500000 	126.199997 	850.000000 	849.864990 	853.900024 
17.600000 	126.199997 	850.000000 	849.864990 	853.900024 
17.700000 	126.199997 	850.000000 	849.864990 	853.900024 
17.800000 	126.199997 	850.000000 	849.864990 	853.900024 
17.900000 	126.199997 	850.000000 	849.864990 	853.900024 
18.000000 	126.199997 	850.000000 	849.864990 	853.900024 
18.100000 	126.199997 	850.000000 	849.864990 	853.900024 
18.200000 	126.199997 	850.000000 	849.864990 	853.900024 
18.300000 	126.199997 	850.000000 	849.864990 	853.900024 
18.400000 	126.199997 	850.000000 	849.864990 	853.900024 
18.500000 	126.244003 	850.000000 	849.856018 	853.911011 
18.600000 	126.244003 	850.000000 	849.856018 	853.911011 
18.700000 	126.244003 	850.000000 	849.856018 	853.911011 
18.800000 	126.244003 	850.000000 	849.856018 	853.911011 
18.900000 	126.244003 	850.000000 	849.856018 	853.911011 
19.000000 	126.244003 	850.000000 	849.856018 	853.911011 
19.100000 	126.244003 	850.000000 	849.856018 	853.911011 
19.200000 	126.244003 	850.000000 	849.856018 	853.911011 
19.300000 	126.244003 	850.000000 	849.856018 	853.911011 
19.400000 	126.244003 	850.000000 	849.856018 	853.911011 
19.500000 	126.282997 	850.000000 	849.848022 	853.921021 
19.600000 	126.282997 	850.000000 	849.848022 	853.921021 
19.700000 	126.282997 	850.000000 	849.848022 	853.921021 
19.800000 	126.282997 	850.000000 	849.848022 	853.921021 
19.900000 	126.282997 	850.000000 	849.848022 	853.921021 
20.000000 	126.282997 	850.000000 	849.848022 	853.921021 
20.100000 	126.282997 	850.000000 	849.848022 	853.921021 
20.200000 	126.282997 	850.000000 	849.848022 	853.921021 
20.300000 	126.282997 	850.000000 	849.848022 	853.921021 
20.400000 	126.282997 	850.000000 	849.848022 	853.921021 
20.500000 	126.317001 	850.000000 	849.840027 	853.931030 
20.600000 	126.317001 	850.000000 	849.840027 	853.931030 
20.700000 	126.317001 	850.000000 	849.840027 	853.931030 
20.800000 	126.317001 	850.000000 	849.840027 	853.931030 
20.900000 	126.317001 	850.000000 	849.840027 	853.931030 
21.000000 	126.317001 	850.000000 	849.840027 	853.931030 
21.100000 	126.317001 	850.000000 	849.840027 	853.931030 
21.200000 	126.317001 	850.000000 	849.840027 	853.931030 
21.300000 	126.317001 	850.000000 	849.840027 	853.931030 
21.400000 	126.317001 	850.000000 	849.840027 	853.931030 
21.500000 	126.346001 	850.000000 	849.833008 	853.940979 
21.600000 	126.346001 	850.000000 	849.833008 	853.940979 
21.700000 	126.346001 	850.000000 	849.833008 	853.940979 
21.800000 	126.346001 	850.000000 	849.833008 	853.940979 
21.900000 	126.346001 	850.000000 	849.833008 	853.940979 
22.000000 	126.346001 	850.000000 	849.833008 	853.940979 
22.100000 	126.346001 	850.000000 	849.833008 	853.940979 
22.200000 	126.346001 	850.000000 	849.833008 	853.940979 
22.300000 	126.346001 	850.000000 	849.833008 	853.940979 
22.400000 	126.346001 	850.000000 	849.833008 	853.940979 
22.500000 	126.372002 	850.000000 	849.825989 	853.950989 
22.600000 	126.372002 	850.000000 	849.825989 	853.950989 
22.700000 	126.372002 	850.000000 	849.825989 	853.950989 
22.800000 	126.372002 	850.000000 	849.825989 	853.950989 
22.900000 	126.372002 	850.000000 	849.825989 	853.950989 
23.000000 	126.372002 	850.000000 	849.825989 	853.950989 
23.100000 	126.372002 	850.000000 	849.825989 	853.950989 
23.200000 	126.372002 	850.000000 	849.825989 	853.950989 
23.300000 	126.372002 	850.000000 	849.825989 	853.950989 
23.400000 	126.372002 	850.000000 	849.825989 	853.950989 
23.500000 	126.396004 	850.000000 	849.818970 	853.960999 
23.600000 	126.396004 	850.000000 	849.818970 	853.960999 
23.700000 	126.396004 	850.000000 	849.818970 	853.960999 
23.800000 	126.396004 	850.000000 	849.818970 	853.960999 
23.900000 	126.396004 	850.000000 	849.818970 	853.960999 
24.000000 	126.396004 	850.000000 	849.818970 	853.960999 
24.100000 	126.396004 	850.000000 	849.818970 	853.960999 
24.200000 	126.396004 	850.000000 	849.818970 	853.960999 
24.300000 	126.396004 	850.000000 	849.818970 	853.960999 
24.400000 	126.396004 	850.000000 	849.818970 	853.960999 
24.500000 	126.416000 	850.000000 	849.812988 	853.971008 
24.600000 	126.416000 	850.000000 	849.812988 	853.971008 
24.700000 	126.416000 	850.000000 	849.812988 	853.971008 
24.800000 	126.416000 	850.000000 	849.812988 	853.971008 
24.900000 	126.416000 	850.000000 	849.812988 	853.971008 
25.000000 	126.416000 	850.000000 	849.812988 	853.971008 
25.100000 	126.416000 	850.000000 	849.812988 	853.971008 
25.200000 	126.416000 	850.000000 	849.812988 	853.971008 
25.300000 	126.416000 	850.000000 	849.812988 	853.971008 
25.400000 	126.416000 	850.000000 	849.812988 	853.971008 
25.500000 	126.434998 	850.000000 	849.806030 	853.981018 
25.600000 	126.434998 	850.000000 	849.806030 	853.981018 
25.700000 	126.434998 	850.000000 	849.806030 	853.981018 
25.800000 	126.434998 	850.000000 	849.806030 	853.981018 
25.900000 	126.434998 	850.000000 	849.806030 	853.981018 
26.000000 	126.434998 	850.000000 	849.806030 	853.981018 
26.100000 	126.434998 	850.000000 	849.806030 	853.981018 
26.200000 	126.434998 	850.000000 	849.806030 	853.981018 
26.300000 	126.434998 	850.000000 	849.806030 	853.981018 
26.400000 	126.434998 	850.000000 	849.806030 	853.981018 
26.500000 	126.450996 	850.000000 	849.799988 	853.989990 
26.600000 	126.450996 	850.000000 	849.799988 	853.989990 
26.700000 	126.450996 	850.000000 	849.799988 	853.989990 
26.800000 	126.450996 	850.000000 	849.799988 	853.989990 
26.900000 	126.450996 	850.000000 	849.799988 	853.989990 
27.000000 	126.450996 	850.000000 	849.799988 	853.989990 
27.100000 	126.450996 	850.000000 	849.799988 	853.989990 
27.200000 	126.450996 	850.000000 	849.799988 	853.989990 
27.300000 	126.450996 	850.000000 	849.799988 	853.989990 
27.400000 	126.450996 	850.000000 	849.799988 	853.989990 
27.500000 	126.466003 	850.000000 	849.793030 	854.000000 
27.600000 	126.466003 	850.000000 	849.793030 	854.000000 
27.700000 	126.466003 	850.000000 	849.793030 	854.000000 
27.800000 	126.466003 	850.000000 	849.793030 	854.000000 
27.900000 	126.466003 	850.000000 	849.793030 	854.000000 
28.000000 	126.466003 	850.000000 	849.793030 	854.000000 
28.100000 	126.466003 	850.000000 	849.793030 	854.000000 
28.200000 	126.466003 	850.000000 	849.793030 	854.000000 
28.300000 	126.466003 	850.000000 	849.793030 	854.000000 
28.400000 	126.466003 	850.000000 	849.793030 	854.000000 
28.500000 	126.478996 	850.000000 	849.786011 	854.008972 
28.600000 	126.478996 	850.000000 	849.786011 	854.008972 
28.700000 	126.478996 	850.000000 	849.786011 	854.008972 
28.800000 	126.478996 	850.000000 	849.786011 	854.008972 
28.900000 	126.478996 	850.000000 	849.786011 	854.008972 
29.000000 	126.478996 	850.000000 	849.786011 	854.008972 
29.100000 	126.478996 	850.000000 	849.786011 	854.008972 
29.200000 	126.478996 	850.000000 	849.786011 	854.008972 
29.300000 	126.478996 	850.000000 	849.786011 	854.008972 
29.400000 	126.478996 	850.000000 	849.786011 	854.008972 
29.500000 	126.489998 	850.000000 	849.778992 	854.018005 
29.600000 	126.489998 	850.000000 	849.778992 	854.018005 
29.700000 	126.489998 	850.000000 	849.778992 	854.018005 
29.800000 	126.489998 	850.000000 	849.778992 	854.018005 
29.900000 	126.489998 	850.000000 	849.778992 	854.018005 
30.000000 	126.489998 	850.000000 	849.778992 	854.018005 
30.100000 	126.489998 	850.000000 	849.778992 	854.018005 
30.200000 	126.489998 	850.000000 	849.778992 	854.018005 
30.300000 	126.489998 	850.000000 	849.778992 	854.018005 
30.400000 	126.489998 	850.000000 	849.778992 	854.018005 
30.500000 	126.500000 	850.000000 	849.773010 	854.026978 
30.600000 	126.500000 	850.000000 	849.773010 	854.026978 
30.700000 	126.500000 	850.000000 	849.773010 	854.026978 
30.800000 	126.500000 	850.000000 	849.773010 	854.026978 
30.900000 	126.500000 	850.000000 	849.773010 	854.026978 
31.000000 	126.500000 	850.000000 	849.773010 	854.026978 
31.100000 	126.500000 	850.000000 	849.773010 	854.026978 
31.200000 	126.500000 	850.000000 	849.773010 	854.026978 
31.300000 	126.500000 	850.000000 	849.773010 	854.026978 
31.400000 	126.500000 	850.000000 	849.773010 	854.026978 
31.500000 	126.508003 	850.000000 	849.765015 	854.036011 
31.600000 	126.508003 	850.000000 	849.765015 	854.036011 
31.700000 	126.508003 	850.000000 	849.765015 	854.036011 
31.800000 	126.508003 	850.000000 	849.765015 	854.036011 
31.900000 	126.508003 	850.000000 	849.765015 	854.036011 
32.000000 	126.508003 	850.000000 	849.765015 	854.036011 
32.100000 	126.508003 	850.000000 	849.765015 	854.036011 
32.200000 	126.508003 	850.000000 	849.765015 	854.036011 
32.300000 	126.508003 	850.000000 	849.765015 	854.036011 
32.400000 	126.508003 	850.000000 	849.765015 	854.036011 
32.500000 	126.514999 	850.000000 	849.757996 	854.044006 
32.600000 	126.514999 	850.000000 	849.757996 	854.044006 
32.700000 	126.514999 	850.000000 	849.757996 	854.044006 
32.800000 	126.514999 	850.000000 	849.757996 	854.044006 
32.900000 	126.514999 	850.000000 	849.757996 	854.044006 
33.000000 	126.514999 	850.000000 	849.757996 	854.044006 
33.100000 	126.514999 	850.000000 	849.757996 	854.044006 
33.200000 	126.514999 	850.000000 	849.757996 	854.044006 
33.300000 	126.514999 	850.000000 	849.757996 	854.044006 
33.400000 	126.514999 	850.000000 	849.757996 	854.044006 
33.500000 	126.519997 	850.000000 	849.750977 	854.052002 
33.600000 	126.519997 	850.000000 	849.750977 	854.052002 
33.700000 	126.519997 	850.000000 	849.750977 	854.052002 
33.800000 	126.519997 	850.000000 	849.750977 	854.052002 
33.900000 	126.519997 	850.000000 	849.750977 	854.052002 
34.000000 	126.519997 	850.000000 	849.750977 	854.052002 
34.100000 	126.519997 	850.000000 	849.750977 	854.052002 
34.200000 	126.519997 	850.000000 	849.750977 	854.052002 
34.300000 	126.519997 	850.000000 	849.750977 	854.052002 
34.400000 	126.519997 	850.000000 	849.750977 	854.052002 
34.500000 	126.524002 	850.000000 	849.742981 	854.059998 
34.600000 	126.524002 	850.000000 	849.742981 	854.059998 
34.700000 	126.524002 	850.000000 	849.742981 	854.059998 
34.800000 	126.524002 	850.000000 	849.742981 	854.059998 
34.900000 	126.524002 	850.000000 	849.742981 	854.059998 
35.000000 	126.524002 	850.000000 	849.742981 	854.059998 
35.100000 	126.524002 	850.000000 	849.742981 	854.059998 
35.200000 	126.524002 	850.000000 	849.742981 	854.059998 
35.300000 	126.524002 	850.000000 	849.742981 	854.059998 
35.400000 	126.524002 	850.000000 	849.742981 	854.059998 
35.500000 	126.527000 	850.000000 	849.734985 	854.067017 
35.600000 	126.527000 	850.000000 	849.734985 	854.067017 
35.700000 	126.527000 	850.000000 	849.734985 	854.067017 
35.800000 	126.527000 	850.000000 	849.734985 	854.067017 
35.900000 	126.527000 	850.000000 	849.734985 	854.067017 
36.000000 	126.527000 	850.000000 	849.734985 	854.067017 
36.100000 	126.527000 	850.000000 	849.734985 	854.067017 
36.200000 	126.527000 	850.000000 	849.734985 	854.067017 
36.300000 	126.527000 	850.000000 	849.734985 	854.067017 
36.400000 	126.527000 	850.000000 	849.734985 	854.067017 
36.500000 	126.528000 	850.000000 	849.726990 	854.073975 
36.600000 	126.528000 	850.000000 	849.726990 	854.073975 
36.700000 	126.528000 	850.000000 	849.726990 	854.073975 
36.800000 	126.528000 	850.000000 	849.726990 	854.073975 
36.900000 	126.528000 	850.000000 	849.726990 	854.073975 
37.000000 	126.528000 	850.000000 	849.726990 	854.073975 
37.100000 	126.528000 	850.000000 	849.726990 	854.073975 
37.200000 	126.528000 	850.000000 	849.726990 	854.073975 
37.300000 	126.528000 	850.000000 	849.726990 	854.073975 
37.400000 	126.528000 	850.000000 	849.726990 	854.073975 
37.500000 	126.527000 	850.000000 	849.718994 	854.080994 
37.600000 	126.527000 	850.000000 	849.718994 	854.080994 
37.700000 	126.527000 	850.000000 	849.718994 	854.080994 
37.800000 	126.527000 	850.000000 	849.718994 	854.080994 
37.900000 	126.527000 	850.000000 	849.718994 	854.080994 
38.000000 	126.527000 	850.000000 	849.718994 	854.080994 
38.100000 	126.527000 	850.000000 	849.718994 	854.080994 
38.200000 	126.527000 	850.000000 	849.718994 	854.080994 
38.300000 	126.527000 	850.000000 	849.718994 	854.080994 
38.400000 	126.527000 	850.000000 	849.718994 	854.080994 
38.500000 	126.525002 	850.000000 	849.710022 	854.086975 
38.600000 	126.525002 	850.000000 	849.710022 	854.086975 
38.700000 	126.525002 	850.000000 	849.710022 	854.086975 
38.800000 	126.525002 	850.000000 	849.710022 	854.086975 
38.900000 	126.525002 	850.000000 	849.710022 	854.086975 
39.000000 	126.525002 	850.000000 	849.710022 	854.086975 
39.100000 	126.525002 	850.000000 	849.710022 	854.086975 
39.200000 	126.525002 	850.000000 	849.710022 	854.086975 
39.300000 	126.525002 	850.000000 	849.710022 	854.086975 
39.400000 	126.525002 	850.000000 	849.710022 	854.086975 
39.500000 	126.521004 	850.000000 	849.700989 	854.093018 
39.600000 	126.521004 	850.000000 	849.700989 	854.093018 
39.700000 	126.521004 	850.000000 	849.700989 	854.093018 
39.800000 	126.521004 	850.000000 	849.700989 	854.093018 
39.900000 	126.521004 	850.000000 	849.700989 	854.093018 
40.000000 	126.521004 	850.000000 	849.700989 	854.093018 
40.100000 	126.521004 	850.000000 	849.700989 	854.093018 
40.200000 	126.521004 	850.000000 	849.700989 	854.093018 
40.300000 	126.521004 	850.000000 	849.700989 	854.093018 
40.400000 	126.521004 	850.000000 	849.700989 	854.093018 
40.500000 	126.514999 	850.000000 	849.690979 	854.098022 
40.600000 	126.514999 	850.000000 	849.690979 	854.098022 
40.700000 	126.514999 	850.000000 	849.690979 	854.098022 
40.800000 	126.514999 	850.000000 	849.690979 	854.098022 
40.900000 	126.514999 	850.000000 	849.690979 	854.098022 
41.000000 	126.514999 	850.000000 	849.690979 	854.098022 
41.100000 	126.514999 	850.000000 	849.690979 	854.098022 
41.200000 	126.514999 	850.000000 	849.690979 	854.098022 
41.300000 	126.514999 	850.000000 	849.690979 	854.098022 
41.400000 	126.514999 	850.000000 	849.690979 	854.098022 
41.500000 	126.507004 	850.000000 	849.682007 	854.103027 
41.600000 	126.507004 	850.000000 	849.682007 	854.103027 
41.700000 	126.507004 	850.000000 	849.682007 	854.103027 
41.800000 	126.507004 	850.000000 	849.682007 	854.103027 
41.900000 	126.507004 	850.000000 	849.682007 	854.103027 
42.000000 	126.507004 	850.000000 	849.682007 	854.103027 
42.100000 	126.507004 	850.000000 	849.682007 	854.103027 
42.200000 	126.507004 	850.000000 	849.682007 	854.103027 
42.300000 	126.507004 	850.000000 	849.682007 	854.103027 
42.400000 	126.507004 	850.000000 	849.682007 	854.103027 
42.500000 	126.497002 	850.000000 	849.671997 	854.106995 
42.600000 	126.497002 	850.000000 	849.671997 	854.106995 
42.700000 	126.497002 	850.000000 	849.671997 	854.106995 
42.800000 	126.497002 	850.000000 	849.671997 	854.106995 
42.900000 	126.497002 	850.000000 	849.671997 	854.106995 
43.000000 	126.497002 	850.000000 	849.671997 	854.106995 
43.100000 	126.497002 	850.000000 	849.671997 	854.106995 
43.200000 	126.497002 	850.000000 	849.671997 	854.106995 
43.300000 	126.497002 	850.000000 	849.671997 	854.106995 
43.400000 	126.497002 	850.000000 	849.671997 	854.106995 
43.500000 	126.484001 	850.000000 	849.661011 	854.111023 
43.600000 	126.484001 	850.000000 	849.661011 	854.111023 
43.700000 	126.484001 	850.000000 	849.661011 	854.111023 
43.800000 	126.484001 	850.000000 	849.661011 	854.111023 
43.900000 	126.484001 	850.000000 	849.661011 	854.111023 
44.000000 	126.484001 	850.000000 	849.661011 	854.111023 
44.100000 	126.484001 	850.000000 	849.661011 	854.111023 
44.200000 	126.484001 	850.000000 	849.661011 	854.111023 
44.300000 	126.484001 	850.000000 	849.661011 	854.111023 
44.400000 	126.484001 	850.000000 	849.661011 	854.111023 
44.500000 	126.469002 	850.000000 	849.651001 	854.114014 
44.600000 	126.469002 	850.000000 	849.651001 	854.114014 
44.700000 	126.469002 	850.000000 	849.651001 	854.114014 
44.800000 	126.469002 	850.000000 	849.651001 	854.114014 
44.900000 	126.469002 	850.000000 	849.651001 	854.114014 
45.000000 	126.469002 	850.000000 	849.651001 	854.114014 
45.100000 	126.469002 	850.000000 	849.651001 	854.114014 
45.200000 	126.469002 	850.000000 	849.651001 	854.114014 
45.300000 	126.469002 	850.000000 	849.651001 	854.114014 
45.400000 	126.469002 	850.000000 	849.651001 	854.114014 
45.500000 	126.450996 	850.000000 	849.638977 	854.117004 
45.600000 	126.450996 	850.000000 	849.638977 	854.117004 
45.700000 	126.450996 	850.000000 	849.638977 	854.117004 
45.800000 	126.450996 	850.000000 	849.638977 	854.117004 
45.900000 	126.450996 	850.000000 	849.638977 	854.117004 
46.000000 	126.450996 	850.000000 	849.638977 	854.117004 
46.100000 	126.450996 	850.000000 	849.638977 	854.117004 
46.200000 	126.450996 	850.000000 	849.638977 	854.117004 
46.300000 	126.450996 	850.000000 	849.638977 	854.117004 
46.400000 	126.450996 	850.000000 	849.638977 	854.117004 
46.500000 	126.430000 	850.000000 	849.627991 	854.119019 
46.600000 	126.430000 	850.000000 	849.627991 	854.119019 
46.700000 	126.430000 	850.000000 	849.627991 	854.119019 
46.800000 	126.430000 	850.000000 	849.627991 	854.119019 
46.900000 	126.430000 	850.000000 	849.627991 	854.119019 
47.000000 	126.430000 	850.000000 	849.627991 	854.119019 
47.100000 	126.430000 	850.000000 	849.627991 	854.119019 
47.200000 	126.430000 	850.000000 	849.627991 	854.119019 
47.300000 	126.430000 	850.000000 	849.627991 	854.119019 
47.400000 	126.430000 	850.000000 	849.627991 	854.119019 
47.500000 	126.404999 	850.000000 	849.616028 	854.119995 
47.600000 	126.404999 	850.000000 	849.616028 	854.119995 
47.700000 	126.404999 	850.000000 	849.616028 	854.119995 
47.800000 	126.404999 	850.000000 	849.616028 	854.119995 
47.900000 	126.404999 	850.000000 	849.616028 	854.119995 
48.000000 	126.404999 	850.000000 	849.616028 	854.119995 
48.100000 	126.404999 	850.000000 	849.616028 	854.119995 
48.200000 	126.404999 	850.000000 	849.616028 	854.119995 
48.300000 	126.404999 	850.000000 	849.616028 	854.119995 
48.400000 	126.404999 	850.000000 	849.616028 	854.119995 
48.500000 	126.375999 	850.000000 	849.603027 	854.120972 
48.600000 	126.375999 	850.000000 	849.603027 	854.120972 
48.700000 	126.375999 	850.000000 	849.603027 	854.120972 
48.800000 	126.375999 	850.000000 	849.603027 	854.120972 
48.900000 	126.375999 	850.000000 	849.603027 	854.120972 
49.000000 	126.375999 	850.000000 	849.603027 	854.120972 
49.100000 	126.375999 	850.000000 	849.603027 	854.120972 
49.200000 	126.375999 	850.000000 	849.603027 	854.120972 
49.300000 	126.375999 	850.000000 	849.603027 	854.120972 
49.400000 	126.375999 	850.000000 	849.603027 	854.120972 
49.500000 	126.343002 	850.000000 	849.590027 	854.120972 
49.600000 	126.343002 	850.000000 	849.590027 	854.120972 
49.700000 	126.343002 	850.000000 	849.590027 	854.120972 
49.800000 	126.343002 	850.000000 	849.590027 	854.120972 
49.900000 	126.343002 	850.000000 	849.590027 	854.120972 
50.000000 	126.343002 	850.000000 	849.590027 	854.120972 
50.100000 	126.343002 	850.000000 	849.590027 	854.120972 
50.200000 	126.343002 	850.000000 	849.590027 	854.120972 
50.300000 	126.343002 	850.000000 	849.590027 	854.120972 
50.400000 	126.343002 	850.000000 	849.590027 	854.120972 
50.500000 	126.304001 	850.000000 	849.577026 	854.120972 
50.600000 	126.304001 	850.000000 	849.577026 	854.120972 
50.700000 	126.304001 	850.000000 	849.577026 	854.120972 
50.800000 	126.304001 	850.000000 	849.577026 	854.120972 
50.900000 	126.304001 	850.000000 	849.577026 	854.120972 
51.000000 	126.304001 	850.000000 	849.577026 	854.120972 
51.100000 	126.304001 	850.000000 	849.577026 	854.120972 
51.200000 	126.304001 	850.000000 	849.577026 	854.120972 
51.300000 	126.304001 	850.000000 	849.577026 	854.120972 
51.400000 	126.304001 	850.000000 	849.577026 	854.120972 
51.500000 	126.260002 	850.000000 	849.562988 	854.119995 
51.600000 	126.260002 	850.000000 	849.562988 	854.119995 
51.700000 	126.260002 	850.000000 	849.562988 	854.119995 
51.800000 	126.260002 	850.000000 	849.562988 	854.119995 
51.900000 	126.260002 	850.000000 	849.562988 	854.119995 
52.000000 	126.260002 	850.000000 	849.562988 	854.119995 
52.100000 	126.260002 	850.000000 	849.562988 	854.119995 
52.200000 	126.260002 	850.000000 	849.562988 	854.119995 
52.300000 	126.260002 	850.000000 	849.562988 	854.119995 
52.400000 	126.260002 	850.000000 	849.562988 	854.119995 
52.500000 	126.209999 	850.000000 	849.547974 	854.117981 
52.600000 	126.209999 	850.000000 	849.547974 	854.117981 
52.700000 	126.209999 	850.000000 	849.547974 	854.117981 
52.800000 	126.209999 	850.000000 	849.547974 	854.117981 
52.900000 	126.209999 	850.000000 	849.547974 	854.117981 
53.000000 	126.209999 	850.000000 	849.547974 	854.117981 
53.100000 	126.209999 	850.000000 	849.547974 	854.117981 
53.200000 	126.209999 	850.000000 	849.547974 	854.117981 
53.300000 	126.209999 	850.000000 	849.547974 	854.117981 
53.400000 	126.209999 	850.000000 	849.547974 	854.117981 
53.500000 	126.152000 	850.000000 	849.533020 	854.114990 
53.600000 	126.152000 	850.000000 	849.533020 	854.114990 
53.700000 	126.152000 	850.000000 	849.533020 	854.114990 
53.800000 	126.152000 	850.000000 	849.533020 	854.114990 
53.900000 	126.152000 	850.000000 	849.533020 	854.114990 
54.000000 	126.152000 	850.000000 	849.533020 	854.114990 
54.100000 	126.152000 	850.000000 	849.533020 	854.114990 
54.200000 	126.152000 	850.000000 	849.533020 	854.114990 
54.300000 	126.152000 	850.000000 	849.533020 	854.114990 
54.400000 	126.152000 	850.000000 	849.533020 	854.114990 
54.500000 	126.084999 	850.000000 	849.518005 	854.112000 
54.600000 	126.084999 	850.000000 	849.518005 	854.112000 
54.700000 	126.084999 	850.000000 	849.518005 	854.112000 
54.800000 	126.084999 	850.000000 	849.518005 	854.112000 
54.900000 	126.084999 	850.000000 	849.518005 	854.112000 
55.000000 	126.084999 	850.000000 	849.518005 	854.112000 
55.100000 	126.084999 	850.000000 	849.518005 	854.112000 
55.200000 	126.084999 	850.000000 	849.518005 	854.112000 
55.300000 	126.084999 	850.000000 	849.518005 	854.112000 
55.400000 	126.084999 	850.000000 	849.518005 	854.112000 
55.500000 	126.008003 	850.000000 	849.502014 	854.107971 
55.600000 	126.008003 	850.000000 	849.502014 	854.107971 
55.700000 	126.008003 	850.000000 	849.502014 	854.107971 
55.800000 	126.008003 	850.000000 	849.502014 	854.107971 
55.900000 	126.008003 	850.000000 	849.502014 	854.107971 
56.000000 	126.008003 	850.000000 	849.502014 	854.107971 
56.100000 	126.008003 	850.000000 	849.502014 	854.107971 
56.200000 	126.008003 	850.000000 	849.502014 	854.107971 
56.300000 	126.008003 	850.000000 	849.502014 	854.107971 
56.400000 	126.008003 	850.000000 	849.502014 	854.107971 
56.500000 	125.917999 	850.000000 	849.484985 	854.103027 
56.600000 	125.917999 	850.000000 	849.484985 	854.103027 
56.700000 	125.917999 	850.000000 	849.484985 	854.103027 
56.800000 	125.917999 	850.000000 	849.484985 	854.103027 
56.900000 	125.917999 	850.000000 	849.484985 	854.103027 
57.000000 	125.917999 	850.000000 	849.484985 	854.103027 
57.100000 	125.917999 	850.000000 	849.484985 	854.103027 
57.200000 	125.917999 	850.000000 	849.484985 	854.103027 
57.300000 	125.917999 	850.000000 	849.484985 	854.103027 
57.400000 	125.917999 	850.000000 	849.484985 	854.103027 
57.500000 	125.813004 	850.000000 	849.468018 	854.098022 
57.600000 	125.813004 	850.000000 	849.468018 	854.098022 
57.700000 	125.813004 	850.000000 	849.468018 	854.098022 
57.800000 	125.813004 	850.000000 	849.468018 	854.098022 
57.900000 	125.813004 	850.000000 	849.468018 	854.098022 
58.000000 	125.813004 	850.000000 	849.468018 	854.098022 
58.100000 	125.813004 	850.000000 	849.468018 	854.098022 
58.200000 	125.813004 	850.000000 	849.468018 	854.098022 
58.300000 	125.813004 	850.000000 	849.468018 	854.098022 
58.400000 	125.813004 	850.000000 	849.468018 	854.098022 
58.500000 	125.689003 	850.000000 	849.450012 	854.091003 
58.600000 	125.689003 	850.000000 	849.450012 	854.091003 
58.700000 	125.689003 	850.000000 	849.450012 	854.091003 
58.800000 	125.689003 	850.000000 	849.450012 	854.091003 
58.900000 	125.689003 	850.000000 	849.450012 	854.091003 
59.000000 	125.689003 	850.000000 	849.450012 	854.091003 
59.100000 	125.689003 	850.000000 	849.450012 	854.091003 
59.200000 	125.689003 	850.000000 	849.450012 	854.091003 
59.300000 	125.689003 	850.000000 	849.450012 	854.091003 
59.400000 	125.689003 	850.000000 	849.450012 	854.091003 
59.500000 	125.541000 	850.000000 	849.431030 	854.083984 
59.600000 	125.541000 	850.000000 	849.431030 	854.083984 
59.700000 	125.541000 	850.000000 	849.431030 	854.083984 
59.800000 	125.541000 	850.000000 	849.431030 	854.083984 
59.900000 	125.541000 	850.000000 	849.431030 	854.083984 
60.000000 	125.541000 	850.000000 	849.431030 	854.083984 
