0.500000 	93.828499 	439.000000 	460.130005 	446.774994 
0.600000 	93.828499 	439.000000 	460.130005 	446.774994 
0.700000 	93.828499 	439.000000 	460.130005 	446.774994 
0.800000 	93.828499 	439.000000 	460.130005 	446.774994 
0.900000 	93.828499 	439.000000 	460.130005 	446.774994 
1.000000 	93.828499 	439.000000 	460.130005 	446.774994 
1.100000 	93.828499 	439.000000 	460.130005 	446.774994 
1.200000 	93.828499 	439.000000 	460.130005 	446.774994 
1.300000 	93.828499 	439.000000 	460.130005 	446.774994 
1.400000 	93.828499 	439.000000 	460.130005 	446.774994 
1.500000 	103.878998 	439.000000 	448.127014 	446.585999 
1.600000 	103.878998 	439.000000 	448.127014 	446.585999 
1.700000 	103.878998 	439.000000 	448.127014 	446.585999 
1.800000 	103.878998 	439.000000 	448.127014 	446.585999 
1.900000 	103.878998 	439.000000 	448.127014 	446.585999 
2.000000 	103.878998 	439.000000 	448.127014 	446.585999 
2.100000 	103.878998 	439.000000 	448.127014 	446.585999 
2.200000 	103.878998 	439.000000 	448.127014 	446.585999 
2.300000 	103.878998 	439.000000 	448.127014 	446.585999 
2.400000 	103.878998 	439.000000 	448.127014 	446.585999 
2.500000 	113.913002 	439.000000 	443.851990 	446.476990 
2.600000 	113.913002 	439.000000 	443.851990 	446.476990 
2.700000 	113.913002 	439.000000 	443.851990 	446.476990 
2.800000 	113.913002 	439.000000 	443.851990 	446.476990 
2.900000 	113.913002 	439.000000 	443.851990 	446.476990 
3.000000 	113.913002 	439.000000 	443.851990 	446.476990 
3.100000 	113.913002 	439.000000 	443.851990 	446.476990 
3.200000 	113.913002 	439.000000 	443.851990 	446.476990 
3.300000 	113.913002 	439.000000 	443.851990 	446.476990 
3.400000 	113.913002 	439.000000 	443.851990 	446.476990 
3.500000 	118.806999 	439.000000 	441.923004 	446.438995 
3.600000 	118.806999 	439.000000 	441.923004 	446.438995 
3.700000 	118.806999 	439.000000 	441.923004 	446.438995 
3.800000 	118.806999 	439.000000 	441.923004 	446.438995 
3.900000 	118.806999 	439.000000 	441.923004 	446.438995 
4.000000 	118.806999 	439.000000 	441.923004 	446.438995 
4.100000 	118.806999 	439.000000 	441.923004 	446.438995 
4.200000 	118.806999 	439.000000 	441.923004 	446.438995 
4.300000 	118.806999 	439.000000 	441.923004 	446.438995 
4.400000 	118.806999 	439.000000 	441.923004 	446.438995 
4.500000 	121.380997 	439.000000 	440.923004 	446.428009 
4.600000 	121.380997 	439.000000 	440.923004 	446.428009 
4.700000 	121.380997 	439.000000 	440.923004 	446.428009 
4.800000 	121.380997 	439.000000 	440.923004 	446.428009 
4.900000 	121.380997 	439.000000 	440.923004 	446.428009 
5.000000 	121.380997 	439.000000 	440.923004 	446.428009 
5.100000 	121.380997 	439.000000 	440.923004 	446.428009 
5.200000 	121.380997 	439.000000 	440.923004 	446.428009 
5.300000 	121.380997 	439.000000 	440.923004 	446.428009 
5.400000 	121.380997 	439.000000 	440.923004 	446.428009 
5.500000 	122.872002 	439.000000 	440.347992 	446.428009 
5.600000 	122.872002 	439.000000 	440.347992 	446.428009 
5.700000 	122.872002 	439.000000 	440.347992 	446.428009 
5.800000 	122.872002 	439.000000 	440.347992 	446.428009 
5.900000 	122.872002 	439.000000 	440.347992 	446.428009 
6.000000 	122.872002 	439.000000 	440.347992 	446.428009 
6.100000 	122.872002 	439.000000 	440.347992 	446.428009 
6.200000 	122.872002 	439.000000 	440.347992 	446.428009 
6.300000 	122.872002 	439.000000 	440.347992 	446.428009 
6.400000 	122.872002 	439.000000 	440.347992 	446.428009 
6.500000 	123.806000 	439.000000 	439.988007 	446.434998 
6.600000 	123.806000 	439.000000 	439.988007 	446.434998 
6.700000 	123.806000 	439.000000 	439.988007 	446.434998 
6.800000 	123.806000 	439.000000 	439.988007 	446.434998 
6.900000 	123.806000 	439.000000 	439.988007 	446.434998 
7.000000 	123.806000 	439.000000 	439.988007 	446.434998 
7.100000 	123.806000 	439.000000 	439.988007 	446.434998 
7.200000 	123.806000 	439.000000 	439.988007 	446.434998 
7.300000 	123.806000 	439.000000 	439.988007 	446.434998 
7.400000 	123.806000 	439.000000 	439.988007 	446.434998 
7.500000 	124.428001 	439.000000 	439.750000 	446.446991 
7.600000 	124.428001 	439.000000 	439.750000 	446.446991 
7.700000 	124.428001 	439.000000 	439.750000 	446.446991 
7.800000 	124.428001 	439.000000 	439.750000 	446.446991 
7.900000 	124.428001 	439.000000 	439.750000 	446.446991 
8.000000 	124.428001 	439.000000 	439.750000 	446.446991 
8.100000 	124.428001 	439.000000 	439.750000 	446.446991 
8.200000 	124.428001 	439.000000 	439.750000 	446.446991 
8.300000 	124.428001 	439.000000 	439.750000 	446.446991 
8.400000 	124.428001 	439.000000 	439.750000 	446.446991 
8.500000 	124.862000 	439.000000 	439.583008 	446.462006 
8.600000 	124.862000 	439.000000 	439.583008 	446.462006 
8.700000 	124.862000 	439.000000 	439.583008 	446.462006 
8.800000 	124.862000 	439.000000 	439.583008 	446.462006 
8.900000 	124.862000 	439.000000 	439.583008 	446.462006 
9.000000 	124.862000 	439.000000 	439.583008 	446.462006 
9.100000 	124.862000 	439.000000 	439.583008 	446.462006 
9.200000 	124.862000 	439.000000 	439.583008 	446.462006 
9.300000 	124.862000 	439.000000 	439.583008 	446.462006 
9.400000 	124.862000 	439.000000 	439.583008 	446.462006 
9.500000 	125.178001 	439.000000 	439.463013 	446.479004 
9.600000 	125.178001 	439.000000 	439.463013 	446.479004 
9.700000 	125.178001 	439.000000 	439.463013 	446.479004 
9.800000 	125.178001 	439.000000 	439.463013 	446.479004 
9.900000 	125.178001 	439.000000 	439.463013 	446.479004 
10.000000 	125.178001 	439.000000 	439.463013 	446.479004 
10.100000 	125.178001 	439.000000 	439.463013 	446.479004 
10.200000 	125.178001 	439.000000 	439.463013 	446.479004 
10.300000 	125.178001 	439.000000 	439.463013 	446.479004 
10.400000 	125.178001 	439.000000 	439.463013 	446.479004 
10.500000 	125.415001 	439.000000 	439.372986 	446.498993 
10.600000 	125.415001 	439.000000 	439.372986 	446.498993 
10.700000 	125.415001 	439.000000 	439.372986 	446.498993 
10.800000 	125.415001 	439.000000 	439.372986 	446.498993 
10.900000 	125.415001 	439.000000 	439.372986 	446.498993 
11.000000 	125.415001 	439.000000 	439.372986 	446.498993 
11.100000 	125.415001 	439.000000 	439.372986 	446.498993 
11.200000 	125.415001 	439.000000 	439.372986 	446.498993 
11.300000 	125.415001 	439.000000 	439.372986 	446.498993 
11.400000 	125.415001 	439.000000 	439.372986 	446.498993 
11.500000 	125.598000 	439.000000 	439.303986 	446.520996 
11.600000 	125.598000 	439.000000 	439.303986 	446.520996 
11.700000 	125.598000 	439.000000 	439.303986 	446.520996 
11.800000 	125.598000 	439.000000 	439.303986 	446.520996 
11.900000 	125.598000 	439.000000 	439.303986 	446.520996 
12.000000 	125.598000 	439.000000 	439.303986 	446.520996 
12.100000 	125.598000 	439.000000 	439.303986 	446.520996 
12.200000 	125.598000 	439.000000 	439.303986 	446.520996 
12.300000 	125.598000 	439.000000 	439.303986 	446.520996 
12.400000 	125.598000 	439.000000 	439.303986 	446.520996 
12.500000 	125.741997 	439.000000 	439.250000 	446.545013 
12.600000 	125.741997 	439.000000 	439.250000 	446.545013 
12.700000 	125.741997 	439.000000 	439.250000 	446.545013 
12.800000 	125.741997 	439.000000 	439.250000 	446.545013 
12.900000 	125.741997 	439.000000 	439.250000 	446.545013 
13.000000 	125.741997 	439.000000 	439.250000 	446.545013 
13.100000 	125.741997 	439.000000 	439.250000 	446.545013 
13.200000 	125.741997 	439.000000 	439.250000 	446.545013 
13.300000 	125.741997 	439.000000 	439.250000 	446.545013 
13.400000 	125.741997 	439.000000 	439.250000 	446.545013 
13.500000 	125.858002 	439.000000 	439.205994 	446.570007 
13.600000 	125.858002 	439.000000 	439.205994 	446.570007 
13.700000 	125.858002 	439.000000 	439.205994 	446.570007 
13.800000 	125.858002 	439.000000 	439.205994 	446.570007 
13.900000 	125.858002 	439.000000 	439.205994 	446.570007 
14.000000 	125.858002 	439.000000 	439.205994 	446.570007 
14.100000 	125.858002 	439.000000 	439.205994 	446.570007 
14.200000 	125.858002 	439.000000 	439.205994 	446.570007 
14.300000 	125.858002 	439.000000 	439.205994 	446.570007 
14.400000 	125.858002 	439.000000 	439.205994 	446.570007 
14.500000 	125.953003 	439.000000 	439.170990 	446.596008 
14.600000 	125.953003 	439.000000 	439.170990 	446.596008 
14.700000 	125.953003 	439.000000 	439.170990 	446.596008 
14.800000 	125.953003 	439.000000 	439.170990 	446.596008 
14.900000 	125.953003 	439.000000 	439.170990 	446.596008 
15.000000 	125.953003 	439.000000 	439.170990 	446.596008 
15.100000 	125.953003 	439.000000 	439.170990 	446.596008 
15.200000 	125.953003 	439.000000 	439.170990 	446.596008 
15.300000 	125.953003 	439.000000 	439.170990 	446.596008 
15.400000 	125.953003 	439.000000 	439.170990 	446.596008 
15.500000 	126.031998 	439.000000 	439.141998 	446.623993 
15.600000 	126.031998 	439.000000 	439.141998 	446.623993 
15.700000 	126.031998 	439.000000 	439.141998 	446.623993 
15.800000 	126.031998 	439.000000 	439.141998 	446.623993 
15.900000 	126.031998 	439.000000 	439.141998 	446.623993 
16.000000 	126.031998 	439.000000 	439.141998 	446.623993 
16.100000 	126.031998 	439.000000 	439.141998 	446.623993 
16.200000 	126.031998 	439.000000 	439.141998 	446.623993 
16.300000 	126.031998 	439.000000 	439.141998 	446.623993 
16.400000 	126.031998 	439.000000 	439.141998 	446.623993 
16.500000 	126.098000 	439.000000 	439.118011 	446.653992 
16.600000 	126.098000 	439.000000 	439.118011 	446.653992 
16.700000 	126.098000 	439.000000 	439.118011 	446.653992 
16.800000 	126.098000 	439.000000 	439.118011 	446.653992 
16.900000 	126.098000 	439.000000 	439.118011 	446.653992 
17.000000 	126.098000 	439.000000 	439.118011 	446.653992 
17.100000 	126.098000 	439.000000 	439.118011 	446.653992 
17.200000 	126.098000 	439.000000 	439.118011 	446.653992 
17.300000 	126.098000 	439.000000 	439.118011 	446.653992 
17.400000 	126.098000 	439.000000 	439.118011 	446.653992 
17.500000 	126.154999 	439.000000 	439.096985 	446.683990 
17.600000 	126.154999 	439.000000 	439.096985 	446.683990 
17.700000 	126.154999 	439.000000 	439.096985 	446.683990 
17.800000 	126.154999 	439.000000 	439.096985 	446.683990 
17.900000 	126.154999 	439.000000 	439.096985 	446.683990 
18.000000 	126.154999 	439.000000 	439.096985 	446.683990 
18.100000 	126.154999 	439.000000 	439.096985 	446.683990 
18.200000 	126.154999 	439.000000 	439.096985 	446.683990 
18.300000 	126.154999 	439.000000 	439.096985 	446.683990 
18.400000 	126.154999 	439.000000 	439.096985 	446.683990 
18.500000 	126.204002 	439.000000 	439.079987 	446.714996 
18.600000 	126.204002 	439.000000 	439.079987 	446.714996 
18.700000 	126.204002 	439.000000 	439.079987 	446.714996 
18.800000 	126.204002 	439.000000 	439.079987 	446.714996 
18.900000 	126.204002 	439.000000 	439.079987 	446.714996 
19.000000 	126.204002 	439.000000 	439.079987 	446.714996 
19.100000 	126.204002 	439.000000 	439.079987 	446.714996 
19.200000 	126.204002 	439.000000 	439.079987 	446.714996 
19.300000 	126.204002 	439.000000 	439.079987 	446.714996 
19.400000 	126.204002 	439.000000 	439.079987 	446.714996 
19.500000 	126.246002 	439.000000 	439.065002 	446.747986 
19.600000 	126.246002 	439.000000 	439.065002 	446.747986 
19.700000 	126.246002 	439.000000 	439.065002 	446.747986 
19.800000 	126.246002 	439.000000 	439.065002 	446.747986 
19.900000 	126.246002 	439.000000 	439.065002 	446.747986 
20.000000 	126.246002 	439.000000 	439.065002 	446.747986 
20.100000 	126.246002 	439.000000 	439.065002 	446.747986 
20.200000 	126.246002 	439.000000 	439.065002 	446.747986 
20.300000 	126.246002 	439.000000 	439.065002 	446.747986 
20.400000 	126.246002 	439.000000 	439.065002 	446.747986 
20.500000 	126.282997 	439.000000 	439.050995 	446.781006 
20.600000 	126.282997 	439.000000 	439.050995 	446.781006 
20.700000 	126.282997 	439.000000 	439.050995 	446.781006 
20.800000 	126.282997 	439.000000 	439.050995 	446.781006 
20.900000 	126.282997 	439.000000 	439.050995 	446.781006 
21.000000 	126.282997 	439.000000 	439.050995 	446.781006 
21.100000 	126.282997 	439.000000 	439.050995 	446.781006 
21.200000 	126.282997 	439.000000 	439.050995 	446.781006 
21.300000 	126.282997 	439.000000 	439.050995 	446.781006 
21.400000 	126.282997 	439.000000 	439.050995 	446.781006 
21.500000 	126.316002 	439.000000 	439.040009 	446.815002 
21.600000 	126.316002 	439.000000 	439.040009 	446.815002 
21.700000 	126.316002 	439.000000 	439.040009 	446.815002 
21.800000 	126.316002 	439.000000 	439.040009 	446.815002 
21.900000 	126.316002 	439.000000 	439.040009 	446.815002 
22.000000 	126.316002 	439.000000 	439.040009 	446.815002 
22.100000 	126.316002 	439.000000 	439.040009 	446.815002 
22.200000 	126.316002 	439.000000 	439.040009 	446.815002 
22.300000 	126.316002 	439.000000 	439.040009 	446.815002 
22.400000 	126.316002 	439.000000 	439.040009 	446.815002 
22.500000 	126.345001 	439.000000 	439.028992 	446.850006 
22.600000 	126.345001 	439.000000 	439.028992 	446.850006 
22.700000 	126.345001 	439.000000 	439.028992 	446.850006 
22.800000 	126.345001 	439.000000 	439.028992 	446.850006 
22.900000 	126.345001 	439.000000 	439.028992 	446.850006 
23.000000 	126.345001 	439.000000 	439.028992 	446.850006 
23.100000 	126.345001 	439.000000 	439.028992 	446.850006 
23.200000 	126.345001 	439.000000 	439.028992 	446.850006 
23.300000 	126.345001 	439.000000 	439.028992 	446.850006 
23.400000 	126.345001 	439.000000 	439.028992 	446.850006 
23.500000 	126.371002 	439.000000 	439.019989 	446.885986 
23.600000 	126.371002 	439.000000 	439.019989 	446.885986 
23.700000 	126.371002 	439.000000 	439.019989 	446.885986 
23.800000 	126.371002 	439.000000 	439.019989 	446.885986 
23.900000 	126.371002 	439.000000 	439.019989 	446.885986 
24.000000 	126.371002 	439.000000 	439.019989 	446.885986 
24.100000 	126.371002 	439.000000 	439.019989 	446.885986 
24.200000 	126.371002 	439.000000 	439.019989 	446.885986 
24.300000 	126.371002 	439.000000 	439.019989 	446.885986 
24.400000 	126.371002 	439.000000 	439.019989 	446.885986 
24.500000 	126.393997 	439.000000 	439.011993 	446.921997 
24.600000 	126.393997 	439.000000 	439.011993 	446.921997 
24.700000 	126.393997 	439.000000 	439.011993 	446.921997 
24.800000 	126.393997 	439.000000 	439.011993 	446.921997 
24.900000 	126.393997 	439.000000 	439.011993 	446.921997 
25.000000 	126.393997 	439.000000 	439.011993 	446.921997 
25.100000 	126.393997 	439.000000 	439.011993 	446.921997 
25.200000 	126.393997 	439.000000 	439.011993 	446.921997 
25.300000 	126.393997 	439.000000 	439.011993 	446.921997 
25.400000 	126.393997 	439.000000 	439.011993 	446.921997 
25.500000 	126.415001 	439.000000 	439.003998 	446.959015 
25.600000 	126.415001 	439.000000 	439.003998 	446.959015 
25.700000 	126.415001 	439.000000 	439.003998 	446.959015 
25.800000 	126.415001 	439.000000 	439.003998 	446.959015 
25.900000 	126.415001 	439.000000 	439.003998 	446.959015 
26.000000 	126.415001 	439.000000 	439.003998 	446.959015 
26.100000 	126.415001 	439.000000 	439.003998 	446.959015 
26.200000 	126.415001 	439.000000 	439.003998 	446.959015 
26.300000 	126.415001 	439.000000 	439.003998 	446.959015 
26.400000 	126.415001 	439.000000 	439.003998 	446.959015 
26.500000 	126.433998 	439.000000 	438.997009 	446.997009 
26.600000 	126.433998 	439.000000 	438.997009 	446.997009 
26.700000 	126.433998 	439.000000 	438.997009 	446.997009 
26.800000 	126.433998 	439.000000 	438.997009 	446.997009 
26.900000 	126.433998 	439.000000 	438.997009 	446.997009 
27.000000 	126.433998 	439.000000 	438.997009 	446.997009 
27.100000 	126.433998 	439.000000 	438.997009 	446.997009 
27.200000 	126.433998 	439.000000 	438.997009 	446.997009 
27.300000 	126.433998 	439.000000 	438.997009 	446.997009 
27.400000 	126.433998 	439.000000 	438.997009 	446.997009 
27.500000 	126.450996 	439.000000 	438.989990 	447.035004 
27.600000 	126.450996 	439.000000 	438.989990 	447.035004 
27.700000 	126.450996 	439.000000 	438.989990 	447.035004 
27.800000 	126.450996 	439.000000 	438.989990 	447.035004 
27.900000 	126.450996 	439.000000 	438.989990 	447.035004 
28.000000 	126.450996 	439.000000 	438.989990 	447.035004 
28.100000 	126.450996 	439.000000 	438.989990 	447.035004 
28.200000 	126.450996 	439.000000 	438.989990 	447.035004 
28.300000 	126.450996 	439.000000 	438.989990 	447.035004 
28.400000 	126.450996 	439.000000 	438.989990 	447.035004 
28.500000 	126.466003 	439.000000 	438.984009 	447.074005 
28.600000 	126.466003 	439.000000 	438.984009 	447.074005 
28.700000 	126.466003 	439.000000 	438.984009 	447.074005 
28.800000 	126.466003 	439.000000 	438.984009 	447.074005 
28.900000 	126.466003 	439.000000 	438.984009 	447.074005 
29.000000 	126.466003 	439.000000 	438.984009 	447.074005 
29.100000 	126.466003 	439.000000 	438.984009 	447.074005 
29.200000 	126.466003 	439.000000 	438.984009 	447.074005 
29.300000 	126.466003 	439.000000 	438.984009 	447.074005 
29.400000 	126.466003 	439.000000 	438.984009 	447.074005 
29.500000 	126.478996 	439.000000 	438.977997 	447.113007 
29.600000 	126.478996 	439.000000 	438.977997 	447.113007 
29.700000 	126.478996 	439.000000 	438.977997 	447.113007 
29.800000 	126.478996 	439.000000 	438.977997 	447.113007 
29.900000 	126.478996 	439.000000 	438.977997 	447.113007 
30.000000 	126.478996 	439.000000 	438.977997 	447.113007 
30.100000 	126.478996 	439.000000 	438.977997 	447.113007 
30.200000 	126.478996 	439.000000 	438.977997 	447.113007 
30.300000 	126.478996 	439.000000 	438.977997 	447.113007 
30.400000 	126.478996 	439.000000 	438.977997 	447.113007 
30.500000 	126.490997 	439.000000 	438.972992 	447.152008 
30.600000 	126.490997 	439.000000 	438.972992 	447.152008 
30.700000 	126.490997 	439.000000 	438.972992 	447.152008 
30.800000 	126.490997 	439.000000 	438.972992 	447.152008 
30.900000 	126.490997 	439.000000 	438.972992 	447.152008 
31.000000 	126.490997 	439.000000 	438.972992 	447.152008 
31.100000 	126.490997 	439.000000 	438.972992 	447.152008 
31.200000 	126.490997 	439.000000 	438.972992 	447.152008 
31.300000 	126.490997 	439.000000 	438.972992 	447.152008 
31.400000 	126.490997 	439.000000 	438.972992 	447.152008 
31.500000 	126.500999 	439.000000 	438.967987 	447.191986 
31.600000 	126.500999 	439.000000 	438.967987 	447.191986 
31.700000 	126.500999 	439.000000 	438.967987 	447.191986 
31.800000 	126.500999 	439.000000 	438.967987 	447.191986 
31.900000 	126.500999 	439.000000 	438.967987 	447.191986 
32.000000 	126.500999 	439.000000 	438.967987 	447.191986 
32.100000 	126.500999 	439.000000 	438.967987 	447.191986 
32.200000 	126.500999 	439.000000 	438.967987 	447.191986 
32.300000 	126.500999 	439.000000 	438.967987 	447.191986 
32.400000 	126.500999 	439.000000 	438.967987 	447.191986 
32.500000 	126.510002 	439.000000 	438.962006 	447.231995 
32.600000 	126.510002 	439.000000 	438.962006 	447.231995 
32.700000 	126.510002 	439.000000 	438.962006 	447.231995 
32.800000 	126.510002 	439.000000 	438.962006 	447.231995 
32.900000 	126.510002 	439.000000 	438.962006 	447.231995 
33.000000 	126.510002 	439.000000 	438.962006 	447.231995 
33.100000 	126.510002 	439.000000 	438.962006 	447.231995 
33.200000 	126.510002 	439.000000 	438.962006 	447.231995 
33.300000 	126.510002 	439.000000 	438.962006 	447.231995 
33.400000 	126.510002 	439.000000 	438.962006 	447.231995 
33.500000 	126.516998 	439.000000 	438.958008 	447.272003 
33.600000 	126.516998 	439.000000 	438.958008 	447.272003 
33.700000 	126.516998 	439.000000 	438.958008 	447.272003 
33.800000 	126.516998 	439.000000 	438.958008 	447.272003 
33.900000 	126.516998 	439.000000 	438.958008 	447.272003 
34.000000 	126.516998 	439.000000 	438.958008 	447.272003 
34.100000 	126.516998 	439.000000 	438.958008 	447.272003 
34.200000 	126.516998 	439.000000 	438.958008 	447.272003 
34.300000 	126.516998 	439.000000 	438.958008 	447.272003 
34.400000 	126.516998 	439.000000 	438.958008 	447.272003 
34.500000 	126.523003 	439.000000 	438.953003 	447.312988 
34.600000 	126.523003 	439.000000 	438.953003 	447.312988 
34.700000 	126.523003 	439.000000 	438.953003 	447.312988 
34.800000 	126.523003 	439.000000 	438.953003 	447.312988 
34.900000 	126.523003 	439.000000 	438.953003 	447.312988 
35.000000 	126.523003 	439.000000 	438.953003 	447.312988 
35.100000 	126.523003 	439.000000 	438.953003 	447.312988 
35.200000 	126.523003 	439.000000 	438.953003 	447.312988 
35.300000 	126.523003 	439.000000 	438.953003 	447.312988 
35.400000 	126.523003 	439.000000 	438.953003 	447.312988 
35.500000 	126.527000 	439.000000 	438.947998 	447.354004 
35.600000 	126.527000 	439.000000 	438.947998 	447.354004 
35.700000 	126.527000 	439.000000 	438.947998 	447.354004 
35.800000 	126.527000 	439.000000 	438.947998 	447.354004 
35.900000 	126.527000 	439.000000 	438.947998 	447.354004 
36.000000 	126.527000 	439.000000 	438.947998 	447.354004 
36.100000 	126.527000 	439.000000 	438.947998 	447.354004 
36.200000 	126.527000 	439.000000 	438.947998 	447.354004 
36.300000 	126.527000 	439.000000 	438.947998 	447.354004 
36.400000 	126.527000 	439.000000 	438.947998 	447.354004 
36.500000 	126.528999 	439.000000 	438.942993 	447.394989 
36.600000 	126.528999 	439.000000 	438.942993 	447.394989 
36.700000 	126.528999 	439.000000 	438.942993 	447.394989 
36.800000 	126.528999 	439.000000 	438.942993 	447.394989 
36.900000 	126.528999 	439.000000 	438.942993 	447.394989 
37.000000 	126.528999 	439.000000 	438.942993 	447.394989 
37.100000 	126.528999 	439.000000 	438.942993 	447.394989 
37.200000 	126.528999 	439.000000 	438.942993 	447.394989 
37.300000 	126.528999 	439.000000 	438.942993 	447.394989 
37.400000 	126.528999 	439.000000 	438.942993 	447.394989 
37.500000 	126.530998 	439.000000 	438.938995 	447.436005 
37.600000 	126.530998 	439.000000 	438.938995 	447.436005 
37.700000 	126.530998 	439.000000 	438.938995 	447.436005 
37.800000 	126.530998 	439.000000 	438.938995 	447.436005 
37.900000 	126.530998 	439.000000 	438.938995 	447.436005 
38.000000 	126.530998 	439.000000 	438.938995 	447.436005 
38.100000 	126.530998 	439.000000 	438.938995 	447.436005 
38.200000 	126.530998 	439.000000 	438.938995 	447.436005 
38.300000 	126.530998 	439.000000 	438.938995 	447.436005 
38.400000 	126.530998 	439.000000 	438.938995 	447.436005 
38.500000 	126.529999 	439.000000 	438.933990 	447.476990 
38.600000 	126.529999 	439.000000 	438.933990 	447.476990 
38.700000 	126.529999 	439.000000 	438.933990 	447.476990 
38.800000 	126.529999 	439.000000 	438.933990 	447.476990 
38.900000 	126.529999 	439.000000 	438.933990 	447.476990 
39.000000 	126.529999 	439.000000 	438.933990 	447.476990 
39.100000 	126.529999 	439.000000 	438.933990 	447.476990 
39.200000 	126.529999 	439.000000 	438.933990 	447.476990 
39.300000 	126.529999 	439.000000 	438.933990 	447.476990 
39.400000 	126.529999 	439.000000 	438.933990 	447.476990 
39.500000 	126.528000 	439.000000 	438.928986 	447.518005 
39.600000 	126.528000 	439.000000 	438.928986 	447.518005 
39.700000 	126.528000 	439.000000 	438.928986 	447.518005 
39.800000 	126.528000 	439.000000 	438.928986 	447.518005 
39.900000 	126.528000 	439.000000 	438.928986 	447.518005 
40.000000 	126.528000 	439.000000 	438.928986 	447.518005 
40.100000 	126.528000 	439.000000 	438.928986 	447.518005 
40.200000 	126.528000 	439.000000 	438.928986 	447.518005 
40.300000 	126.528000 	439.000000 	438.928986 	447.518005 
40.400000 	126.528000 	439.000000 	438.928986 	447.518005 
40.500000 	126.523003 	439.000000 	438.924988 	447.558990 
40.600000 	126.523003 	439.000000 	438.924988 	447.558990 
40.700000 	126.523003 	439.000000 	438.924988 	447.558990 
40.800000 	126.523003 	439.000000 	438.924988 	447.558990 
40.900000 	126.523003 	439.000000 	438.924988 	447.558990 
41.000000 	126.523003 	439.000000 	438.924988 	447.558990 
41.100000 	126.523003 	439.000000 	438.924988 	447.558990 
41.200000 	126.523003 	439.000000 	438.924988 	447.558990 
41.300000 	126.523003 	439.000000 	438.924988 	447.558990 
41.400000 	126.523003 	439.000000 	438.924988 	447.558990 
41.500000 	126.516998 	439.000000 	438.920013 	447.600006 
41.600000 	126.516998 	439.000000 	438.920013 	447.600006 
41.700000 	126.516998 	439.000000 	438.920013 	447.600006 
41.800000 	126.516998 	439.000000 	438.920013 	447.600006 
41.900000 	126.516998 	439.000000 	438.920013 	447.600006 
42.000000 	126.516998 	439.000000 	438.920013 	447.600006 
42.100000 	126.516998 	439.000000 	438.920013 	447.600006 
42.200000 	126.516998 	439.000000 	438.920013 	447.600006 
42.300000 	126.516998 	439.000000 	438.920013 	447.600006 
42.400000 	126.516998 	439.000000 	438.920013 	447.600006 
42.500000 	126.508003 	439.000000 	438.915009 	447.641998 
42.600000 	126.508003 	439.000000 	438.915009 	447.641998 
42.700000 	126.508003 	439.000000 	438.915009 	447.641998 
42.800000 	126.508003 	439.000000 	438.915009 	447.641998 
42.900000 	126.508003 	439.000000 	438.915009 	447.641998 
43.000000 	126.508003 	439.000000 	438.915009 	447.641998 
43.100000 	126.508003 	439.000000 	438.915009 	447.641998 
43.200000 	126.508003 	439.000000 	438.915009 	447.641998 
43.300000 	126.508003 	439.000000 	438.915009 	447.641998 
43.400000 	126.508003 	439.000000 	438.915009 	447.641998 
43.500000 	126.497002 	439.000000 	438.910004 	447.683014 
43.600000 	126.497002 	439.000000 	438.910004 	447.683014 
43.700000 	126.497002 	439.000000 	438.910004 	447.683014 
43.800000 	126.497002 	439.000000 	438.910004 	447.683014 
43.900000 	126.497002 	439.000000 	438.910004 	447.683014 
44.000000 	126.497002 	439.000000 	438.910004 	447.683014 
44.100000 	126.497002 	439.000000 	438.910004 	447.683014 
44.200000 	126.497002 	439.000000 	438.910004 	447.683014 
44.300000 	126.497002 	439.000000 	438.910004 	447.683014 
44.400000 	126.497002 	439.000000 	438.910004 	447.683014 
44.500000 	126.484001 	439.000000 	438.904999 	447.723999 
44.600000 	126.484001 	439.000000 	438.904999 	447.723999 
44.700000 	126.484001 	439.000000 	438.904999 	447.723999 
44.800000 	126.484001 	439.000000 	438.904999 	447.723999 
44.900000 	126.484001 	439.000000 	438.904999 	447.723999 
45.000000 	126.484001 	439.000000 	438.904999 	447.723999 
45.100000 	126.484001 	439.000000 	438.904999 	447.723999 
45.200000 	126.484001 	439.000000 	438.904999 	447.723999 
45.300000 	126.484001 	439.000000 	438.904999 	447.723999 
45.400000 	126.484001 	439.000000 	438.904999 	447.723999 
45.500000 	126.467003 	439.000000 	438.899994 	447.765015 
45.600000 	126.467003 	439.000000 	438.899994 	447.765015 
45.700000 	126.467003 	439.000000 	438.899994 	447.765015 
45.800000 	126.467003 	439.000000 	438.899994 	447.765015 
45.900000 	126.467003 	439.000000 	438.899994 	447.765015 
46.000000 	126.467003 	439.000000 	438.899994 	447.765015 
46.100000 	126.467003 	439.000000 	438.899994 	447.765015 
46.200000 	126.467003 	439.000000 	438.899994 	447.765015 
46.300000 	126.467003 	439.000000 	438.899994 	447.765015 
46.400000 	126.467003 	439.000000 	438.899994 	447.765015 
46.500000 	126.446999 	439.000000 	438.894989 	447.804993 
46.600000 	126.446999 	439.000000 	438.894989 	447.804993 
46.700000 	126.446999 	439.000000 	438.894989 	447.804993 
46.800000 	126.446999 	439.000000 	438.894989 	447.804993 
46.900000 	126.446999 	439.000000 	438.894989 	447.804993 
47.000000 	126.446999 	439.000000 	438.894989 	447.804993 
47.100000 	126.446999 	439.000000 	438.894989 	447.804993 
47.200000 	126.446999 	439.000000 	438.894989 	447.804993 
47.300000 	126.446999 	439.000000 	438.894989 	447.804993 
47.400000 	126.446999 	439.000000 	438.894989 	447.804993 
47.500000 	126.424004 	439.000000 	438.890015 	447.846008 
47.600000 	126.424004 	439.000000 	438.890015 	447.846008 
47.700000 	126.424004 	439.000000 	438.890015 	447.846008 
47.800000 	126.424004 	439.000000 	438.890015 	447.846008 
47.900000 	126.424004 	439.000000 	438.890015 	447.846008 
48.000000 	126.424004 	439.000000 	438.890015 	447.846008 
48.100000 	126.424004 	439.000000 	438.890015 	447.846008 
48.200000 	126.424004 	439.000000 	438.890015 	447.846008 
48.300000 	126.424004 	439.000000 	438.890015 	447.846008 
48.400000 	126.424004 	439.000000 	438.890015 	447.846008 
48.500000 	126.397003 	439.000000 	438.884003 	447.885986 
48.600000 	126.397003 	439.000000 	438.884003 	447.885986 
48.700000 	126.397003 	439.000000 	438.884003 	447.885986 
48.800000 	126.397003 	439.000000 	438.884003 	447.885986 
48.900000 	126.397003 	439.000000 	438.884003 	447.885986 
49.000000 	126.397003 	439.000000 	438.884003 	447.885986 
49.100000 	126.397003 	439.000000 	438.884003 	447.885986 
49.200000 	126.397003 	439.000000 	438.884003 	447.885986 
49.300000 	126.397003 	439.000000 	438.884003 	447.885986 
49.400000 	126.397003 	439.000000 	438.884003 	447.885986 
49.500000 	126.364998 	439.000000 	438.878998 	447.925995 
49.600000 	126.364998 	439.000000 	438.878998 	447.925995 
49.700000 	126.364998 	439.000000 	438.878998 	447.925995 
49.800000 	126.364998 	439.000000 	438.878998 	447.925995 
49.900000 	126.364998 	439.000000 	438.878998 	447.925995 
50.000000 	126.364998 	439.000000 	438.878998 	447.925995 
50.100000 	126.364998 	439.000000 	438.878998 	447.925995 
50.200000 	126.364998 	439.000000 	438.878998 	447.925995 
50.300000 	126.364998 	439.000000 	438.878998 	447.925995 
50.400000 	126.364998 	439.000000 	438.878998 	447.925995 
50.500000 	126.328003 	439.000000 	438.872986 	447.966003 
50.600000 	126.328003 	439.000000 	438.872986 	447.966003 
50.700000 	126.328003 	439.000000 	438.872986 	447.966003 
50.800000 	126.328003 	439.000000 	438.872986 	447.966003 
50.900000 	126.328003 	439.000000 	438.872986 	447.966003 
51.000000 	126.328003 	439.000000 	438.872986 	447.966003 
51.100000 	126.328003 	439.000000 	438.872986 	447.966003 
51.200000 	126.328003 	439.000000 	438.872986 	447.966003 
51.300000 	126.328003 	439.000000 	438.872986 	447.966003 
51.400000 	126.328003 	439.000000 	438.872986 	447.966003 
51.500000 	126.286003 	439.000000 	438.867004 	448.005005 
51.600000 	126.286003 	439.000000 	438.867004 	448.005005 
51.700000 	126.286003 	439.000000 	438.867004 	448.005005 
51.800000 	126.286003 	439.000000 	438.867004 	448.005005 
51.900000 	126.286003 	439.000000 	438.867004 	448.005005 
52.000000 	126.286003 	439.000000 	438.867004 	448.005005 
52.100000 	126.286003 	439.000000 	438.867004 	448.005005 
52.200000 	126.286003 	439.000000 	438.867004 	448.005005 
52.300000 	126.286003 	439.000000 	438.867004 	448.005005 
52.400000 	126.286003 	439.000000 	438.867004 	448.005005 
52.500000 	126.237000 	439.000000 	438.860992 	448.044006 
52.600000 	126.237000 	439.000000 	438.860992 	448.044006 
52.700000 	126.237000 	439.000000 	438.860992 	448.044006 
52.800000 	126.237000 	439.000000 	438.860992 	448.044006 
52.900000 	126.237000 	439.000000 	438.860992 	448.044006 
53.000000 	126.237000 	439.000000 	438.860992 	448.044006 
53.100000 	126.237000 	439.000000 	438.860992 	448.044006 
53.200000 	126.237000 	439.000000 	438.860992 	448.044006 
53.300000 	126.237000 	439.000000 	438.860992 	448.044006 
53.400000 	126.237000 	439.000000 	438.860992 	448.044006 
53.500000 	126.180000 	439.000000 	438.854004 	448.083008 
53.600000 	126.180000 	439.000000 	438.854004 	448.083008 
53.700000 	126.180000 	439.000000 	438.854004 	448.083008 
53.800000 	126.180000 	439.000000 	438.854004 	448.083008 
53.900000 	126.180000 	439.000000 	438.854004 	448.083008 
54.000000 	126.180000 	439.000000 	438.854004 	448.083008 
54.100000 	126.180000 	439.000000 	438.854004 	448.083008 
54.200000 	126.180000 	439.000000 	438.854004 	448.083008 
54.300000 	126.180000 	439.000000 	438.854004 	448.083008 
54.400000 	126.180000 	439.000000 	438.854004 	448.083008 
54.500000 	126.114998 	439.000000 	438.847992 	448.121002 
54.600000 	126.114998 	439.000000 	438.847992 	448.121002 
54.700000 	126.114998 	439.000000 	438.847992 	448.121002 
54.800000 	126.114998 	439.000000 	438.847992 	448.121002 
54.900000 	126.114998 	439.000000 	438.847992 	448.121002 
55.000000 	126.114998 	439.000000 	438.847992 	448.121002 
55.100000 	126.114998 	439.000000 	438.847992 	448.121002 
55.200000 	126.114998 	439.000000 	438.847992 	448.121002 
55.300000 	126.114998 	439.000000 	438.847992 	448.121002 
55.400000 	126.114998 	439.000000 	438.847992 	448.121002 
55.500000 	126.039001 	439.000000 	438.841003 	448.158997 
55.600000 	126.039001 	439.000000 	438.841003 	448.158997 
55.700000 	126.039001 	439.000000 	438.841003 	448.158997 
55.800000 	126.039001 	439.000000 	438.841003 	448.158997 
55.900000 	126.039001 	439.000000 	438.841003 	448.158997 
56.000000 	126.039001 	439.000000 	438.841003 	448.158997 
56.100000 	126.039001 	439.000000 	438.841003 	448.158997 
56.200000 	126.039001 	439.000000 	438.841003 	448.158997 
56.300000 	126.039001 	439.000000 	438.841003 	448.158997 
56.400000 	126.039001 	439.000000 	438.841003 	448.158997 
56.500000 	125.950996 	439.000000 	438.834015 	448.196991 
56.600000 	125.950996 	439.000000 	438.834015 	448.196991 
56.700000 	125.950996 	439.000000 	438.834015 	448.196991 
56.800000 	125.950996 	439.000000 	438.834015 	448.196991 
56.900000 	125.950996 	439.000000 	438.834015 	448.196991 
57.000000 	125.950996 	439.000000 	438.834015 	448.196991 
57.100000 	125.950996 	439.000000 	438.834015 	448.196991 
57.200000 	125.950996 	439.000000 	438.834015 	448.196991 
57.300000 	125.950996 	439.000000 	438.834015 	448.196991 
57.400000 	125.950996 	439.000000 	438.834015 	448.196991 
57.500000 	125.848000 	439.000000 	438.825989 	448.234009 
57.600000 	125.848000 	439.000000 	438.825989 	448.234009 
57.700000 	125.848000 	439.000000 	438.825989 	448.234009 
57.800000 	125.848000 	439.000000 	438.825989 	448.234009 
57.900000 	125.848000 	439.000000 	438.825989 	448.234009 
58.000000 	125.848000 	439.000000 	438.825989 	448.234009 
58.100000 	125.848000 	439.000000 	438.825989 	448.234009 
58.200000 	125.848000 	439.000000 	438.825989 	448.234009 
58.300000 	125.848000 	439.000000 	438.825989 	448.234009 
58.400000 	125.848000 	439.000000 	438.825989 	448.234009 
58.500000 	125.724998 	439.000000 	438.819000 	448.269989 
58.600000 	125.724998 	439.000000 	438.819000 	448.269989 
58.700000 	125.724998 	439.000000 	438.819000 	448.269989 
58.800000 	125.724998 	439.000000 	438.819000 	448.269989 
58.900000 	125.724998 	439.000000 	438.819000 	448.269989 
59.000000 	125.724998 	439.000000 	438.819000 	448.269989 
59.100000 	125.724998 	439.000000 	438.819000 	448.269989 
59.200000 	125.724998 	439.000000 	438.819000 	448.269989 
59.300000 	125.724998 	439.000000 	438.819000 	448.269989 
59.400000 	125.724998 	439.000000 	438.819000 	448.269989 
59.500000 	125.579002 	439.000000 	438.811005 	448.306000 
59.600000 	125.579002 	439.000000 	438.811005 	448.306000 
59.700000 	125.579002 	439.000000 	438.811005 	448.306000 
59.800000 	125.579002 	439.000000 	438.811005 	448.306000 
59.900000 	125.579002 	439.000000 	438.811005 	448.306000 
60.000000 	125.579002 	439.000000 	438.811005 	448.306000 
