0.500000 	89.694199 	777.000000 	800.004028 	775.452026 
0.600000 	89.694199 	777.000000 	800.004028 	775.452026 
0.700000 	89.694199 	777.000000 	800.004028 	775.452026 
0.800000 	89.694199 	777.000000 	800.004028 	775.452026 
0.900000 	89.694199 	777.000000 	800.004028 	775.452026 
1.000000 	89.694199 	777.000000 	800.004028 	775.452026 
1.100000 	89.694199 	777.000000 	800.004028 	775.452026 
1.200000 	89.694199 	777.000000 	800.004028 	775.452026 
1.300000 	89.694199 	777.000000 	800.004028 	775.452026 
1.400000 	89.694199 	777.000000 	800.004028 	775.452026 
1.500000 	100.828003 	777.000000 	777.940002 	779.195007 
1.600000 	100.828003 	777.000000 	777.940002 	779.195007 
1.700000 	100.828003 	777.000000 	777.940002 	779.195007 
1.800000 	100.828003 	777.000000 	777.940002 	779.195007 
1.900000 	100.828003 	777.000000 	777.940002 	779.195007 
2.000000 	100.828003 	777.000000 	777.940002 	779.195007 
2.100000 	100.828003 	777.000000 	777.940002 	779.195007 
2.200000 	100.828003 	777.000000 	777.940002 	779.195007 
2.300000 	100.828003 	777.000000 	777.940002 	779.195007 
2.400000 	100.828003 	777.000000 	777.940002 	779.195007 
2.500000 	110.875000 	777.000000 	777.099976 	779.896973 
2.600000 	110.875000 	777.000000 	777.099976 	779.896973 
2.700000 	110.875000 	777.000000 	777.099976 	779.896973 
2.800000 	110.875000 	777.000000 	777.099976 	779.896973 
2.900000 	110.875000 	777.000000 	777.099976 	779.896973 
3.000000 	110.875000 	777.000000 	777.099976 	779.896973 
3.100000 	110.875000 	777.000000 	777.099976 	779.896973 
3.200000 	110.875000 	777.000000 	777.099976 	779.896973 
3.300000 	110.875000 	777.000000 	777.099976 	779.896973 
3.400000 	110.875000 	777.000000 	777.099976 	779.896973 
3.500000 	115.655998 	777.000000 	776.603027 	780.181030 
3.600000 	115.655998 	777.000000 	776.603027 	780.181030 
3.700000 	115.655998 	777.000000 	776.603027 	780.181030 
3.800000 	115.655998 	777.000000 	776.603027 	780.181030 
3.900000 	115.655998 	777.000000 	776.603027 	780.181030 
4.000000 	115.655998 	777.000000 	776.603027 	780.181030 
4.100000 	115.655998 	777.000000 	776.603027 	780.181030 
4.200000 	115.655998 	777.000000 	776.603027 	780.181030 
4.300000 	115.655998 	777.000000 	776.603027 	780.181030 
4.400000 	115.655998 	777.000000 	776.603027 	780.181030 
4.500000 	118.143997 	777.000000 	776.341980 	780.301025 
4.600000 	118.143997 	777.000000 	776.341980 	780.301025 
4.700000 	118.143997 	777.000000 	776.341980 	780.301025 
4.800000 	118.143997 	777.000000 	776.341980 	780.301025 
4.900000 	118.143997 	777.000000 	776.341980 	780.301025 
5.000000 	118.143997 	777.000000 	776.341980 	780.301025 
5.100000 	118.143997 	777.000000 	776.341980 	780.301025 
5.200000 	118.143997 	777.000000 	776.341980 	780.301025 
5.300000 	118.143997 	777.000000 	776.341980 	780.301025 
5.400000 	118.143997 	777.000000 	776.341980 	780.301025 
5.500000 	119.578003 	777.000000 	776.197021 	780.460022 
5.600000 	119.578003 	777.000000 	776.197021 	780.460022 
5.700000 	119.578003 	777.000000 	776.197021 	780.460022 
5.800000 	119.578003 	777.000000 	776.197021 	780.460022 
5.900000 	119.578003 	777.000000 	776.197021 	780.460022 
6.000000 	119.578003 	777.000000 	776.197021 	780.460022 
6.100000 	119.578003 	777.000000 	776.197021 	780.460022 
6.200000 	119.578003 	777.000000 	776.197021 	780.460022 
6.300000 	119.578003 	777.000000 	776.197021 	780.460022 
6.400000 	119.578003 	777.000000 	776.197021 	780.460022 
6.500000 	120.473999 	777.000000 	776.112000 	780.531006 
6.600000 	120.473999 	777.000000 	776.112000 	780.531006 
6.700000 	120.473999 	777.000000 	776.112000 	780.531006 
6.800000 	120.473999 	777.000000 	776.112000 	780.531006 
6.900000 	120.473999 	777.000000 	776.112000 	780.531006 
7.000000 	120.473999 	777.000000 	776.112000 	780.531006 
7.100000 	120.473999 	777.000000 	776.112000 	780.531006 
7.200000 	120.473999 	777.000000 	776.112000 	780.531006 
7.300000 	120.473999 	777.000000 	776.112000 	780.531006 
7.400000 	120.473999 	777.000000 	776.112000 	780.531006 
7.500000 	121.070000 	777.000000 	776.059021 	780.583984 
7.600000 	121.070000 	777.000000 	776.059021 	780.583984 
7.700000 	121.070000 	777.000000 	776.059021 	780.583984 
7.800000 	121.070000 	777.000000 	776.059021 	780.583984 
7.900000 	121.070000 	777.000000 	776.059021 	780.583984 
8.000000 	121.070000 	777.000000 	776.059021 	780.583984 
8.100000 	121.070000 	777.000000 	776.059021 	780.583984 
8.200000 	121.070000 	777.000000 	776.059021 	780.583984 
8.300000 	121.070000 	777.000000 	776.059021 	780.583984 
8.400000 	121.070000 	777.000000 	776.059021 	780.583984 
8.500000 	121.485001 	777.000000 	776.026001 	780.625977 
8.600000 	121.485001 	777.000000 	776.026001 	780.625977 
8.700000 	121.485001 	777.000000 	776.026001 	780.625977 
8.800000 	121.485001 	777.000000 	776.026001 	780.625977 
8.900000 	121.485001 	777.000000 	776.026001 	780.625977 
9.000000 	121.485001 	777.000000 	776.026001 	780.625977 
9.100000 	121.485001 	777.000000 	776.026001 	780.625977 
9.200000 	121.485001 	777.000000 	776.026001 	780.625977 
9.300000 	121.485001 	777.000000 	776.026001 	780.625977 
9.400000 	121.485001 	777.000000 	776.026001 	780.625977 
9.500000 	121.788002 	777.000000 	776.002991 	780.659973 
9.600000 	121.788002 	777.000000 	776.002991 	780.659973 
9.700000 	121.788002 	777.000000 	776.002991 	780.659973 
9.800000 	121.788002 	777.000000 	776.002991 	780.659973 
9.900000 	121.788002 	777.000000 	776.002991 	780.659973 
10.000000 	121.788002 	777.000000 	776.002991 	780.659973 
10.100000 	121.788002 	777.000000 	776.002991 	780.659973 
10.200000 	121.788002 	777.000000 	776.002991 	780.659973 
10.300000 	121.788002 	777.000000 	776.002991 	780.659973 
10.400000 	121.788002 	777.000000 	776.002991 	780.659973 
10.500000 	122.014000 	777.000000 	775.987976 	780.690002 
10.600000 	122.014000 	777.000000 	775.987976 	780.690002 
10.700000 	122.014000 	777.000000 	775.987976 	780.690002 
10.800000 	122.014000 	777.000000 	775.987976 	780.690002 
10.900000 	122.014000 	777.000000 	775.987976 	780.690002 
11.000000 	122.014000 	777.000000 	775.987976 	780.690002 
11.100000 	122.014000 	777.000000 	775.987976 	780.690002 
11.200000 	122.014000 	777.000000 	775.987976 	780.690002 
11.300000 	122.014000 	777.000000 	775.987976 	780.690002 
11.400000 	122.014000 	777.000000 	775.987976 	780.690002 
11.500000 	122.189003 	777.000000 	775.978027 	780.715027 
11.600000 	122.189003 	777.000000 	775.978027 	780.715027 
11.700000 	122.189003 	777.000000 	775.978027 	780.715027 
11.800000 	122.189003 	777.000000 	775.978027 	780.715027 
11.900000 	122.189003 	777.000000 	775.978027 	780.715027 
12.000000 	122.189003 	777.000000 	775.978027 	780.715027 
12.100000 	122.189003 	777.000000 	775.978027 	780.715027 
12.200000 	122.189003 	777.000000 	775.978027 	780.715027 
12.300000 	122.189003 	777.000000 	775.978027 	780.715027 
12.400000 	122.189003 	777.000000 	775.978027 	780.715027 
12.500000 	122.325996 	777.000000 	775.969971 	780.737976 
12.600000 	122.325996 	777.000000 	775.969971 	780.737976 
12.700000 	122.325996 	777.000000 	775.969971 	780.737976 
12.800000 	122.325996 	777.000000 	775.969971 	780.737976 
12.900000 	122.325996 	777.000000 	775.969971 	780.737976 
13.000000 	122.325996 	777.000000 	775.969971 	780.737976 
13.100000 	122.325996 	777.000000 	775.969971 	780.737976 
13.200000 	122.325996 	777.000000 	775.969971 	780.737976 
13.300000 	122.325996 	777.000000 	775.969971 	780.737976 
13.400000 	122.325996 	777.000000 	775.969971 	780.737976 
13.500000 	122.436996 	777.000000 	775.963989 	780.758972 
13.600000 	122.436996 	777.000000 	775.963989 	780.758972 
13.700000 	122.436996 	777.000000 	775.963989 	780.758972 
13.800000 	122.436996 	777.000000 	775.963989 	780.758972 
13.900000 	122.436996 	777.000000 	775.963989 	780.758972 
14.000000 	122.436996 	777.000000 	775.963989 	780.758972 
14.100000 	122.436996 	777.000000 	775.963989 	780.758972 
14.200000 	122.436996 	777.000000 	775.963989 	780.758972 
14.300000 	122.436996 	777.000000 	775.963989 	780.758972 
14.400000 	122.436996 	777.000000 	775.963989 	780.758972 
14.500000 	122.527000 	777.000000 	775.960022 	780.778015 
14.600000 	122.527000 	777.000000 	775.960022 	780.778015 
14.700000 	122.527000 	777.000000 	775.960022 	780.778015 
14.800000 	122.527000 	777.000000 	775.960022 	780.778015 
14.900000 	122.527000 	777.000000 	775.960022 	780.778015 
15.000000 	122.527000 	777.000000 	775.960022 	780.778015 
15.100000 	122.527000 	777.000000 	775.960022 	780.778015 
15.200000 	122.527000 	777.000000 	775.960022 	780.778015 
15.300000 	122.527000 	777.000000 	775.960022 	780.778015 
15.400000 	122.527000 	777.000000 	775.960022 	780.778015 
15.500000 	122.601997 	777.000000 	775.956970 	780.794983 
15.600000 	122.601997 	777.000000 	775.956970 	780.794983 
15.700000 	122.601997 	777.000000 	775.956970 	780.794983 
15.800000 	122.601997 	777.000000 	775.956970 	780.794983 
15.900000 	122.601997 	777.000000 	775.956970 	780.794983 
16.000000 	122.601997 	777.000000 	775.956970 	780.794983 
16.100000 	122.601997 	777.000000 	775.956970 	780.794983 
16.200000 	122.601997 	777.000000 	775.956970 	780.794983 
16.300000 	122.601997 	777.000000 	775.956970 	780.794983 
16.400000 	122.601997 	777.000000 	775.956970 	780.794983 
16.500000 	122.666000 	777.000000 	775.953979 	780.812012 
16.600000 	122.666000 	777.000000 	775.953979 	780.812012 
16.700000 	122.666000 	777.000000 	775.953979 	780.812012 
16.800000 	122.666000 	777.000000 	775.953979 	780.812012 
16.900000 	122.666000 	777.000000 	775.953979 	780.812012 
17.000000 	122.666000 	777.000000 	775.953979 	780.812012 
17.100000 	122.666000 	777.000000 	775.953979 	780.812012 
17.200000 	122.666000 	777.000000 	775.953979 	780.812012 
17.300000 	122.666000 	777.000000 	775.953979 	780.812012 
17.400000 	122.666000 	777.000000 	775.953979 	780.812012 
17.500000 	122.720001 	777.000000 	775.950989 	780.828003 
17.600000 	122.720001 	777.000000 	775.950989 	780.828003 
17.700000 	122.720001 	777.000000 	775.950989 	780.828003 
17.800000 	122.720001 	777.000000 	775.950989 	780.828003 
17.900000 	122.720001 	777.000000 	775.950989 	780.828003 
18.000000 	122.720001 	777.000000 	775.950989 	780.828003 
18.100000 	122.720001 	777.000000 	775.950989 	780.828003 
18.200000 	122.720001 	777.000000 	775.950989 	780.828003 
18.300000 	122.720001 	777.000000 	775.950989 	780.828003 
18.400000 	122.720001 	777.000000 	775.950989 	780.828003 
18.500000 	122.765999 	777.000000 	775.948975 	780.843018 
18.600000 	122.765999 	777.000000 	775.948975 	780.843018 
18.700000 	122.765999 	777.000000 	775.948975 	780.843018 
18.800000 	122.765999 	777.000000 	775.948975 	780.843018 
18.900000 	122.765999 	777.000000 	775.948975 	780.843018 
19.000000 	122.765999 	777.000000 	775.948975 	780.843018 
19.100000 	122.765999 	777.000000 	775.948975 	780.843018 
19.200000 	122.765999 	777.000000 	775.948975 	780.843018 
19.300000 	122.765999 	777.000000 	775.948975 	780.843018 
19.400000 	122.765999 	777.000000 	775.948975 	780.843018 
19.500000 	122.806000 	777.000000 	775.947021 	780.856995 
19.600000 	122.806000 	777.000000 	775.947021 	780.856995 
19.700000 	122.806000 	777.000000 	775.947021 	780.856995 
19.800000 	122.806000 	777.000000 	775.947021 	780.856995 
19.900000 	122.806000 	777.000000 	775.947021 	780.856995 
20.000000 	122.806000 	777.000000 	775.947021 	780.856995 
20.100000 	122.806000 	777.000000 	775.947021 	780.856995 
20.200000 	122.806000 	777.000000 	775.947021 	780.856995 
20.300000 	122.806000 	777.000000 	775.947021 	780.856995 
20.400000 	122.806000 	777.000000 	775.947021 	780.856995 
20.500000 	122.842003 	777.000000 	775.945007 	780.982971 
20.600000 	122.842003 	777.000000 	775.945007 	780.982971 
20.700000 	122.842003 	777.000000 	775.945007 	780.982971 
20.800000 	122.842003 	777.000000 	775.945007 	780.982971 
20.900000 	122.842003 	777.000000 	775.945007 	780.982971 
21.000000 	122.842003 	777.000000 	775.945007 	780.982971 
21.100000 	122.842003 	777.000000 	775.945007 	780.982971 
21.200000 	122.842003 	777.000000 	775.945007 	780.982971 
21.300000 	122.842003 	777.000000 	775.945007 	780.982971 
21.400000 	122.842003 	777.000000 	775.945007 	780.982971 
21.500000 	122.873001 	777.000000 	775.942993 	780.883972 
21.600000 	122.873001 	777.000000 	775.942993 	780.883972 
21.700000 	122.873001 	777.000000 	775.942993 	780.883972 
21.800000 	122.873001 	777.000000 	775.942993 	780.883972 
21.900000 	122.873001 	777.000000 	775.942993 	780.883972 
22.000000 	122.873001 	777.000000 	775.942993 	780.883972 
22.100000 	122.873001 	777.000000 	775.942993 	780.883972 
22.200000 	122.873001 	777.000000 	775.942993 	780.883972 
22.300000 	122.873001 	777.000000 	775.942993 	780.883972 
22.400000 	122.873001 	777.000000 	775.942993 	780.883972 
22.500000 	122.901001 	777.000000 	775.940002 	780.896973 
22.600000 	122.901001 	777.000000 	775.940002 	780.896973 
22.700000 	122.901001 	777.000000 	775.940002 	780.896973 
22.800000 	122.901001 	777.000000 	775.940002 	780.896973 
22.900000 	122.901001 	777.000000 	775.940002 	780.896973 
23.000000 	122.901001 	777.000000 	775.940002 	780.896973 
23.100000 	122.901001 	777.000000 	775.940002 	780.896973 
23.200000 	122.901001 	777.000000 	775.940002 	780.896973 
23.300000 	122.901001 	777.000000 	775.940002 	780.896973 
23.400000 	122.901001 	777.000000 	775.940002 	780.896973 
23.500000 	122.927002 	777.000000 	775.937988 	780.908997 
23.600000 	122.927002 	777.000000 	775.937988 	780.908997 
23.700000 	122.927002 	777.000000 	775.937988 	780.908997 
23.800000 	122.927002 	777.000000 	775.937988 	780.908997 
23.900000 	122.927002 	777.000000 	775.937988 	780.908997 
24.000000 	122.927002 	777.000000 	775.937988 	780.908997 
24.100000 	122.927002 	777.000000 	775.937988 	780.908997 
24.200000 	122.927002 	777.000000 	775.937988 	780.908997 
24.300000 	122.927002 	777.000000 	775.937988 	780.908997 
24.400000 	122.927002 	777.000000 	775.937988 	780.908997 
24.500000 	122.949997 	777.000000 	775.934998 	780.921021 
24.600000 	122.949997 	777.000000 	775.934998 	780.921021 
24.700000 	122.949997 	777.000000 	775.934998 	780.921021 
24.800000 	122.949997 	777.000000 	775.934998 	780.921021 
24.900000 	122.949997 	777.000000 	775.934998 	780.921021 
25.000000 	122.949997 	777.000000 	775.934998 	780.921021 
25.100000 	122.949997 	777.000000 	775.934998 	780.921021 
25.200000 	122.949997 	777.000000 	775.934998 	780.921021 
25.300000 	122.949997 	777.000000 	775.934998 	780.921021 
25.400000 	122.949997 	777.000000 	775.934998 	780.921021 
25.500000 	122.970001 	777.000000 	775.932983 	780.932007 
25.600000 	122.970001 	777.000000 	775.932983 	780.932007 
25.700000 	122.970001 	777.000000 	775.932983 	780.932007 
25.800000 	122.970001 	777.000000 	775.932983 	780.932007 
25.900000 	122.970001 	777.000000 	775.932983 	780.932007 
26.000000 	122.970001 	777.000000 	775.932983 	780.932007 
26.100000 	122.970001 	777.000000 	775.932983 	780.932007 
26.200000 	122.970001 	777.000000 	775.932983 	780.932007 
26.300000 	122.970001 	777.000000 	775.932983 	780.932007 
26.400000 	122.970001 	777.000000 	775.932983 	780.932007 
26.500000 	122.988998 	777.000000 	775.929993 	780.943970 
26.600000 	122.988998 	777.000000 	775.929993 	780.943970 
26.700000 	122.988998 	777.000000 	775.929993 	780.943970 
26.800000 	122.988998 	777.000000 	775.929993 	780.943970 
26.900000 	122.988998 	777.000000 	775.929993 	780.943970 
27.000000 	122.988998 	777.000000 	775.929993 	780.943970 
27.100000 	122.988998 	777.000000 	775.929993 	780.943970 
27.200000 	122.988998 	777.000000 	775.929993 	780.943970 
27.300000 	122.988998 	777.000000 	775.929993 	780.943970 
27.400000 	122.988998 	777.000000 	775.929993 	780.943970 
27.500000 	123.007004 	777.000000 	775.926025 	780.953979 
27.600000 	123.007004 	777.000000 	775.926025 	780.953979 
27.700000 	123.007004 	777.000000 	775.926025 	780.953979 
27.800000 	123.007004 	777.000000 	775.926025 	780.953979 
27.900000 	123.007004 	777.000000 	775.926025 	780.953979 
28.000000 	123.007004 	777.000000 	775.926025 	780.953979 
28.100000 	123.007004 	777.000000 	775.926025 	780.953979 
28.200000 	123.007004 	777.000000 	775.926025 	780.953979 
28.300000 	123.007004 	777.000000 	775.926025 	780.953979 
28.400000 	123.007004 	777.000000 	775.926025 	780.953979 
28.500000 	123.023003 	777.000000 	775.922974 	780.965027 
28.600000 	123.023003 	777.000000 	775.922974 	780.965027 
28.700000 	123.023003 	777.000000 	775.922974 	780.965027 
28.800000 	123.023003 	777.000000 	775.922974 	780.965027 
28.900000 	123.023003 	777.000000 	775.922974 	780.965027 
29.000000 	123.023003 	777.000000 	775.922974 	780.965027 
29.100000 	123.023003 	777.000000 	775.922974 	780.965027 
29.200000 	123.023003 	777.000000 	775.922974 	780.965027 
29.300000 	123.023003 	777.000000 	775.922974 	780.965027 
29.400000 	123.023003 	777.000000 	775.922974 	780.965027 
29.500000 	123.038002 	777.000000 	775.919983 	780.974976 
29.600000 	123.038002 	777.000000 	775.919983 	780.974976 
29.700000 	123.038002 	777.000000 	775.919983 	780.974976 
29.800000 	123.038002 	777.000000 	775.919983 	780.974976 
29.900000 	123.038002 	777.000000 	775.919983 	780.974976 
30.000000 	123.038002 	777.000000 	775.919983 	780.974976 
30.100000 	123.038002 	777.000000 	775.919983 	780.974976 
30.200000 	123.038002 	777.000000 	775.919983 	780.974976 
30.300000 	123.038002 	777.000000 	775.919983 	780.974976 
30.400000 	123.038002 	777.000000 	775.919983 	780.974976 
30.500000 	123.052002 	777.000000 	775.916016 	780.984009 
30.600000 	123.052002 	777.000000 	775.916016 	780.984009 
30.700000 	123.052002 	777.000000 	775.916016 	780.984009 
30.800000 	123.052002 	777.000000 	775.916016 	780.984009 
30.900000 	123.052002 	777.000000 	775.916016 	780.984009 
31.000000 	123.052002 	777.000000 	775.916016 	780.984009 
31.100000 	123.052002 	777.000000 	775.916016 	780.984009 
31.200000 	123.052002 	777.000000 	775.916016 	780.984009 
31.300000 	123.052002 	777.000000 	775.916016 	780.984009 
31.400000 	123.052002 	777.000000 	775.916016 	780.984009 
31.500000 	123.065002 	777.000000 	775.911987 	780.994019 
31.600000 	123.065002 	777.000000 	775.911987 	780.994019 
31.700000 	123.065002 	777.000000 	775.911987 	780.994019 
31.800000 	123.065002 	777.000000 	775.911987 	780.994019 
31.900000 	123.065002 	777.000000 	775.911987 	780.994019 
32.000000 	123.065002 	777.000000 	775.911987 	780.994019 
32.100000 	123.065002 	777.000000 	775.911987 	780.994019 
32.200000 	123.065002 	777.000000 	775.911987 	780.994019 
32.300000 	123.065002 	777.000000 	775.911987 	780.994019 
32.400000 	123.065002 	777.000000 	775.911987 	780.994019 
32.500000 	123.078003 	777.000000 	775.908020 	781.002991 
32.600000 	123.078003 	777.000000 	775.908020 	781.002991 
32.700000 	123.078003 	777.000000 	775.908020 	781.002991 
32.800000 	123.078003 	777.000000 	775.908020 	781.002991 
32.900000 	123.078003 	777.000000 	775.908020 	781.002991 
33.000000 	123.078003 	777.000000 	775.908020 	781.002991 
33.100000 	123.078003 	777.000000 	775.908020 	781.002991 
33.200000 	123.078003 	777.000000 	775.908020 	781.002991 
33.300000 	123.078003 	777.000000 	775.908020 	781.002991 
33.400000 	123.078003 	777.000000 	775.908020 	781.002991 
33.500000 	123.088997 	777.000000 	775.903015 	781.010986 
33.600000 	123.088997 	777.000000 	775.903015 	781.010986 
33.700000 	123.088997 	777.000000 	775.903015 	781.010986 
33.800000 	123.088997 	777.000000 	775.903015 	781.010986 
33.900000 	123.088997 	777.000000 	775.903015 	781.010986 
34.000000 	123.088997 	777.000000 	775.903015 	781.010986 
34.100000 	123.088997 	777.000000 	775.903015 	781.010986 
34.200000 	123.088997 	777.000000 	775.903015 	781.010986 
34.300000 	123.088997 	777.000000 	775.903015 	781.010986 
34.400000 	123.088997 	777.000000 	775.903015 	781.010986 
34.500000 	123.099998 	777.000000 	775.898010 	781.020020 
34.600000 	123.099998 	777.000000 	775.898010 	781.020020 
34.700000 	123.099998 	777.000000 	775.898010 	781.020020 
34.800000 	123.099998 	777.000000 	775.898010 	781.020020 
34.900000 	123.099998 	777.000000 	775.898010 	781.020020 
35.000000 	123.099998 	777.000000 	775.898010 	781.020020 
35.100000 	123.099998 	777.000000 	775.898010 	781.020020 
35.200000 	123.099998 	777.000000 	775.898010 	781.020020 
35.300000 	123.099998 	777.000000 	775.898010 	781.020020 
35.400000 	123.099998 	777.000000 	775.898010 	781.020020 
35.500000 	123.111000 	777.000000 	775.893005 	781.028015 
35.600000 	123.111000 	777.000000 	775.893005 	781.028015 
35.700000 	123.111000 	777.000000 	775.893005 	781.028015 
35.800000 	123.111000 	777.000000 	775.893005 	781.028015 
35.900000 	123.111000 	777.000000 	775.893005 	781.028015 
36.000000 	123.111000 	777.000000 	775.893005 	781.028015 
36.100000 	123.111000 	777.000000 	775.893005 	781.028015 
36.200000 	123.111000 	777.000000 	775.893005 	781.028015 
36.300000 	123.111000 	777.000000 	775.893005 	781.028015 
36.400000 	123.111000 	777.000000 	775.893005 	781.028015 
36.500000 	123.121002 	777.000000 	775.888000 	781.034973 
36.600000 	123.121002 	777.000000 	775.888000 	781.034973 
36.700000 	123.121002 	777.000000 	775.888000 	781.034973 
36.800000 	123.121002 	777.000000 	775.888000 	781.034973 
36.900000 	123.121002 	777.000000 	775.888000 	781.034973 
37.000000 	123.121002 	777.000000 	775.888000 	781.034973 
37.100000 	123.121002 	777.000000 	775.888000 	781.034973 
37.200000 	123.121002 	777.000000 	775.888000 	781.034973 
37.300000 	123.121002 	777.000000 	775.888000 	781.034973 
37.400000 	123.121002 	777.000000 	775.888000 	781.034973 
37.500000 	123.129997 	777.000000 	775.882996 	781.041992 
37.600000 	123.129997 	777.000000 	775.882996 	781.041992 
37.700000 	123.129997 	777.000000 	775.882996 	781.041992 
37.800000 	123.129997 	777.000000 	775.882996 	781.041992 
37.900000 	123.129997 	777.000000 	775.882996 	781.041992 
38.000000 	123.129997 	777.000000 	775.882996 	781.041992 
38.100000 	123.129997 	777.000000 	775.882996 	781.041992 
38.200000 	123.129997 	777.000000 	775.882996 	781.041992 
38.300000 	123.129997 	777.000000 	775.882996 	781.041992 
38.400000 	123.129997 	777.000000 	775.882996 	781.041992 
38.500000 	123.139000 	777.000000 	775.877014 	781.049011 
38.600000 	123.139000 	777.000000 	775.877014 	781.049011 
38.700000 	123.139000 	777.000000 	775.877014 	781.049011 
38.800000 	123.139000 	777.000000 	775.877014 	781.049011 
38.900000 	123.139000 	777.000000 	775.877014 	781.049011 
39.000000 	123.139000 	777.000000 	775.877014 	781.049011 
39.100000 	123.139000 	777.000000 	775.877014 	781.049011 
39.200000 	123.139000 	777.000000 	775.877014 	781.049011 
39.300000 	123.139000 	777.000000 	775.877014 	781.049011 
39.400000 	123.139000 	777.000000 	775.877014 	781.049011 
39.500000 	123.148003 	777.000000 	775.870972 	781.056030 
39.600000 	123.148003 	777.000000 	775.870972 	781.056030 
39.700000 	123.148003 	777.000000 	775.870972 	781.056030 
39.800000 	123.148003 	777.000000 	775.870972 	781.056030 
39.900000 	123.148003 	777.000000 	775.870972 	781.056030 
40.000000 	123.148003 	777.000000 	775.870972 	781.056030 
40.100000 	123.148003 	777.000000 	775.870972 	781.056030 
40.200000 	123.148003 	777.000000 	775.870972 	781.056030 
40.300000 	123.148003 	777.000000 	775.870972 	781.056030 
40.400000 	123.148003 	777.000000 	775.870972 	781.056030 
40.500000 	123.156998 	777.000000 	775.864990 	781.062012 
40.600000 	123.156998 	777.000000 	775.864990 	781.062012 
40.700000 	123.156998 	777.000000 	775.864990 	781.062012 
40.800000 	123.156998 	777.000000 	775.864990 	781.062012 
40.900000 	123.156998 	777.000000 	775.864990 	781.062012 
41.000000 	123.156998 	777.000000 	775.864990 	781.062012 
41.100000 	123.156998 	777.000000 	775.864990 	781.062012 
41.200000 	123.156998 	777.000000 	775.864990 	781.062012 
41.300000 	123.156998 	777.000000 	775.864990 	781.062012 
41.400000 	123.156998 	777.000000 	775.864990 	781.062012 
41.500000 	123.165001 	777.000000 	775.857971 	781.067017 
41.600000 	123.165001 	777.000000 	775.857971 	781.067017 
41.700000 	123.165001 	777.000000 	775.857971 	781.067017 
41.800000 	123.165001 	777.000000 	775.857971 	781.067017 
41.900000 	123.165001 	777.000000 	775.857971 	781.067017 
42.000000 	123.165001 	777.000000 	775.857971 	781.067017 
42.100000 	123.165001 	777.000000 	775.857971 	781.067017 
42.200000 	123.165001 	777.000000 	775.857971 	781.067017 
42.300000 	123.165001 	777.000000 	775.857971 	781.067017 
42.400000 	123.165001 	777.000000 	775.857971 	781.067017 
42.500000 	123.172997 	777.000000 	775.851990 	781.072998 
42.600000 	123.172997 	777.000000 	775.851990 	781.072998 
42.700000 	123.172997 	777.000000 	775.851990 	781.072998 
42.800000 	123.172997 	777.000000 	775.851990 	781.072998 
42.900000 	123.172997 	777.000000 	775.851990 	781.072998 
43.000000 	123.172997 	777.000000 	775.851990 	781.072998 
43.100000 	123.172997 	777.000000 	775.851990 	781.072998 
43.200000 	123.172997 	777.000000 	775.851990 	781.072998 
43.300000 	123.172997 	777.000000 	775.851990 	781.072998 
43.400000 	123.172997 	777.000000 	775.851990 	781.072998 
43.500000 	123.180000 	777.000000 	775.844971 	781.078003 
43.600000 	123.180000 	777.000000 	775.844971 	781.078003 
43.700000 	123.180000 	777.000000 	775.844971 	781.078003 
43.800000 	123.180000 	777.000000 	775.844971 	781.078003 
43.900000 	123.180000 	777.000000 	775.844971 	781.078003 
44.000000 	123.180000 	777.000000 	775.844971 	781.078003 
44.100000 	123.180000 	777.000000 	775.844971 	781.078003 
44.200000 	123.180000 	777.000000 	775.844971 	781.078003 
44.300000 	123.180000 	777.000000 	775.844971 	781.078003 
44.400000 	123.180000 	777.000000 	775.844971 	781.078003 
44.500000 	123.186996 	777.000000 	775.836975 	781.081970 
44.600000 	123.186996 	777.000000 	775.836975 	781.081970 
44.700000 	123.186996 	777.000000 	775.836975 	781.081970 
44.800000 	123.186996 	777.000000 	775.836975 	781.081970 
44.900000 	123.186996 	777.000000 	775.836975 	781.081970 
45.000000 	123.186996 	777.000000 	775.836975 	781.081970 
45.100000 	123.186996 	777.000000 	775.836975 	781.081970 
45.200000 	123.186996 	777.000000 	775.836975 	781.081970 
45.300000 	123.186996 	777.000000 	775.836975 	781.081970 
45.400000 	123.186996 	777.000000 	775.836975 	781.081970 
45.500000 	123.194000 	777.000000 	775.830017 	781.086975 
45.600000 	123.194000 	777.000000 	775.830017 	781.086975 
45.700000 	123.194000 	777.000000 	775.830017 	781.086975 
45.800000 	123.194000 	777.000000 	775.830017 	781.086975 
45.900000 	123.194000 	777.000000 	775.830017 	781.086975 
46.000000 	123.194000 	777.000000 	775.830017 	781.086975 
46.100000 	123.194000 	777.000000 	775.830017 	781.086975 
46.200000 	123.194000 	777.000000 	775.830017 	781.086975 
46.300000 	123.194000 	777.000000 	775.830017 	781.086975 
46.400000 	123.194000 	777.000000 	775.830017 	781.086975 
46.500000 	123.200996 	777.000000 	775.822021 	781.090027 
46.600000 	123.200996 	777.000000 	775.822021 	781.090027 
46.700000 	123.200996 	777.000000 	775.822021 	781.090027 
46.800000 	123.200996 	777.000000 	775.822021 	781.090027 
46.900000 	123.200996 	777.000000 	775.822021 	781.090027 
47.000000 	123.200996 	777.000000 	775.822021 	781.090027 
47.100000 	123.200996 	777.000000 	775.822021 	781.090027 
47.200000 	123.200996 	777.000000 	775.822021 	781.090027 
47.300000 	123.200996 	777.000000 	775.822021 	781.090027 
47.400000 	123.200996 	777.000000 	775.822021 	781.090027 
47.500000 	123.208000 	777.000000 	775.814026 	781.093994 
47.600000 	123.208000 	777.000000 	775.814026 	781.093994 
47.700000 	123.208000 	777.000000 	775.814026 	781.093994 
47.800000 	123.208000 	777.000000 	775.814026 	781.093994 
47.900000 	123.208000 	777.000000 	775.814026 	781.093994 
48.000000 	123.208000 	777.000000 	775.814026 	781.093994 
48.100000 	123.208000 	777.000000 	775.814026 	781.093994 
48.200000 	123.208000 	777.000000 	775.814026 	781.093994 
48.300000 	123.208000 	777.000000 	775.814026 	781.093994 
48.400000 	123.208000 	777.000000 	775.814026 	781.093994 
48.500000 	123.214996 	777.000000 	775.804993 	781.148987 
48.600000 	123.214996 	777.000000 	775.804993 	781.148987 
48.700000 	123.214996 	777.000000 	775.804993 	781.148987 
48.800000 	123.214996 	777.000000 	775.804993 	781.148987 
48.900000 	123.214996 	777.000000 	775.804993 	781.148987 
49.000000 	123.214996 	777.000000 	775.804993 	781.148987 
49.100000 	123.214996 	777.000000 	775.804993 	781.148987 
49.200000 	123.214996 	777.000000 	775.804993 	781.148987 
49.300000 	123.214996 	777.000000 	775.804993 	781.148987 
49.400000 	123.214996 	777.000000 	775.804993 	781.148987 
49.500000 	123.221001 	777.000000 	775.796997 	781.153992 
49.600000 	123.221001 	777.000000 	775.796997 	781.153992 
49.700000 	123.221001 	777.000000 	775.796997 	781.153992 
49.800000 	123.221001 	777.000000 	775.796997 	781.153992 
49.900000 	123.221001 	777.000000 	775.796997 	781.153992 
50.000000 	123.221001 	777.000000 	775.796997 	781.153992 
50.100000 	123.221001 	777.000000 	775.796997 	781.153992 
50.200000 	123.221001 	777.000000 	775.796997 	781.153992 
50.300000 	123.221001 	777.000000 	775.796997 	781.153992 
50.400000 	123.221001 	777.000000 	775.796997 	781.153992 
50.500000 	123.226997 	777.000000 	775.788025 	1006.030029 
50.600000 	123.226997 	777.000000 	775.788025 	1006.030029 
50.700000 	123.226997 	777.000000 	775.788025 	1006.030029 
50.800000 	123.226997 	777.000000 	775.788025 	1006.030029 
50.900000 	123.226997 	777.000000 	775.788025 	1006.030029 
51.000000 	123.226997 	777.000000 	775.788025 	1006.030029 
51.100000 	123.226997 	777.000000 	775.788025 	1006.030029 
51.200000 	123.226997 	777.000000 	775.788025 	1006.030029 
51.300000 	123.226997 	777.000000 	775.788025 	1006.030029 
51.400000 	123.226997 	777.000000 	775.788025 	1006.030029 
51.500000 	123.233002 	777.000000 	775.778992 	1006.030029 
51.600000 	123.233002 	777.000000 	775.778992 	1006.030029 
51.700000 	123.233002 	777.000000 	775.778992 	1006.030029 
51.800000 	123.233002 	777.000000 	775.778992 	1006.030029 
51.900000 	123.233002 	777.000000 	775.778992 	1006.030029 
52.000000 	123.233002 	777.000000 	775.778992 	1006.030029 
52.100000 	123.233002 	777.000000 	775.778992 	1006.030029 
52.200000 	123.233002 	777.000000 	775.778992 	1006.030029 
52.300000 	123.233002 	777.000000 	775.778992 	1006.030029 
52.400000 	123.233002 	777.000000 	775.778992 	1006.030029 
52.500000 	123.238998 	777.000000 	775.768982 	1006.030029 
52.600000 	123.238998 	777.000000 	775.768982 	1006.030029 
52.700000 	123.238998 	777.000000 	775.768982 	1006.030029 
52.800000 	123.238998 	777.000000 	775.768982 	1006.030029 
52.900000 	123.238998 	777.000000 	775.768982 	1006.030029 
53.000000 	123.238998 	777.000000 	775.768982 	1006.030029 
53.100000 	123.238998 	777.000000 	775.768982 	1006.030029 
53.200000 	123.238998 	777.000000 	775.768982 	1006.030029 
53.300000 	123.238998 	777.000000 	775.768982 	1006.030029 
53.400000 	123.238998 	777.000000 	775.768982 	1006.030029 
53.500000 	123.245003 	777.000000 	775.758972 	1006.030029 
53.600000 	123.245003 	777.000000 	775.758972 	1006.030029 
53.700000 	123.245003 	777.000000 	775.758972 	1006.030029 
53.800000 	123.245003 	777.000000 	775.758972 	1006.030029 
53.900000 	123.245003 	777.000000 	775.758972 	1006.030029 
54.000000 	123.245003 	777.000000 	775.758972 	1006.030029 
54.100000 	123.245003 	777.000000 	775.758972 	1006.030029 
54.200000 	123.245003 	777.000000 	775.758972 	1006.030029 
54.300000 	123.245003 	777.000000 	775.758972 	1006.030029 
54.400000 	123.245003 	777.000000 	775.758972 	1006.030029 
54.500000 	123.250999 	777.000000 	775.749023 	1006.030029 
54.600000 	123.250999 	777.000000 	775.749023 	1006.030029 
54.700000 	123.250999 	777.000000 	775.749023 	1006.030029 
54.800000 	123.250999 	777.000000 	775.749023 	1006.030029 
54.900000 	123.250999 	777.000000 	775.749023 	1006.030029 
55.000000 	123.250999 	777.000000 	775.749023 	1006.030029 
55.100000 	123.250999 	777.000000 	775.749023 	1006.030029 
55.200000 	123.250999 	777.000000 	775.749023 	1006.030029 
55.300000 	123.250999 	777.000000 	775.749023 	1006.030029 
55.400000 	123.250999 	777.000000 	775.749023 	1006.030029 
55.500000 	123.255997 	777.000000 	775.739014 	1006.030029 
55.600000 	123.255997 	777.000000 	775.739014 	1006.030029 
55.700000 	123.255997 	777.000000 	775.739014 	1006.030029 
55.800000 	123.255997 	777.000000 	775.739014 	1006.030029 
55.900000 	123.255997 	777.000000 	775.739014 	1006.030029 
56.000000 	123.255997 	777.000000 	775.739014 	1006.030029 
56.100000 	123.255997 	777.000000 	775.739014 	1006.030029 
56.200000 	123.255997 	777.000000 	775.739014 	1006.030029 
56.300000 	123.255997 	777.000000 	775.739014 	1006.030029 
56.400000 	123.255997 	777.000000 	775.739014 	1006.030029 
56.500000 	123.262001 	777.000000 	775.728027 	1006.030029 
56.600000 	123.262001 	777.000000 	775.728027 	1006.030029 
56.700000 	123.262001 	777.000000 	775.728027 	1006.030029 
56.800000 	123.262001 	777.000000 	775.728027 	1006.030029 
56.900000 	123.262001 	777.000000 	775.728027 	1006.030029 
57.000000 	123.262001 	777.000000 	775.728027 	1006.030029 
57.100000 	123.262001 	777.000000 	775.728027 	1006.030029 
57.200000 	123.262001 	777.000000 	775.728027 	1006.030029 
57.300000 	123.262001 	777.000000 	775.728027 	1006.030029 
57.400000 	123.262001 	777.000000 	775.728027 	1006.030029 
57.500000 	123.266998 	777.000000 	775.716980 	1006.030029 
57.600000 	123.266998 	777.000000 	775.716980 	1006.030029 
57.700000 	123.266998 	777.000000 	775.716980 	1006.030029 
57.800000 	123.266998 	777.000000 	775.716980 	1006.030029 
57.900000 	123.266998 	777.000000 	775.716980 	1006.030029 
58.000000 	123.266998 	777.000000 	775.716980 	1006.030029 
58.100000 	123.266998 	777.000000 	775.716980 	1006.030029 
58.200000 	123.266998 	777.000000 	775.716980 	1006.030029 
58.300000 	123.266998 	777.000000 	775.716980 	1006.030029 
58.400000 	123.266998 	777.000000 	775.716980 	1006.030029 
58.500000 	123.272003 	777.000000 	775.705994 	1006.030029 
58.600000 	123.272003 	777.000000 	775.705994 	1006.030029 
58.700000 	123.272003 	777.000000 	775.705994 	1006.030029 
58.800000 	123.272003 	777.000000 	775.705994 	1006.030029 
58.900000 	123.272003 	777.000000 	775.705994 	1006.030029 
59.000000 	123.272003 	777.000000 	775.705994 	1006.030029 
59.100000 	123.272003 	777.000000 	775.705994 	1006.030029 
59.200000 	123.272003 	777.000000 	775.705994 	1006.030029 
59.300000 	123.272003 	777.000000 	775.705994 	1006.030029 
59.400000 	123.272003 	777.000000 	775.705994 	1006.030029 
59.500000 	123.277000 	777.000000 	775.693970 	1006.030029 
59.600000 	123.277000 	777.000000 	775.693970 	1006.030029 
59.700000 	123.277000 	777.000000 	775.693970 	1006.030029 
59.800000 	123.277000 	777.000000 	775.693970 	1006.030029 
59.900000 	123.277000 	777.000000 	775.693970 	1006.030029 
60.000000 	123.277000 	777.000000 	775.693970 	1006.030029 
