0.500000 	89.130096 	414.000000 	430.302002 	421.040985 
0.600000 	89.130096 	414.000000 	430.302002 	421.040985 
0.700000 	89.130096 	414.000000 	430.302002 	421.040985 
0.800000 	89.130096 	414.000000 	430.302002 	421.040985 
0.900000 	89.130096 	414.000000 	430.302002 	421.040985 
1.000000 	89.130096 	414.000000 	430.302002 	421.040985 
1.100000 	89.130096 	414.000000 	430.302002 	421.040985 
1.200000 	89.130096 	414.000000 	430.302002 	421.040985 
1.300000 	89.130096 	414.000000 	430.302002 	421.040985 
1.400000 	89.130096 	414.000000 	430.302002 	421.040985 
1.500000 	99.684303 	414.000000 	421.441010 	421.548004 
1.600000 	99.684303 	414.000000 	421.441010 	421.548004 
1.700000 	99.684303 	414.000000 	421.441010 	421.548004 
1.800000 	99.684303 	414.000000 	421.441010 	421.548004 
1.900000 	99.684303 	414.000000 	421.441010 	421.548004 
2.000000 	99.684303 	414.000000 	421.441010 	421.548004 
2.100000 	99.684303 	414.000000 	421.441010 	421.548004 
2.200000 	99.684303 	414.000000 	421.441010 	421.548004 
2.300000 	99.684303 	414.000000 	421.441010 	421.548004 
2.400000 	99.684303 	414.000000 	421.441010 	421.548004 
2.500000 	110.079002 	414.000000 	417.592987 	421.553009 
2.600000 	110.079002 	414.000000 	417.592987 	421.553009 
2.700000 	110.079002 	414.000000 	417.592987 	421.553009 
2.800000 	110.079002 	414.000000 	417.592987 	421.553009 
2.900000 	110.079002 	414.000000 	417.592987 	421.553009 
3.000000 	110.079002 	414.000000 	417.592987 	421.553009 
3.100000 	110.079002 	414.000000 	417.592987 	421.553009 
3.200000 	110.079002 	414.000000 	417.592987 	421.553009 
3.300000 	110.079002 	414.000000 	417.592987 	421.553009 
3.400000 	110.079002 	414.000000 	417.592987 	421.553009 
3.500000 	115.128998 	414.000000 	415.811005 	421.558014 
3.600000 	115.128998 	414.000000 	415.811005 	421.558014 
3.700000 	115.128998 	414.000000 	415.811005 	421.558014 
3.800000 	115.128998 	414.000000 	415.811005 	421.558014 
3.900000 	115.128998 	414.000000 	415.811005 	421.558014 
4.000000 	115.128998 	414.000000 	415.811005 	421.558014 
4.100000 	115.128998 	414.000000 	415.811005 	421.558014 
4.200000 	115.128998 	414.000000 	415.811005 	421.558014 
4.300000 	115.128998 	414.000000 	415.811005 	421.558014 
4.400000 	115.128998 	414.000000 	415.811005 	421.558014 
4.500000 	117.780998 	414.000000 	414.888000 	421.566986 
4.600000 	117.780998 	414.000000 	414.888000 	421.566986 
4.700000 	117.780998 	414.000000 	414.888000 	421.566986 
4.800000 	117.780998 	414.000000 	414.888000 	421.566986 
4.900000 	117.780998 	414.000000 	414.888000 	421.566986 
5.000000 	117.780998 	414.000000 	414.888000 	421.566986 
5.100000 	117.780998 	414.000000 	414.888000 	421.566986 
5.200000 	117.780998 	414.000000 	414.888000 	421.566986 
5.300000 	117.780998 	414.000000 	414.888000 	421.566986 
5.400000 	117.780998 	414.000000 	414.888000 	421.566986 
5.500000 	119.316002 	414.000000 	414.359009 	421.579987 
5.600000 	119.316002 	414.000000 	414.359009 	421.579987 
5.700000 	119.316002 	414.000000 	414.359009 	421.579987 
5.800000 	119.316002 	414.000000 	414.359009 	421.579987 
5.900000 	119.316002 	414.000000 	414.359009 	421.579987 
6.000000 	119.316002 	414.000000 	414.359009 	421.579987 
6.100000 	119.316002 	414.000000 	414.359009 	421.579987 
6.200000 	119.316002 	414.000000 	414.359009 	421.579987 
6.300000 	119.316002 	414.000000 	414.359009 	421.579987 
6.400000 	119.316002 	414.000000 	414.359009 	421.579987 
6.500000 	120.277000 	414.000000 	414.032013 	421.593994 
6.600000 	120.277000 	414.000000 	414.032013 	421.593994 
6.700000 	120.277000 	414.000000 	414.032013 	421.593994 
6.800000 	120.277000 	414.000000 	414.032013 	421.593994 
6.900000 	120.277000 	414.000000 	414.032013 	421.593994 
7.000000 	120.277000 	414.000000 	414.032013 	421.593994 
7.100000 	120.277000 	414.000000 	414.032013 	421.593994 
7.200000 	120.277000 	414.000000 	414.032013 	421.593994 
7.300000 	120.277000 	414.000000 	414.032013 	421.593994 
7.400000 	120.277000 	414.000000 	414.032013 	421.593994 
7.500000 	120.917000 	414.000000 	413.816986 	421.609985 
7.600000 	120.917000 	414.000000 	413.816986 	421.609985 
7.700000 	120.917000 	414.000000 	413.816986 	421.609985 
7.800000 	120.917000 	414.000000 	413.816986 	421.609985 
7.900000 	120.917000 	414.000000 	413.816986 	421.609985 
8.000000 	120.917000 	414.000000 	413.816986 	421.609985 
8.100000 	120.917000 	414.000000 	413.816986 	421.609985 
8.200000 	120.917000 	414.000000 	413.816986 	421.609985 
8.300000 	120.917000 	414.000000 	413.816986 	421.609985 
8.400000 	120.917000 	414.000000 	413.816986 	421.609985 
8.500000 	121.363998 	414.000000 	413.669006 	421.627014 
8.600000 	121.363998 	414.000000 	413.669006 	421.627014 
8.700000 	121.363998 	414.000000 	413.669006 	421.627014 
8.800000 	121.363998 	414.000000 	413.669006 	421.627014 
8.900000 	121.363998 	414.000000 	413.669006 	421.627014 
9.000000 	121.363998 	414.000000 	413.669006 	421.627014 
9.100000 	121.363998 	414.000000 	413.669006 	421.627014 
9.200000 	121.363998 	414.000000 	413.669006 	421.627014 
9.300000 	121.363998 	414.000000 	413.669006 	421.627014 
9.400000 	121.363998 	414.000000 	413.669006 	421.627014 
9.500000 	121.688004 	414.000000 	413.563995 	421.645996 
9.600000 	121.688004 	414.000000 	413.563995 	421.645996 
9.700000 	121.688004 	414.000000 	413.563995 	421.645996 
9.800000 	121.688004 	414.000000 	413.563995 	421.645996 
9.900000 	121.688004 	414.000000 	413.563995 	421.645996 
10.000000 	121.688004 	414.000000 	413.563995 	421.645996 
10.100000 	121.688004 	414.000000 	413.563995 	421.645996 
10.200000 	121.688004 	414.000000 	413.563995 	421.645996 
10.300000 	121.688004 	414.000000 	413.563995 	421.645996 
10.400000 	121.688004 	414.000000 	413.563995 	421.645996 
10.500000 	121.931999 	414.000000 	413.485992 	421.665009 
10.600000 	121.931999 	414.000000 	413.485992 	421.665009 
10.700000 	121.931999 	414.000000 	413.485992 	421.665009 
10.800000 	121.931999 	414.000000 	413.485992 	421.665009 
10.900000 	121.931999 	414.000000 	413.485992 	421.665009 
11.000000 	121.931999 	414.000000 	413.485992 	421.665009 
11.100000 	121.931999 	414.000000 	413.485992 	421.665009 
11.200000 	121.931999 	414.000000 	413.485992 	421.665009 
11.300000 	121.931999 	414.000000 	413.485992 	421.665009 
11.400000 	121.931999 	414.000000 	413.485992 	421.665009 
11.500000 	122.120003 	414.000000 	413.427002 	421.684998 
11.600000 	122.120003 	414.000000 	413.427002 	421.684998 
11.700000 	122.120003 	414.000000 	413.427002 	421.684998 
11.800000 	122.120003 	414.000000 	413.427002 	421.684998 
11.900000 	122.120003 	414.000000 	413.427002 	421.684998 
12.000000 	122.120003 	414.000000 	413.427002 	421.684998 
12.100000 	122.120003 	414.000000 	413.427002 	421.684998 
12.200000 	122.120003 	414.000000 	413.427002 	421.684998 
12.300000 	122.120003 	414.000000 	413.427002 	421.684998 
12.400000 	122.120003 	414.000000 	413.427002 	421.684998 
12.500000 	122.267998 	414.000000 	413.381989 	421.705994 
12.600000 	122.267998 	414.000000 	413.381989 	421.705994 
12.700000 	122.267998 	414.000000 	413.381989 	421.705994 
12.800000 	122.267998 	414.000000 	413.381989 	421.705994 
12.900000 	122.267998 	414.000000 	413.381989 	421.705994 
13.000000 	122.267998 	414.000000 	413.381989 	421.705994 
13.100000 	122.267998 	414.000000 	413.381989 	421.705994 
13.200000 	122.267998 	414.000000 	413.381989 	421.705994 
13.300000 	122.267998 	414.000000 	413.381989 	421.705994 
13.400000 	122.267998 	414.000000 	413.381989 	421.705994 
13.500000 	122.387001 	414.000000 	413.346008 	421.727997 
13.600000 	122.387001 	414.000000 	413.346008 	421.727997 
13.700000 	122.387001 	414.000000 	413.346008 	421.727997 
13.800000 	122.387001 	414.000000 	413.346008 	421.727997 
13.900000 	122.387001 	414.000000 	413.346008 	421.727997 
14.000000 	122.387001 	414.000000 	413.346008 	421.727997 
14.100000 	122.387001 	414.000000 	413.346008 	421.727997 
14.200000 	122.387001 	414.000000 	413.346008 	421.727997 
14.300000 	122.387001 	414.000000 	413.346008 	421.727997 
14.400000 	122.387001 	414.000000 	413.346008 	421.727997 
14.500000 	122.484001 	414.000000 	413.316986 	421.753998 
14.600000 	122.484001 	414.000000 	413.316986 	421.753998 
14.700000 	122.484001 	414.000000 	413.316986 	421.753998 
14.800000 	122.484001 	414.000000 	413.316986 	421.753998 
14.900000 	122.484001 	414.000000 	413.316986 	421.753998 
15.000000 	122.484001 	414.000000 	413.316986 	421.753998 
15.100000 	122.484001 	414.000000 	413.316986 	421.753998 
15.200000 	122.484001 	414.000000 	413.316986 	421.753998 
15.300000 	122.484001 	414.000000 	413.316986 	421.753998 
15.400000 	122.484001 	414.000000 	413.316986 	421.753998 
15.500000 	122.565002 	414.000000 	413.292999 	421.778015 
15.600000 	122.565002 	414.000000 	413.292999 	421.778015 
15.700000 	122.565002 	414.000000 	413.292999 	421.778015 
15.800000 	122.565002 	414.000000 	413.292999 	421.778015 
15.900000 	122.565002 	414.000000 	413.292999 	421.778015 
16.000000 	122.565002 	414.000000 	413.292999 	421.778015 
16.100000 	122.565002 	414.000000 	413.292999 	421.778015 
16.200000 	122.565002 	414.000000 	413.292999 	421.778015 
16.300000 	122.565002 	414.000000 	413.292999 	421.778015 
16.400000 	122.565002 	414.000000 	413.292999 	421.778015 
16.500000 	122.634003 	414.000000 	413.273987 	421.802002 
16.600000 	122.634003 	414.000000 	413.273987 	421.802002 
16.700000 	122.634003 	414.000000 	413.273987 	421.802002 
16.800000 	122.634003 	414.000000 	413.273987 	421.802002 
16.900000 	122.634003 	414.000000 	413.273987 	421.802002 
17.000000 	122.634003 	414.000000 	413.273987 	421.802002 
17.100000 	122.634003 	414.000000 	413.273987 	421.802002 
17.200000 	122.634003 	414.000000 	413.273987 	421.802002 
17.300000 	122.634003 	414.000000 	413.273987 	421.802002 
17.400000 	122.634003 	414.000000 	413.273987 	421.802002 
17.500000 	122.692001 	414.000000 	413.257996 	421.825989 
17.600000 	122.692001 	414.000000 	413.257996 	421.825989 
17.700000 	122.692001 	414.000000 	413.257996 	421.825989 
17.800000 	122.692001 	414.000000 	413.257996 	421.825989 
17.900000 	122.692001 	414.000000 	413.257996 	421.825989 
18.000000 	122.692001 	414.000000 	413.257996 	421.825989 
18.100000 	122.692001 	414.000000 	413.257996 	421.825989 
18.200000 	122.692001 	414.000000 	413.257996 	421.825989 
18.300000 	122.692001 	414.000000 	413.257996 	421.825989 
18.400000 	122.692001 	414.000000 	413.257996 	421.825989 
18.500000 	122.741997 	414.000000 	413.243988 	421.851013 
18.600000 	122.741997 	414.000000 	413.243988 	421.851013 
18.700000 	122.741997 	414.000000 	413.243988 	421.851013 
18.800000 	122.741997 	414.000000 	413.243988 	421.851013 
18.900000 	122.741997 	414.000000 	413.243988 	421.851013 
19.000000 	122.741997 	414.000000 	413.243988 	421.851013 
19.100000 	122.741997 	414.000000 	413.243988 	421.851013 
19.200000 	122.741997 	414.000000 	413.243988 	421.851013 
19.300000 	122.741997 	414.000000 	413.243988 	421.851013 
19.400000 	122.741997 	414.000000 	413.243988 	421.851013 
19.500000 	122.786003 	414.000000 	413.233002 	421.877014 
19.600000 	122.786003 	414.000000 	413.233002 	421.877014 
19.700000 	122.786003 	414.000000 	413.233002 	421.877014 
19.800000 	122.786003 	414.000000 	413.233002 	421.877014 
19.900000 	122.786003 	414.000000 	413.233002 	421.877014 
20.000000 	122.786003 	414.000000 	413.233002 	421.877014 
20.100000 	122.786003 	414.000000 	413.233002 	421.877014 
20.200000 	122.786003 	414.000000 	413.233002 	421.877014 
20.300000 	122.786003 	414.000000 	413.233002 	421.877014 
20.400000 	122.786003 	414.000000 	413.233002 	421.877014 
20.500000 	122.823997 	414.000000 	413.222992 	421.902008 
20.600000 	122.823997 	414.000000 	413.222992 	421.902008 
20.700000 	122.823997 	414.000000 	413.222992 	421.902008 
20.800000 	122.823997 	414.000000 	413.222992 	421.902008 
20.900000 	122.823997 	414.000000 	413.222992 	421.902008 
21.000000 	122.823997 	414.000000 	413.222992 	421.902008 
21.100000 	122.823997 	414.000000 	413.222992 	421.902008 
21.200000 	122.823997 	414.000000 	413.222992 	421.902008 
21.300000 	122.823997 	414.000000 	413.222992 	421.902008 
21.400000 	122.823997 	414.000000 	413.222992 	421.902008 
21.500000 	122.858002 	414.000000 	413.213989 	421.928009 
21.600000 	122.858002 	414.000000 	413.213989 	421.928009 
21.700000 	122.858002 	414.000000 	413.213989 	421.928009 
21.800000 	122.858002 	414.000000 	413.213989 	421.928009 
21.900000 	122.858002 	414.000000 	413.213989 	421.928009 
22.000000 	122.858002 	414.000000 	413.213989 	421.928009 
22.100000 	122.858002 	414.000000 	413.213989 	421.928009 
22.200000 	122.858002 	414.000000 	413.213989 	421.928009 
22.300000 	122.858002 	414.000000 	413.213989 	421.928009 
22.400000 	122.858002 	414.000000 	413.213989 	421.928009 
22.500000 	122.889000 	414.000000 	413.205994 	421.954987 
22.600000 	122.889000 	414.000000 	413.205994 	421.954987 
22.700000 	122.889000 	414.000000 	413.205994 	421.954987 
22.800000 	122.889000 	414.000000 	413.205994 	421.954987 
22.900000 	122.889000 	414.000000 	413.205994 	421.954987 
23.000000 	122.889000 	414.000000 	413.205994 	421.954987 
23.100000 	122.889000 	414.000000 	413.205994 	421.954987 
23.200000 	122.889000 	414.000000 	413.205994 	421.954987 
23.300000 	122.889000 	414.000000 	413.205994 	421.954987 
23.400000 	122.889000 	414.000000 	413.205994 	421.954987 
23.500000 	122.916000 	414.000000 	413.199005 	421.980988 
23.600000 	122.916000 	414.000000 	413.199005 	421.980988 
23.700000 	122.916000 	414.000000 	413.199005 	421.980988 
23.800000 	122.916000 	414.000000 	413.199005 	421.980988 
23.900000 	122.916000 	414.000000 	413.199005 	421.980988 
24.000000 	122.916000 	414.000000 	413.199005 	421.980988 
24.100000 	122.916000 	414.000000 	413.199005 	421.980988 
24.200000 	122.916000 	414.000000 	413.199005 	421.980988 
24.300000 	122.916000 	414.000000 	413.199005 	421.980988 
24.400000 	122.916000 	414.000000 	413.199005 	421.980988 
24.500000 	122.941002 	414.000000 	413.192993 	422.007996 
24.600000 	122.941002 	414.000000 	413.192993 	422.007996 
24.700000 	122.941002 	414.000000 	413.192993 	422.007996 
24.800000 	122.941002 	414.000000 	413.192993 	422.007996 
24.900000 	122.941002 	414.000000 	413.192993 	422.007996 
25.000000 	122.941002 	414.000000 	413.192993 	422.007996 
25.100000 	122.941002 	414.000000 	413.192993 	422.007996 
25.200000 	122.941002 	414.000000 	413.192993 	422.007996 
25.300000 	122.941002 	414.000000 	413.192993 	422.007996 
25.400000 	122.941002 	414.000000 	413.192993 	422.007996 
25.500000 	122.963997 	414.000000 	413.187012 	422.035004 
25.600000 	122.963997 	414.000000 	413.187012 	422.035004 
25.700000 	122.963997 	414.000000 	413.187012 	422.035004 
25.800000 	122.963997 	414.000000 	413.187012 	422.035004 
25.900000 	122.963997 	414.000000 	413.187012 	422.035004 
26.000000 	122.963997 	414.000000 	413.187012 	422.035004 
26.100000 	122.963997 	414.000000 	413.187012 	422.035004 
26.200000 	122.963997 	414.000000 	413.187012 	422.035004 
26.300000 	122.963997 	414.000000 	413.187012 	422.035004 
26.400000 	122.963997 	414.000000 	413.187012 	422.035004 
26.500000 	122.984001 	414.000000 	413.182007 	422.062012 
26.600000 	122.984001 	414.000000 	413.182007 	422.062012 
26.700000 	122.984001 	414.000000 	413.182007 	422.062012 
26.800000 	122.984001 	414.000000 	413.182007 	422.062012 
26.900000 	122.984001 	414.000000 	413.182007 	422.062012 
27.000000 	122.984001 	414.000000 	413.182007 	422.062012 
27.100000 	122.984001 	414.000000 	413.182007 	422.062012 
27.200000 	122.984001 	414.000000 	413.182007 	422.062012 
27.300000 	122.984001 	414.000000 	413.182007 	422.062012 
27.400000 	122.984001 	414.000000 	413.182007 	422.062012 
27.500000 	123.003998 	414.000000 	413.177002 	422.088989 
27.600000 	123.003998 	414.000000 	413.177002 	422.088989 
27.700000 	123.003998 	414.000000 	413.177002 	422.088989 
27.800000 	123.003998 	414.000000 	413.177002 	422.088989 
27.900000 	123.003998 	414.000000 	413.177002 	422.088989 
28.000000 	123.003998 	414.000000 	413.177002 	422.088989 
28.100000 	123.003998 	414.000000 	413.177002 	422.088989 
28.200000 	123.003998 	414.000000 	413.177002 	422.088989 
28.300000 	123.003998 	414.000000 	413.177002 	422.088989 
28.400000 	123.003998 	414.000000 	413.177002 	422.088989 
28.500000 	123.021004 	414.000000 	413.173004 	422.115997 
28.600000 	123.021004 	414.000000 	413.173004 	422.115997 
28.700000 	123.021004 	414.000000 	413.173004 	422.115997 
28.800000 	123.021004 	414.000000 	413.173004 	422.115997 
28.900000 	123.021004 	414.000000 	413.173004 	422.115997 
29.000000 	123.021004 	414.000000 	413.173004 	422.115997 
29.100000 	123.021004 	414.000000 	413.173004 	422.115997 
29.200000 	123.021004 	414.000000 	413.173004 	422.115997 
29.300000 	123.021004 	414.000000 	413.173004 	422.115997 
29.400000 	123.021004 	414.000000 	413.173004 	422.115997 
29.500000 	123.038002 	414.000000 	413.169006 	422.144012 
29.600000 	123.038002 	414.000000 	413.169006 	422.144012 
29.700000 	123.038002 	414.000000 	413.169006 	422.144012 
29.800000 	123.038002 	414.000000 	413.169006 	422.144012 
29.900000 	123.038002 	414.000000 	413.169006 	422.144012 
30.000000 	123.038002 	414.000000 	413.169006 	422.144012 
30.100000 	123.038002 	414.000000 	413.169006 	422.144012 
30.200000 	123.038002 	414.000000 	413.169006 	422.144012 
30.300000 	123.038002 	414.000000 	413.169006 	422.144012 
30.400000 	123.038002 	414.000000 	413.169006 	422.144012 
30.500000 	123.053001 	414.000000 	413.165009 	422.170990 
30.600000 	123.053001 	414.000000 	413.165009 	422.170990 
30.700000 	123.053001 	414.000000 	413.165009 	422.170990 
30.800000 	123.053001 	414.000000 	413.165009 	422.170990 
30.900000 	123.053001 	414.000000 	413.165009 	422.170990 
31.000000 	123.053001 	414.000000 	413.165009 	422.170990 
31.100000 	123.053001 	414.000000 	413.165009 	422.170990 
31.200000 	123.053001 	414.000000 	413.165009 	422.170990 
31.300000 	123.053001 	414.000000 	413.165009 	422.170990 
31.400000 	123.053001 	414.000000 	413.165009 	422.170990 
31.500000 	123.068001 	414.000000 	413.161011 	422.197998 
31.600000 	123.068001 	414.000000 	413.161011 	422.197998 
31.700000 	123.068001 	414.000000 	413.161011 	422.197998 
31.800000 	123.068001 	414.000000 	413.161011 	422.197998 
31.900000 	123.068001 	414.000000 	413.161011 	422.197998 
32.000000 	123.068001 	414.000000 	413.161011 	422.197998 
32.100000 	123.068001 	414.000000 	413.161011 	422.197998 
32.200000 	123.068001 	414.000000 	413.161011 	422.197998 
32.300000 	123.068001 	414.000000 	413.161011 	422.197998 
32.400000 	123.068001 	414.000000 	413.161011 	422.197998 
32.500000 	123.082001 	414.000000 	413.157013 	422.225006 
32.600000 	123.082001 	414.000000 	413.157013 	422.225006 
32.700000 	123.082001 	414.000000 	413.157013 	422.225006 
32.800000 	123.082001 	414.000000 	413.157013 	422.225006 
32.900000 	123.082001 	414.000000 	413.157013 	422.225006 
33.000000 	123.082001 	414.000000 	413.157013 	422.225006 
33.100000 	123.082001 	414.000000 	413.157013 	422.225006 
33.200000 	123.082001 	414.000000 	413.157013 	422.225006 
33.300000 	123.082001 	414.000000 	413.157013 	422.225006 
33.400000 	123.082001 	414.000000 	413.157013 	422.225006 
33.500000 	123.094002 	414.000000 	413.153015 	422.252991 
33.600000 	123.094002 	414.000000 	413.153015 	422.252991 
33.700000 	123.094002 	414.000000 	413.153015 	422.252991 
33.800000 	123.094002 	414.000000 	413.153015 	422.252991 
33.900000 	123.094002 	414.000000 	413.153015 	422.252991 
34.000000 	123.094002 	414.000000 	413.153015 	422.252991 
34.100000 	123.094002 	414.000000 	413.153015 	422.252991 
34.200000 	123.094002 	414.000000 	413.153015 	422.252991 
34.300000 	123.094002 	414.000000 	413.153015 	422.252991 
34.400000 	123.094002 	414.000000 	413.153015 	422.252991 
34.500000 	123.107002 	414.000000 	413.149994 	422.279999 
34.600000 	123.107002 	414.000000 	413.149994 	422.279999 
34.700000 	123.107002 	414.000000 	413.149994 	422.279999 
34.800000 	123.107002 	414.000000 	413.149994 	422.279999 
34.900000 	123.107002 	414.000000 	413.149994 	422.279999 
35.000000 	123.107002 	414.000000 	413.149994 	422.279999 
35.100000 	123.107002 	414.000000 	413.149994 	422.279999 
35.200000 	123.107002 	414.000000 	413.149994 	422.279999 
35.300000 	123.107002 	414.000000 	413.149994 	422.279999 
35.400000 	123.107002 	414.000000 	413.149994 	422.279999 
35.500000 	123.117996 	414.000000 	413.145996 	422.307007 
35.600000 	123.117996 	414.000000 	413.145996 	422.307007 
35.700000 	123.117996 	414.000000 	413.145996 	422.307007 
35.800000 	123.117996 	414.000000 	413.145996 	422.307007 
35.900000 	123.117996 	414.000000 	413.145996 	422.307007 
36.000000 	123.117996 	414.000000 	413.145996 	422.307007 
36.100000 	123.117996 	414.000000 	413.145996 	422.307007 
36.200000 	123.117996 	414.000000 	413.145996 	422.307007 
36.300000 	123.117996 	414.000000 	413.145996 	422.307007 
36.400000 	123.117996 	414.000000 	413.145996 	422.307007 
36.500000 	123.129997 	414.000000 	413.143005 	422.334015 
36.600000 	123.129997 	414.000000 	413.143005 	422.334015 
36.700000 	123.129997 	414.000000 	413.143005 	422.334015 
36.800000 	123.129997 	414.000000 	413.143005 	422.334015 
36.900000 	123.129997 	414.000000 	413.143005 	422.334015 
37.000000 	123.129997 	414.000000 	413.143005 	422.334015 
37.100000 	123.129997 	414.000000 	413.143005 	422.334015 
37.200000 	123.129997 	414.000000 	413.143005 	422.334015 
37.300000 	123.129997 	414.000000 	413.143005 	422.334015 
37.400000 	123.129997 	414.000000 	413.143005 	422.334015 
37.500000 	123.139999 	414.000000 	413.139008 	422.360992 
37.600000 	123.139999 	414.000000 	413.139008 	422.360992 
37.700000 	123.139999 	414.000000 	413.139008 	422.360992 
37.800000 	123.139999 	414.000000 	413.139008 	422.360992 
37.900000 	123.139999 	414.000000 	413.139008 	422.360992 
38.000000 	123.139999 	414.000000 	413.139008 	422.360992 
38.100000 	123.139999 	414.000000 	413.139008 	422.360992 
38.200000 	123.139999 	414.000000 	413.139008 	422.360992 
38.300000 	123.139999 	414.000000 	413.139008 	422.360992 
38.400000 	123.139999 	414.000000 	413.139008 	422.360992 
38.500000 	123.150002 	414.000000 	413.135986 	422.388000 
38.600000 	123.150002 	414.000000 	413.135986 	422.388000 
38.700000 	123.150002 	414.000000 	413.135986 	422.388000 
38.800000 	123.150002 	414.000000 	413.135986 	422.388000 
38.900000 	123.150002 	414.000000 	413.135986 	422.388000 
39.000000 	123.150002 	414.000000 	413.135986 	422.388000 
39.100000 	123.150002 	414.000000 	413.135986 	422.388000 
39.200000 	123.150002 	414.000000 	413.135986 	422.388000 
39.300000 	123.150002 	414.000000 	413.135986 	422.388000 
39.400000 	123.150002 	414.000000 	413.135986 	422.388000 
39.500000 	123.160004 	414.000000 	413.131989 	422.414001 
39.600000 	123.160004 	414.000000 	413.131989 	422.414001 
39.700000 	123.160004 	414.000000 	413.131989 	422.414001 
39.800000 	123.160004 	414.000000 	413.131989 	422.414001 
39.900000 	123.160004 	414.000000 	413.131989 	422.414001 
40.000000 	123.160004 	414.000000 	413.131989 	422.414001 
40.100000 	123.160004 	414.000000 	413.131989 	422.414001 
40.200000 	123.160004 	414.000000 	413.131989 	422.414001 
40.300000 	123.160004 	414.000000 	413.131989 	422.414001 
40.400000 	123.160004 	414.000000 	413.131989 	422.414001 
40.500000 	123.169998 	414.000000 	413.128998 	422.441010 
40.600000 	123.169998 	414.000000 	413.128998 	422.441010 
40.700000 	123.169998 	414.000000 	413.128998 	422.441010 
40.800000 	123.169998 	414.000000 	413.128998 	422.441010 
40.900000 	123.169998 	414.000000 	413.128998 	422.441010 
41.000000 	123.169998 	414.000000 	413.128998 	422.441010 
41.100000 	123.169998 	414.000000 	413.128998 	422.441010 
41.200000 	123.169998 	414.000000 	413.128998 	422.441010 
41.300000 	123.169998 	414.000000 	413.128998 	422.441010 
41.400000 	123.169998 	414.000000 	413.128998 	422.441010 
41.500000 	123.179001 	414.000000 	413.125000 	422.467010 
41.600000 	123.179001 	414.000000 	413.125000 	422.467010 
41.700000 	123.179001 	414.000000 	413.125000 	422.467010 
41.800000 	123.179001 	414.000000 	413.125000 	422.467010 
41.900000 	123.179001 	414.000000 	413.125000 	422.467010 
42.000000 	123.179001 	414.000000 	413.125000 	422.467010 
42.100000 	123.179001 	414.000000 	413.125000 	422.467010 
42.200000 	123.179001 	414.000000 	413.125000 	422.467010 
42.300000 	123.179001 	414.000000 	413.125000 	422.467010 
42.400000 	123.179001 	414.000000 	413.125000 	422.467010 
42.500000 	123.188004 	414.000000 	413.121002 	422.493011 
42.600000 	123.188004 	414.000000 	413.121002 	422.493011 
42.700000 	123.188004 	414.000000 	413.121002 	422.493011 
42.800000 	123.188004 	414.000000 	413.121002 	422.493011 
42.900000 	123.188004 	414.000000 	413.121002 	422.493011 
43.000000 	123.188004 	414.000000 	413.121002 	422.493011 
43.100000 	123.188004 	414.000000 	413.121002 	422.493011 
43.200000 	123.188004 	414.000000 	413.121002 	422.493011 
43.300000 	123.188004 	414.000000 	413.121002 	422.493011 
43.400000 	123.188004 	414.000000 	413.121002 	422.493011 
43.500000 	123.195999 	414.000000 	413.118011 	422.519012 
43.600000 	123.195999 	414.000000 	413.118011 	422.519012 
43.700000 	123.195999 	414.000000 	413.118011 	422.519012 
43.800000 	123.195999 	414.000000 	413.118011 	422.519012 
43.900000 	123.195999 	414.000000 	413.118011 	422.519012 
44.000000 	123.195999 	414.000000 	413.118011 	422.519012 
44.100000 	123.195999 	414.000000 	413.118011 	422.519012 
44.200000 	123.195999 	414.000000 	413.118011 	422.519012 
44.300000 	123.195999 	414.000000 	413.118011 	422.519012 
44.400000 	123.195999 	414.000000 	413.118011 	422.519012 
44.500000 	123.204002 	414.000000 	413.114014 	422.544006 
44.600000 	123.204002 	414.000000 	413.114014 	422.544006 
44.700000 	123.204002 	414.000000 	413.114014 	422.544006 
44.800000 	123.204002 	414.000000 	413.114014 	422.544006 
44.900000 	123.204002 	414.000000 	413.114014 	422.544006 
45.000000 	123.204002 	414.000000 	413.114014 	422.544006 
45.100000 	123.204002 	414.000000 	413.114014 	422.544006 
45.200000 	123.204002 	414.000000 	413.114014 	422.544006 
45.300000 	123.204002 	414.000000 	413.114014 	422.544006 
45.400000 	123.204002 	414.000000 	413.114014 	422.544006 
45.500000 	123.211998 	414.000000 	413.109985 	422.570007 
45.600000 	123.211998 	414.000000 	413.109985 	422.570007 
45.700000 	123.211998 	414.000000 	413.109985 	422.570007 
45.800000 	123.211998 	414.000000 	413.109985 	422.570007 
45.900000 	123.211998 	414.000000 	413.109985 	422.570007 
46.000000 	123.211998 	414.000000 	413.109985 	422.570007 
46.100000 	123.211998 	414.000000 	413.109985 	422.570007 
46.200000 	123.211998 	414.000000 	413.109985 	422.570007 
46.300000 	123.211998 	414.000000 	413.109985 	422.570007 
46.400000 	123.211998 	414.000000 	413.109985 	422.570007 
46.500000 	123.220001 	414.000000 	413.105988 	422.595001 
46.600000 	123.220001 	414.000000 	413.105988 	422.595001 
46.700000 	123.220001 	414.000000 	413.105988 	422.595001 
46.800000 	123.220001 	414.000000 	413.105988 	422.595001 
46.900000 	123.220001 	414.000000 	413.105988 	422.595001 
47.000000 	123.220001 	414.000000 	413.105988 	422.595001 
47.100000 	123.220001 	414.000000 	413.105988 	422.595001 
47.200000 	123.220001 	414.000000 	413.105988 	422.595001 
47.300000 	123.220001 	414.000000 	413.105988 	422.595001 
47.400000 	123.220001 	414.000000 	413.105988 	422.595001 
47.500000 	123.227997 	414.000000 	413.101990 	422.619995 
47.600000 	123.227997 	414.000000 	413.101990 	422.619995 
47.700000 	123.227997 	414.000000 	413.101990 	422.619995 
47.800000 	123.227997 	414.000000 	413.101990 	422.619995 
47.900000 	123.227997 	414.000000 	413.101990 	422.619995 
48.000000 	123.227997 	414.000000 	413.101990 	422.619995 
48.100000 	123.227997 	414.000000 	413.101990 	422.619995 
48.200000 	123.227997 	414.000000 	413.101990 	422.619995 
48.300000 	123.227997 	414.000000 	413.101990 	422.619995 
48.400000 	123.227997 	414.000000 	413.101990 	422.619995 
48.500000 	123.235001 	414.000000 	413.097992 	422.644012 
48.600000 	123.235001 	414.000000 	413.097992 	422.644012 
48.700000 	123.235001 	414.000000 	413.097992 	422.644012 
48.800000 	123.235001 	414.000000 	413.097992 	422.644012 
48.900000 	123.235001 	414.000000 	413.097992 	422.644012 
49.000000 	123.235001 	414.000000 	413.097992 	422.644012 
49.100000 	123.235001 	414.000000 	413.097992 	422.644012 
49.200000 	123.235001 	414.000000 	413.097992 	422.644012 
49.300000 	123.235001 	414.000000 	413.097992 	422.644012 
49.400000 	123.235001 	414.000000 	413.097992 	422.644012 
49.500000 	123.241997 	414.000000 	413.093994 	422.669006 
49.600000 	123.241997 	414.000000 	413.093994 	422.669006 
49.700000 	123.241997 	414.000000 	413.093994 	422.669006 
49.800000 	123.241997 	414.000000 	413.093994 	422.669006 
49.900000 	123.241997 	414.000000 	413.093994 	422.669006 
50.000000 	123.241997 	414.000000 	413.093994 	422.669006 
50.100000 	123.241997 	414.000000 	413.093994 	422.669006 
50.200000 	123.241997 	414.000000 	413.093994 	422.669006 
50.300000 	123.241997 	414.000000 	413.093994 	422.669006 
50.400000 	123.241997 	414.000000 	413.093994 	422.669006 
50.500000 	123.249001 	414.000000 	413.089996 	1006.030029 
50.600000 	123.249001 	414.000000 	413.089996 	1006.030029 
50.700000 	123.249001 	414.000000 	413.089996 	1006.030029 
50.800000 	123.249001 	414.000000 	413.089996 	1006.030029 
50.900000 	123.249001 	414.000000 	413.089996 	1006.030029 
51.000000 	123.249001 	414.000000 	413.089996 	1006.030029 
51.100000 	123.249001 	414.000000 	413.089996 	1006.030029 
51.200000 	123.249001 	414.000000 	413.089996 	1006.030029 
51.300000 	123.249001 	414.000000 	413.089996 	1006.030029 
51.400000 	123.249001 	414.000000 	413.089996 	1006.030029 
51.500000 	123.255997 	414.000000 	413.085999 	1006.030029 
51.600000 	123.255997 	414.000000 	413.085999 	1006.030029 
51.700000 	123.255997 	414.000000 	413.085999 	1006.030029 
51.800000 	123.255997 	414.000000 	413.085999 	1006.030029 
51.900000 	123.255997 	414.000000 	413.085999 	1006.030029 
52.000000 	123.255997 	414.000000 	413.085999 	1006.030029 
52.100000 	123.255997 	414.000000 	413.085999 	1006.030029 
52.200000 	123.255997 	414.000000 	413.085999 	1006.030029 
52.300000 	123.255997 	414.000000 	413.085999 	1006.030029 
52.400000 	123.255997 	414.000000 	413.085999 	1006.030029 
52.500000 	123.263000 	414.000000 	413.080994 	1006.030029 
52.600000 	123.263000 	414.000000 	413.080994 	1006.030029 
52.700000 	123.263000 	414.000000 	413.080994 	1006.030029 
52.800000 	123.263000 	414.000000 	413.080994 	1006.030029 
52.900000 	123.263000 	414.000000 	413.080994 	1006.030029 
53.000000 	123.263000 	414.000000 	413.080994 	1006.030029 
53.100000 	123.263000 	414.000000 	413.080994 	1006.030029 
53.200000 	123.263000 	414.000000 	413.080994 	1006.030029 
53.300000 	123.263000 	414.000000 	413.080994 	1006.030029 
53.400000 	123.263000 	414.000000 	413.080994 	1006.030029 
53.500000 	123.269997 	414.000000 	413.076996 	1006.030029 
53.600000 	123.269997 	414.000000 	413.076996 	1006.030029 
53.700000 	123.269997 	414.000000 	413.076996 	1006.030029 
53.800000 	123.269997 	414.000000 	413.076996 	1006.030029 
53.900000 	123.269997 	414.000000 	413.076996 	1006.030029 
54.000000 	123.269997 	414.000000 	413.076996 	1006.030029 
54.100000 	123.269997 	414.000000 	413.076996 	1006.030029 
54.200000 	123.269997 	414.000000 	413.076996 	1006.030029 
54.300000 	123.269997 	414.000000 	413.076996 	1006.030029 
54.400000 	123.269997 	414.000000 	413.076996 	1006.030029 
54.500000 	123.276001 	414.000000 	413.071991 	1006.030029 
54.600000 	123.276001 	414.000000 	413.071991 	1006.030029 
54.700000 	123.276001 	414.000000 	413.071991 	1006.030029 
54.800000 	123.276001 	414.000000 	413.071991 	1006.030029 
54.900000 	123.276001 	414.000000 	413.071991 	1006.030029 
55.000000 	123.276001 	414.000000 	413.071991 	1006.030029 
55.100000 	123.276001 	414.000000 	413.071991 	1006.030029 
55.200000 	123.276001 	414.000000 	413.071991 	1006.030029 
55.300000 	123.276001 	414.000000 	413.071991 	1006.030029 
55.400000 	123.276001 	414.000000 	413.071991 	1006.030029 
55.500000 	123.281998 	414.000000 	413.066986 	1006.030029 
55.600000 	123.281998 	414.000000 	413.066986 	1006.030029 
55.700000 	123.281998 	414.000000 	413.066986 	1006.030029 
55.800000 	123.281998 	414.000000 	413.066986 	1006.030029 
55.900000 	123.281998 	414.000000 	413.066986 	1006.030029 
56.000000 	123.281998 	414.000000 	413.066986 	1006.030029 
56.100000 	123.281998 	414.000000 	413.066986 	1006.030029 
56.200000 	123.281998 	414.000000 	413.066986 	1006.030029 
56.300000 	123.281998 	414.000000 	413.066986 	1006.030029 
56.400000 	123.281998 	414.000000 	413.066986 	1006.030029 
56.500000 	123.289001 	414.000000 	413.062988 	1006.030029 
56.600000 	123.289001 	414.000000 	413.062988 	1006.030029 
56.700000 	123.289001 	414.000000 	413.062988 	1006.030029 
56.800000 	123.289001 	414.000000 	413.062988 	1006.030029 
56.900000 	123.289001 	414.000000 	413.062988 	1006.030029 
57.000000 	123.289001 	414.000000 	413.062988 	1006.030029 
57.100000 	123.289001 	414.000000 	413.062988 	1006.030029 
57.200000 	123.289001 	414.000000 	413.062988 	1006.030029 
57.300000 	123.289001 	414.000000 	413.062988 	1006.030029 
57.400000 	123.289001 	414.000000 	413.062988 	1006.030029 
57.500000 	123.294998 	414.000000 	413.058014 	1006.030029 
57.600000 	123.294998 	414.000000 	413.058014 	1006.030029 
57.700000 	123.294998 	414.000000 	413.058014 	1006.030029 
57.800000 	123.294998 	414.000000 	413.058014 	1006.030029 
57.900000 	123.294998 	414.000000 	413.058014 	1006.030029 
58.000000 	123.294998 	414.000000 	413.058014 	1006.030029 
58.100000 	123.294998 	414.000000 	413.058014 	1006.030029 
58.200000 	123.294998 	414.000000 	413.058014 	1006.030029 
58.300000 	123.294998 	414.000000 	413.058014 	1006.030029 
58.400000 	123.294998 	414.000000 	413.058014 	1006.030029 
58.500000 	123.301003 	414.000000 	413.052002 	1006.030029 
58.600000 	123.301003 	414.000000 	413.052002 	1006.030029 
58.700000 	123.301003 	414.000000 	413.052002 	1006.030029 
58.800000 	123.301003 	414.000000 	413.052002 	1006.030029 
58.900000 	123.301003 	414.000000 	413.052002 	1006.030029 
59.000000 	123.301003 	414.000000 	413.052002 	1006.030029 
59.100000 	123.301003 	414.000000 	413.052002 	1006.030029 
59.200000 	123.301003 	414.000000 	413.052002 	1006.030029 
59.300000 	123.301003 	414.000000 	413.052002 	1006.030029 
59.400000 	123.301003 	414.000000 	413.052002 	1006.030029 
59.500000 	123.306000 	414.000000 	413.046997 	1006.030029 
59.600000 	123.306000 	414.000000 	413.046997 	1006.030029 
59.700000 	123.306000 	414.000000 	413.046997 	1006.030029 
59.800000 	123.306000 	414.000000 	413.046997 	1006.030029 
59.900000 	123.306000 	414.000000 	413.046997 	1006.030029 
60.000000 	123.306000 	414.000000 	413.046997 	1006.030029 
