0.500000 	88.878197 	356.000000 	377.023010 	364.576996 
0.600000 	88.878197 	356.000000 	377.023010 	364.576996 
0.700000 	88.878197 	356.000000 	377.023010 	364.576996 
0.800000 	88.878197 	356.000000 	377.023010 	364.576996 
0.900000 	88.878197 	356.000000 	377.023010 	364.576996 
1.000000 	88.878197 	356.000000 	377.023010 	364.576996 
1.100000 	88.878197 	356.000000 	377.023010 	364.576996 
1.200000 	88.878197 	356.000000 	377.023010 	364.576996 
1.300000 	88.878197 	356.000000 	377.023010 	364.576996 
1.400000 	88.878197 	356.000000 	377.023010 	364.576996 
1.500000 	99.147598 	356.000000 	365.421997 	364.781006 
1.600000 	99.147598 	356.000000 	365.421997 	364.781006 
1.700000 	99.147598 	356.000000 	365.421997 	364.781006 
1.800000 	99.147598 	356.000000 	365.421997 	364.781006 
1.900000 	99.147598 	356.000000 	365.421997 	364.781006 
2.000000 	99.147598 	356.000000 	365.421997 	364.781006 
2.100000 	99.147598 	356.000000 	365.421997 	364.781006 
2.200000 	99.147598 	356.000000 	365.421997 	364.781006 
2.300000 	99.147598 	356.000000 	365.421997 	364.781006 
2.400000 	99.147598 	356.000000 	365.421997 	364.781006 
2.500000 	109.695999 	356.000000 	360.648010 	364.740997 
2.600000 	109.695999 	356.000000 	360.648010 	364.740997 
2.700000 	109.695999 	356.000000 	360.648010 	364.740997 
2.800000 	109.695999 	356.000000 	360.648010 	364.740997 
2.900000 	109.695999 	356.000000 	360.648010 	364.740997 
3.000000 	109.695999 	356.000000 	360.648010 	364.740997 
3.100000 	109.695999 	356.000000 	360.648010 	364.740997 
3.200000 	109.695999 	356.000000 	360.648010 	364.740997 
3.300000 	109.695999 	356.000000 	360.648010 	364.740997 
3.400000 	109.695999 	356.000000 	360.648010 	364.740997 
3.500000 	114.875000 	356.000000 	358.436005 	364.731995 
3.600000 	114.875000 	356.000000 	358.436005 	364.731995 
3.700000 	114.875000 	356.000000 	358.436005 	364.731995 
3.800000 	114.875000 	356.000000 	358.436005 	364.731995 
3.900000 	114.875000 	356.000000 	358.436005 	364.731995 
4.000000 	114.875000 	356.000000 	358.436005 	364.731995 
4.100000 	114.875000 	356.000000 	358.436005 	364.731995 
4.200000 	114.875000 	356.000000 	358.436005 	364.731995 
4.300000 	114.875000 	356.000000 	358.436005 	364.731995 
4.400000 	114.875000 	356.000000 	358.436005 	364.731995 
4.500000 	117.607002 	356.000000 	357.285004 	364.737000 
4.600000 	117.607002 	356.000000 	357.285004 	364.737000 
4.700000 	117.607002 	356.000000 	357.285004 	364.737000 
4.800000 	117.607002 	356.000000 	357.285004 	364.737000 
4.900000 	117.607002 	356.000000 	357.285004 	364.737000 
5.000000 	117.607002 	356.000000 	357.285004 	364.737000 
5.100000 	117.607002 	356.000000 	357.285004 	364.737000 
5.200000 	117.607002 	356.000000 	357.285004 	364.737000 
5.300000 	117.607002 	356.000000 	357.285004 	364.737000 
5.400000 	117.607002 	356.000000 	357.285004 	364.737000 
5.500000 	119.193001 	356.000000 	356.622986 	364.748993 
5.600000 	119.193001 	356.000000 	356.622986 	364.748993 
5.700000 	119.193001 	356.000000 	356.622986 	364.748993 
5.800000 	119.193001 	356.000000 	356.622986 	364.748993 
5.900000 	119.193001 	356.000000 	356.622986 	364.748993 
6.000000 	119.193001 	356.000000 	356.622986 	364.748993 
6.100000 	119.193001 	356.000000 	356.622986 	364.748993 
6.200000 	119.193001 	356.000000 	356.622986 	364.748993 
6.300000 	119.193001 	356.000000 	356.622986 	364.748993 
6.400000 	119.193001 	356.000000 	356.622986 	364.748993 
6.500000 	120.186996 	356.000000 	356.213013 	364.764008 
6.600000 	120.186996 	356.000000 	356.213013 	364.764008 
6.700000 	120.186996 	356.000000 	356.213013 	364.764008 
6.800000 	120.186996 	356.000000 	356.213013 	364.764008 
6.900000 	120.186996 	356.000000 	356.213013 	364.764008 
7.000000 	120.186996 	356.000000 	356.213013 	364.764008 
7.100000 	120.186996 	356.000000 	356.213013 	364.764008 
7.200000 	120.186996 	356.000000 	356.213013 	364.764008 
7.300000 	120.186996 	356.000000 	356.213013 	364.764008 
7.400000 	120.186996 	356.000000 	356.213013 	364.764008 
7.500000 	120.848999 	356.000000 	355.942993 	364.782990 
7.600000 	120.848999 	356.000000 	355.942993 	364.782990 
7.700000 	120.848999 	356.000000 	355.942993 	364.782990 
7.800000 	120.848999 	356.000000 	355.942993 	364.782990 
7.900000 	120.848999 	356.000000 	355.942993 	364.782990 
8.000000 	120.848999 	356.000000 	355.942993 	364.782990 
8.100000 	120.848999 	356.000000 	355.942993 	364.782990 
8.200000 	120.848999 	356.000000 	355.942993 	364.782990 
8.300000 	120.848999 	356.000000 	355.942993 	364.782990 
8.400000 	120.848999 	356.000000 	355.942993 	364.782990 
8.500000 	121.311996 	356.000000 	355.756012 	364.803009 
8.600000 	121.311996 	356.000000 	355.756012 	364.803009 
8.700000 	121.311996 	356.000000 	355.756012 	364.803009 
8.800000 	121.311996 	356.000000 	355.756012 	364.803009 
8.900000 	121.311996 	356.000000 	355.756012 	364.803009 
9.000000 	121.311996 	356.000000 	355.756012 	364.803009 
9.100000 	121.311996 	356.000000 	355.756012 	364.803009 
9.200000 	121.311996 	356.000000 	355.756012 	364.803009 
9.300000 	121.311996 	356.000000 	355.756012 	364.803009 
9.400000 	121.311996 	356.000000 	355.756012 	364.803009 
9.500000 	121.648003 	356.000000 	355.622986 	364.825012 
9.600000 	121.648003 	356.000000 	355.622986 	364.825012 
9.700000 	121.648003 	356.000000 	355.622986 	364.825012 
9.800000 	121.648003 	356.000000 	355.622986 	364.825012 
9.900000 	121.648003 	356.000000 	355.622986 	364.825012 
10.000000 	121.648003 	356.000000 	355.622986 	364.825012 
10.100000 	121.648003 	356.000000 	355.622986 	364.825012 
10.200000 	121.648003 	356.000000 	355.622986 	364.825012 
10.300000 	121.648003 	356.000000 	355.622986 	364.825012 
10.400000 	121.648003 	356.000000 	355.622986 	364.825012 
10.500000 	121.901001 	356.000000 	355.523987 	364.847992 
10.600000 	121.901001 	356.000000 	355.523987 	364.847992 
10.700000 	121.901001 	356.000000 	355.523987 	364.847992 
10.800000 	121.901001 	356.000000 	355.523987 	364.847992 
10.900000 	121.901001 	356.000000 	355.523987 	364.847992 
11.000000 	121.901001 	356.000000 	355.523987 	364.847992 
11.100000 	121.901001 	356.000000 	355.523987 	364.847992 
11.200000 	121.901001 	356.000000 	355.523987 	364.847992 
11.300000 	121.901001 	356.000000 	355.523987 	364.847992 
11.400000 	121.901001 	356.000000 	355.523987 	364.847992 
11.500000 	122.095001 	356.000000 	355.449005 	364.872009 
11.600000 	122.095001 	356.000000 	355.449005 	364.872009 
11.700000 	122.095001 	356.000000 	355.449005 	364.872009 
11.800000 	122.095001 	356.000000 	355.449005 	364.872009 
11.900000 	122.095001 	356.000000 	355.449005 	364.872009 
12.000000 	122.095001 	356.000000 	355.449005 	364.872009 
12.100000 	122.095001 	356.000000 	355.449005 	364.872009 
12.200000 	122.095001 	356.000000 	355.449005 	364.872009 
12.300000 	122.095001 	356.000000 	355.449005 	364.872009 
12.400000 	122.095001 	356.000000 	355.449005 	364.872009 
12.500000 	122.248001 	356.000000 	355.390991 	364.898010 
12.600000 	122.248001 	356.000000 	355.390991 	364.898010 
12.700000 	122.248001 	356.000000 	355.390991 	364.898010 
12.800000 	122.248001 	356.000000 	355.390991 	364.898010 
12.900000 	122.248001 	356.000000 	355.390991 	364.898010 
13.000000 	122.248001 	356.000000 	355.390991 	364.898010 
13.100000 	122.248001 	356.000000 	355.390991 	364.898010 
13.200000 	122.248001 	356.000000 	355.390991 	364.898010 
13.300000 	122.248001 	356.000000 	355.390991 	364.898010 
13.400000 	122.248001 	356.000000 	355.390991 	364.898010 
13.500000 	122.372002 	356.000000 	355.345001 	364.924011 
13.600000 	122.372002 	356.000000 	355.345001 	364.924011 
13.700000 	122.372002 	356.000000 	355.345001 	364.924011 
13.800000 	122.372002 	356.000000 	355.345001 	364.924011 
13.900000 	122.372002 	356.000000 	355.345001 	364.924011 
14.000000 	122.372002 	356.000000 	355.345001 	364.924011 
14.100000 	122.372002 	356.000000 	355.345001 	364.924011 
14.200000 	122.372002 	356.000000 	355.345001 	364.924011 
14.300000 	122.372002 	356.000000 	355.345001 	364.924011 
14.400000 	122.372002 	356.000000 	355.345001 	364.924011 
14.500000 	122.473000 	356.000000 	355.308014 	364.951996 
14.600000 	122.473000 	356.000000 	355.308014 	364.951996 
14.700000 	122.473000 	356.000000 	355.308014 	364.951996 
14.800000 	122.473000 	356.000000 	355.308014 	364.951996 
14.900000 	122.473000 	356.000000 	355.308014 	364.951996 
15.000000 	122.473000 	356.000000 	355.308014 	364.951996 
15.100000 	122.473000 	356.000000 	355.308014 	364.951996 
15.200000 	122.473000 	356.000000 	355.308014 	364.951996 
15.300000 	122.473000 	356.000000 	355.308014 	364.951996 
15.400000 	122.473000 	356.000000 	355.308014 	364.951996 
15.500000 	122.556999 	356.000000 	355.278015 	364.984009 
15.600000 	122.556999 	356.000000 	355.278015 	364.984009 
15.700000 	122.556999 	356.000000 	355.278015 	364.984009 
15.800000 	122.556999 	356.000000 	355.278015 	364.984009 
15.900000 	122.556999 	356.000000 	355.278015 	364.984009 
16.000000 	122.556999 	356.000000 	355.278015 	364.984009 
16.100000 	122.556999 	356.000000 	355.278015 	364.984009 
16.200000 	122.556999 	356.000000 	355.278015 	364.984009 
16.300000 	122.556999 	356.000000 	355.278015 	364.984009 
16.400000 	122.556999 	356.000000 	355.278015 	364.984009 
16.500000 	122.626999 	356.000000 	355.253998 	365.013000 
16.600000 	122.626999 	356.000000 	355.253998 	365.013000 
16.700000 	122.626999 	356.000000 	355.253998 	365.013000 
16.800000 	122.626999 	356.000000 	355.253998 	365.013000 
16.900000 	122.626999 	356.000000 	355.253998 	365.013000 
17.000000 	122.626999 	356.000000 	355.253998 	365.013000 
17.100000 	122.626999 	356.000000 	355.253998 	365.013000 
17.200000 	122.626999 	356.000000 	355.253998 	365.013000 
17.300000 	122.626999 	356.000000 	355.253998 	365.013000 
17.400000 	122.626999 	356.000000 	355.253998 	365.013000 
17.500000 	122.686996 	356.000000 	355.233002 	365.042999 
17.600000 	122.686996 	356.000000 	355.233002 	365.042999 
17.700000 	122.686996 	356.000000 	355.233002 	365.042999 
17.800000 	122.686996 	356.000000 	355.233002 	365.042999 
17.900000 	122.686996 	356.000000 	355.233002 	365.042999 
18.000000 	122.686996 	356.000000 	355.233002 	365.042999 
18.100000 	122.686996 	356.000000 	355.233002 	365.042999 
18.200000 	122.686996 	356.000000 	355.233002 	365.042999 
18.300000 	122.686996 	356.000000 	355.233002 	365.042999 
18.400000 	122.686996 	356.000000 	355.233002 	365.042999 
18.500000 	122.738998 	356.000000 	355.214996 	365.074005 
18.600000 	122.738998 	356.000000 	355.214996 	365.074005 
18.700000 	122.738998 	356.000000 	355.214996 	365.074005 
18.800000 	122.738998 	356.000000 	355.214996 	365.074005 
18.900000 	122.738998 	356.000000 	355.214996 	365.074005 
19.000000 	122.738998 	356.000000 	355.214996 	365.074005 
19.100000 	122.738998 	356.000000 	355.214996 	365.074005 
19.200000 	122.738998 	356.000000 	355.214996 	365.074005 
19.300000 	122.738998 	356.000000 	355.214996 	365.074005 
19.400000 	122.738998 	356.000000 	355.214996 	365.074005 
19.500000 	122.785004 	356.000000 	355.200012 	365.105011 
19.600000 	122.785004 	356.000000 	355.200012 	365.105011 
19.700000 	122.785004 	356.000000 	355.200012 	365.105011 
19.800000 	122.785004 	356.000000 	355.200012 	365.105011 
19.900000 	122.785004 	356.000000 	355.200012 	365.105011 
20.000000 	122.785004 	356.000000 	355.200012 	365.105011 
20.100000 	122.785004 	356.000000 	355.200012 	365.105011 
20.200000 	122.785004 	356.000000 	355.200012 	365.105011 
20.300000 	122.785004 	356.000000 	355.200012 	365.105011 
20.400000 	122.785004 	356.000000 	355.200012 	365.105011 
20.500000 	122.823997 	356.000000 	355.187988 	365.135986 
20.600000 	122.823997 	356.000000 	355.187988 	365.135986 
20.700000 	122.823997 	356.000000 	355.187988 	365.135986 
20.800000 	122.823997 	356.000000 	355.187988 	365.135986 
20.900000 	122.823997 	356.000000 	355.187988 	365.135986 
21.000000 	122.823997 	356.000000 	355.187988 	365.135986 
21.100000 	122.823997 	356.000000 	355.187988 	365.135986 
21.200000 	122.823997 	356.000000 	355.187988 	365.135986 
21.300000 	122.823997 	356.000000 	355.187988 	365.135986 
21.400000 	122.823997 	356.000000 	355.187988 	365.135986 
21.500000 	122.860001 	356.000000 	355.175995 	365.169006 
21.600000 	122.860001 	356.000000 	355.175995 	365.169006 
21.700000 	122.860001 	356.000000 	355.175995 	365.169006 
21.800000 	122.860001 	356.000000 	355.175995 	365.169006 
21.900000 	122.860001 	356.000000 	355.175995 	365.169006 
22.000000 	122.860001 	356.000000 	355.175995 	365.169006 
22.100000 	122.860001 	356.000000 	355.175995 	365.169006 
22.200000 	122.860001 	356.000000 	355.175995 	365.169006 
22.300000 	122.860001 	356.000000 	355.175995 	365.169006 
22.400000 	122.860001 	356.000000 	355.175995 	365.169006 
22.500000 	122.890999 	356.000000 	355.165985 	365.200989 
22.600000 	122.890999 	356.000000 	355.165985 	365.200989 
22.700000 	122.890999 	356.000000 	355.165985 	365.200989 
22.800000 	122.890999 	356.000000 	355.165985 	365.200989 
22.900000 	122.890999 	356.000000 	355.165985 	365.200989 
23.000000 	122.890999 	356.000000 	355.165985 	365.200989 
23.100000 	122.890999 	356.000000 	355.165985 	365.200989 
23.200000 	122.890999 	356.000000 	355.165985 	365.200989 
23.300000 	122.890999 	356.000000 	355.165985 	365.200989 
23.400000 	122.890999 	356.000000 	355.165985 	365.200989 
23.500000 	122.919998 	356.000000 	355.157990 	365.234009 
23.600000 	122.919998 	356.000000 	355.157990 	365.234009 
23.700000 	122.919998 	356.000000 	355.157990 	365.234009 
23.800000 	122.919998 	356.000000 	355.157990 	365.234009 
23.900000 	122.919998 	356.000000 	355.157990 	365.234009 
24.000000 	122.919998 	356.000000 	355.157990 	365.234009 
24.100000 	122.919998 	356.000000 	355.157990 	365.234009 
24.200000 	122.919998 	356.000000 	355.157990 	365.234009 
24.300000 	122.919998 	356.000000 	355.157990 	365.234009 
24.400000 	122.919998 	356.000000 	355.157990 	365.234009 
24.500000 	122.945000 	356.000000 	355.149994 	365.266998 
24.600000 	122.945000 	356.000000 	355.149994 	365.266998 
24.700000 	122.945000 	356.000000 	355.149994 	365.266998 
24.800000 	122.945000 	356.000000 	355.149994 	365.266998 
24.900000 	122.945000 	356.000000 	355.149994 	365.266998 
25.000000 	122.945000 	356.000000 	355.149994 	365.266998 
25.100000 	122.945000 	356.000000 	355.149994 	365.266998 
25.200000 	122.945000 	356.000000 	355.149994 	365.266998 
25.300000 	122.945000 	356.000000 	355.149994 	365.266998 
25.400000 	122.945000 	356.000000 	355.149994 	365.266998 
25.500000 	122.969002 	356.000000 	355.143005 	365.299988 
25.600000 	122.969002 	356.000000 	355.143005 	365.299988 
25.700000 	122.969002 	356.000000 	355.143005 	365.299988 
25.800000 	122.969002 	356.000000 	355.143005 	365.299988 
25.900000 	122.969002 	356.000000 	355.143005 	365.299988 
26.000000 	122.969002 	356.000000 	355.143005 	365.299988 
26.100000 	122.969002 	356.000000 	355.143005 	365.299988 
26.200000 	122.969002 	356.000000 	355.143005 	365.299988 
26.300000 	122.969002 	356.000000 	355.143005 	365.299988 
26.400000 	122.969002 	356.000000 	355.143005 	365.299988 
26.500000 	122.989998 	356.000000 	355.135986 	365.334015 
26.600000 	122.989998 	356.000000 	355.135986 	365.334015 
26.700000 	122.989998 	356.000000 	355.135986 	365.334015 
26.800000 	122.989998 	356.000000 	355.135986 	365.334015 
26.900000 	122.989998 	356.000000 	355.135986 	365.334015 
27.000000 	122.989998 	356.000000 	355.135986 	365.334015 
27.100000 	122.989998 	356.000000 	355.135986 	365.334015 
27.200000 	122.989998 	356.000000 	355.135986 	365.334015 
27.300000 	122.989998 	356.000000 	355.135986 	365.334015 
27.400000 	122.989998 	356.000000 	355.135986 	365.334015 
27.500000 	123.010002 	356.000000 	355.131012 	365.368011 
27.600000 	123.010002 	356.000000 	355.131012 	365.368011 
27.700000 	123.010002 	356.000000 	355.131012 	365.368011 
27.800000 	123.010002 	356.000000 	355.131012 	365.368011 
27.900000 	123.010002 	356.000000 	355.131012 	365.368011 
28.000000 	123.010002 	356.000000 	355.131012 	365.368011 
28.100000 	123.010002 	356.000000 	355.131012 	365.368011 
28.200000 	123.010002 	356.000000 	355.131012 	365.368011 
28.300000 	123.010002 	356.000000 	355.131012 	365.368011 
28.400000 	123.010002 	356.000000 	355.131012 	365.368011 
28.500000 	123.028999 	356.000000 	355.125000 	365.401001 
28.600000 	123.028999 	356.000000 	355.125000 	365.401001 
28.700000 	123.028999 	356.000000 	355.125000 	365.401001 
28.800000 	123.028999 	356.000000 	355.125000 	365.401001 
28.900000 	123.028999 	356.000000 	355.125000 	365.401001 
29.000000 	123.028999 	356.000000 	355.125000 	365.401001 
29.100000 	123.028999 	356.000000 	355.125000 	365.401001 
29.200000 	123.028999 	356.000000 	355.125000 	365.401001 
29.300000 	123.028999 	356.000000 	355.125000 	365.401001 
29.400000 	123.028999 	356.000000 	355.125000 	365.401001 
29.500000 	123.045998 	356.000000 	355.119995 	365.434998 
29.600000 	123.045998 	356.000000 	355.119995 	365.434998 
29.700000 	123.045998 	356.000000 	355.119995 	365.434998 
29.800000 	123.045998 	356.000000 	355.119995 	365.434998 
29.900000 	123.045998 	356.000000 	355.119995 	365.434998 
30.000000 	123.045998 	356.000000 	355.119995 	365.434998 
30.100000 	123.045998 	356.000000 	355.119995 	365.434998 
30.200000 	123.045998 	356.000000 	355.119995 	365.434998 
30.300000 	123.045998 	356.000000 	355.119995 	365.434998 
30.400000 	123.045998 	356.000000 	355.119995 	365.434998 
30.500000 	123.061996 	356.000000 	355.114990 	365.468994 
30.600000 	123.061996 	356.000000 	355.114990 	365.468994 
30.700000 	123.061996 	356.000000 	355.114990 	365.468994 
30.800000 	123.061996 	356.000000 	355.114990 	365.468994 
30.900000 	123.061996 	356.000000 	355.114990 	365.468994 
31.000000 	123.061996 	356.000000 	355.114990 	365.468994 
31.100000 	123.061996 	356.000000 	355.114990 	365.468994 
31.200000 	123.061996 	356.000000 	355.114990 	365.468994 
31.300000 	123.061996 	356.000000 	355.114990 	365.468994 
31.400000 	123.061996 	356.000000 	355.114990 	365.468994 
31.500000 	123.077003 	356.000000 	355.110992 	365.502991 
31.600000 	123.077003 	356.000000 	355.110992 	365.502991 
31.700000 	123.077003 	356.000000 	355.110992 	365.502991 
31.800000 	123.077003 	356.000000 	355.110992 	365.502991 
31.900000 	123.077003 	356.000000 	355.110992 	365.502991 
32.000000 	123.077003 	356.000000 	355.110992 	365.502991 
32.100000 	123.077003 	356.000000 	355.110992 	365.502991 
32.200000 	123.077003 	356.000000 	355.110992 	365.502991 
32.300000 	123.077003 	356.000000 	355.110992 	365.502991 
32.400000 	123.077003 	356.000000 	355.110992 	365.502991 
32.500000 	123.091003 	356.000000 	355.105988 	365.536987 
32.600000 	123.091003 	356.000000 	355.105988 	365.536987 
32.700000 	123.091003 	356.000000 	355.105988 	365.536987 
32.800000 	123.091003 	356.000000 	355.105988 	365.536987 
32.900000 	123.091003 	356.000000 	355.105988 	365.536987 
33.000000 	123.091003 	356.000000 	355.105988 	365.536987 
33.100000 	123.091003 	356.000000 	355.105988 	365.536987 
33.200000 	123.091003 	356.000000 	355.105988 	365.536987 
33.300000 	123.091003 	356.000000 	355.105988 	365.536987 
33.400000 	123.091003 	356.000000 	355.105988 	365.536987 
33.500000 	123.103996 	356.000000 	355.101990 	365.571014 
33.600000 	123.103996 	356.000000 	355.101990 	365.571014 
33.700000 	123.103996 	356.000000 	355.101990 	365.571014 
33.800000 	123.103996 	356.000000 	355.101990 	365.571014 
33.900000 	123.103996 	356.000000 	355.101990 	365.571014 
34.000000 	123.103996 	356.000000 	355.101990 	365.571014 
34.100000 	123.103996 	356.000000 	355.101990 	365.571014 
34.200000 	123.103996 	356.000000 	355.101990 	365.571014 
34.300000 	123.103996 	356.000000 	355.101990 	365.571014 
34.400000 	123.103996 	356.000000 	355.101990 	365.571014 
34.500000 	123.116997 	356.000000 	355.097992 	365.605011 
34.600000 	123.116997 	356.000000 	355.097992 	365.605011 
34.700000 	123.116997 	356.000000 	355.097992 	365.605011 
34.800000 	123.116997 	356.000000 	355.097992 	365.605011 
34.900000 	123.116997 	356.000000 	355.097992 	365.605011 
35.000000 	123.116997 	356.000000 	355.097992 	365.605011 
35.100000 	123.116997 	356.000000 	355.097992 	365.605011 
35.200000 	123.116997 	356.000000 	355.097992 	365.605011 
35.300000 	123.116997 	356.000000 	355.097992 	365.605011 
35.400000 	123.116997 	356.000000 	355.097992 	365.605011 
35.500000 	123.128998 	356.000000 	355.093994 	365.639008 
35.600000 	123.128998 	356.000000 	355.093994 	365.639008 
35.700000 	123.128998 	356.000000 	355.093994 	365.639008 
35.800000 	123.128998 	356.000000 	355.093994 	365.639008 
35.900000 	123.128998 	356.000000 	355.093994 	365.639008 
36.000000 	123.128998 	356.000000 	355.093994 	365.639008 
36.100000 	123.128998 	356.000000 	355.093994 	365.639008 
36.200000 	123.128998 	356.000000 	355.093994 	365.639008 
36.300000 	123.128998 	356.000000 	355.093994 	365.639008 
36.400000 	123.128998 	356.000000 	355.093994 	365.639008 
36.500000 	123.140999 	356.000000 	355.089996 	365.673004 
36.600000 	123.140999 	356.000000 	355.089996 	365.673004 
36.700000 	123.140999 	356.000000 	355.089996 	365.673004 
36.800000 	123.140999 	356.000000 	355.089996 	365.673004 
36.900000 	123.140999 	356.000000 	355.089996 	365.673004 
37.000000 	123.140999 	356.000000 	355.089996 	365.673004 
37.100000 	123.140999 	356.000000 	355.089996 	365.673004 
37.200000 	123.140999 	356.000000 	355.089996 	365.673004 
37.300000 	123.140999 	356.000000 	355.089996 	365.673004 
37.400000 	123.140999 	356.000000 	355.089996 	365.673004 
37.500000 	123.152000 	356.000000 	355.087006 	365.707001 
37.600000 	123.152000 	356.000000 	355.087006 	365.707001 
37.700000 	123.152000 	356.000000 	355.087006 	365.707001 
37.800000 	123.152000 	356.000000 	355.087006 	365.707001 
37.900000 	123.152000 	356.000000 	355.087006 	365.707001 
38.000000 	123.152000 	356.000000 	355.087006 	365.707001 
38.100000 	123.152000 	356.000000 	355.087006 	365.707001 
38.200000 	123.152000 	356.000000 	355.087006 	365.707001 
38.300000 	123.152000 	356.000000 	355.087006 	365.707001 
38.400000 	123.152000 	356.000000 	355.087006 	365.707001 
38.500000 	123.162003 	356.000000 	355.083008 	365.739990 
38.600000 	123.162003 	356.000000 	355.083008 	365.739990 
38.700000 	123.162003 	356.000000 	355.083008 	365.739990 
38.800000 	123.162003 	356.000000 	355.083008 	365.739990 
38.900000 	123.162003 	356.000000 	355.083008 	365.739990 
39.000000 	123.162003 	356.000000 	355.083008 	365.739990 
39.100000 	123.162003 	356.000000 	355.083008 	365.739990 
39.200000 	123.162003 	356.000000 	355.083008 	365.739990 
39.300000 	123.162003 	356.000000 	355.083008 	365.739990 
39.400000 	123.162003 	356.000000 	355.083008 	365.739990 
39.500000 	123.172997 	356.000000 	355.079010 	365.773987 
39.600000 	123.172997 	356.000000 	355.079010 	365.773987 
39.700000 	123.172997 	356.000000 	355.079010 	365.773987 
39.800000 	123.172997 	356.000000 	355.079010 	365.773987 
39.900000 	123.172997 	356.000000 	355.079010 	365.773987 
40.000000 	123.172997 	356.000000 	355.079010 	365.773987 
40.100000 	123.172997 	356.000000 	355.079010 	365.773987 
40.200000 	123.172997 	356.000000 	355.079010 	365.773987 
40.300000 	123.172997 	356.000000 	355.079010 	365.773987 
40.400000 	123.172997 	356.000000 	355.079010 	365.773987 
40.500000 	123.181999 	356.000000 	355.075989 	365.807007 
40.600000 	123.181999 	356.000000 	355.075989 	365.807007 
40.700000 	123.181999 	356.000000 	355.075989 	365.807007 
40.800000 	123.181999 	356.000000 	355.075989 	365.807007 
40.900000 	123.181999 	356.000000 	355.075989 	365.807007 
41.000000 	123.181999 	356.000000 	355.075989 	365.807007 
41.100000 	123.181999 	356.000000 	355.075989 	365.807007 
41.200000 	123.181999 	356.000000 	355.075989 	365.807007 
41.300000 	123.181999 	356.000000 	355.075989 	365.807007 
41.400000 	123.181999 	356.000000 	355.075989 	365.807007 
41.500000 	123.192001 	356.000000 	355.071991 	365.839996 
41.600000 	123.192001 	356.000000 	355.071991 	365.839996 
41.700000 	123.192001 	356.000000 	355.071991 	365.839996 
41.800000 	123.192001 	356.000000 	355.071991 	365.839996 
41.900000 	123.192001 	356.000000 	355.071991 	365.839996 
42.000000 	123.192001 	356.000000 	355.071991 	365.839996 
42.100000 	123.192001 	356.000000 	355.071991 	365.839996 
42.200000 	123.192001 	356.000000 	355.071991 	365.839996 
42.300000 	123.192001 	356.000000 	355.071991 	365.839996 
42.400000 	123.192001 	356.000000 	355.071991 	365.839996 
42.500000 	123.200996 	356.000000 	355.067993 	365.872986 
42.600000 	123.200996 	356.000000 	355.067993 	365.872986 
42.700000 	123.200996 	356.000000 	355.067993 	365.872986 
42.800000 	123.200996 	356.000000 	355.067993 	365.872986 
42.900000 	123.200996 	356.000000 	355.067993 	365.872986 
43.000000 	123.200996 	356.000000 	355.067993 	365.872986 
43.100000 	123.200996 	356.000000 	355.067993 	365.872986 
43.200000 	123.200996 	356.000000 	355.067993 	365.872986 
43.300000 	123.200996 	356.000000 	355.067993 	365.872986 
43.400000 	123.200996 	356.000000 	355.067993 	365.872986 
43.500000 	123.209999 	356.000000 	355.065002 	365.906006 
43.600000 	123.209999 	356.000000 	355.065002 	365.906006 
43.700000 	123.209999 	356.000000 	355.065002 	365.906006 
43.800000 	123.209999 	356.000000 	355.065002 	365.906006 
43.900000 	123.209999 	356.000000 	355.065002 	365.906006 
44.000000 	123.209999 	356.000000 	355.065002 	365.906006 
44.100000 	123.209999 	356.000000 	355.065002 	365.906006 
44.200000 	123.209999 	356.000000 	355.065002 	365.906006 
44.300000 	123.209999 	356.000000 	355.065002 	365.906006 
44.400000 	123.209999 	356.000000 	355.065002 	365.906006 
44.500000 	123.218002 	356.000000 	355.061005 	365.937988 
44.600000 	123.218002 	356.000000 	355.061005 	365.937988 
44.700000 	123.218002 	356.000000 	355.061005 	365.937988 
44.800000 	123.218002 	356.000000 	355.061005 	365.937988 
44.900000 	123.218002 	356.000000 	355.061005 	365.937988 
45.000000 	123.218002 	356.000000 	355.061005 	365.937988 
45.100000 	123.218002 	356.000000 	355.061005 	365.937988 
45.200000 	123.218002 	356.000000 	355.061005 	365.937988 
45.300000 	123.218002 	356.000000 	355.061005 	365.937988 
45.400000 	123.218002 	356.000000 	355.061005 	365.937988 
45.500000 	123.226997 	356.000000 	355.057007 	365.971008 
45.600000 	123.226997 	356.000000 	355.057007 	365.971008 
45.700000 	123.226997 	356.000000 	355.057007 	365.971008 
45.800000 	123.226997 	356.000000 	355.057007 	365.971008 
45.900000 	123.226997 	356.000000 	355.057007 	365.971008 
46.000000 	123.226997 	356.000000 	355.057007 	365.971008 
46.100000 	123.226997 	356.000000 	355.057007 	365.971008 
46.200000 	123.226997 	356.000000 	355.057007 	365.971008 
46.300000 	123.226997 	356.000000 	355.057007 	365.971008 
46.400000 	123.226997 	356.000000 	355.057007 	365.971008 
46.500000 	123.235001 	356.000000 	355.053009 	366.002991 
46.600000 	123.235001 	356.000000 	355.053009 	366.002991 
46.700000 	123.235001 	356.000000 	355.053009 	366.002991 
46.800000 	123.235001 	356.000000 	355.053009 	366.002991 
46.900000 	123.235001 	356.000000 	355.053009 	366.002991 
47.000000 	123.235001 	356.000000 	355.053009 	366.002991 
47.100000 	123.235001 	356.000000 	355.053009 	366.002991 
47.200000 	123.235001 	356.000000 	355.053009 	366.002991 
47.300000 	123.235001 	356.000000 	355.053009 	366.002991 
47.400000 	123.235001 	356.000000 	355.053009 	366.002991 
47.500000 	123.242996 	356.000000 	355.049011 	366.033997 
47.600000 	123.242996 	356.000000 	355.049011 	366.033997 
47.700000 	123.242996 	356.000000 	355.049011 	366.033997 
47.800000 	123.242996 	356.000000 	355.049011 	366.033997 
47.900000 	123.242996 	356.000000 	355.049011 	366.033997 
48.000000 	123.242996 	356.000000 	355.049011 	366.033997 
48.100000 	123.242996 	356.000000 	355.049011 	366.033997 
48.200000 	123.242996 	356.000000 	355.049011 	366.033997 
48.300000 	123.242996 	356.000000 	355.049011 	366.033997 
48.400000 	123.242996 	356.000000 	355.049011 	366.033997 
48.500000 	123.250000 	356.000000 	355.045990 	366.066010 
48.600000 	123.250000 	356.000000 	355.045990 	366.066010 
48.700000 	123.250000 	356.000000 	355.045990 	366.066010 
48.800000 	123.250000 	356.000000 	355.045990 	366.066010 
48.900000 	123.250000 	356.000000 	355.045990 	366.066010 
49.000000 	123.250000 	356.000000 	355.045990 	366.066010 
49.100000 	123.250000 	356.000000 	355.045990 	366.066010 
49.200000 	123.250000 	356.000000 	355.045990 	366.066010 
49.300000 	123.250000 	356.000000 	355.045990 	366.066010 
49.400000 	123.250000 	356.000000 	355.045990 	366.066010 
49.500000 	123.258003 	356.000000 	355.041992 	366.096985 
49.600000 	123.258003 	356.000000 	355.041992 	366.096985 
49.700000 	123.258003 	356.000000 	355.041992 	366.096985 
49.800000 	123.258003 	356.000000 	355.041992 	366.096985 
49.900000 	123.258003 	356.000000 	355.041992 	366.096985 
50.000000 	123.258003 	356.000000 	355.041992 	366.096985 
50.100000 	123.258003 	356.000000 	355.041992 	366.096985 
50.200000 	123.258003 	356.000000 	355.041992 	366.096985 
50.300000 	123.258003 	356.000000 	355.041992 	366.096985 
50.400000 	123.258003 	356.000000 	355.041992 	366.096985 
50.500000 	123.264999 	356.000000 	355.036987 	1006.030029 
50.600000 	123.264999 	356.000000 	355.036987 	1006.030029 
50.700000 	123.264999 	356.000000 	355.036987 	1006.030029 
50.800000 	123.264999 	356.000000 	355.036987 	1006.030029 
50.900000 	123.264999 	356.000000 	355.036987 	1006.030029 
51.000000 	123.264999 	356.000000 	355.036987 	1006.030029 
51.100000 	123.264999 	356.000000 	355.036987 	1006.030029 
51.200000 	123.264999 	356.000000 	355.036987 	1006.030029 
51.300000 	123.264999 	356.000000 	355.036987 	1006.030029 
51.400000 	123.264999 	356.000000 	355.036987 	1006.030029 
51.500000 	123.272003 	356.000000 	355.032990 	1006.030029 
51.600000 	123.272003 	356.000000 	355.032990 	1006.030029 
51.700000 	123.272003 	356.000000 	355.032990 	1006.030029 
51.800000 	123.272003 	356.000000 	355.032990 	1006.030029 
51.900000 	123.272003 	356.000000 	355.032990 	1006.030029 
52.000000 	123.272003 	356.000000 	355.032990 	1006.030029 
52.100000 	123.272003 	356.000000 	355.032990 	1006.030029 
52.200000 	123.272003 	356.000000 	355.032990 	1006.030029 
52.300000 	123.272003 	356.000000 	355.032990 	1006.030029 
52.400000 	123.272003 	356.000000 	355.032990 	1006.030029 
52.500000 	123.278999 	356.000000 	355.028992 	1006.030029 
52.600000 	123.278999 	356.000000 	355.028992 	1006.030029 
52.700000 	123.278999 	356.000000 	355.028992 	1006.030029 
52.800000 	123.278999 	356.000000 	355.028992 	1006.030029 
52.900000 	123.278999 	356.000000 	355.028992 	1006.030029 
53.000000 	123.278999 	356.000000 	355.028992 	1006.030029 
53.100000 	123.278999 	356.000000 	355.028992 	1006.030029 
53.200000 	123.278999 	356.000000 	355.028992 	1006.030029 
53.300000 	123.278999 	356.000000 	355.028992 	1006.030029 
53.400000 	123.278999 	356.000000 	355.028992 	1006.030029 
53.500000 	123.286003 	356.000000 	355.024994 	1006.030029 
53.600000 	123.286003 	356.000000 	355.024994 	1006.030029 
53.700000 	123.286003 	356.000000 	355.024994 	1006.030029 
53.800000 	123.286003 	356.000000 	355.024994 	1006.030029 
53.900000 	123.286003 	356.000000 	355.024994 	1006.030029 
54.000000 	123.286003 	356.000000 	355.024994 	1006.030029 
54.100000 	123.286003 	356.000000 	355.024994 	1006.030029 
54.200000 	123.286003 	356.000000 	355.024994 	1006.030029 
54.300000 	123.286003 	356.000000 	355.024994 	1006.030029 
54.400000 	123.286003 	356.000000 	355.024994 	1006.030029 
54.500000 	123.292999 	356.000000 	355.020996 	1006.030029 
54.600000 	123.292999 	356.000000 	355.020996 	1006.030029 
54.700000 	123.292999 	356.000000 	355.020996 	1006.030029 
54.800000 	123.292999 	356.000000 	355.020996 	1006.030029 
54.900000 	123.292999 	356.000000 	355.020996 	1006.030029 
55.000000 	123.292999 	356.000000 	355.020996 	1006.030029 
55.100000 	123.292999 	356.000000 	355.020996 	1006.030029 
55.200000 	123.292999 	356.000000 	355.020996 	1006.030029 
55.300000 	123.292999 	356.000000 	355.020996 	1006.030029 
55.400000 	123.292999 	356.000000 	355.020996 	1006.030029 
55.500000 	123.299004 	356.000000 	355.015991 	1006.030029 
55.600000 	123.299004 	356.000000 	355.015991 	1006.030029 
55.700000 	123.299004 	356.000000 	355.015991 	1006.030029 
55.800000 	123.299004 	356.000000 	355.015991 	1006.030029 
55.900000 	123.299004 	356.000000 	355.015991 	1006.030029 
56.000000 	123.299004 	356.000000 	355.015991 	1006.030029 
56.100000 	123.299004 	356.000000 	355.015991 	1006.030029 
56.200000 	123.299004 	356.000000 	355.015991 	1006.030029 
56.300000 	123.299004 	356.000000 	355.015991 	1006.030029 
56.400000 	123.299004 	356.000000 	355.015991 	1006.030029 
56.500000 	123.305000 	356.000000 	355.011993 	1006.030029 
56.600000 	123.305000 	356.000000 	355.011993 	1006.030029 
56.700000 	123.305000 	356.000000 	355.011993 	1006.030029 
56.800000 	123.305000 	356.000000 	355.011993 	1006.030029 
56.900000 	123.305000 	356.000000 	355.011993 	1006.030029 
57.000000 	123.305000 	356.000000 	355.011993 	1006.030029 
57.100000 	123.305000 	356.000000 	355.011993 	1006.030029 
57.200000 	123.305000 	356.000000 	355.011993 	1006.030029 
57.300000 	123.305000 	356.000000 	355.011993 	1006.030029 
57.400000 	123.305000 	356.000000 	355.011993 	1006.030029 
57.500000 	123.311996 	356.000000 	355.006989 	1006.030029 
57.600000 	123.311996 	356.000000 	355.006989 	1006.030029 
57.700000 	123.311996 	356.000000 	355.006989 	1006.030029 
57.800000 	123.311996 	356.000000 	355.006989 	1006.030029 
57.900000 	123.311996 	356.000000 	355.006989 	1006.030029 
58.000000 	123.311996 	356.000000 	355.006989 	1006.030029 
58.100000 	123.311996 	356.000000 	355.006989 	1006.030029 
58.200000 	123.311996 	356.000000 	355.006989 	1006.030029 
58.300000 	123.311996 	356.000000 	355.006989 	1006.030029 
58.400000 	123.311996 	356.000000 	355.006989 	1006.030029 
58.500000 	123.318001 	356.000000 	355.002014 	1006.030029 
58.600000 	123.318001 	356.000000 	355.002014 	1006.030029 
58.700000 	123.318001 	356.000000 	355.002014 	1006.030029 
58.800000 	123.318001 	356.000000 	355.002014 	1006.030029 
58.900000 	123.318001 	356.000000 	355.002014 	1006.030029 
59.000000 	123.318001 	356.000000 	355.002014 	1006.030029 
59.100000 	123.318001 	356.000000 	355.002014 	1006.030029 
59.200000 	123.318001 	356.000000 	355.002014 	1006.030029 
59.300000 	123.318001 	356.000000 	355.002014 	1006.030029 
59.400000 	123.318001 	356.000000 	355.002014 	1006.030029 
59.500000 	123.323997 	356.000000 	354.997986 	1006.030029 
59.600000 	123.323997 	356.000000 	354.997986 	1006.030029 
59.700000 	123.323997 	356.000000 	354.997986 	1006.030029 
59.800000 	123.323997 	356.000000 	354.997986 	1006.030029 
59.900000 	123.323997 	356.000000 	354.997986 	1006.030029 
60.000000 	123.323997 	356.000000 	354.997986 	1006.030029 
