0.500000 	89.639297 	672.000000 	673.271973 	674.517029 
0.600000 	89.639297 	672.000000 	673.271973 	674.517029 
0.700000 	89.639297 	672.000000 	673.271973 	674.517029 
0.800000 	89.639297 	672.000000 	673.271973 	674.517029 
0.900000 	89.639297 	672.000000 	673.271973 	674.517029 
1.000000 	89.639297 	672.000000 	673.271973 	674.517029 
1.100000 	89.639297 	672.000000 	673.271973 	674.517029 
1.200000 	89.639297 	672.000000 	673.271973 	674.517029 
1.300000 	89.639297 	672.000000 	673.271973 	674.517029 
1.400000 	89.639297 	672.000000 	673.271973 	674.517029 
1.500000 	100.669998 	672.000000 	669.984009 	676.620972 
1.600000 	100.669998 	672.000000 	669.984009 	676.620972 
1.700000 	100.669998 	672.000000 	669.984009 	676.620972 
1.800000 	100.669998 	672.000000 	669.984009 	676.620972 
1.900000 	100.669998 	672.000000 	669.984009 	676.620972 
2.000000 	100.669998 	672.000000 	669.984009 	676.620972 
2.100000 	100.669998 	672.000000 	669.984009 	676.620972 
2.200000 	100.669998 	672.000000 	669.984009 	676.620972 
2.300000 	100.669998 	672.000000 	669.984009 	676.620972 
2.400000 	100.669998 	672.000000 	669.984009 	676.620972 
2.500000 	110.764999 	672.000000 	670.517029 	676.931030 
2.600000 	110.764999 	672.000000 	670.517029 	676.931030 
2.700000 	110.764999 	672.000000 	670.517029 	676.931030 
2.800000 	110.764999 	672.000000 	670.517029 	676.931030 
2.900000 	110.764999 	672.000000 	670.517029 	676.931030 
3.000000 	110.764999 	672.000000 	670.517029 	676.931030 
3.100000 	110.764999 	672.000000 	670.517029 	676.931030 
3.200000 	110.764999 	672.000000 	670.517029 	676.931030 
3.300000 	110.764999 	672.000000 	670.517029 	676.931030 
3.400000 	110.764999 	672.000000 	670.517029 	676.931030 
3.500000 	115.583000 	672.000000 	670.450012 	677.033020 
3.600000 	115.583000 	672.000000 	670.450012 	677.033020 
3.700000 	115.583000 	672.000000 	670.450012 	677.033020 
3.800000 	115.583000 	672.000000 	670.450012 	677.033020 
3.900000 	115.583000 	672.000000 	670.450012 	677.033020 
4.000000 	115.583000 	672.000000 	670.450012 	677.033020 
4.100000 	115.583000 	672.000000 	670.450012 	677.033020 
4.200000 	115.583000 	672.000000 	670.450012 	677.033020 
4.300000 	115.583000 	672.000000 	670.450012 	677.033020 
4.400000 	115.583000 	672.000000 	670.450012 	677.033020 
4.500000 	118.093002 	672.000000 	670.395996 	677.086975 
4.600000 	118.093002 	672.000000 	670.395996 	677.086975 
4.700000 	118.093002 	672.000000 	670.395996 	677.086975 
4.800000 	118.093002 	672.000000 	670.395996 	677.086975 
4.900000 	118.093002 	672.000000 	670.395996 	677.086975 
5.000000 	118.093002 	672.000000 	670.395996 	677.086975 
5.100000 	118.093002 	672.000000 	670.395996 	677.086975 
5.200000 	118.093002 	672.000000 	670.395996 	677.086975 
5.300000 	118.093002 	672.000000 	670.395996 	677.086975 
5.400000 	118.093002 	672.000000 	670.395996 	677.086975 
5.500000 	119.541000 	672.000000 	670.273010 	677.023010 
5.600000 	119.541000 	672.000000 	670.273010 	677.023010 
5.700000 	119.541000 	672.000000 	670.273010 	677.023010 
5.800000 	119.541000 	672.000000 	670.273010 	677.023010 
5.900000 	119.541000 	672.000000 	670.273010 	677.023010 
6.000000 	119.541000 	672.000000 	670.273010 	677.023010 
6.100000 	119.541000 	672.000000 	670.273010 	677.023010 
6.200000 	119.541000 	672.000000 	670.273010 	677.023010 
6.300000 	119.541000 	672.000000 	670.273010 	677.023010 
6.400000 	119.541000 	672.000000 	670.273010 	677.023010 
6.500000 	120.445000 	672.000000 	670.216980 	676.999023 
6.600000 	120.445000 	672.000000 	670.216980 	676.999023 
6.700000 	120.445000 	672.000000 	670.216980 	676.999023 
6.800000 	120.445000 	672.000000 	670.216980 	676.999023 
6.900000 	120.445000 	672.000000 	670.216980 	676.999023 
7.000000 	120.445000 	672.000000 	670.216980 	676.999023 
7.100000 	120.445000 	672.000000 	670.216980 	676.999023 
7.200000 	120.445000 	672.000000 	670.216980 	676.999023 
7.300000 	120.445000 	672.000000 	670.216980 	676.999023 
7.400000 	120.445000 	672.000000 	670.216980 	676.999023 
7.500000 	121.046997 	672.000000 	670.195007 	676.992981 
7.600000 	121.046997 	672.000000 	670.195007 	676.992981 
7.700000 	121.046997 	672.000000 	670.195007 	676.992981 
7.800000 	121.046997 	672.000000 	670.195007 	676.992981 
7.900000 	121.046997 	672.000000 	670.195007 	676.992981 
8.000000 	121.046997 	672.000000 	670.195007 	676.992981 
8.100000 	121.046997 	672.000000 	670.195007 	676.992981 
8.200000 	121.046997 	672.000000 	670.195007 	676.992981 
8.300000 	121.046997 	672.000000 	670.195007 	676.992981 
8.400000 	121.046997 	672.000000 	670.195007 	676.992981 
8.500000 	121.467003 	672.000000 	670.185974 	676.994019 
8.600000 	121.467003 	672.000000 	670.185974 	676.994019 
8.700000 	121.467003 	672.000000 	670.185974 	676.994019 
8.800000 	121.467003 	672.000000 	670.185974 	676.994019 
8.900000 	121.467003 	672.000000 	670.185974 	676.994019 
9.000000 	121.467003 	672.000000 	670.185974 	676.994019 
9.100000 	121.467003 	672.000000 	670.185974 	676.994019 
9.200000 	121.467003 	672.000000 	670.185974 	676.994019 
9.300000 	121.467003 	672.000000 	670.185974 	676.994019 
9.400000 	121.467003 	672.000000 	670.185974 	676.994019 
9.500000 	121.772003 	672.000000 	670.184021 	676.997009 
9.600000 	121.772003 	672.000000 	670.184021 	676.997009 
9.700000 	121.772003 	672.000000 	670.184021 	676.997009 
9.800000 	121.772003 	672.000000 	670.184021 	676.997009 
9.900000 	121.772003 	672.000000 	670.184021 	676.997009 
10.000000 	121.772003 	672.000000 	670.184021 	676.997009 
10.100000 	121.772003 	672.000000 	670.184021 	676.997009 
10.200000 	121.772003 	672.000000 	670.184021 	676.997009 
10.300000 	121.772003 	672.000000 	670.184021 	676.997009 
10.400000 	121.772003 	672.000000 	670.184021 	676.997009 
10.500000 	122.000999 	672.000000 	670.185974 	677.002991 
10.600000 	122.000999 	672.000000 	670.185974 	677.002991 
10.700000 	122.000999 	672.000000 	670.185974 	677.002991 
10.800000 	122.000999 	672.000000 	670.185974 	677.002991 
10.900000 	122.000999 	672.000000 	670.185974 	677.002991 
11.000000 	122.000999 	672.000000 	670.185974 	677.002991 
11.100000 	122.000999 	672.000000 	670.185974 	677.002991 
11.200000 	122.000999 	672.000000 	670.185974 	677.002991 
11.300000 	122.000999 	672.000000 	670.185974 	677.002991 
11.400000 	122.000999 	672.000000 	670.185974 	677.002991 
11.500000 	122.177002 	672.000000 	670.189026 	677.010010 
11.600000 	122.177002 	672.000000 	670.189026 	677.010010 
11.700000 	122.177002 	672.000000 	670.189026 	677.010010 
11.800000 	122.177002 	672.000000 	670.189026 	677.010010 
11.900000 	122.177002 	672.000000 	670.189026 	677.010010 
12.000000 	122.177002 	672.000000 	670.189026 	677.010010 
12.100000 	122.177002 	672.000000 	670.189026 	677.010010 
12.200000 	122.177002 	672.000000 	670.189026 	677.010010 
12.300000 	122.177002 	672.000000 	670.189026 	677.010010 
12.400000 	122.177002 	672.000000 	670.189026 	677.010010 
12.500000 	122.316002 	672.000000 	670.192993 	677.018005 
12.600000 	122.316002 	672.000000 	670.192993 	677.018005 
12.700000 	122.316002 	672.000000 	670.192993 	677.018005 
12.800000 	122.316002 	672.000000 	670.192993 	677.018005 
12.900000 	122.316002 	672.000000 	670.192993 	677.018005 
13.000000 	122.316002 	672.000000 	670.192993 	677.018005 
13.100000 	122.316002 	672.000000 	670.192993 	677.018005 
13.200000 	122.316002 	672.000000 	670.192993 	677.018005 
13.300000 	122.316002 	672.000000 	670.192993 	677.018005 
13.400000 	122.316002 	672.000000 	670.192993 	677.018005 
13.500000 	122.428001 	672.000000 	670.197021 	677.026978 
13.600000 	122.428001 	672.000000 	670.197021 	677.026978 
13.700000 	122.428001 	672.000000 	670.197021 	677.026978 
13.800000 	122.428001 	672.000000 	670.197021 	677.026978 
13.900000 	122.428001 	672.000000 	670.197021 	677.026978 
14.000000 	122.428001 	672.000000 	670.197021 	677.026978 
14.100000 	122.428001 	672.000000 	670.197021 	677.026978 
14.200000 	122.428001 	672.000000 	670.197021 	677.026978 
14.300000 	122.428001 	672.000000 	670.197021 	677.026978 
14.400000 	122.428001 	672.000000 	670.197021 	677.026978 
14.500000 	122.518997 	672.000000 	670.200989 	677.036011 
14.600000 	122.518997 	672.000000 	670.200989 	677.036011 
14.700000 	122.518997 	672.000000 	670.200989 	677.036011 
14.800000 	122.518997 	672.000000 	670.200989 	677.036011 
14.900000 	122.518997 	672.000000 	670.200989 	677.036011 
15.000000 	122.518997 	672.000000 	670.200989 	677.036011 
15.100000 	122.518997 	672.000000 	670.200989 	677.036011 
15.200000 	122.518997 	672.000000 	670.200989 	677.036011 
15.300000 	122.518997 	672.000000 	670.200989 	677.036011 
15.400000 	122.518997 	672.000000 	670.200989 	677.036011 
15.500000 	122.595001 	672.000000 	670.205017 	677.046021 
15.600000 	122.595001 	672.000000 	670.205017 	677.046021 
15.700000 	122.595001 	672.000000 	670.205017 	677.046021 
15.800000 	122.595001 	672.000000 	670.205017 	677.046021 
15.900000 	122.595001 	672.000000 	670.205017 	677.046021 
16.000000 	122.595001 	672.000000 	670.205017 	677.046021 
16.100000 	122.595001 	672.000000 	670.205017 	677.046021 
16.200000 	122.595001 	672.000000 	670.205017 	677.046021 
16.300000 	122.595001 	672.000000 	670.205017 	677.046021 
16.400000 	122.595001 	672.000000 	670.205017 	677.046021 
16.500000 	122.658997 	672.000000 	670.208008 	677.056030 
16.600000 	122.658997 	672.000000 	670.208008 	677.056030 
16.700000 	122.658997 	672.000000 	670.208008 	677.056030 
16.800000 	122.658997 	672.000000 	670.208008 	677.056030 
16.900000 	122.658997 	672.000000 	670.208008 	677.056030 
17.000000 	122.658997 	672.000000 	670.208008 	677.056030 
17.100000 	122.658997 	672.000000 	670.208008 	677.056030 
17.200000 	122.658997 	672.000000 	670.208008 	677.056030 
17.300000 	122.658997 	672.000000 	670.208008 	677.056030 
17.400000 	122.658997 	672.000000 	670.208008 	677.056030 
17.500000 	122.713997 	672.000000 	670.210999 	677.067017 
17.600000 	122.713997 	672.000000 	670.210999 	677.067017 
17.700000 	122.713997 	672.000000 	670.210999 	677.067017 
17.800000 	122.713997 	672.000000 	670.210999 	677.067017 
17.900000 	122.713997 	672.000000 	670.210999 	677.067017 
18.000000 	122.713997 	672.000000 	670.210999 	677.067017 
18.100000 	122.713997 	672.000000 	670.210999 	677.067017 
18.200000 	122.713997 	672.000000 	670.210999 	677.067017 
18.300000 	122.713997 	672.000000 	670.210999 	677.067017 
18.400000 	122.713997 	672.000000 	670.210999 	677.067017 
18.500000 	122.761002 	672.000000 	670.213013 	677.078003 
18.600000 	122.761002 	672.000000 	670.213013 	677.078003 
18.700000 	122.761002 	672.000000 	670.213013 	677.078003 
18.800000 	122.761002 	672.000000 	670.213013 	677.078003 
18.900000 	122.761002 	672.000000 	670.213013 	677.078003 
19.000000 	122.761002 	672.000000 	670.213013 	677.078003 
19.100000 	122.761002 	672.000000 	670.213013 	677.078003 
19.200000 	122.761002 	672.000000 	670.213013 	677.078003 
19.300000 	122.761002 	672.000000 	670.213013 	677.078003 
19.400000 	122.761002 	672.000000 	670.213013 	677.078003 
19.500000 	122.802002 	672.000000 	670.215027 	677.090027 
19.600000 	122.802002 	672.000000 	670.215027 	677.090027 
19.700000 	122.802002 	672.000000 	670.215027 	677.090027 
19.800000 	122.802002 	672.000000 	670.215027 	677.090027 
19.900000 	122.802002 	672.000000 	670.215027 	677.090027 
20.000000 	122.802002 	672.000000 	670.215027 	677.090027 
20.100000 	122.802002 	672.000000 	670.215027 	677.090027 
20.200000 	122.802002 	672.000000 	670.215027 	677.090027 
20.300000 	122.802002 	672.000000 	670.215027 	677.090027 
20.400000 	122.802002 	672.000000 	670.215027 	677.090027 
20.500000 	122.836998 	672.000000 	670.216980 	677.101013 
20.600000 	122.836998 	672.000000 	670.216980 	677.101013 
20.700000 	122.836998 	672.000000 	670.216980 	677.101013 
20.800000 	122.836998 	672.000000 	670.216980 	677.101013 
20.900000 	122.836998 	672.000000 	670.216980 	677.101013 
21.000000 	122.836998 	672.000000 	670.216980 	677.101013 
21.100000 	122.836998 	672.000000 	670.216980 	677.101013 
21.200000 	122.836998 	672.000000 	670.216980 	677.101013 
21.300000 	122.836998 	672.000000 	670.216980 	677.101013 
21.400000 	122.836998 	672.000000 	670.216980 	677.101013 
21.500000 	122.869003 	672.000000 	670.218018 	677.112976 
21.600000 	122.869003 	672.000000 	670.218018 	677.112976 
21.700000 	122.869003 	672.000000 	670.218018 	677.112976 
21.800000 	122.869003 	672.000000 	670.218018 	677.112976 
21.900000 	122.869003 	672.000000 	670.218018 	677.112976 
22.000000 	122.869003 	672.000000 	670.218018 	677.112976 
22.100000 	122.869003 	672.000000 	670.218018 	677.112976 
22.200000 	122.869003 	672.000000 	670.218018 	677.112976 
22.300000 	122.869003 	672.000000 	670.218018 	677.112976 
22.400000 	122.869003 	672.000000 	670.218018 	677.112976 
22.500000 	122.898003 	672.000000 	670.218018 	677.125000 
22.600000 	122.898003 	672.000000 	670.218018 	677.125000 
22.700000 	122.898003 	672.000000 	670.218018 	677.125000 
22.800000 	122.898003 	672.000000 	670.218018 	677.125000 
22.900000 	122.898003 	672.000000 	670.218018 	677.125000 
23.000000 	122.898003 	672.000000 	670.218018 	677.125000 
23.100000 	122.898003 	672.000000 	670.218018 	677.125000 
23.200000 	122.898003 	672.000000 	670.218018 	677.125000 
23.300000 	122.898003 	672.000000 	670.218018 	677.125000 
23.400000 	122.898003 	672.000000 	670.218018 	677.125000 
23.500000 	122.922997 	672.000000 	670.218018 	677.137024 
23.600000 	122.922997 	672.000000 	670.218018 	677.137024 
23.700000 	122.922997 	672.000000 	670.218018 	677.137024 
23.800000 	122.922997 	672.000000 	670.218018 	677.137024 
23.900000 	122.922997 	672.000000 	670.218018 	677.137024 
24.000000 	122.922997 	672.000000 	670.218018 	677.137024 
24.100000 	122.922997 	672.000000 	670.218018 	677.137024 
24.200000 	122.922997 	672.000000 	670.218018 	677.137024 
24.300000 	122.922997 	672.000000 	670.218018 	677.137024 
24.400000 	122.922997 	672.000000 	670.218018 	677.137024 
24.500000 	122.945999 	672.000000 	670.218018 	677.148987 
24.600000 	122.945999 	672.000000 	670.218018 	677.148987 
24.700000 	122.945999 	672.000000 	670.218018 	677.148987 
24.800000 	122.945999 	672.000000 	670.218018 	677.148987 
24.900000 	122.945999 	672.000000 	670.218018 	677.148987 
25.000000 	122.945999 	672.000000 	670.218018 	677.148987 
25.100000 	122.945999 	672.000000 	670.218018 	677.148987 
25.200000 	122.945999 	672.000000 	670.218018 	677.148987 
25.300000 	122.945999 	672.000000 	670.218018 	677.148987 
25.400000 	122.945999 	672.000000 	670.218018 	677.148987 
25.500000 	122.967003 	672.000000 	670.216980 	677.161011 
25.600000 	122.967003 	672.000000 	670.216980 	677.161011 
25.700000 	122.967003 	672.000000 	670.216980 	677.161011 
25.800000 	122.967003 	672.000000 	670.216980 	677.161011 
25.900000 	122.967003 	672.000000 	670.216980 	677.161011 
26.000000 	122.967003 	672.000000 	670.216980 	677.161011 
26.100000 	122.967003 	672.000000 	670.216980 	677.161011 
26.200000 	122.967003 	672.000000 	670.216980 	677.161011 
26.300000 	122.967003 	672.000000 	670.216980 	677.161011 
26.400000 	122.967003 	672.000000 	670.216980 	677.161011 
26.500000 	122.987000 	672.000000 	670.216003 	677.172974 
26.600000 	122.987000 	672.000000 	670.216003 	677.172974 
26.700000 	122.987000 	672.000000 	670.216003 	677.172974 
26.800000 	122.987000 	672.000000 	670.216003 	677.172974 
26.900000 	122.987000 	672.000000 	670.216003 	677.172974 
27.000000 	122.987000 	672.000000 	670.216003 	677.172974 
27.100000 	122.987000 	672.000000 	670.216003 	677.172974 
27.200000 	122.987000 	672.000000 	670.216003 	677.172974 
27.300000 	122.987000 	672.000000 	670.216003 	677.172974 
27.400000 	122.987000 	672.000000 	670.216003 	677.172974 
27.500000 	123.004997 	672.000000 	670.213989 	677.184998 
27.600000 	123.004997 	672.000000 	670.213989 	677.184998 
27.700000 	123.004997 	672.000000 	670.213989 	677.184998 
27.800000 	123.004997 	672.000000 	670.213989 	677.184998 
27.900000 	123.004997 	672.000000 	670.213989 	677.184998 
28.000000 	123.004997 	672.000000 	670.213989 	677.184998 
28.100000 	123.004997 	672.000000 	670.213989 	677.184998 
28.200000 	123.004997 	672.000000 	670.213989 	677.184998 
28.300000 	123.004997 	672.000000 	670.213989 	677.184998 
28.400000 	123.004997 	672.000000 	670.213989 	677.184998 
28.500000 	123.021004 	672.000000 	670.211975 	677.197021 
28.600000 	123.021004 	672.000000 	670.211975 	677.197021 
28.700000 	123.021004 	672.000000 	670.211975 	677.197021 
28.800000 	123.021004 	672.000000 	670.211975 	677.197021 
28.900000 	123.021004 	672.000000 	670.211975 	677.197021 
29.000000 	123.021004 	672.000000 	670.211975 	677.197021 
29.100000 	123.021004 	672.000000 	670.211975 	677.197021 
29.200000 	123.021004 	672.000000 	670.211975 	677.197021 
29.300000 	123.021004 	672.000000 	670.211975 	677.197021 
29.400000 	123.021004 	672.000000 	670.211975 	677.197021 
29.500000 	123.036003 	672.000000 	670.210022 	677.208984 
29.600000 	123.036003 	672.000000 	670.210022 	677.208984 
29.700000 	123.036003 	672.000000 	670.210022 	677.208984 
29.800000 	123.036003 	672.000000 	670.210022 	677.208984 
29.900000 	123.036003 	672.000000 	670.210022 	677.208984 
30.000000 	123.036003 	672.000000 	670.210022 	677.208984 
30.100000 	123.036003 	672.000000 	670.210022 	677.208984 
30.200000 	123.036003 	672.000000 	670.210022 	677.208984 
30.300000 	123.036003 	672.000000 	670.210022 	677.208984 
30.400000 	123.036003 	672.000000 	670.210022 	677.208984 
30.500000 	123.051003 	672.000000 	670.206970 	677.221008 
30.600000 	123.051003 	672.000000 	670.206970 	677.221008 
30.700000 	123.051003 	672.000000 	670.206970 	677.221008 
30.800000 	123.051003 	672.000000 	670.206970 	677.221008 
30.900000 	123.051003 	672.000000 	670.206970 	677.221008 
31.000000 	123.051003 	672.000000 	670.206970 	677.221008 
31.100000 	123.051003 	672.000000 	670.206970 	677.221008 
31.200000 	123.051003 	672.000000 	670.206970 	677.221008 
31.300000 	123.051003 	672.000000 	670.206970 	677.221008 
31.400000 	123.051003 	672.000000 	670.206970 	677.221008 
31.500000 	123.064003 	672.000000 	670.203979 	677.232971 
31.600000 	123.064003 	672.000000 	670.203979 	677.232971 
31.700000 	123.064003 	672.000000 	670.203979 	677.232971 
31.800000 	123.064003 	672.000000 	670.203979 	677.232971 
31.900000 	123.064003 	672.000000 	670.203979 	677.232971 
32.000000 	123.064003 	672.000000 	670.203979 	677.232971 
32.100000 	123.064003 	672.000000 	670.203979 	677.232971 
32.200000 	123.064003 	672.000000 	670.203979 	677.232971 
32.300000 	123.064003 	672.000000 	670.203979 	677.232971 
32.400000 	123.064003 	672.000000 	670.203979 	677.232971 
32.500000 	123.077003 	672.000000 	670.200989 	677.244995 
32.600000 	123.077003 	672.000000 	670.200989 	677.244995 
32.700000 	123.077003 	672.000000 	670.200989 	677.244995 
32.800000 	123.077003 	672.000000 	670.200989 	677.244995 
32.900000 	123.077003 	672.000000 	670.200989 	677.244995 
33.000000 	123.077003 	672.000000 	670.200989 	677.244995 
33.100000 	123.077003 	672.000000 	670.200989 	677.244995 
33.200000 	123.077003 	672.000000 	670.200989 	677.244995 
33.300000 	123.077003 	672.000000 	670.200989 	677.244995 
33.400000 	123.077003 	672.000000 	670.200989 	677.244995 
33.500000 	123.087997 	672.000000 	670.197021 	677.255981 
33.600000 	123.087997 	672.000000 	670.197021 	677.255981 
33.700000 	123.087997 	672.000000 	670.197021 	677.255981 
33.800000 	123.087997 	672.000000 	670.197021 	677.255981 
33.900000 	123.087997 	672.000000 	670.197021 	677.255981 
34.000000 	123.087997 	672.000000 	670.197021 	677.255981 
34.100000 	123.087997 	672.000000 	670.197021 	677.255981 
34.200000 	123.087997 	672.000000 	670.197021 	677.255981 
34.300000 	123.087997 	672.000000 	670.197021 	677.255981 
34.400000 	123.087997 	672.000000 	670.197021 	677.255981 
34.500000 	123.099998 	672.000000 	670.192993 	677.268005 
34.600000 	123.099998 	672.000000 	670.192993 	677.268005 
34.700000 	123.099998 	672.000000 	670.192993 	677.268005 
34.800000 	123.099998 	672.000000 	670.192993 	677.268005 
34.900000 	123.099998 	672.000000 	670.192993 	677.268005 
35.000000 	123.099998 	672.000000 	670.192993 	677.268005 
35.100000 	123.099998 	672.000000 	670.192993 	677.268005 
35.200000 	123.099998 	672.000000 	670.192993 	677.268005 
35.300000 	123.099998 	672.000000 	670.192993 	677.268005 
35.400000 	123.099998 	672.000000 	670.192993 	677.268005 
35.500000 	123.110001 	672.000000 	670.187988 	677.278992 
35.600000 	123.110001 	672.000000 	670.187988 	677.278992 
35.700000 	123.110001 	672.000000 	670.187988 	677.278992 
35.800000 	123.110001 	672.000000 	670.187988 	677.278992 
35.900000 	123.110001 	672.000000 	670.187988 	677.278992 
36.000000 	123.110001 	672.000000 	670.187988 	677.278992 
36.100000 	123.110001 	672.000000 	670.187988 	677.278992 
36.200000 	123.110001 	672.000000 	670.187988 	677.278992 
36.300000 	123.110001 	672.000000 	670.187988 	677.278992 
36.400000 	123.110001 	672.000000 	670.187988 	677.278992 
36.500000 	123.121002 	672.000000 	670.184021 	677.289978 
36.600000 	123.121002 	672.000000 	670.184021 	677.289978 
36.700000 	123.121002 	672.000000 	670.184021 	677.289978 
36.800000 	123.121002 	672.000000 	670.184021 	677.289978 
36.900000 	123.121002 	672.000000 	670.184021 	677.289978 
37.000000 	123.121002 	672.000000 	670.184021 	677.289978 
37.100000 	123.121002 	672.000000 	670.184021 	677.289978 
37.200000 	123.121002 	672.000000 	670.184021 	677.289978 
37.300000 	123.121002 	672.000000 	670.184021 	677.289978 
37.400000 	123.121002 	672.000000 	670.184021 	677.289978 
37.500000 	123.129997 	672.000000 	670.179016 	677.301025 
37.600000 	123.129997 	672.000000 	670.179016 	677.301025 
37.700000 	123.129997 	672.000000 	670.179016 	677.301025 
37.800000 	123.129997 	672.000000 	670.179016 	677.301025 
37.900000 	123.129997 	672.000000 	670.179016 	677.301025 
38.000000 	123.129997 	672.000000 	670.179016 	677.301025 
38.100000 	123.129997 	672.000000 	670.179016 	677.301025 
38.200000 	123.129997 	672.000000 	670.179016 	677.301025 
38.300000 	123.129997 	672.000000 	670.179016 	677.301025 
38.400000 	123.129997 	672.000000 	670.179016 	677.301025 
38.500000 	123.139999 	672.000000 	670.172974 	677.312012 
38.600000 	123.139999 	672.000000 	670.172974 	677.312012 
38.700000 	123.139999 	672.000000 	670.172974 	677.312012 
38.800000 	123.139999 	672.000000 	670.172974 	677.312012 
38.900000 	123.139999 	672.000000 	670.172974 	677.312012 
39.000000 	123.139999 	672.000000 	670.172974 	677.312012 
39.100000 	123.139999 	672.000000 	670.172974 	677.312012 
39.200000 	123.139999 	672.000000 	670.172974 	677.312012 
39.300000 	123.139999 	672.000000 	670.172974 	677.312012 
39.400000 	123.139999 	672.000000 	670.172974 	677.312012 
39.500000 	123.149002 	672.000000 	670.168030 	677.322021 
39.600000 	123.149002 	672.000000 	670.168030 	677.322021 
39.700000 	123.149002 	672.000000 	670.168030 	677.322021 
39.800000 	123.149002 	672.000000 	670.168030 	677.322021 
39.900000 	123.149002 	672.000000 	670.168030 	677.322021 
40.000000 	123.149002 	672.000000 	670.168030 	677.322021 
40.100000 	123.149002 	672.000000 	670.168030 	677.322021 
40.200000 	123.149002 	672.000000 	670.168030 	677.322021 
40.300000 	123.149002 	672.000000 	670.168030 	677.322021 
40.400000 	123.149002 	672.000000 	670.168030 	677.322021 
40.500000 	123.156998 	672.000000 	670.161987 	677.333008 
40.600000 	123.156998 	672.000000 	670.161987 	677.333008 
40.700000 	123.156998 	672.000000 	670.161987 	677.333008 
40.800000 	123.156998 	672.000000 	670.161987 	677.333008 
40.900000 	123.156998 	672.000000 	670.161987 	677.333008 
41.000000 	123.156998 	672.000000 	670.161987 	677.333008 
41.100000 	123.156998 	672.000000 	670.161987 	677.333008 
41.200000 	123.156998 	672.000000 	670.161987 	677.333008 
41.300000 	123.156998 	672.000000 	670.161987 	677.333008 
41.400000 	123.156998 	672.000000 	670.161987 	677.333008 
41.500000 	123.165001 	672.000000 	670.155029 	677.343018 
41.600000 	123.165001 	672.000000 	670.155029 	677.343018 
41.700000 	123.165001 	672.000000 	670.155029 	677.343018 
41.800000 	123.165001 	672.000000 	670.155029 	677.343018 
41.900000 	123.165001 	672.000000 	670.155029 	677.343018 
42.000000 	123.165001 	672.000000 	670.155029 	677.343018 
42.100000 	123.165001 	672.000000 	670.155029 	677.343018 
42.200000 	123.165001 	672.000000 	670.155029 	677.343018 
42.300000 	123.165001 	672.000000 	670.155029 	677.343018 
42.400000 	123.165001 	672.000000 	670.155029 	677.343018 
42.500000 	123.172997 	672.000000 	670.148987 	677.351990 
42.600000 	123.172997 	672.000000 	670.148987 	677.351990 
42.700000 	123.172997 	672.000000 	670.148987 	677.351990 
42.800000 	123.172997 	672.000000 	670.148987 	677.351990 
42.900000 	123.172997 	672.000000 	670.148987 	677.351990 
43.000000 	123.172997 	672.000000 	670.148987 	677.351990 
43.100000 	123.172997 	672.000000 	670.148987 	677.351990 
43.200000 	123.172997 	672.000000 	670.148987 	677.351990 
43.300000 	123.172997 	672.000000 	670.148987 	677.351990 
43.400000 	123.172997 	672.000000 	670.148987 	677.351990 
43.500000 	123.181000 	672.000000 	670.142029 	677.362000 
43.600000 	123.181000 	672.000000 	670.142029 	677.362000 
43.700000 	123.181000 	672.000000 	670.142029 	677.362000 
43.800000 	123.181000 	672.000000 	670.142029 	677.362000 
43.900000 	123.181000 	672.000000 	670.142029 	677.362000 
44.000000 	123.181000 	672.000000 	670.142029 	677.362000 
44.100000 	123.181000 	672.000000 	670.142029 	677.362000 
44.200000 	123.181000 	672.000000 	670.142029 	677.362000 
44.300000 	123.181000 	672.000000 	670.142029 	677.362000 
44.400000 	123.181000 	672.000000 	670.142029 	677.362000 
44.500000 	123.189003 	672.000000 	670.135010 	677.370972 
44.600000 	123.189003 	672.000000 	670.135010 	677.370972 
44.700000 	123.189003 	672.000000 	670.135010 	677.370972 
44.800000 	123.189003 	672.000000 	670.135010 	677.370972 
44.900000 	123.189003 	672.000000 	670.135010 	677.370972 
45.000000 	123.189003 	672.000000 	670.135010 	677.370972 
45.100000 	123.189003 	672.000000 	670.135010 	677.370972 
45.200000 	123.189003 	672.000000 	670.135010 	677.370972 
45.300000 	123.189003 	672.000000 	670.135010 	677.370972 
45.400000 	123.189003 	672.000000 	670.135010 	677.370972 
45.500000 	123.195999 	672.000000 	670.127014 	677.380005 
45.600000 	123.195999 	672.000000 	670.127014 	677.380005 
45.700000 	123.195999 	672.000000 	670.127014 	677.380005 
45.800000 	123.195999 	672.000000 	670.127014 	677.380005 
45.900000 	123.195999 	672.000000 	670.127014 	677.380005 
46.000000 	123.195999 	672.000000 	670.127014 	677.380005 
46.100000 	123.195999 	672.000000 	670.127014 	677.380005 
46.200000 	123.195999 	672.000000 	670.127014 	677.380005 
46.300000 	123.195999 	672.000000 	670.127014 	677.380005 
46.400000 	123.195999 	672.000000 	670.127014 	677.380005 
46.500000 	123.203003 	672.000000 	670.119019 	677.388977 
46.600000 	123.203003 	672.000000 	670.119019 	677.388977 
46.700000 	123.203003 	672.000000 	670.119019 	677.388977 
46.800000 	123.203003 	672.000000 	670.119019 	677.388977 
46.900000 	123.203003 	672.000000 	670.119019 	677.388977 
47.000000 	123.203003 	672.000000 	670.119019 	677.388977 
47.100000 	123.203003 	672.000000 	670.119019 	677.388977 
47.200000 	123.203003 	672.000000 	670.119019 	677.388977 
47.300000 	123.203003 	672.000000 	670.119019 	677.388977 
47.400000 	123.203003 	672.000000 	670.119019 	677.388977 
47.500000 	123.209999 	672.000000 	670.111023 	677.398010 
47.600000 	123.209999 	672.000000 	670.111023 	677.398010 
47.700000 	123.209999 	672.000000 	670.111023 	677.398010 
47.800000 	123.209999 	672.000000 	670.111023 	677.398010 
47.900000 	123.209999 	672.000000 	670.111023 	677.398010 
48.000000 	123.209999 	672.000000 	670.111023 	677.398010 
48.100000 	123.209999 	672.000000 	670.111023 	677.398010 
48.200000 	123.209999 	672.000000 	670.111023 	677.398010 
48.300000 	123.209999 	672.000000 	670.111023 	677.398010 
48.400000 	123.209999 	672.000000 	670.111023 	677.398010 
48.500000 	123.217003 	672.000000 	670.103027 	677.406006 
48.600000 	123.217003 	672.000000 	670.103027 	677.406006 
48.700000 	123.217003 	672.000000 	670.103027 	677.406006 
48.800000 	123.217003 	672.000000 	670.103027 	677.406006 
48.900000 	123.217003 	672.000000 	670.103027 	677.406006 
49.000000 	123.217003 	672.000000 	670.103027 	677.406006 
49.100000 	123.217003 	672.000000 	670.103027 	677.406006 
49.200000 	123.217003 	672.000000 	670.103027 	677.406006 
49.300000 	123.217003 	672.000000 	670.103027 	677.406006 
49.400000 	123.217003 	672.000000 	670.103027 	677.406006 
49.500000 	123.223000 	672.000000 	670.093994 	677.414001 
49.600000 	123.223000 	672.000000 	670.093994 	677.414001 
49.700000 	123.223000 	672.000000 	670.093994 	677.414001 
49.800000 	123.223000 	672.000000 	670.093994 	677.414001 
49.900000 	123.223000 	672.000000 	670.093994 	677.414001 
50.000000 	123.223000 	672.000000 	670.093994 	677.414001 
50.100000 	123.223000 	672.000000 	670.093994 	677.414001 
50.200000 	123.223000 	672.000000 	670.093994 	677.414001 
50.300000 	123.223000 	672.000000 	670.093994 	677.414001 
50.400000 	123.223000 	672.000000 	670.093994 	677.414001 
50.500000 	123.228996 	672.000000 	670.085022 	1006.030029 
50.600000 	123.228996 	672.000000 	670.085022 	1006.030029 
50.700000 	123.228996 	672.000000 	670.085022 	1006.030029 
50.800000 	123.228996 	672.000000 	670.085022 	1006.030029 
50.900000 	123.228996 	672.000000 	670.085022 	1006.030029 
51.000000 	123.228996 	672.000000 	670.085022 	1006.030029 
51.100000 	123.228996 	672.000000 	670.085022 	1006.030029 
51.200000 	123.228996 	672.000000 	670.085022 	1006.030029 
51.300000 	123.228996 	672.000000 	670.085022 	1006.030029 
51.400000 	123.228996 	672.000000 	670.085022 	1006.030029 
51.500000 	123.236000 	672.000000 	670.075989 	1006.030029 
51.600000 	123.236000 	672.000000 	670.075989 	1006.030029 
51.700000 	123.236000 	672.000000 	670.075989 	1006.030029 
51.800000 	123.236000 	672.000000 	670.075989 	1006.030029 
51.900000 	123.236000 	672.000000 	670.075989 	1006.030029 
52.000000 	123.236000 	672.000000 	670.075989 	1006.030029 
52.100000 	123.236000 	672.000000 	670.075989 	1006.030029 
52.200000 	123.236000 	672.000000 	670.075989 	1006.030029 
52.300000 	123.236000 	672.000000 	670.075989 	1006.030029 
52.400000 	123.236000 	672.000000 	670.075989 	1006.030029 
52.500000 	123.241997 	672.000000 	670.065979 	1006.030029 
52.600000 	123.241997 	672.000000 	670.065979 	1006.030029 
52.700000 	123.241997 	672.000000 	670.065979 	1006.030029 
52.800000 	123.241997 	672.000000 	670.065979 	1006.030029 
52.900000 	123.241997 	672.000000 	670.065979 	1006.030029 
53.000000 	123.241997 	672.000000 	670.065979 	1006.030029 
53.100000 	123.241997 	672.000000 	670.065979 	1006.030029 
53.200000 	123.241997 	672.000000 	670.065979 	1006.030029 
53.300000 	123.241997 	672.000000 	670.065979 	1006.030029 
53.400000 	123.241997 	672.000000 	670.065979 	1006.030029 
53.500000 	123.248001 	672.000000 	670.056030 	1006.030029 
53.600000 	123.248001 	672.000000 	670.056030 	1006.030029 
53.700000 	123.248001 	672.000000 	670.056030 	1006.030029 
53.800000 	123.248001 	672.000000 	670.056030 	1006.030029 
53.900000 	123.248001 	672.000000 	670.056030 	1006.030029 
54.000000 	123.248001 	672.000000 	670.056030 	1006.030029 
54.100000 	123.248001 	672.000000 	670.056030 	1006.030029 
54.200000 	123.248001 	672.000000 	670.056030 	1006.030029 
54.300000 	123.248001 	672.000000 	670.056030 	1006.030029 
54.400000 	123.248001 	672.000000 	670.056030 	1006.030029 
54.500000 	123.253998 	672.000000 	670.046021 	1006.030029 
54.600000 	123.253998 	672.000000 	670.046021 	1006.030029 
54.700000 	123.253998 	672.000000 	670.046021 	1006.030029 
54.800000 	123.253998 	672.000000 	670.046021 	1006.030029 
54.900000 	123.253998 	672.000000 	670.046021 	1006.030029 
55.000000 	123.253998 	672.000000 	670.046021 	1006.030029 
55.100000 	123.253998 	672.000000 	670.046021 	1006.030029 
55.200000 	123.253998 	672.000000 	670.046021 	1006.030029 
55.300000 	123.253998 	672.000000 	670.046021 	1006.030029 
55.400000 	123.253998 	672.000000 	670.046021 	1006.030029 
55.500000 	123.259003 	672.000000 	670.036011 	1006.030029 
55.600000 	123.259003 	672.000000 	670.036011 	1006.030029 
55.700000 	123.259003 	672.000000 	670.036011 	1006.030029 
55.800000 	123.259003 	672.000000 	670.036011 	1006.030029 
55.900000 	123.259003 	672.000000 	670.036011 	1006.030029 
56.000000 	123.259003 	672.000000 	670.036011 	1006.030029 
56.100000 	123.259003 	672.000000 	670.036011 	1006.030029 
56.200000 	123.259003 	672.000000 	670.036011 	1006.030029 
56.300000 	123.259003 	672.000000 	670.036011 	1006.030029 
56.400000 	123.259003 	672.000000 	670.036011 	1006.030029 
56.500000 	123.264999 	672.000000 	670.025024 	1006.030029 
56.600000 	123.264999 	672.000000 	670.025024 	1006.030029 
56.700000 	123.264999 	672.000000 	670.025024 	1006.030029 
56.800000 	123.264999 	672.000000 	670.025024 	1006.030029 
56.900000 	123.264999 	672.000000 	670.025024 	1006.030029 
57.000000 	123.264999 	672.000000 	670.025024 	1006.030029 
57.100000 	123.264999 	672.000000 	670.025024 	1006.030029 
57.200000 	123.264999 	672.000000 	670.025024 	1006.030029 
57.300000 	123.264999 	672.000000 	670.025024 	1006.030029 
57.400000 	123.264999 	672.000000 	670.025024 	1006.030029 
57.500000 	123.269997 	672.000000 	670.013977 	1006.030029 
57.600000 	123.269997 	672.000000 	670.013977 	1006.030029 
57.700000 	123.269997 	672.000000 	670.013977 	1006.030029 
57.800000 	123.269997 	672.000000 	670.013977 	1006.030029 
57.900000 	123.269997 	672.000000 	670.013977 	1006.030029 
58.000000 	123.269997 	672.000000 	670.013977 	1006.030029 
58.100000 	123.269997 	672.000000 	670.013977 	1006.030029 
58.200000 	123.269997 	672.000000 	670.013977 	1006.030029 
58.300000 	123.269997 	672.000000 	670.013977 	1006.030029 
58.400000 	123.269997 	672.000000 	670.013977 	1006.030029 
58.500000 	123.276001 	672.000000 	670.002014 	1006.030029 
58.600000 	123.276001 	672.000000 	670.002014 	1006.030029 
58.700000 	123.276001 	672.000000 	670.002014 	1006.030029 
58.800000 	123.276001 	672.000000 	670.002014 	1006.030029 
58.900000 	123.276001 	672.000000 	670.002014 	1006.030029 
59.000000 	123.276001 	672.000000 	670.002014 	1006.030029 
59.100000 	123.276001 	672.000000 	670.002014 	1006.030029 
59.200000 	123.276001 	672.000000 	670.002014 	1006.030029 
59.300000 	123.276001 	672.000000 	670.002014 	1006.030029 
59.400000 	123.276001 	672.000000 	670.002014 	1006.030029 
59.500000 	123.280998 	672.000000 	669.989990 	1006.030029 
59.600000 	123.280998 	672.000000 	669.989990 	1006.030029 
59.700000 	123.280998 	672.000000 	669.989990 	1006.030029 
59.800000 	123.280998 	672.000000 	669.989990 	1006.030029 
59.900000 	123.280998 	672.000000 	669.989990 	1006.030029 
60.000000 	123.280998 	672.000000 	669.989990 	1006.030029 
