0.500000 	89.664803 	713.000000 	700.989990 	714.206970 
0.600000 	89.664803 	713.000000 	700.989990 	714.206970 
0.700000 	89.664803 	713.000000 	700.989990 	714.206970 
0.800000 	89.664803 	713.000000 	700.989990 	714.206970 
0.900000 	89.664803 	713.000000 	700.989990 	714.206970 
1.000000 	89.664803 	713.000000 	700.989990 	714.206970 
1.100000 	89.664803 	713.000000 	700.989990 	714.206970 
1.200000 	89.664803 	713.000000 	700.989990 	714.206970 
1.300000 	89.664803 	713.000000 	700.989990 	714.206970 
1.400000 	89.664803 	713.000000 	700.989990 	714.206970 
1.500000 	100.738998 	713.000000 	712.239990 	716.801025 
1.600000 	100.738998 	713.000000 	712.239990 	716.801025 
1.700000 	100.738998 	713.000000 	712.239990 	716.801025 
1.800000 	100.738998 	713.000000 	712.239990 	716.801025 
1.900000 	100.738998 	713.000000 	712.239990 	716.801025 
2.000000 	100.738998 	713.000000 	712.239990 	716.801025 
2.100000 	100.738998 	713.000000 	712.239990 	716.801025 
2.200000 	100.738998 	713.000000 	712.239990 	716.801025 
2.300000 	100.738998 	713.000000 	712.239990 	716.801025 
2.400000 	100.738998 	713.000000 	712.239990 	716.801025 
2.500000 	110.813004 	713.000000 	712.114014 	717.216003 
2.600000 	110.813004 	713.000000 	712.114014 	717.216003 
2.700000 	110.813004 	713.000000 	712.114014 	717.216003 
2.800000 	110.813004 	713.000000 	712.114014 	717.216003 
2.900000 	110.813004 	713.000000 	712.114014 	717.216003 
3.000000 	110.813004 	713.000000 	712.114014 	717.216003 
3.100000 	110.813004 	713.000000 	712.114014 	717.216003 
3.200000 	110.813004 	713.000000 	712.114014 	717.216003 
3.300000 	110.813004 	713.000000 	712.114014 	717.216003 
3.400000 	110.813004 	713.000000 	712.114014 	717.216003 
3.500000 	115.614998 	713.000000 	711.752014 	717.377991 
3.600000 	115.614998 	713.000000 	711.752014 	717.377991 
3.700000 	115.614998 	713.000000 	711.752014 	717.377991 
3.800000 	115.614998 	713.000000 	711.752014 	717.377991 
3.900000 	115.614998 	713.000000 	711.752014 	717.377991 
4.000000 	115.614998 	713.000000 	711.752014 	717.377991 
4.100000 	115.614998 	713.000000 	711.752014 	717.377991 
4.200000 	115.614998 	713.000000 	711.752014 	717.377991 
4.300000 	115.614998 	713.000000 	711.752014 	717.377991 
4.400000 	115.614998 	713.000000 	711.752014 	717.377991 
4.500000 	118.115997 	713.000000 	711.796021 	717.466003 
4.600000 	118.115997 	713.000000 	711.796021 	717.466003 
4.700000 	118.115997 	713.000000 	711.796021 	717.466003 
4.800000 	118.115997 	713.000000 	711.796021 	717.466003 
4.900000 	118.115997 	713.000000 	711.796021 	717.466003 
5.000000 	118.115997 	713.000000 	711.796021 	717.466003 
5.100000 	118.115997 	713.000000 	711.796021 	717.466003 
5.200000 	118.115997 	713.000000 	711.796021 	717.466003 
5.300000 	118.115997 	713.000000 	711.796021 	717.466003 
5.400000 	118.115997 	713.000000 	711.796021 	717.466003 
5.500000 	119.556999 	713.000000 	711.731018 	717.528015 
5.600000 	119.556999 	713.000000 	711.731018 	717.528015 
5.700000 	119.556999 	713.000000 	711.731018 	717.528015 
5.800000 	119.556999 	713.000000 	711.731018 	717.528015 
5.900000 	119.556999 	713.000000 	711.731018 	717.528015 
6.000000 	119.556999 	713.000000 	711.731018 	717.528015 
6.100000 	119.556999 	713.000000 	711.731018 	717.528015 
6.200000 	119.556999 	713.000000 	711.731018 	717.528015 
6.300000 	119.556999 	713.000000 	711.731018 	717.528015 
6.400000 	119.556999 	713.000000 	711.731018 	717.528015 
6.500000 	120.458000 	713.000000 	711.697021 	717.567017 
6.600000 	120.458000 	713.000000 	711.697021 	717.567017 
6.700000 	120.458000 	713.000000 	711.697021 	717.567017 
6.800000 	120.458000 	713.000000 	711.697021 	717.567017 
6.900000 	120.458000 	713.000000 	711.697021 	717.567017 
7.000000 	120.458000 	713.000000 	711.697021 	717.567017 
7.100000 	120.458000 	713.000000 	711.697021 	717.567017 
7.200000 	120.458000 	713.000000 	711.697021 	717.567017 
7.300000 	120.458000 	713.000000 	711.697021 	717.567017 
7.400000 	120.458000 	713.000000 	711.697021 	717.567017 
7.500000 	121.056999 	713.000000 	711.681030 	717.598022 
7.600000 	121.056999 	713.000000 	711.681030 	717.598022 
7.700000 	121.056999 	713.000000 	711.681030 	717.598022 
7.800000 	121.056999 	713.000000 	711.681030 	717.598022 
7.900000 	121.056999 	713.000000 	711.681030 	717.598022 
8.000000 	121.056999 	713.000000 	711.681030 	717.598022 
8.100000 	121.056999 	713.000000 	711.681030 	717.598022 
8.200000 	121.056999 	713.000000 	711.681030 	717.598022 
8.300000 	121.056999 	713.000000 	711.681030 	717.598022 
8.400000 	121.056999 	713.000000 	711.681030 	717.598022 
8.500000 	121.474998 	713.000000 	711.674988 	717.622986 
8.600000 	121.474998 	713.000000 	711.674988 	717.622986 
8.700000 	121.474998 	713.000000 	711.674988 	717.622986 
8.800000 	121.474998 	713.000000 	711.674988 	717.622986 
8.900000 	121.474998 	713.000000 	711.674988 	717.622986 
9.000000 	121.474998 	713.000000 	711.674988 	717.622986 
9.100000 	121.474998 	713.000000 	711.674988 	717.622986 
9.200000 	121.474998 	713.000000 	711.674988 	717.622986 
9.300000 	121.474998 	713.000000 	711.674988 	717.622986 
9.400000 	121.474998 	713.000000 	711.674988 	717.622986 
9.500000 	121.778999 	713.000000 	711.672974 	717.645020 
9.600000 	121.778999 	713.000000 	711.672974 	717.645020 
9.700000 	121.778999 	713.000000 	711.672974 	717.645020 
9.800000 	121.778999 	713.000000 	711.672974 	717.645020 
9.900000 	121.778999 	713.000000 	711.672974 	717.645020 
10.000000 	121.778999 	713.000000 	711.672974 	717.645020 
10.100000 	121.778999 	713.000000 	711.672974 	717.645020 
10.200000 	121.778999 	713.000000 	711.672974 	717.645020 
10.300000 	121.778999 	713.000000 	711.672974 	717.645020 
10.400000 	121.778999 	713.000000 	711.672974 	717.645020 
10.500000 	122.005997 	713.000000 	711.674988 	717.664001 
10.600000 	122.005997 	713.000000 	711.674988 	717.664001 
10.700000 	122.005997 	713.000000 	711.674988 	717.664001 
10.800000 	122.005997 	713.000000 	711.674988 	717.664001 
10.900000 	122.005997 	713.000000 	711.674988 	717.664001 
11.000000 	122.005997 	713.000000 	711.674988 	717.664001 
11.100000 	122.005997 	713.000000 	711.674988 	717.664001 
11.200000 	122.005997 	713.000000 	711.674988 	717.664001 
11.300000 	122.005997 	713.000000 	711.674988 	717.664001 
11.400000 	122.005997 	713.000000 	711.674988 	717.664001 
11.500000 	122.181999 	713.000000 	711.677979 	717.682007 
11.600000 	122.181999 	713.000000 	711.677979 	717.682007 
11.700000 	122.181999 	713.000000 	711.677979 	717.682007 
11.800000 	122.181999 	713.000000 	711.677979 	717.682007 
11.900000 	122.181999 	713.000000 	711.677979 	717.682007 
12.000000 	122.181999 	713.000000 	711.677979 	717.682007 
12.100000 	122.181999 	713.000000 	711.677979 	717.682007 
12.200000 	122.181999 	713.000000 	711.677979 	717.682007 
12.300000 	122.181999 	713.000000 	711.677979 	717.682007 
12.400000 	122.181999 	713.000000 	711.677979 	717.682007 
12.500000 	122.320000 	713.000000 	711.682007 	717.698975 
12.600000 	122.320000 	713.000000 	711.682007 	717.698975 
12.700000 	122.320000 	713.000000 	711.682007 	717.698975 
12.800000 	122.320000 	713.000000 	711.682007 	717.698975 
12.900000 	122.320000 	713.000000 	711.682007 	717.698975 
13.000000 	122.320000 	713.000000 	711.682007 	717.698975 
13.100000 	122.320000 	713.000000 	711.682007 	717.698975 
13.200000 	122.320000 	713.000000 	711.682007 	717.698975 
13.300000 	122.320000 	713.000000 	711.682007 	717.698975 
13.400000 	122.320000 	713.000000 	711.682007 	717.698975 
13.500000 	122.431999 	713.000000 	711.685974 	717.715027 
13.600000 	122.431999 	713.000000 	711.685974 	717.715027 
13.700000 	122.431999 	713.000000 	711.685974 	717.715027 
13.800000 	122.431999 	713.000000 	711.685974 	717.715027 
13.900000 	122.431999 	713.000000 	711.685974 	717.715027 
14.000000 	122.431999 	713.000000 	711.685974 	717.715027 
14.100000 	122.431999 	713.000000 	711.685974 	717.715027 
14.200000 	122.431999 	713.000000 	711.685974 	717.715027 
14.300000 	122.431999 	713.000000 	711.685974 	717.715027 
14.400000 	122.431999 	713.000000 	711.685974 	717.715027 
14.500000 	122.523003 	713.000000 	711.690002 	717.729980 
14.600000 	122.523003 	713.000000 	711.690002 	717.729980 
14.700000 	122.523003 	713.000000 	711.690002 	717.729980 
14.800000 	122.523003 	713.000000 	711.690002 	717.729980 
14.900000 	122.523003 	713.000000 	711.690002 	717.729980 
15.000000 	122.523003 	713.000000 	711.690002 	717.729980 
15.100000 	122.523003 	713.000000 	711.690002 	717.729980 
15.200000 	122.523003 	713.000000 	711.690002 	717.729980 
15.300000 	122.523003 	713.000000 	711.690002 	717.729980 
15.400000 	122.523003 	713.000000 	711.690002 	717.729980 
15.500000 	122.598000 	713.000000 	711.693970 	717.744995 
15.600000 	122.598000 	713.000000 	711.693970 	717.744995 
15.700000 	122.598000 	713.000000 	711.693970 	717.744995 
15.800000 	122.598000 	713.000000 	711.693970 	717.744995 
15.900000 	122.598000 	713.000000 	711.693970 	717.744995 
16.000000 	122.598000 	713.000000 	711.693970 	717.744995 
16.100000 	122.598000 	713.000000 	711.693970 	717.744995 
16.200000 	122.598000 	713.000000 	711.693970 	717.744995 
16.300000 	122.598000 	713.000000 	711.693970 	717.744995 
16.400000 	122.598000 	713.000000 	711.693970 	717.744995 
16.500000 	122.662003 	713.000000 	711.697998 	717.760010 
16.600000 	122.662003 	713.000000 	711.697998 	717.760010 
16.700000 	122.662003 	713.000000 	711.697998 	717.760010 
16.800000 	122.662003 	713.000000 	711.697998 	717.760010 
16.900000 	122.662003 	713.000000 	711.697998 	717.760010 
17.000000 	122.662003 	713.000000 	711.697998 	717.760010 
17.100000 	122.662003 	713.000000 	711.697998 	717.760010 
17.200000 	122.662003 	713.000000 	711.697998 	717.760010 
17.300000 	122.662003 	713.000000 	711.697998 	717.760010 
17.400000 	122.662003 	713.000000 	711.697998 	717.760010 
17.500000 	122.716003 	713.000000 	711.700989 	717.773987 
17.600000 	122.716003 	713.000000 	711.700989 	717.773987 
17.700000 	122.716003 	713.000000 	711.700989 	717.773987 
17.800000 	122.716003 	713.000000 	711.700989 	717.773987 
17.900000 	122.716003 	713.000000 	711.700989 	717.773987 
18.000000 	122.716003 	713.000000 	711.700989 	717.773987 
18.100000 	122.716003 	713.000000 	711.700989 	717.773987 
18.200000 	122.716003 	713.000000 	711.700989 	717.773987 
18.300000 	122.716003 	713.000000 	711.700989 	717.773987 
18.400000 	122.716003 	713.000000 	711.700989 	717.773987 
18.500000 	122.763000 	713.000000 	711.703979 	717.788025 
18.600000 	122.763000 	713.000000 	711.703979 	717.788025 
18.700000 	122.763000 	713.000000 	711.703979 	717.788025 
18.800000 	122.763000 	713.000000 	711.703979 	717.788025 
18.900000 	122.763000 	713.000000 	711.703979 	717.788025 
19.000000 	122.763000 	713.000000 	711.703979 	717.788025 
19.100000 	122.763000 	713.000000 	711.703979 	717.788025 
19.200000 	122.763000 	713.000000 	711.703979 	717.788025 
19.300000 	122.763000 	713.000000 	711.703979 	717.788025 
19.400000 	122.763000 	713.000000 	711.703979 	717.788025 
19.500000 	122.804001 	713.000000 	711.706970 	717.802002 
19.600000 	122.804001 	713.000000 	711.706970 	717.802002 
19.700000 	122.804001 	713.000000 	711.706970 	717.802002 
19.800000 	122.804001 	713.000000 	711.706970 	717.802002 
19.900000 	122.804001 	713.000000 	711.706970 	717.802002 
20.000000 	122.804001 	713.000000 	711.706970 	717.802002 
20.100000 	122.804001 	713.000000 	711.706970 	717.802002 
20.200000 	122.804001 	713.000000 	711.706970 	717.802002 
20.300000 	122.804001 	713.000000 	711.706970 	717.802002 
20.400000 	122.804001 	713.000000 	711.706970 	717.802002 
20.500000 	122.838997 	713.000000 	711.708984 	717.815002 
20.600000 	122.838997 	713.000000 	711.708984 	717.815002 
20.700000 	122.838997 	713.000000 	711.708984 	717.815002 
20.800000 	122.838997 	713.000000 	711.708984 	717.815002 
20.900000 	122.838997 	713.000000 	711.708984 	717.815002 
21.000000 	122.838997 	713.000000 	711.708984 	717.815002 
21.100000 	122.838997 	713.000000 	711.708984 	717.815002 
21.200000 	122.838997 	713.000000 	711.708984 	717.815002 
21.300000 	122.838997 	713.000000 	711.708984 	717.815002 
21.400000 	122.838997 	713.000000 	711.708984 	717.815002 
21.500000 	122.871002 	713.000000 	711.710999 	717.828003 
21.600000 	122.871002 	713.000000 	711.710999 	717.828003 
21.700000 	122.871002 	713.000000 	711.710999 	717.828003 
21.800000 	122.871002 	713.000000 	711.710999 	717.828003 
21.900000 	122.871002 	713.000000 	711.710999 	717.828003 
22.000000 	122.871002 	713.000000 	711.710999 	717.828003 
22.100000 	122.871002 	713.000000 	711.710999 	717.828003 
22.200000 	122.871002 	713.000000 	711.710999 	717.828003 
22.300000 	122.871002 	713.000000 	711.710999 	717.828003 
22.400000 	122.871002 	713.000000 	711.710999 	717.828003 
22.500000 	122.899002 	713.000000 	711.711975 	717.841980 
22.600000 	122.899002 	713.000000 	711.711975 	717.841980 
22.700000 	122.899002 	713.000000 	711.711975 	717.841980 
22.800000 	122.899002 	713.000000 	711.711975 	717.841980 
22.900000 	122.899002 	713.000000 	711.711975 	717.841980 
23.000000 	122.899002 	713.000000 	711.711975 	717.841980 
23.100000 	122.899002 	713.000000 	711.711975 	717.841980 
23.200000 	122.899002 	713.000000 	711.711975 	717.841980 
23.300000 	122.899002 	713.000000 	711.711975 	717.841980 
23.400000 	122.899002 	713.000000 	711.711975 	717.841980 
23.500000 	122.925003 	713.000000 	711.713013 	717.854980 
23.600000 	122.925003 	713.000000 	711.713013 	717.854980 
23.700000 	122.925003 	713.000000 	711.713013 	717.854980 
23.800000 	122.925003 	713.000000 	711.713013 	717.854980 
23.900000 	122.925003 	713.000000 	711.713013 	717.854980 
24.000000 	122.925003 	713.000000 	711.713013 	717.854980 
24.100000 	122.925003 	713.000000 	711.713013 	717.854980 
24.200000 	122.925003 	713.000000 	711.713013 	717.854980 
24.300000 	122.925003 	713.000000 	711.713013 	717.854980 
24.400000 	122.925003 	713.000000 	711.713013 	717.854980 
24.500000 	122.947998 	713.000000 	711.713989 	717.867981 
24.600000 	122.947998 	713.000000 	711.713989 	717.867981 
24.700000 	122.947998 	713.000000 	711.713989 	717.867981 
24.800000 	122.947998 	713.000000 	711.713989 	717.867981 
24.900000 	122.947998 	713.000000 	711.713989 	717.867981 
25.000000 	122.947998 	713.000000 	711.713989 	717.867981 
25.100000 	122.947998 	713.000000 	711.713989 	717.867981 
25.200000 	122.947998 	713.000000 	711.713989 	717.867981 
25.300000 	122.947998 	713.000000 	711.713989 	717.867981 
25.400000 	122.947998 	713.000000 	711.713989 	717.867981 
25.500000 	122.969002 	713.000000 	711.713989 	717.880005 
25.600000 	122.969002 	713.000000 	711.713989 	717.880005 
25.700000 	122.969002 	713.000000 	711.713989 	717.880005 
25.800000 	122.969002 	713.000000 	711.713989 	717.880005 
25.900000 	122.969002 	713.000000 	711.713989 	717.880005 
26.000000 	122.969002 	713.000000 	711.713989 	717.880005 
26.100000 	122.969002 	713.000000 	711.713989 	717.880005 
26.200000 	122.969002 	713.000000 	711.713989 	717.880005 
26.300000 	122.969002 	713.000000 	711.713989 	717.880005 
26.400000 	122.969002 	713.000000 	711.713989 	717.880005 
26.500000 	122.987999 	713.000000 	711.713013 	717.893005 
26.600000 	122.987999 	713.000000 	711.713013 	717.893005 
26.700000 	122.987999 	713.000000 	711.713013 	717.893005 
26.800000 	122.987999 	713.000000 	711.713013 	717.893005 
26.900000 	122.987999 	713.000000 	711.713013 	717.893005 
27.000000 	122.987999 	713.000000 	711.713013 	717.893005 
27.100000 	122.987999 	713.000000 	711.713013 	717.893005 
27.200000 	122.987999 	713.000000 	711.713013 	717.893005 
27.300000 	122.987999 	713.000000 	711.713013 	717.893005 
27.400000 	122.987999 	713.000000 	711.713013 	717.893005 
27.500000 	123.004997 	713.000000 	711.713013 	717.905029 
27.600000 	123.004997 	713.000000 	711.713013 	717.905029 
27.700000 	123.004997 	713.000000 	711.713013 	717.905029 
27.800000 	123.004997 	713.000000 	711.713013 	717.905029 
27.900000 	123.004997 	713.000000 	711.713013 	717.905029 
28.000000 	123.004997 	713.000000 	711.713013 	717.905029 
28.100000 	123.004997 	713.000000 	711.713013 	717.905029 
28.200000 	123.004997 	713.000000 	711.713013 	717.905029 
28.300000 	123.004997 	713.000000 	711.713013 	717.905029 
28.400000 	123.004997 	713.000000 	711.713013 	717.905029 
28.500000 	123.022003 	713.000000 	711.711975 	717.916992 
28.600000 	123.022003 	713.000000 	711.711975 	717.916992 
28.700000 	123.022003 	713.000000 	711.711975 	717.916992 
28.800000 	123.022003 	713.000000 	711.711975 	717.916992 
28.900000 	123.022003 	713.000000 	711.711975 	717.916992 
29.000000 	123.022003 	713.000000 	711.711975 	717.916992 
29.100000 	123.022003 	713.000000 	711.711975 	717.916992 
29.200000 	123.022003 	713.000000 	711.711975 	717.916992 
29.300000 	123.022003 	713.000000 	711.711975 	717.916992 
29.400000 	123.022003 	713.000000 	711.711975 	717.916992 
29.500000 	123.037003 	713.000000 	711.710999 	717.929016 
29.600000 	123.037003 	713.000000 	711.710999 	717.929016 
29.700000 	123.037003 	713.000000 	711.710999 	717.929016 
29.800000 	123.037003 	713.000000 	711.710999 	717.929016 
29.900000 	123.037003 	713.000000 	711.710999 	717.929016 
30.000000 	123.037003 	713.000000 	711.710999 	717.929016 
30.100000 	123.037003 	713.000000 	711.710999 	717.929016 
30.200000 	123.037003 	713.000000 	711.710999 	717.929016 
30.300000 	123.037003 	713.000000 	711.710999 	717.929016 
30.400000 	123.037003 	713.000000 	711.710999 	717.929016 
30.500000 	123.051003 	713.000000 	711.708984 	717.940979 
30.600000 	123.051003 	713.000000 	711.708984 	717.940979 
30.700000 	123.051003 	713.000000 	711.708984 	717.940979 
30.800000 	123.051003 	713.000000 	711.708984 	717.940979 
30.900000 	123.051003 	713.000000 	711.708984 	717.940979 
31.000000 	123.051003 	713.000000 	711.708984 	717.940979 
31.100000 	123.051003 	713.000000 	711.708984 	717.940979 
31.200000 	123.051003 	713.000000 	711.708984 	717.940979 
31.300000 	123.051003 	713.000000 	711.708984 	717.940979 
31.400000 	123.051003 	713.000000 	711.708984 	717.940979 
31.500000 	123.064003 	713.000000 	711.706970 	717.953003 
31.600000 	123.064003 	713.000000 	711.706970 	717.953003 
31.700000 	123.064003 	713.000000 	711.706970 	717.953003 
31.800000 	123.064003 	713.000000 	711.706970 	717.953003 
31.900000 	123.064003 	713.000000 	711.706970 	717.953003 
32.000000 	123.064003 	713.000000 	711.706970 	717.953003 
32.100000 	123.064003 	713.000000 	711.706970 	717.953003 
32.200000 	123.064003 	713.000000 	711.706970 	717.953003 
32.300000 	123.064003 	713.000000 	711.706970 	717.953003 
32.400000 	123.064003 	713.000000 	711.706970 	717.953003 
32.500000 	123.077003 	713.000000 	711.705017 	717.963989 
32.600000 	123.077003 	713.000000 	711.705017 	717.963989 
32.700000 	123.077003 	713.000000 	711.705017 	717.963989 
32.800000 	123.077003 	713.000000 	711.705017 	717.963989 
32.900000 	123.077003 	713.000000 	711.705017 	717.963989 
33.000000 	123.077003 	713.000000 	711.705017 	717.963989 
33.100000 	123.077003 	713.000000 	711.705017 	717.963989 
33.200000 	123.077003 	713.000000 	711.705017 	717.963989 
33.300000 	123.077003 	713.000000 	711.705017 	717.963989 
33.400000 	123.077003 	713.000000 	711.705017 	717.963989 
33.500000 	123.088997 	713.000000 	711.703003 	717.974976 
33.600000 	123.088997 	713.000000 	711.703003 	717.974976 
33.700000 	123.088997 	713.000000 	711.703003 	717.974976 
33.800000 	123.088997 	713.000000 	711.703003 	717.974976 
33.900000 	123.088997 	713.000000 	711.703003 	717.974976 
34.000000 	123.088997 	713.000000 	711.703003 	717.974976 
34.100000 	123.088997 	713.000000 	711.703003 	717.974976 
34.200000 	123.088997 	713.000000 	711.703003 	717.974976 
34.300000 	123.088997 	713.000000 	711.703003 	717.974976 
34.400000 	123.088997 	713.000000 	711.703003 	717.974976 
34.500000 	123.099998 	713.000000 	711.700012 	717.986023 
34.600000 	123.099998 	713.000000 	711.700012 	717.986023 
34.700000 	123.099998 	713.000000 	711.700012 	717.986023 
34.800000 	123.099998 	713.000000 	711.700012 	717.986023 
34.900000 	123.099998 	713.000000 	711.700012 	717.986023 
35.000000 	123.099998 	713.000000 	711.700012 	717.986023 
35.100000 	123.099998 	713.000000 	711.700012 	717.986023 
35.200000 	123.099998 	713.000000 	711.700012 	717.986023 
35.300000 	123.099998 	713.000000 	711.700012 	717.986023 
35.400000 	123.099998 	713.000000 	711.700012 	717.986023 
35.500000 	123.110001 	713.000000 	711.697021 	717.997009 
35.600000 	123.110001 	713.000000 	711.697021 	717.997009 
35.700000 	123.110001 	713.000000 	711.697021 	717.997009 
35.800000 	123.110001 	713.000000 	711.697021 	717.997009 
35.900000 	123.110001 	713.000000 	711.697021 	717.997009 
36.000000 	123.110001 	713.000000 	711.697021 	717.997009 
36.100000 	123.110001 	713.000000 	711.697021 	717.997009 
36.200000 	123.110001 	713.000000 	711.697021 	717.997009 
36.300000 	123.110001 	713.000000 	711.697021 	717.997009 
36.400000 	123.110001 	713.000000 	711.697021 	717.997009 
36.500000 	123.121002 	713.000000 	711.692993 	718.007019 
36.600000 	123.121002 	713.000000 	711.692993 	718.007019 
36.700000 	123.121002 	713.000000 	711.692993 	718.007019 
36.800000 	123.121002 	713.000000 	711.692993 	718.007019 
36.900000 	123.121002 	713.000000 	711.692993 	718.007019 
37.000000 	123.121002 	713.000000 	711.692993 	718.007019 
37.100000 	123.121002 	713.000000 	711.692993 	718.007019 
37.200000 	123.121002 	713.000000 	711.692993 	718.007019 
37.300000 	123.121002 	713.000000 	711.692993 	718.007019 
37.400000 	123.121002 	713.000000 	711.692993 	718.007019 
37.500000 	123.129997 	713.000000 	711.690002 	718.018005 
37.600000 	123.129997 	713.000000 	711.690002 	718.018005 
37.700000 	123.129997 	713.000000 	711.690002 	718.018005 
37.800000 	123.129997 	713.000000 	711.690002 	718.018005 
37.900000 	123.129997 	713.000000 	711.690002 	718.018005 
38.000000 	123.129997 	713.000000 	711.690002 	718.018005 
38.100000 	123.129997 	713.000000 	711.690002 	718.018005 
38.200000 	123.129997 	713.000000 	711.690002 	718.018005 
38.300000 	123.129997 	713.000000 	711.690002 	718.018005 
38.400000 	123.129997 	713.000000 	711.690002 	718.018005 
38.500000 	123.139000 	713.000000 	711.685974 	718.028015 
38.600000 	123.139000 	713.000000 	711.685974 	718.028015 
38.700000 	123.139000 	713.000000 	711.685974 	718.028015 
38.800000 	123.139000 	713.000000 	711.685974 	718.028015 
38.900000 	123.139000 	713.000000 	711.685974 	718.028015 
39.000000 	123.139000 	713.000000 	711.685974 	718.028015 
39.100000 	123.139000 	713.000000 	711.685974 	718.028015 
39.200000 	123.139000 	713.000000 	711.685974 	718.028015 
39.300000 	123.139000 	713.000000 	711.685974 	718.028015 
39.400000 	123.139000 	713.000000 	711.685974 	718.028015 
39.500000 	123.148003 	713.000000 	711.681030 	718.036987 
39.600000 	123.148003 	713.000000 	711.681030 	718.036987 
39.700000 	123.148003 	713.000000 	711.681030 	718.036987 
39.800000 	123.148003 	713.000000 	711.681030 	718.036987 
39.900000 	123.148003 	713.000000 	711.681030 	718.036987 
40.000000 	123.148003 	713.000000 	711.681030 	718.036987 
40.100000 	123.148003 	713.000000 	711.681030 	718.036987 
40.200000 	123.148003 	713.000000 	711.681030 	718.036987 
40.300000 	123.148003 	713.000000 	711.681030 	718.036987 
40.400000 	123.148003 	713.000000 	711.681030 	718.036987 
40.500000 	123.156998 	713.000000 	711.677002 	718.046997 
40.600000 	123.156998 	713.000000 	711.677002 	718.046997 
40.700000 	123.156998 	713.000000 	711.677002 	718.046997 
40.800000 	123.156998 	713.000000 	711.677002 	718.046997 
40.900000 	123.156998 	713.000000 	711.677002 	718.046997 
41.000000 	123.156998 	713.000000 	711.677002 	718.046997 
41.100000 	123.156998 	713.000000 	711.677002 	718.046997 
41.200000 	123.156998 	713.000000 	711.677002 	718.046997 
41.300000 	123.156998 	713.000000 	711.677002 	718.046997 
41.400000 	123.156998 	713.000000 	711.677002 	718.046997 
41.500000 	123.165001 	713.000000 	711.671997 	718.056030 
41.600000 	123.165001 	713.000000 	711.671997 	718.056030 
41.700000 	123.165001 	713.000000 	711.671997 	718.056030 
41.800000 	123.165001 	713.000000 	711.671997 	718.056030 
41.900000 	123.165001 	713.000000 	711.671997 	718.056030 
42.000000 	123.165001 	713.000000 	711.671997 	718.056030 
42.100000 	123.165001 	713.000000 	711.671997 	718.056030 
42.200000 	123.165001 	713.000000 	711.671997 	718.056030 
42.300000 	123.165001 	713.000000 	711.671997 	718.056030 
42.400000 	123.165001 	713.000000 	711.671997 	718.056030 
42.500000 	123.172997 	713.000000 	711.666992 	718.065002 
42.600000 	123.172997 	713.000000 	711.666992 	718.065002 
42.700000 	123.172997 	713.000000 	711.666992 	718.065002 
42.800000 	123.172997 	713.000000 	711.666992 	718.065002 
42.900000 	123.172997 	713.000000 	711.666992 	718.065002 
43.000000 	123.172997 	713.000000 	711.666992 	718.065002 
43.100000 	123.172997 	713.000000 	711.666992 	718.065002 
43.200000 	123.172997 	713.000000 	711.666992 	718.065002 
43.300000 	123.172997 	713.000000 	711.666992 	718.065002 
43.400000 	123.172997 	713.000000 	711.666992 	718.065002 
43.500000 	123.181000 	713.000000 	711.661011 	718.072998 
43.600000 	123.181000 	713.000000 	711.661011 	718.072998 
43.700000 	123.181000 	713.000000 	711.661011 	718.072998 
43.800000 	123.181000 	713.000000 	711.661011 	718.072998 
43.900000 	123.181000 	713.000000 	711.661011 	718.072998 
44.000000 	123.181000 	713.000000 	711.661011 	718.072998 
44.100000 	123.181000 	713.000000 	711.661011 	718.072998 
44.200000 	123.181000 	713.000000 	711.661011 	718.072998 
44.300000 	123.181000 	713.000000 	711.661011 	718.072998 
44.400000 	123.181000 	713.000000 	711.661011 	718.072998 
44.500000 	123.188004 	713.000000 	711.656006 	718.080994 
44.600000 	123.188004 	713.000000 	711.656006 	718.080994 
44.700000 	123.188004 	713.000000 	711.656006 	718.080994 
44.800000 	123.188004 	713.000000 	711.656006 	718.080994 
44.900000 	123.188004 	713.000000 	711.656006 	718.080994 
45.000000 	123.188004 	713.000000 	711.656006 	718.080994 
45.100000 	123.188004 	713.000000 	711.656006 	718.080994 
45.200000 	123.188004 	713.000000 	711.656006 	718.080994 
45.300000 	123.188004 	713.000000 	711.656006 	718.080994 
45.400000 	123.188004 	713.000000 	711.656006 	718.080994 
45.500000 	123.195000 	713.000000 	711.650024 	718.088989 
45.600000 	123.195000 	713.000000 	711.650024 	718.088989 
45.700000 	123.195000 	713.000000 	711.650024 	718.088989 
45.800000 	123.195000 	713.000000 	711.650024 	718.088989 
45.900000 	123.195000 	713.000000 	711.650024 	718.088989 
46.000000 	123.195000 	713.000000 	711.650024 	718.088989 
46.100000 	123.195000 	713.000000 	711.650024 	718.088989 
46.200000 	123.195000 	713.000000 	711.650024 	718.088989 
46.300000 	123.195000 	713.000000 	711.650024 	718.088989 
46.400000 	123.195000 	713.000000 	711.650024 	718.088989 
46.500000 	123.202003 	713.000000 	711.643005 	718.096985 
46.600000 	123.202003 	713.000000 	711.643005 	718.096985 
46.700000 	123.202003 	713.000000 	711.643005 	718.096985 
46.800000 	123.202003 	713.000000 	711.643005 	718.096985 
46.900000 	123.202003 	713.000000 	711.643005 	718.096985 
47.000000 	123.202003 	713.000000 	711.643005 	718.096985 
47.100000 	123.202003 	713.000000 	711.643005 	718.096985 
47.200000 	123.202003 	713.000000 	711.643005 	718.096985 
47.300000 	123.202003 	713.000000 	711.643005 	718.096985 
47.400000 	123.202003 	713.000000 	711.643005 	718.096985 
47.500000 	123.209000 	713.000000 	711.637024 	718.104004 
47.600000 	123.209000 	713.000000 	711.637024 	718.104004 
47.700000 	123.209000 	713.000000 	711.637024 	718.104004 
47.800000 	123.209000 	713.000000 	711.637024 	718.104004 
47.900000 	123.209000 	713.000000 	711.637024 	718.104004 
48.000000 	123.209000 	713.000000 	711.637024 	718.104004 
48.100000 	123.209000 	713.000000 	711.637024 	718.104004 
48.200000 	123.209000 	713.000000 	711.637024 	718.104004 
48.300000 	123.209000 	713.000000 	711.637024 	718.104004 
48.400000 	123.209000 	713.000000 	711.637024 	718.104004 
48.500000 	123.216003 	713.000000 	711.630005 	718.111023 
48.600000 	123.216003 	713.000000 	711.630005 	718.111023 
48.700000 	123.216003 	713.000000 	711.630005 	718.111023 
48.800000 	123.216003 	713.000000 	711.630005 	718.111023 
48.900000 	123.216003 	713.000000 	711.630005 	718.111023 
49.000000 	123.216003 	713.000000 	711.630005 	718.111023 
49.100000 	123.216003 	713.000000 	711.630005 	718.111023 
49.200000 	123.216003 	713.000000 	711.630005 	718.111023 
49.300000 	123.216003 	713.000000 	711.630005 	718.111023 
49.400000 	123.216003 	713.000000 	711.630005 	718.111023 
49.500000 	123.222000 	713.000000 	711.622986 	718.117981 
49.600000 	123.222000 	713.000000 	711.622986 	718.117981 
49.700000 	123.222000 	713.000000 	711.622986 	718.117981 
49.800000 	123.222000 	713.000000 	711.622986 	718.117981 
49.900000 	123.222000 	713.000000 	711.622986 	718.117981 
50.000000 	123.222000 	713.000000 	711.622986 	718.117981 
50.100000 	123.222000 	713.000000 	711.622986 	718.117981 
50.200000 	123.222000 	713.000000 	711.622986 	718.117981 
50.300000 	123.222000 	713.000000 	711.622986 	718.117981 
50.400000 	123.222000 	713.000000 	711.622986 	718.117981 
50.500000 	123.227997 	713.000000 	711.616028 	1006.030029 
50.600000 	123.227997 	713.000000 	711.616028 	1006.030029 
50.700000 	123.227997 	713.000000 	711.616028 	1006.030029 
50.800000 	123.227997 	713.000000 	711.616028 	1006.030029 
50.900000 	123.227997 	713.000000 	711.616028 	1006.030029 
51.000000 	123.227997 	713.000000 	711.616028 	1006.030029 
51.100000 	123.227997 	713.000000 	711.616028 	1006.030029 
51.200000 	123.227997 	713.000000 	711.616028 	1006.030029 
51.300000 	123.227997 	713.000000 	711.616028 	1006.030029 
51.400000 	123.227997 	713.000000 	711.616028 	1006.030029 
51.500000 	123.235001 	713.000000 	711.607971 	1006.030029 
51.600000 	123.235001 	713.000000 	711.607971 	1006.030029 
51.700000 	123.235001 	713.000000 	711.607971 	1006.030029 
51.800000 	123.235001 	713.000000 	711.607971 	1006.030029 
51.900000 	123.235001 	713.000000 	711.607971 	1006.030029 
52.000000 	123.235001 	713.000000 	711.607971 	1006.030029 
52.100000 	123.235001 	713.000000 	711.607971 	1006.030029 
52.200000 	123.235001 	713.000000 	711.607971 	1006.030029 
52.300000 	123.235001 	713.000000 	711.607971 	1006.030029 
52.400000 	123.235001 	713.000000 	711.607971 	1006.030029 
52.500000 	123.240997 	713.000000 	711.599976 	1006.030029 
52.600000 	123.240997 	713.000000 	711.599976 	1006.030029 
52.700000 	123.240997 	713.000000 	711.599976 	1006.030029 
52.800000 	123.240997 	713.000000 	711.599976 	1006.030029 
52.900000 	123.240997 	713.000000 	711.599976 	1006.030029 
53.000000 	123.240997 	713.000000 	711.599976 	1006.030029 
53.100000 	123.240997 	713.000000 	711.599976 	1006.030029 
53.200000 	123.240997 	713.000000 	711.599976 	1006.030029 
53.300000 	123.240997 	713.000000 	711.599976 	1006.030029 
53.400000 	123.240997 	713.000000 	711.599976 	1006.030029 
53.500000 	123.246002 	713.000000 	711.591980 	1006.030029 
53.600000 	123.246002 	713.000000 	711.591980 	1006.030029 
53.700000 	123.246002 	713.000000 	711.591980 	1006.030029 
53.800000 	123.246002 	713.000000 	711.591980 	1006.030029 
53.900000 	123.246002 	713.000000 	711.591980 	1006.030029 
54.000000 	123.246002 	713.000000 	711.591980 	1006.030029 
54.100000 	123.246002 	713.000000 	711.591980 	1006.030029 
54.200000 	123.246002 	713.000000 	711.591980 	1006.030029 
54.300000 	123.246002 	713.000000 	711.591980 	1006.030029 
54.400000 	123.246002 	713.000000 	711.591980 	1006.030029 
54.500000 	123.251999 	713.000000 	711.583008 	1006.030029 
54.600000 	123.251999 	713.000000 	711.583008 	1006.030029 
54.700000 	123.251999 	713.000000 	711.583008 	1006.030029 
54.800000 	123.251999 	713.000000 	711.583008 	1006.030029 
54.900000 	123.251999 	713.000000 	711.583008 	1006.030029 
55.000000 	123.251999 	713.000000 	711.583008 	1006.030029 
55.100000 	123.251999 	713.000000 	711.583008 	1006.030029 
55.200000 	123.251999 	713.000000 	711.583008 	1006.030029 
55.300000 	123.251999 	713.000000 	711.583008 	1006.030029 
55.400000 	123.251999 	713.000000 	711.583008 	1006.030029 
55.500000 	123.258003 	713.000000 	711.573975 	1006.030029 
55.600000 	123.258003 	713.000000 	711.573975 	1006.030029 
55.700000 	123.258003 	713.000000 	711.573975 	1006.030029 
55.800000 	123.258003 	713.000000 	711.573975 	1006.030029 
55.900000 	123.258003 	713.000000 	711.573975 	1006.030029 
56.000000 	123.258003 	713.000000 	711.573975 	1006.030029 
56.100000 	123.258003 	713.000000 	711.573975 	1006.030029 
56.200000 	123.258003 	713.000000 	711.573975 	1006.030029 
56.300000 	123.258003 	713.000000 	711.573975 	1006.030029 
56.400000 	123.258003 	713.000000 	711.573975 	1006.030029 
56.500000 	123.263000 	713.000000 	711.565002 	1006.030029 
56.600000 	123.263000 	713.000000 	711.565002 	1006.030029 
56.700000 	123.263000 	713.000000 	711.565002 	1006.030029 
56.800000 	123.263000 	713.000000 	711.565002 	1006.030029 
56.900000 	123.263000 	713.000000 	711.565002 	1006.030029 
57.000000 	123.263000 	713.000000 	711.565002 	1006.030029 
57.100000 	123.263000 	713.000000 	711.565002 	1006.030029 
57.200000 	123.263000 	713.000000 	711.565002 	1006.030029 
57.300000 	123.263000 	713.000000 	711.565002 	1006.030029 
57.400000 	123.263000 	713.000000 	711.565002 	1006.030029 
57.500000 	123.268997 	713.000000 	711.556030 	1006.030029 
57.600000 	123.268997 	713.000000 	711.556030 	1006.030029 
57.700000 	123.268997 	713.000000 	711.556030 	1006.030029 
57.800000 	123.268997 	713.000000 	711.556030 	1006.030029 
57.900000 	123.268997 	713.000000 	711.556030 	1006.030029 
58.000000 	123.268997 	713.000000 	711.556030 	1006.030029 
58.100000 	123.268997 	713.000000 	711.556030 	1006.030029 
58.200000 	123.268997 	713.000000 	711.556030 	1006.030029 
58.300000 	123.268997 	713.000000 	711.556030 	1006.030029 
58.400000 	123.268997 	713.000000 	711.556030 	1006.030029 
58.500000 	123.274002 	713.000000 	711.546021 	1006.030029 
58.600000 	123.274002 	713.000000 	711.546021 	1006.030029 
58.700000 	123.274002 	713.000000 	711.546021 	1006.030029 
58.800000 	123.274002 	713.000000 	711.546021 	1006.030029 
58.900000 	123.274002 	713.000000 	711.546021 	1006.030029 
59.000000 	123.274002 	713.000000 	711.546021 	1006.030029 
59.100000 	123.274002 	713.000000 	711.546021 	1006.030029 
59.200000 	123.274002 	713.000000 	711.546021 	1006.030029 
59.300000 	123.274002 	713.000000 	711.546021 	1006.030029 
59.400000 	123.274002 	713.000000 	711.546021 	1006.030029 
59.500000 	123.278999 	713.000000 	711.536011 	1006.030029 
59.600000 	123.278999 	713.000000 	711.536011 	1006.030029 
59.700000 	123.278999 	713.000000 	711.536011 	1006.030029 
59.800000 	123.278999 	713.000000 	711.536011 	1006.030029 
59.900000 	123.278999 	713.000000 	711.536011 	1006.030029 
60.000000 	123.278999 	713.000000 	711.536011 	1006.030029 
