0.500000 	89.613098 	639.000000 	639.922974 	642.338013 
0.600000 	89.613098 	639.000000 	639.922974 	642.338013 
0.700000 	89.613098 	639.000000 	639.922974 	642.338013 
0.800000 	89.613098 	639.000000 	639.922974 	642.338013 
0.900000 	89.613098 	639.000000 	639.922974 	642.338013 
1.000000 	89.613098 	639.000000 	639.922974 	642.338013 
1.100000 	89.613098 	639.000000 	639.922974 	642.338013 
1.200000 	89.613098 	639.000000 	639.922974 	642.338013 
1.300000 	89.613098 	639.000000 	639.922974 	642.338013 
1.400000 	89.613098 	639.000000 	639.922974 	642.338013 
1.500000 	100.605003 	639.000000 	640.620972 	643.939026 
1.600000 	100.605003 	639.000000 	640.620972 	643.939026 
1.700000 	100.605003 	639.000000 	640.620972 	643.939026 
1.800000 	100.605003 	639.000000 	640.620972 	643.939026 
1.900000 	100.605003 	639.000000 	640.620972 	643.939026 
2.000000 	100.605003 	639.000000 	640.620972 	643.939026 
2.100000 	100.605003 	639.000000 	640.620972 	643.939026 
2.200000 	100.605003 	639.000000 	640.620972 	643.939026 
2.300000 	100.605003 	639.000000 	640.620972 	643.939026 
2.400000 	100.605003 	639.000000 	640.620972 	643.939026 
2.500000 	110.720001 	639.000000 	639.392029 	644.081970 
2.600000 	110.720001 	639.000000 	639.392029 	644.081970 
2.700000 	110.720001 	639.000000 	639.392029 	644.081970 
2.800000 	110.720001 	639.000000 	639.392029 	644.081970 
2.900000 	110.720001 	639.000000 	639.392029 	644.081970 
3.000000 	110.720001 	639.000000 	639.392029 	644.081970 
3.100000 	110.720001 	639.000000 	639.392029 	644.081970 
3.200000 	110.720001 	639.000000 	639.392029 	644.081970 
3.300000 	110.720001 	639.000000 	639.392029 	644.081970 
3.400000 	110.720001 	639.000000 	639.392029 	644.081970 
3.500000 	115.553001 	639.000000 	638.731995 	644.109009 
3.600000 	115.553001 	639.000000 	638.731995 	644.109009 
3.700000 	115.553001 	639.000000 	638.731995 	644.109009 
3.800000 	115.553001 	639.000000 	638.731995 	644.109009 
3.900000 	115.553001 	639.000000 	638.731995 	644.109009 
4.000000 	115.553001 	639.000000 	638.731995 	644.109009 
4.100000 	115.553001 	639.000000 	638.731995 	644.109009 
4.200000 	115.553001 	639.000000 	638.731995 	644.109009 
4.300000 	115.553001 	639.000000 	638.731995 	644.109009 
4.400000 	115.553001 	639.000000 	638.731995 	644.109009 
4.500000 	118.071999 	639.000000 	638.387024 	644.137024 
4.600000 	118.071999 	639.000000 	638.387024 	644.137024 
4.700000 	118.071999 	639.000000 	638.387024 	644.137024 
4.800000 	118.071999 	639.000000 	638.387024 	644.137024 
4.900000 	118.071999 	639.000000 	638.387024 	644.137024 
5.000000 	118.071999 	639.000000 	638.387024 	644.137024 
5.100000 	118.071999 	639.000000 	638.387024 	644.137024 
5.200000 	118.071999 	639.000000 	638.387024 	644.137024 
5.300000 	118.071999 	639.000000 	638.387024 	644.137024 
5.400000 	118.071999 	639.000000 	638.387024 	644.137024 
5.500000 	119.526001 	639.000000 	638.193970 	644.153992 
5.600000 	119.526001 	639.000000 	638.193970 	644.153992 
5.700000 	119.526001 	639.000000 	638.193970 	644.153992 
5.800000 	119.526001 	639.000000 	638.193970 	644.153992 
5.900000 	119.526001 	639.000000 	638.193970 	644.153992 
6.000000 	119.526001 	639.000000 	638.193970 	644.153992 
6.100000 	119.526001 	639.000000 	638.193970 	644.153992 
6.200000 	119.526001 	639.000000 	638.193970 	644.153992 
6.300000 	119.526001 	639.000000 	638.193970 	644.153992 
6.400000 	119.526001 	639.000000 	638.193970 	644.153992 
6.500000 	120.433998 	639.000000 	638.078979 	644.166016 
6.600000 	120.433998 	639.000000 	638.078979 	644.166016 
6.700000 	120.433998 	639.000000 	638.078979 	644.166016 
6.800000 	120.433998 	639.000000 	638.078979 	644.166016 
6.900000 	120.433998 	639.000000 	638.078979 	644.166016 
7.000000 	120.433998 	639.000000 	638.078979 	644.166016 
7.100000 	120.433998 	639.000000 	638.078979 	644.166016 
7.200000 	120.433998 	639.000000 	638.078979 	644.166016 
7.300000 	120.433998 	639.000000 	638.078979 	644.166016 
7.400000 	120.433998 	639.000000 	638.078979 	644.166016 
7.500000 	121.038002 	639.000000 	638.007996 	644.177002 
7.600000 	121.038002 	639.000000 	638.007996 	644.177002 
7.700000 	121.038002 	639.000000 	638.007996 	644.177002 
7.800000 	121.038002 	639.000000 	638.007996 	644.177002 
7.900000 	121.038002 	639.000000 	638.007996 	644.177002 
8.000000 	121.038002 	639.000000 	638.007996 	644.177002 
8.100000 	121.038002 	639.000000 	638.007996 	644.177002 
8.200000 	121.038002 	639.000000 	638.007996 	644.177002 
8.300000 	121.038002 	639.000000 	638.007996 	644.177002 
8.400000 	121.038002 	639.000000 	638.007996 	644.177002 
8.500000 	121.459000 	639.000000 	637.961975 	644.187988 
8.600000 	121.459000 	639.000000 	637.961975 	644.187988 
8.700000 	121.459000 	639.000000 	637.961975 	644.187988 
8.800000 	121.459000 	639.000000 	637.961975 	644.187988 
8.900000 	121.459000 	639.000000 	637.961975 	644.187988 
9.000000 	121.459000 	639.000000 	637.961975 	644.187988 
9.100000 	121.459000 	639.000000 	637.961975 	644.187988 
9.200000 	121.459000 	639.000000 	637.961975 	644.187988 
9.300000 	121.459000 	639.000000 	637.961975 	644.187988 
9.400000 	121.459000 	639.000000 	637.961975 	644.187988 
9.500000 	121.765999 	639.000000 	637.931030 	644.198975 
9.600000 	121.765999 	639.000000 	637.931030 	644.198975 
9.700000 	121.765999 	639.000000 	637.931030 	644.198975 
9.800000 	121.765999 	639.000000 	637.931030 	644.198975 
9.900000 	121.765999 	639.000000 	637.931030 	644.198975 
10.000000 	121.765999 	639.000000 	637.931030 	644.198975 
10.100000 	121.765999 	639.000000 	637.931030 	644.198975 
10.200000 	121.765999 	639.000000 	637.931030 	644.198975 
10.300000 	121.765999 	639.000000 	637.931030 	644.198975 
10.400000 	121.765999 	639.000000 	637.931030 	644.198975 
10.500000 	121.996002 	639.000000 	637.909973 	644.210999 
10.600000 	121.996002 	639.000000 	637.909973 	644.210999 
10.700000 	121.996002 	639.000000 	637.909973 	644.210999 
10.800000 	121.996002 	639.000000 	637.909973 	644.210999 
10.900000 	121.996002 	639.000000 	637.909973 	644.210999 
11.000000 	121.996002 	639.000000 	637.909973 	644.210999 
11.100000 	121.996002 	639.000000 	637.909973 	644.210999 
11.200000 	121.996002 	639.000000 	637.909973 	644.210999 
11.300000 	121.996002 	639.000000 	637.909973 	644.210999 
11.400000 	121.996002 	639.000000 	637.909973 	644.210999 
11.500000 	122.172997 	639.000000 	637.895020 	644.221985 
11.600000 	122.172997 	639.000000 	637.895020 	644.221985 
11.700000 	122.172997 	639.000000 	637.895020 	644.221985 
11.800000 	122.172997 	639.000000 	637.895020 	644.221985 
11.900000 	122.172997 	639.000000 	637.895020 	644.221985 
12.000000 	122.172997 	639.000000 	637.895020 	644.221985 
12.100000 	122.172997 	639.000000 	637.895020 	644.221985 
12.200000 	122.172997 	639.000000 	637.895020 	644.221985 
12.300000 	122.172997 	639.000000 	637.895020 	644.221985 
12.400000 	122.172997 	639.000000 	637.895020 	644.221985 
12.500000 	122.311996 	639.000000 	637.885010 	644.234009 
12.600000 	122.311996 	639.000000 	637.885010 	644.234009 
12.700000 	122.311996 	639.000000 	637.885010 	644.234009 
12.800000 	122.311996 	639.000000 	637.885010 	644.234009 
12.900000 	122.311996 	639.000000 	637.885010 	644.234009 
13.000000 	122.311996 	639.000000 	637.885010 	644.234009 
13.100000 	122.311996 	639.000000 	637.885010 	644.234009 
13.200000 	122.311996 	639.000000 	637.885010 	644.234009 
13.300000 	122.311996 	639.000000 	637.885010 	644.234009 
13.400000 	122.311996 	639.000000 	637.885010 	644.234009 
13.500000 	122.424004 	639.000000 	637.877991 	644.245972 
13.600000 	122.424004 	639.000000 	637.877991 	644.245972 
13.700000 	122.424004 	639.000000 	637.877991 	644.245972 
13.800000 	122.424004 	639.000000 	637.877991 	644.245972 
13.900000 	122.424004 	639.000000 	637.877991 	644.245972 
14.000000 	122.424004 	639.000000 	637.877991 	644.245972 
14.100000 	122.424004 	639.000000 	637.877991 	644.245972 
14.200000 	122.424004 	639.000000 	637.877991 	644.245972 
14.300000 	122.424004 	639.000000 	637.877991 	644.245972 
14.400000 	122.424004 	639.000000 	637.877991 	644.245972 
14.500000 	122.515999 	639.000000 	637.872009 	644.257996 
14.600000 	122.515999 	639.000000 	637.872009 	644.257996 
14.700000 	122.515999 	639.000000 	637.872009 	644.257996 
14.800000 	122.515999 	639.000000 	637.872009 	644.257996 
14.900000 	122.515999 	639.000000 	637.872009 	644.257996 
15.000000 	122.515999 	639.000000 	637.872009 	644.257996 
15.100000 	122.515999 	639.000000 	637.872009 	644.257996 
15.200000 	122.515999 	639.000000 	637.872009 	644.257996 
15.300000 	122.515999 	639.000000 	637.872009 	644.257996 
15.400000 	122.515999 	639.000000 	637.872009 	644.257996 
15.500000 	122.593002 	639.000000 	637.869019 	644.270996 
15.600000 	122.593002 	639.000000 	637.869019 	644.270996 
15.700000 	122.593002 	639.000000 	637.869019 	644.270996 
15.800000 	122.593002 	639.000000 	637.869019 	644.270996 
15.900000 	122.593002 	639.000000 	637.869019 	644.270996 
16.000000 	122.593002 	639.000000 	637.869019 	644.270996 
16.100000 	122.593002 	639.000000 	637.869019 	644.270996 
16.200000 	122.593002 	639.000000 	637.869019 	644.270996 
16.300000 	122.593002 	639.000000 	637.869019 	644.270996 
16.400000 	122.593002 	639.000000 	637.869019 	644.270996 
16.500000 	122.656998 	639.000000 	637.866028 	644.283997 
16.600000 	122.656998 	639.000000 	637.866028 	644.283997 
16.700000 	122.656998 	639.000000 	637.866028 	644.283997 
16.800000 	122.656998 	639.000000 	637.866028 	644.283997 
16.900000 	122.656998 	639.000000 	637.866028 	644.283997 
17.000000 	122.656998 	639.000000 	637.866028 	644.283997 
17.100000 	122.656998 	639.000000 	637.866028 	644.283997 
17.200000 	122.656998 	639.000000 	637.866028 	644.283997 
17.300000 	122.656998 	639.000000 	637.866028 	644.283997 
17.400000 	122.656998 	639.000000 	637.866028 	644.283997 
17.500000 	122.711998 	639.000000 	637.864014 	644.296997 
17.600000 	122.711998 	639.000000 	637.864014 	644.296997 
17.700000 	122.711998 	639.000000 	637.864014 	644.296997 
17.800000 	122.711998 	639.000000 	637.864014 	644.296997 
17.900000 	122.711998 	639.000000 	637.864014 	644.296997 
18.000000 	122.711998 	639.000000 	637.864014 	644.296997 
18.100000 	122.711998 	639.000000 	637.864014 	644.296997 
18.200000 	122.711998 	639.000000 	637.864014 	644.296997 
18.300000 	122.711998 	639.000000 	637.864014 	644.296997 
18.400000 	122.711998 	639.000000 	637.864014 	644.296997 
18.500000 	122.759003 	639.000000 	637.862000 	644.309998 
18.600000 	122.759003 	639.000000 	637.862000 	644.309998 
18.700000 	122.759003 	639.000000 	637.862000 	644.309998 
18.800000 	122.759003 	639.000000 	637.862000 	644.309998 
18.900000 	122.759003 	639.000000 	637.862000 	644.309998 
19.000000 	122.759003 	639.000000 	637.862000 	644.309998 
19.100000 	122.759003 	639.000000 	637.862000 	644.309998 
19.200000 	122.759003 	639.000000 	637.862000 	644.309998 
19.300000 	122.759003 	639.000000 	637.862000 	644.309998 
19.400000 	122.759003 	639.000000 	637.862000 	644.309998 
19.500000 	122.800003 	639.000000 	637.861023 	644.323975 
19.600000 	122.800003 	639.000000 	637.861023 	644.323975 
19.700000 	122.800003 	639.000000 	637.861023 	644.323975 
19.800000 	122.800003 	639.000000 	637.861023 	644.323975 
19.900000 	122.800003 	639.000000 	637.861023 	644.323975 
20.000000 	122.800003 	639.000000 	637.861023 	644.323975 
20.100000 	122.800003 	639.000000 	637.861023 	644.323975 
20.200000 	122.800003 	639.000000 	637.861023 	644.323975 
20.300000 	122.800003 	639.000000 	637.861023 	644.323975 
20.400000 	122.800003 	639.000000 	637.861023 	644.323975 
20.500000 	122.835999 	639.000000 	637.859985 	644.336975 
20.600000 	122.835999 	639.000000 	637.859985 	644.336975 
20.700000 	122.835999 	639.000000 	637.859985 	644.336975 
20.800000 	122.835999 	639.000000 	637.859985 	644.336975 
20.900000 	122.835999 	639.000000 	637.859985 	644.336975 
21.000000 	122.835999 	639.000000 	637.859985 	644.336975 
21.100000 	122.835999 	639.000000 	637.859985 	644.336975 
21.200000 	122.835999 	639.000000 	637.859985 	644.336975 
21.300000 	122.835999 	639.000000 	637.859985 	644.336975 
21.400000 	122.835999 	639.000000 	637.859985 	644.336975 
21.500000 	122.867996 	639.000000 	637.859985 	644.351013 
21.600000 	122.867996 	639.000000 	637.859985 	644.351013 
21.700000 	122.867996 	639.000000 	637.859985 	644.351013 
21.800000 	122.867996 	639.000000 	637.859985 	644.351013 
21.900000 	122.867996 	639.000000 	637.859985 	644.351013 
22.000000 	122.867996 	639.000000 	637.859985 	644.351013 
22.100000 	122.867996 	639.000000 	637.859985 	644.351013 
22.200000 	122.867996 	639.000000 	637.859985 	644.351013 
22.300000 	122.867996 	639.000000 	637.859985 	644.351013 
22.400000 	122.867996 	639.000000 	637.859985 	644.351013 
22.500000 	122.897003 	639.000000 	637.859009 	644.364990 
22.600000 	122.897003 	639.000000 	637.859009 	644.364990 
22.700000 	122.897003 	639.000000 	637.859009 	644.364990 
22.800000 	122.897003 	639.000000 	637.859009 	644.364990 
22.900000 	122.897003 	639.000000 	637.859009 	644.364990 
23.000000 	122.897003 	639.000000 	637.859009 	644.364990 
23.100000 	122.897003 	639.000000 	637.859009 	644.364990 
23.200000 	122.897003 	639.000000 	637.859009 	644.364990 
23.300000 	122.897003 	639.000000 	637.859009 	644.364990 
23.400000 	122.897003 	639.000000 	637.859009 	644.364990 
23.500000 	122.921997 	639.000000 	637.857971 	644.377991 
23.600000 	122.921997 	639.000000 	637.857971 	644.377991 
23.700000 	122.921997 	639.000000 	637.857971 	644.377991 
23.800000 	122.921997 	639.000000 	637.857971 	644.377991 
23.900000 	122.921997 	639.000000 	637.857971 	644.377991 
24.000000 	122.921997 	639.000000 	637.857971 	644.377991 
24.100000 	122.921997 	639.000000 	637.857971 	644.377991 
24.200000 	122.921997 	639.000000 	637.857971 	644.377991 
24.300000 	122.921997 	639.000000 	637.857971 	644.377991 
24.400000 	122.921997 	639.000000 	637.857971 	644.377991 
24.500000 	122.945000 	639.000000 	637.857971 	644.392029 
24.600000 	122.945000 	639.000000 	637.857971 	644.392029 
24.700000 	122.945000 	639.000000 	637.857971 	644.392029 
24.800000 	122.945000 	639.000000 	637.857971 	644.392029 
24.900000 	122.945000 	639.000000 	637.857971 	644.392029 
25.000000 	122.945000 	639.000000 	637.857971 	644.392029 
25.100000 	122.945000 	639.000000 	637.857971 	644.392029 
25.200000 	122.945000 	639.000000 	637.857971 	644.392029 
25.300000 	122.945000 	639.000000 	637.857971 	644.392029 
25.400000 	122.945000 	639.000000 	637.857971 	644.392029 
25.500000 	122.967003 	639.000000 	637.856995 	644.406006 
25.600000 	122.967003 	639.000000 	637.856995 	644.406006 
25.700000 	122.967003 	639.000000 	637.856995 	644.406006 
25.800000 	122.967003 	639.000000 	637.856995 	644.406006 
25.900000 	122.967003 	639.000000 	637.856995 	644.406006 
26.000000 	122.967003 	639.000000 	637.856995 	644.406006 
26.100000 	122.967003 	639.000000 	637.856995 	644.406006 
26.200000 	122.967003 	639.000000 	637.856995 	644.406006 
26.300000 	122.967003 	639.000000 	637.856995 	644.406006 
26.400000 	122.967003 	639.000000 	637.856995 	644.406006 
26.500000 	122.986000 	639.000000 	637.856018 	644.419983 
26.600000 	122.986000 	639.000000 	637.856018 	644.419983 
26.700000 	122.986000 	639.000000 	637.856018 	644.419983 
26.800000 	122.986000 	639.000000 	637.856018 	644.419983 
26.900000 	122.986000 	639.000000 	637.856018 	644.419983 
27.000000 	122.986000 	639.000000 	637.856018 	644.419983 
27.100000 	122.986000 	639.000000 	637.856018 	644.419983 
27.200000 	122.986000 	639.000000 	637.856018 	644.419983 
27.300000 	122.986000 	639.000000 	637.856018 	644.419983 
27.400000 	122.986000 	639.000000 	637.856018 	644.419983 
27.500000 	123.003998 	639.000000 	637.854980 	644.432983 
27.600000 	123.003998 	639.000000 	637.854980 	644.432983 
27.700000 	123.003998 	639.000000 	637.854980 	644.432983 
27.800000 	123.003998 	639.000000 	637.854980 	644.432983 
27.900000 	123.003998 	639.000000 	637.854980 	644.432983 
28.000000 	123.003998 	639.000000 	637.854980 	644.432983 
28.100000 	123.003998 	639.000000 	637.854980 	644.432983 
28.200000 	123.003998 	639.000000 	637.854980 	644.432983 
28.300000 	123.003998 	639.000000 	637.854980 	644.432983 
28.400000 	123.003998 	639.000000 	637.854980 	644.432983 
28.500000 	123.019997 	639.000000 	637.854004 	644.447021 
28.600000 	123.019997 	639.000000 	637.854004 	644.447021 
28.700000 	123.019997 	639.000000 	637.854004 	644.447021 
28.800000 	123.019997 	639.000000 	637.854004 	644.447021 
28.900000 	123.019997 	639.000000 	637.854004 	644.447021 
29.000000 	123.019997 	639.000000 	637.854004 	644.447021 
29.100000 	123.019997 	639.000000 	637.854004 	644.447021 
29.200000 	123.019997 	639.000000 	637.854004 	644.447021 
29.300000 	123.019997 	639.000000 	637.854004 	644.447021 
29.400000 	123.019997 	639.000000 	637.854004 	644.447021 
29.500000 	123.036003 	639.000000 	637.853027 	644.460999 
29.600000 	123.036003 	639.000000 	637.853027 	644.460999 
29.700000 	123.036003 	639.000000 	637.853027 	644.460999 
29.800000 	123.036003 	639.000000 	637.853027 	644.460999 
29.900000 	123.036003 	639.000000 	637.853027 	644.460999 
30.000000 	123.036003 	639.000000 	637.853027 	644.460999 
30.100000 	123.036003 	639.000000 	637.853027 	644.460999 
30.200000 	123.036003 	639.000000 	637.853027 	644.460999 
30.300000 	123.036003 	639.000000 	637.853027 	644.460999 
30.400000 	123.036003 	639.000000 	637.853027 	644.460999 
30.500000 	123.050003 	639.000000 	637.851990 	644.473999 
30.600000 	123.050003 	639.000000 	637.851990 	644.473999 
30.700000 	123.050003 	639.000000 	637.851990 	644.473999 
30.800000 	123.050003 	639.000000 	637.851990 	644.473999 
30.900000 	123.050003 	639.000000 	637.851990 	644.473999 
31.000000 	123.050003 	639.000000 	637.851990 	644.473999 
31.100000 	123.050003 	639.000000 	637.851990 	644.473999 
31.200000 	123.050003 	639.000000 	637.851990 	644.473999 
31.300000 	123.050003 	639.000000 	637.851990 	644.473999 
31.400000 	123.050003 	639.000000 	637.851990 	644.473999 
31.500000 	123.064003 	639.000000 	637.851013 	644.487976 
31.600000 	123.064003 	639.000000 	637.851013 	644.487976 
31.700000 	123.064003 	639.000000 	637.851013 	644.487976 
31.800000 	123.064003 	639.000000 	637.851013 	644.487976 
31.900000 	123.064003 	639.000000 	637.851013 	644.487976 
32.000000 	123.064003 	639.000000 	637.851013 	644.487976 
32.100000 	123.064003 	639.000000 	637.851013 	644.487976 
32.200000 	123.064003 	639.000000 	637.851013 	644.487976 
32.300000 	123.064003 	639.000000 	637.851013 	644.487976 
32.400000 	123.064003 	639.000000 	637.851013 	644.487976 
32.500000 	123.075996 	639.000000 	637.848999 	644.500977 
32.600000 	123.075996 	639.000000 	637.848999 	644.500977 
32.700000 	123.075996 	639.000000 	637.848999 	644.500977 
32.800000 	123.075996 	639.000000 	637.848999 	644.500977 
32.900000 	123.075996 	639.000000 	637.848999 	644.500977 
33.000000 	123.075996 	639.000000 	637.848999 	644.500977 
33.100000 	123.075996 	639.000000 	637.848999 	644.500977 
33.200000 	123.075996 	639.000000 	637.848999 	644.500977 
33.300000 	123.075996 	639.000000 	637.848999 	644.500977 
33.400000 	123.075996 	639.000000 	637.848999 	644.500977 
33.500000 	123.087997 	639.000000 	637.848022 	644.513977 
33.600000 	123.087997 	639.000000 	637.848022 	644.513977 
33.700000 	123.087997 	639.000000 	637.848022 	644.513977 
33.800000 	123.087997 	639.000000 	637.848022 	644.513977 
33.900000 	123.087997 	639.000000 	637.848022 	644.513977 
34.000000 	123.087997 	639.000000 	637.848022 	644.513977 
34.100000 	123.087997 	639.000000 	637.848022 	644.513977 
34.200000 	123.087997 	639.000000 	637.848022 	644.513977 
34.300000 	123.087997 	639.000000 	637.848022 	644.513977 
34.400000 	123.087997 	639.000000 	637.848022 	644.513977 
34.500000 	123.099998 	639.000000 	637.846008 	644.528015 
34.600000 	123.099998 	639.000000 	637.846008 	644.528015 
34.700000 	123.099998 	639.000000 	637.846008 	644.528015 
34.800000 	123.099998 	639.000000 	637.846008 	644.528015 
34.900000 	123.099998 	639.000000 	637.846008 	644.528015 
35.000000 	123.099998 	639.000000 	637.846008 	644.528015 
35.100000 	123.099998 	639.000000 	637.846008 	644.528015 
35.200000 	123.099998 	639.000000 	637.846008 	644.528015 
35.300000 	123.099998 	639.000000 	637.846008 	644.528015 
35.400000 	123.099998 	639.000000 	637.846008 	644.528015 
35.500000 	123.110001 	639.000000 	637.843994 	644.539978 
35.600000 	123.110001 	639.000000 	637.843994 	644.539978 
35.700000 	123.110001 	639.000000 	637.843994 	644.539978 
35.800000 	123.110001 	639.000000 	637.843994 	644.539978 
35.900000 	123.110001 	639.000000 	637.843994 	644.539978 
36.000000 	123.110001 	639.000000 	637.843994 	644.539978 
36.100000 	123.110001 	639.000000 	637.843994 	644.539978 
36.200000 	123.110001 	639.000000 	637.843994 	644.539978 
36.300000 	123.110001 	639.000000 	637.843994 	644.539978 
36.400000 	123.110001 	639.000000 	637.843994 	644.539978 
36.500000 	123.121002 	639.000000 	637.841980 	644.552979 
36.600000 	123.121002 	639.000000 	637.841980 	644.552979 
36.700000 	123.121002 	639.000000 	637.841980 	644.552979 
36.800000 	123.121002 	639.000000 	637.841980 	644.552979 
36.900000 	123.121002 	639.000000 	637.841980 	644.552979 
37.000000 	123.121002 	639.000000 	637.841980 	644.552979 
37.100000 	123.121002 	639.000000 	637.841980 	644.552979 
37.200000 	123.121002 	639.000000 	637.841980 	644.552979 
37.300000 	123.121002 	639.000000 	637.841980 	644.552979 
37.400000 	123.121002 	639.000000 	637.841980 	644.552979 
37.500000 	123.130997 	639.000000 	637.838989 	644.565979 
37.600000 	123.130997 	639.000000 	637.838989 	644.565979 
37.700000 	123.130997 	639.000000 	637.838989 	644.565979 
37.800000 	123.130997 	639.000000 	637.838989 	644.565979 
37.900000 	123.130997 	639.000000 	637.838989 	644.565979 
38.000000 	123.130997 	639.000000 	637.838989 	644.565979 
38.100000 	123.130997 	639.000000 	637.838989 	644.565979 
38.200000 	123.130997 	639.000000 	637.838989 	644.565979 
38.300000 	123.130997 	639.000000 	637.838989 	644.565979 
38.400000 	123.130997 	639.000000 	637.838989 	644.565979 
38.500000 	123.139999 	639.000000 	637.836975 	644.578003 
38.600000 	123.139999 	639.000000 	637.836975 	644.578003 
38.700000 	123.139999 	639.000000 	637.836975 	644.578003 
38.800000 	123.139999 	639.000000 	637.836975 	644.578003 
38.900000 	123.139999 	639.000000 	637.836975 	644.578003 
39.000000 	123.139999 	639.000000 	637.836975 	644.578003 
39.100000 	123.139999 	639.000000 	637.836975 	644.578003 
39.200000 	123.139999 	639.000000 	637.836975 	644.578003 
39.300000 	123.139999 	639.000000 	637.836975 	644.578003 
39.400000 	123.139999 	639.000000 	637.836975 	644.578003 
39.500000 	123.149002 	639.000000 	637.833984 	644.590027 
39.600000 	123.149002 	639.000000 	637.833984 	644.590027 
39.700000 	123.149002 	639.000000 	637.833984 	644.590027 
39.800000 	123.149002 	639.000000 	637.833984 	644.590027 
39.900000 	123.149002 	639.000000 	637.833984 	644.590027 
40.000000 	123.149002 	639.000000 	637.833984 	644.590027 
40.100000 	123.149002 	639.000000 	637.833984 	644.590027 
40.200000 	123.149002 	639.000000 	637.833984 	644.590027 
40.300000 	123.149002 	639.000000 	637.833984 	644.590027 
40.400000 	123.149002 	639.000000 	637.833984 	644.590027 
40.500000 	123.157997 	639.000000 	637.827026 	644.598022 
40.600000 	123.157997 	639.000000 	637.827026 	644.598022 
40.700000 	123.157997 	639.000000 	637.827026 	644.598022 
40.800000 	123.157997 	639.000000 	637.827026 	644.598022 
40.900000 	123.157997 	639.000000 	637.827026 	644.598022 
41.000000 	123.157997 	639.000000 	637.827026 	644.598022 
41.100000 	123.157997 	639.000000 	637.827026 	644.598022 
41.200000 	123.157997 	639.000000 	637.827026 	644.598022 
41.300000 	123.157997 	639.000000 	637.827026 	644.598022 
41.400000 	123.157997 	639.000000 	637.827026 	644.598022 
41.500000 	123.166000 	639.000000 	637.822021 	644.607971 
41.600000 	123.166000 	639.000000 	637.822021 	644.607971 
41.700000 	123.166000 	639.000000 	637.822021 	644.607971 
41.800000 	123.166000 	639.000000 	637.822021 	644.607971 
41.900000 	123.166000 	639.000000 	637.822021 	644.607971 
42.000000 	123.166000 	639.000000 	637.822021 	644.607971 
42.100000 	123.166000 	639.000000 	637.822021 	644.607971 
42.200000 	123.166000 	639.000000 	637.822021 	644.607971 
42.300000 	123.166000 	639.000000 	637.822021 	644.607971 
42.400000 	123.166000 	639.000000 	637.822021 	644.607971 
42.500000 	123.174004 	639.000000 	637.817993 	644.617981 
42.600000 	123.174004 	639.000000 	637.817993 	644.617981 
42.700000 	123.174004 	639.000000 	637.817993 	644.617981 
42.800000 	123.174004 	639.000000 	637.817993 	644.617981 
42.900000 	123.174004 	639.000000 	637.817993 	644.617981 
43.000000 	123.174004 	639.000000 	637.817993 	644.617981 
43.100000 	123.174004 	639.000000 	637.817993 	644.617981 
43.200000 	123.174004 	639.000000 	637.817993 	644.617981 
43.300000 	123.174004 	639.000000 	637.817993 	644.617981 
43.400000 	123.174004 	639.000000 	637.817993 	644.617981 
43.500000 	123.181999 	639.000000 	637.812988 	644.629028 
43.600000 	123.181999 	639.000000 	637.812988 	644.629028 
43.700000 	123.181999 	639.000000 	637.812988 	644.629028 
43.800000 	123.181999 	639.000000 	637.812988 	644.629028 
43.900000 	123.181999 	639.000000 	637.812988 	644.629028 
44.000000 	123.181999 	639.000000 	637.812988 	644.629028 
44.100000 	123.181999 	639.000000 	637.812988 	644.629028 
44.200000 	123.181999 	639.000000 	637.812988 	644.629028 
44.300000 	123.181999 	639.000000 	637.812988 	644.629028 
44.400000 	123.181999 	639.000000 	637.812988 	644.629028 
44.500000 	123.189003 	639.000000 	637.809021 	644.638977 
44.600000 	123.189003 	639.000000 	637.809021 	644.638977 
44.700000 	123.189003 	639.000000 	637.809021 	644.638977 
44.800000 	123.189003 	639.000000 	637.809021 	644.638977 
44.900000 	123.189003 	639.000000 	637.809021 	644.638977 
45.000000 	123.189003 	639.000000 	637.809021 	644.638977 
45.100000 	123.189003 	639.000000 	637.809021 	644.638977 
45.200000 	123.189003 	639.000000 	637.809021 	644.638977 
45.300000 	123.189003 	639.000000 	637.809021 	644.638977 
45.400000 	123.189003 	639.000000 	637.809021 	644.638977 
45.500000 	123.196999 	639.000000 	637.804016 	644.648987 
45.600000 	123.196999 	639.000000 	637.804016 	644.648987 
45.700000 	123.196999 	639.000000 	637.804016 	644.648987 
45.800000 	123.196999 	639.000000 	637.804016 	644.648987 
45.900000 	123.196999 	639.000000 	637.804016 	644.648987 
46.000000 	123.196999 	639.000000 	637.804016 	644.648987 
46.100000 	123.196999 	639.000000 	637.804016 	644.648987 
46.200000 	123.196999 	639.000000 	637.804016 	644.648987 
46.300000 	123.196999 	639.000000 	637.804016 	644.648987 
46.400000 	123.196999 	639.000000 	637.804016 	644.648987 
46.500000 	123.204002 	639.000000 	637.799988 	644.658997 
46.600000 	123.204002 	639.000000 	637.799988 	644.658997 
46.700000 	123.204002 	639.000000 	637.799988 	644.658997 
46.800000 	123.204002 	639.000000 	637.799988 	644.658997 
46.900000 	123.204002 	639.000000 	637.799988 	644.658997 
47.000000 	123.204002 	639.000000 	637.799988 	644.658997 
47.100000 	123.204002 	639.000000 	637.799988 	644.658997 
47.200000 	123.204002 	639.000000 	637.799988 	644.658997 
47.300000 	123.204002 	639.000000 	637.799988 	644.658997 
47.400000 	123.204002 	639.000000 	637.799988 	644.658997 
47.500000 	123.210999 	639.000000 	637.794983 	644.668030 
47.600000 	123.210999 	639.000000 	637.794983 	644.668030 
47.700000 	123.210999 	639.000000 	637.794983 	644.668030 
47.800000 	123.210999 	639.000000 	637.794983 	644.668030 
47.900000 	123.210999 	639.000000 	637.794983 	644.668030 
48.000000 	123.210999 	639.000000 	637.794983 	644.668030 
48.100000 	123.210999 	639.000000 	637.794983 	644.668030 
48.200000 	123.210999 	639.000000 	637.794983 	644.668030 
48.300000 	123.210999 	639.000000 	637.794983 	644.668030 
48.400000 	123.210999 	639.000000 	637.794983 	644.668030 
48.500000 	123.218002 	639.000000 	637.789978 	644.677979 
48.600000 	123.218002 	639.000000 	637.789978 	644.677979 
48.700000 	123.218002 	639.000000 	637.789978 	644.677979 
48.800000 	123.218002 	639.000000 	637.789978 	644.677979 
48.900000 	123.218002 	639.000000 	637.789978 	644.677979 
49.000000 	123.218002 	639.000000 	637.789978 	644.677979 
49.100000 	123.218002 	639.000000 	637.789978 	644.677979 
49.200000 	123.218002 	639.000000 	637.789978 	644.677979 
49.300000 	123.218002 	639.000000 	637.789978 	644.677979 
49.400000 	123.218002 	639.000000 	637.789978 	644.677979 
49.500000 	123.223999 	639.000000 	637.784973 	644.687012 
49.600000 	123.223999 	639.000000 	637.784973 	644.687012 
49.700000 	123.223999 	639.000000 	637.784973 	644.687012 
49.800000 	123.223999 	639.000000 	637.784973 	644.687012 
49.900000 	123.223999 	639.000000 	637.784973 	644.687012 
50.000000 	123.223999 	639.000000 	637.784973 	644.687012 
50.100000 	123.223999 	639.000000 	637.784973 	644.687012 
50.200000 	123.223999 	639.000000 	637.784973 	644.687012 
50.300000 	123.223999 	639.000000 	637.784973 	644.687012 
50.400000 	123.223999 	639.000000 	637.784973 	644.687012 
50.500000 	123.231003 	639.000000 	637.780029 	1006.030029 
50.600000 	123.231003 	639.000000 	637.780029 	1006.030029 
50.700000 	123.231003 	639.000000 	637.780029 	1006.030029 
50.800000 	123.231003 	639.000000 	637.780029 	1006.030029 
50.900000 	123.231003 	639.000000 	637.780029 	1006.030029 
51.000000 	123.231003 	639.000000 	637.780029 	1006.030029 
51.100000 	123.231003 	639.000000 	637.780029 	1006.030029 
51.200000 	123.231003 	639.000000 	637.780029 	1006.030029 
51.300000 	123.231003 	639.000000 	637.780029 	1006.030029 
51.400000 	123.231003 	639.000000 	637.780029 	1006.030029 
51.500000 	123.237000 	639.000000 	637.773987 	1006.030029 
51.600000 	123.237000 	639.000000 	637.773987 	1006.030029 
51.700000 	123.237000 	639.000000 	637.773987 	1006.030029 
51.800000 	123.237000 	639.000000 	637.773987 	1006.030029 
51.900000 	123.237000 	639.000000 	637.773987 	1006.030029 
52.000000 	123.237000 	639.000000 	637.773987 	1006.030029 
52.100000 	123.237000 	639.000000 	637.773987 	1006.030029 
52.200000 	123.237000 	639.000000 	637.773987 	1006.030029 
52.300000 	123.237000 	639.000000 	637.773987 	1006.030029 
52.400000 	123.237000 	639.000000 	637.773987 	1006.030029 
52.500000 	123.242996 	639.000000 	637.768982 	1006.030029 
52.600000 	123.242996 	639.000000 	637.768982 	1006.030029 
52.700000 	123.242996 	639.000000 	637.768982 	1006.030029 
52.800000 	123.242996 	639.000000 	637.768982 	1006.030029 
52.900000 	123.242996 	639.000000 	637.768982 	1006.030029 
53.000000 	123.242996 	639.000000 	637.768982 	1006.030029 
53.100000 	123.242996 	639.000000 	637.768982 	1006.030029 
53.200000 	123.242996 	639.000000 	637.768982 	1006.030029 
53.300000 	123.242996 	639.000000 	637.768982 	1006.030029 
53.400000 	123.242996 	639.000000 	637.768982 	1006.030029 
53.500000 	123.249001 	639.000000 	637.763000 	1006.030029 
53.600000 	123.249001 	639.000000 	637.763000 	1006.030029 
53.700000 	123.249001 	639.000000 	637.763000 	1006.030029 
53.800000 	123.249001 	639.000000 	637.763000 	1006.030029 
53.900000 	123.249001 	639.000000 	637.763000 	1006.030029 
54.000000 	123.249001 	639.000000 	637.763000 	1006.030029 
54.100000 	123.249001 	639.000000 	637.763000 	1006.030029 
54.200000 	123.249001 	639.000000 	637.763000 	1006.030029 
54.300000 	123.249001 	639.000000 	637.763000 	1006.030029 
54.400000 	123.249001 	639.000000 	637.763000 	1006.030029 
54.500000 	123.254997 	639.000000 	637.757019 	1006.030029 
54.600000 	123.254997 	639.000000 	637.757019 	1006.030029 
54.700000 	123.254997 	639.000000 	637.757019 	1006.030029 
54.800000 	123.254997 	639.000000 	637.757019 	1006.030029 
54.900000 	123.254997 	639.000000 	637.757019 	1006.030029 
55.000000 	123.254997 	639.000000 	637.757019 	1006.030029 
55.100000 	123.254997 	639.000000 	637.757019 	1006.030029 
55.200000 	123.254997 	639.000000 	637.757019 	1006.030029 
55.300000 	123.254997 	639.000000 	637.757019 	1006.030029 
55.400000 	123.254997 	639.000000 	637.757019 	1006.030029 
55.500000 	123.261002 	639.000000 	637.750977 	1006.030029 
55.600000 	123.261002 	639.000000 	637.750977 	1006.030029 
55.700000 	123.261002 	639.000000 	637.750977 	1006.030029 
55.800000 	123.261002 	639.000000 	637.750977 	1006.030029 
55.900000 	123.261002 	639.000000 	637.750977 	1006.030029 
56.000000 	123.261002 	639.000000 	637.750977 	1006.030029 
56.100000 	123.261002 	639.000000 	637.750977 	1006.030029 
56.200000 	123.261002 	639.000000 	637.750977 	1006.030029 
56.300000 	123.261002 	639.000000 	637.750977 	1006.030029 
56.400000 	123.261002 	639.000000 	637.750977 	1006.030029 
56.500000 	123.265999 	639.000000 	637.744019 	1006.030029 
56.600000 	123.265999 	639.000000 	637.744019 	1006.030029 
56.700000 	123.265999 	639.000000 	637.744019 	1006.030029 
56.800000 	123.265999 	639.000000 	637.744019 	1006.030029 
56.900000 	123.265999 	639.000000 	637.744019 	1006.030029 
57.000000 	123.265999 	639.000000 	637.744019 	1006.030029 
57.100000 	123.265999 	639.000000 	637.744019 	1006.030029 
57.200000 	123.265999 	639.000000 	637.744019 	1006.030029 
57.300000 	123.265999 	639.000000 	637.744019 	1006.030029 
57.400000 	123.265999 	639.000000 	637.744019 	1006.030029 
57.500000 	123.272003 	639.000000 	637.737976 	1006.030029 
57.600000 	123.272003 	639.000000 	637.737976 	1006.030029 
57.700000 	123.272003 	639.000000 	637.737976 	1006.030029 
57.800000 	123.272003 	639.000000 	637.737976 	1006.030029 
57.900000 	123.272003 	639.000000 	637.737976 	1006.030029 
58.000000 	123.272003 	639.000000 	637.737976 	1006.030029 
58.100000 	123.272003 	639.000000 	637.737976 	1006.030029 
58.200000 	123.272003 	639.000000 	637.737976 	1006.030029 
58.300000 	123.272003 	639.000000 	637.737976 	1006.030029 
58.400000 	123.272003 	639.000000 	637.737976 	1006.030029 
58.500000 	123.277000 	639.000000 	637.731018 	1006.030029 
58.600000 	123.277000 	639.000000 	637.731018 	1006.030029 
58.700000 	123.277000 	639.000000 	637.731018 	1006.030029 
58.800000 	123.277000 	639.000000 	637.731018 	1006.030029 
58.900000 	123.277000 	639.000000 	637.731018 	1006.030029 
59.000000 	123.277000 	639.000000 	637.731018 	1006.030029 
59.100000 	123.277000 	639.000000 	637.731018 	1006.030029 
59.200000 	123.277000 	639.000000 	637.731018 	1006.030029 
59.300000 	123.277000 	639.000000 	637.731018 	1006.030029 
59.400000 	123.277000 	639.000000 	637.731018 	1006.030029 
59.500000 	123.282997 	639.000000 	637.723999 	1006.030029 
59.600000 	123.282997 	639.000000 	637.723999 	1006.030029 
59.700000 	123.282997 	639.000000 	637.723999 	1006.030029 
59.800000 	123.282997 	639.000000 	637.723999 	1006.030029 
59.900000 	123.282997 	639.000000 	637.723999 	1006.030029 
60.000000 	123.282997 	639.000000 	637.723999 	1006.030029 
