0.500000 	85.873901 	238.000000 	267.522003 	245.809006 
0.600000 	85.873901 	238.000000 	267.522003 	245.809006 
0.700000 	85.873901 	238.000000 	267.522003 	245.809006 
0.800000 	85.873901 	238.000000 	267.522003 	245.809006 
0.900000 	85.873901 	238.000000 	267.522003 	245.809006 
1.000000 	85.873901 	238.000000 	267.522003 	245.809006 
1.100000 	85.873901 	238.000000 	267.522003 	245.809006 
1.200000 	85.873901 	238.000000 	267.522003 	245.809006 
1.300000 	85.873901 	238.000000 	267.522003 	245.809006 
1.400000 	85.873901 	238.000000 	267.522003 	245.809006 
1.500000 	95.968498 	238.000000 	252.602005 	249.496994 
1.600000 	95.968498 	238.000000 	252.602005 	249.496994 
1.700000 	95.968498 	238.000000 	252.602005 	249.496994 
1.800000 	95.968498 	238.000000 	252.602005 	249.496994 
1.900000 	95.968498 	238.000000 	252.602005 	249.496994 
2.000000 	95.968498 	238.000000 	252.602005 	249.496994 
2.100000 	95.968498 	238.000000 	252.602005 	249.496994 
2.200000 	95.968498 	238.000000 	252.602005 	249.496994 
2.300000 	95.968498 	238.000000 	252.602005 	249.496994 
2.400000 	95.968498 	238.000000 	252.602005 	249.496994 
2.500000 	107.389999 	238.000000 	245.770004 	250.158005 
2.600000 	107.389999 	238.000000 	245.770004 	250.158005 
2.700000 	107.389999 	238.000000 	245.770004 	250.158005 
2.800000 	107.389999 	238.000000 	245.770004 	250.158005 
2.900000 	107.389999 	238.000000 	245.770004 	250.158005 
3.000000 	107.389999 	238.000000 	245.770004 	250.158005 
3.100000 	107.389999 	238.000000 	245.770004 	250.158005 
3.200000 	107.389999 	238.000000 	245.770004 	250.158005 
3.300000 	107.389999 	238.000000 	245.770004 	250.158005 
3.400000 	107.389999 	238.000000 	245.770004 	250.158005 
3.500000 	113.278999 	238.000000 	242.363998 	250.404999 
3.600000 	113.278999 	238.000000 	242.363998 	250.404999 
3.700000 	113.278999 	238.000000 	242.363998 	250.404999 
3.800000 	113.278999 	238.000000 	242.363998 	250.404999 
3.900000 	113.278999 	238.000000 	242.363998 	250.404999 
4.000000 	113.278999 	238.000000 	242.363998 	250.404999 
4.100000 	113.278999 	238.000000 	242.363998 	250.404999 
4.200000 	113.278999 	238.000000 	242.363998 	250.404999 
4.300000 	113.278999 	238.000000 	242.363998 	250.404999 
4.400000 	113.278999 	238.000000 	242.363998 	250.404999 
4.500000 	116.473000 	238.000000 	240.516006 	250.535004 
4.600000 	116.473000 	238.000000 	240.516006 	250.535004 
4.700000 	116.473000 	238.000000 	240.516006 	250.535004 
4.800000 	116.473000 	238.000000 	240.516006 	250.535004 
4.900000 	116.473000 	238.000000 	240.516006 	250.535004 
5.000000 	116.473000 	238.000000 	240.516006 	250.535004 
5.100000 	116.473000 	238.000000 	240.516006 	250.535004 
5.200000 	116.473000 	238.000000 	240.516006 	250.535004 
5.300000 	116.473000 	238.000000 	240.516006 	250.535004 
5.400000 	116.473000 	238.000000 	240.516006 	250.535004 
5.500000 	118.356003 	238.000000 	239.427002 	250.621002 
5.600000 	118.356003 	238.000000 	239.427002 	250.621002 
5.700000 	118.356003 	238.000000 	239.427002 	250.621002 
5.800000 	118.356003 	238.000000 	239.427002 	250.621002 
5.900000 	118.356003 	238.000000 	239.427002 	250.621002 
6.000000 	118.356003 	238.000000 	239.427002 	250.621002 
6.100000 	118.356003 	238.000000 	239.427002 	250.621002 
6.200000 	118.356003 	238.000000 	239.427002 	250.621002 
6.300000 	118.356003 	238.000000 	239.427002 	250.621002 
6.400000 	118.356003 	238.000000 	239.427002 	250.621002 
6.500000 	119.547997 	238.000000 	238.740005 	250.686996 
6.600000 	119.547997 	238.000000 	238.740005 	250.686996 
6.700000 	119.547997 	238.000000 	238.740005 	250.686996 
6.800000 	119.547997 	238.000000 	238.740005 	250.686996 
6.900000 	119.547997 	238.000000 	238.740005 	250.686996 
7.000000 	119.547997 	238.000000 	238.740005 	250.686996 
7.100000 	119.547997 	238.000000 	238.740005 	250.686996 
7.200000 	119.547997 	238.000000 	238.740005 	250.686996 
7.300000 	119.547997 	238.000000 	238.740005 	250.686996 
7.400000 	119.547997 	238.000000 	238.740005 	250.686996 
7.500000 	120.347000 	238.000000 	238.281998 	250.744003 
7.600000 	120.347000 	238.000000 	238.281998 	250.744003 
7.700000 	120.347000 	238.000000 	238.281998 	250.744003 
7.800000 	120.347000 	238.000000 	238.281998 	250.744003 
7.900000 	120.347000 	238.000000 	238.281998 	250.744003 
8.000000 	120.347000 	238.000000 	238.281998 	250.744003 
8.100000 	120.347000 	238.000000 	238.281998 	250.744003 
8.200000 	120.347000 	238.000000 	238.281998 	250.744003 
8.300000 	120.347000 	238.000000 	238.281998 	250.744003 
8.400000 	120.347000 	238.000000 	238.281998 	250.744003 
8.500000 	120.907997 	238.000000 	237.962997 	250.794998 
8.600000 	120.907997 	238.000000 	237.962997 	250.794998 
8.700000 	120.907997 	238.000000 	237.962997 	250.794998 
8.800000 	120.907997 	238.000000 	237.962997 	250.794998 
8.900000 	120.907997 	238.000000 	237.962997 	250.794998 
9.000000 	120.907997 	238.000000 	237.962997 	250.794998 
9.100000 	120.907997 	238.000000 	237.962997 	250.794998 
9.200000 	120.907997 	238.000000 	237.962997 	250.794998 
9.300000 	120.907997 	238.000000 	237.962997 	250.794998 
9.400000 	120.907997 	238.000000 	237.962997 	250.794998 
9.500000 	121.317001 	238.000000 	237.731995 	250.843994 
9.600000 	121.317001 	238.000000 	237.731995 	250.843994 
9.700000 	121.317001 	238.000000 	237.731995 	250.843994 
9.800000 	121.317001 	238.000000 	237.731995 	250.843994 
9.900000 	121.317001 	238.000000 	237.731995 	250.843994 
10.000000 	121.317001 	238.000000 	237.731995 	250.843994 
10.100000 	121.317001 	238.000000 	237.731995 	250.843994 
10.200000 	121.317001 	238.000000 	237.731995 	250.843994 
10.300000 	121.317001 	238.000000 	237.731995 	250.843994 
10.400000 	121.317001 	238.000000 	237.731995 	250.843994 
10.500000 	121.624001 	238.000000 	237.561005 	250.893005 
10.600000 	121.624001 	238.000000 	237.561005 	250.893005 
10.700000 	121.624001 	238.000000 	237.561005 	250.893005 
10.800000 	121.624001 	238.000000 	237.561005 	250.893005 
10.900000 	121.624001 	238.000000 	237.561005 	250.893005 
11.000000 	121.624001 	238.000000 	237.561005 	250.893005 
11.100000 	121.624001 	238.000000 	237.561005 	250.893005 
11.200000 	121.624001 	238.000000 	237.561005 	250.893005 
11.300000 	121.624001 	238.000000 	237.561005 	250.893005 
11.400000 	121.624001 	238.000000 	237.561005 	250.893005 
11.500000 	121.861000 	238.000000 	237.431000 	250.940994 
11.600000 	121.861000 	238.000000 	237.431000 	250.940994 
11.700000 	121.861000 	238.000000 	237.431000 	250.940994 
11.800000 	121.861000 	238.000000 	237.431000 	250.940994 
11.900000 	121.861000 	238.000000 	237.431000 	250.940994 
12.000000 	121.861000 	238.000000 	237.431000 	250.940994 
12.100000 	121.861000 	238.000000 	237.431000 	250.940994 
12.200000 	121.861000 	238.000000 	237.431000 	250.940994 
12.300000 	121.861000 	238.000000 	237.431000 	250.940994 
12.400000 	121.861000 	238.000000 	237.431000 	250.940994 
12.500000 	122.046997 	238.000000 	237.328995 	250.990005 
12.600000 	122.046997 	238.000000 	237.328995 	250.990005 
12.700000 	122.046997 	238.000000 	237.328995 	250.990005 
12.800000 	122.046997 	238.000000 	237.328995 	250.990005 
12.900000 	122.046997 	238.000000 	237.328995 	250.990005 
13.000000 	122.046997 	238.000000 	237.328995 	250.990005 
13.100000 	122.046997 	238.000000 	237.328995 	250.990005 
13.200000 	122.046997 	238.000000 	237.328995 	250.990005 
13.300000 	122.046997 	238.000000 	237.328995 	250.990005 
13.400000 	122.046997 	238.000000 	237.328995 	250.990005 
13.500000 	122.197998 	238.000000 	237.248993 	251.039993 
13.600000 	122.197998 	238.000000 	237.248993 	251.039993 
13.700000 	122.197998 	238.000000 	237.248993 	251.039993 
13.800000 	122.197998 	238.000000 	237.248993 	251.039993 
13.900000 	122.197998 	238.000000 	237.248993 	251.039993 
14.000000 	122.197998 	238.000000 	237.248993 	251.039993 
14.100000 	122.197998 	238.000000 	237.248993 	251.039993 
14.200000 	122.197998 	238.000000 	237.248993 	251.039993 
14.300000 	122.197998 	238.000000 	237.248993 	251.039993 
14.400000 	122.197998 	238.000000 	237.248993 	251.039993 
14.500000 	122.320999 	238.000000 	237.184006 	251.089996 
14.600000 	122.320999 	238.000000 	237.184006 	251.089996 
14.700000 	122.320999 	238.000000 	237.184006 	251.089996 
14.800000 	122.320999 	238.000000 	237.184006 	251.089996 
14.900000 	122.320999 	238.000000 	237.184006 	251.089996 
15.000000 	122.320999 	238.000000 	237.184006 	251.089996 
15.100000 	122.320999 	238.000000 	237.184006 	251.089996 
15.200000 	122.320999 	238.000000 	237.184006 	251.089996 
15.300000 	122.320999 	238.000000 	237.184006 	251.089996 
15.400000 	122.320999 	238.000000 	237.184006 	251.089996 
15.500000 	122.422997 	238.000000 	237.130997 	251.141006 
15.600000 	122.422997 	238.000000 	237.130997 	251.141006 
15.700000 	122.422997 	238.000000 	237.130997 	251.141006 
15.800000 	122.422997 	238.000000 	237.130997 	251.141006 
15.900000 	122.422997 	238.000000 	237.130997 	251.141006 
16.000000 	122.422997 	238.000000 	237.130997 	251.141006 
16.100000 	122.422997 	238.000000 	237.130997 	251.141006 
16.200000 	122.422997 	238.000000 	237.130997 	251.141006 
16.300000 	122.422997 	238.000000 	237.130997 	251.141006 
16.400000 	122.422997 	238.000000 	237.130997 	251.141006 
16.500000 	122.509003 	238.000000 	237.087006 	251.192993 
16.600000 	122.509003 	238.000000 	237.087006 	251.192993 
16.700000 	122.509003 	238.000000 	237.087006 	251.192993 
16.800000 	122.509003 	238.000000 	237.087006 	251.192993 
16.900000 	122.509003 	238.000000 	237.087006 	251.192993 
17.000000 	122.509003 	238.000000 	237.087006 	251.192993 
17.100000 	122.509003 	238.000000 	237.087006 	251.192993 
17.200000 	122.509003 	238.000000 	237.087006 	251.192993 
17.300000 	122.509003 	238.000000 	237.087006 	251.192993 
17.400000 	122.509003 	238.000000 	237.087006 	251.192993 
17.500000 	122.582001 	238.000000 	237.050003 	251.248001 
17.600000 	122.582001 	238.000000 	237.050003 	251.248001 
17.700000 	122.582001 	238.000000 	237.050003 	251.248001 
17.800000 	122.582001 	238.000000 	237.050003 	251.248001 
17.900000 	122.582001 	238.000000 	237.050003 	251.248001 
18.000000 	122.582001 	238.000000 	237.050003 	251.248001 
18.100000 	122.582001 	238.000000 	237.050003 	251.248001 
18.200000 	122.582001 	238.000000 	237.050003 	251.248001 
18.300000 	122.582001 	238.000000 	237.050003 	251.248001 
18.400000 	122.582001 	238.000000 	237.050003 	251.248001 
18.500000 	122.644997 	238.000000 	237.018997 	251.302002 
18.600000 	122.644997 	238.000000 	237.018997 	251.302002 
18.700000 	122.644997 	238.000000 	237.018997 	251.302002 
18.800000 	122.644997 	238.000000 	237.018997 	251.302002 
18.900000 	122.644997 	238.000000 	237.018997 	251.302002 
19.000000 	122.644997 	238.000000 	237.018997 	251.302002 
19.100000 	122.644997 	238.000000 	237.018997 	251.302002 
19.200000 	122.644997 	238.000000 	237.018997 	251.302002 
19.300000 	122.644997 	238.000000 	237.018997 	251.302002 
19.400000 	122.644997 	238.000000 	237.018997 	251.302002 
19.500000 	122.699997 	238.000000 	236.992996 	251.356995 
19.600000 	122.699997 	238.000000 	236.992996 	251.356995 
19.700000 	122.699997 	238.000000 	236.992996 	251.356995 
19.800000 	122.699997 	238.000000 	236.992996 	251.356995 
19.900000 	122.699997 	238.000000 	236.992996 	251.356995 
20.000000 	122.699997 	238.000000 	236.992996 	251.356995 
20.100000 	122.699997 	238.000000 	236.992996 	251.356995 
20.200000 	122.699997 	238.000000 	236.992996 	251.356995 
20.300000 	122.699997 	238.000000 	236.992996 	251.356995 
20.400000 	122.699997 	238.000000 	236.992996 	251.356995 
20.500000 	122.749001 	238.000000 	236.970001 	251.412003 
20.600000 	122.749001 	238.000000 	236.970001 	251.412003 
20.700000 	122.749001 	238.000000 	236.970001 	251.412003 
20.800000 	122.749001 	238.000000 	236.970001 	251.412003 
20.900000 	122.749001 	238.000000 	236.970001 	251.412003 
21.000000 	122.749001 	238.000000 	236.970001 	251.412003 
21.100000 	122.749001 	238.000000 	236.970001 	251.412003 
21.200000 	122.749001 	238.000000 	236.970001 	251.412003 
21.300000 	122.749001 	238.000000 	236.970001 	251.412003 
21.400000 	122.749001 	238.000000 	236.970001 	251.412003 
21.500000 	122.791000 	238.000000 	236.949997 	251.466995 
21.600000 	122.791000 	238.000000 	236.949997 	251.466995 
21.700000 	122.791000 	238.000000 	236.949997 	251.466995 
21.800000 	122.791000 	238.000000 	236.949997 	251.466995 
21.900000 	122.791000 	238.000000 	236.949997 	251.466995 
22.000000 	122.791000 	238.000000 	236.949997 	251.466995 
22.100000 	122.791000 	238.000000 	236.949997 	251.466995 
22.200000 	122.791000 	238.000000 	236.949997 	251.466995 
22.300000 	122.791000 	238.000000 	236.949997 	251.466995 
22.400000 	122.791000 	238.000000 	236.949997 	251.466995 
22.500000 	122.830002 	238.000000 	236.932999 	251.524002 
22.600000 	122.830002 	238.000000 	236.932999 	251.524002 
22.700000 	122.830002 	238.000000 	236.932999 	251.524002 
22.800000 	122.830002 	238.000000 	236.932999 	251.524002 
22.900000 	122.830002 	238.000000 	236.932999 	251.524002 
23.000000 	122.830002 	238.000000 	236.932999 	251.524002 
23.100000 	122.830002 	238.000000 	236.932999 	251.524002 
23.200000 	122.830002 	238.000000 	236.932999 	251.524002 
23.300000 	122.830002 	238.000000 	236.932999 	251.524002 
23.400000 	122.830002 	238.000000 	236.932999 	251.524002 
23.500000 	122.863998 	238.000000 	236.917999 	251.580994 
23.600000 	122.863998 	238.000000 	236.917999 	251.580994 
23.700000 	122.863998 	238.000000 	236.917999 	251.580994 
23.800000 	122.863998 	238.000000 	236.917999 	251.580994 
23.900000 	122.863998 	238.000000 	236.917999 	251.580994 
24.000000 	122.863998 	238.000000 	236.917999 	251.580994 
24.100000 	122.863998 	238.000000 	236.917999 	251.580994 
24.200000 	122.863998 	238.000000 	236.917999 	251.580994 
24.300000 	122.863998 	238.000000 	236.917999 	251.580994 
24.400000 	122.863998 	238.000000 	236.917999 	251.580994 
24.500000 	122.894997 	238.000000 	236.904999 	251.638000 
24.600000 	122.894997 	238.000000 	236.904999 	251.638000 
24.700000 	122.894997 	238.000000 	236.904999 	251.638000 
24.800000 	122.894997 	238.000000 	236.904999 	251.638000 
24.900000 	122.894997 	238.000000 	236.904999 	251.638000 
25.000000 	122.894997 	238.000000 	236.904999 	251.638000 
25.100000 	122.894997 	238.000000 	236.904999 	251.638000 
25.200000 	122.894997 	238.000000 	236.904999 	251.638000 
25.300000 	122.894997 	238.000000 	236.904999 	251.638000 
25.400000 	122.894997 	238.000000 	236.904999 	251.638000 
25.500000 	122.922997 	238.000000 	236.893005 	251.695007 
25.600000 	122.922997 	238.000000 	236.893005 	251.695007 
25.700000 	122.922997 	238.000000 	236.893005 	251.695007 
25.800000 	122.922997 	238.000000 	236.893005 	251.695007 
25.900000 	122.922997 	238.000000 	236.893005 	251.695007 
26.000000 	122.922997 	238.000000 	236.893005 	251.695007 
26.100000 	122.922997 	238.000000 	236.893005 	251.695007 
26.200000 	122.922997 	238.000000 	236.893005 	251.695007 
26.300000 	122.922997 	238.000000 	236.893005 	251.695007 
26.400000 	122.922997 	238.000000 	236.893005 	251.695007 
26.500000 	122.948997 	238.000000 	236.882004 	251.753006 
26.600000 	122.948997 	238.000000 	236.882004 	251.753006 
26.700000 	122.948997 	238.000000 	236.882004 	251.753006 
26.800000 	122.948997 	238.000000 	236.882004 	251.753006 
26.900000 	122.948997 	238.000000 	236.882004 	251.753006 
27.000000 	122.948997 	238.000000 	236.882004 	251.753006 
27.100000 	122.948997 	238.000000 	236.882004 	251.753006 
27.200000 	122.948997 	238.000000 	236.882004 	251.753006 
27.300000 	122.948997 	238.000000 	236.882004 	251.753006 
27.400000 	122.948997 	238.000000 	236.882004 	251.753006 
27.500000 	122.973000 	238.000000 	236.871994 	251.811996 
27.600000 	122.973000 	238.000000 	236.871994 	251.811996 
27.700000 	122.973000 	238.000000 	236.871994 	251.811996 
27.800000 	122.973000 	238.000000 	236.871994 	251.811996 
27.900000 	122.973000 	238.000000 	236.871994 	251.811996 
28.000000 	122.973000 	238.000000 	236.871994 	251.811996 
28.100000 	122.973000 	238.000000 	236.871994 	251.811996 
28.200000 	122.973000 	238.000000 	236.871994 	251.811996 
28.300000 	122.973000 	238.000000 	236.871994 	251.811996 
28.400000 	122.973000 	238.000000 	236.871994 	251.811996 
28.500000 	122.995003 	238.000000 	236.863007 	251.869995 
28.600000 	122.995003 	238.000000 	236.863007 	251.869995 
28.700000 	122.995003 	238.000000 	236.863007 	251.869995 
28.800000 	122.995003 	238.000000 	236.863007 	251.869995 
28.900000 	122.995003 	238.000000 	236.863007 	251.869995 
29.000000 	122.995003 	238.000000 	236.863007 	251.869995 
29.100000 	122.995003 	238.000000 	236.863007 	251.869995 
29.200000 	122.995003 	238.000000 	236.863007 	251.869995 
29.300000 	122.995003 	238.000000 	236.863007 	251.869995 
29.400000 	122.995003 	238.000000 	236.863007 	251.869995 
29.500000 	123.015999 	238.000000 	236.854996 	251.929001 
29.600000 	123.015999 	238.000000 	236.854996 	251.929001 
29.700000 	123.015999 	238.000000 	236.854996 	251.929001 
29.800000 	123.015999 	238.000000 	236.854996 	251.929001 
29.900000 	123.015999 	238.000000 	236.854996 	251.929001 
30.000000 	123.015999 	238.000000 	236.854996 	251.929001 
30.100000 	123.015999 	238.000000 	236.854996 	251.929001 
30.200000 	123.015999 	238.000000 	236.854996 	251.929001 
30.300000 	123.015999 	238.000000 	236.854996 	251.929001 
30.400000 	123.015999 	238.000000 	236.854996 	251.929001 
30.500000 	123.035004 	238.000000 	236.847000 	251.988007 
30.600000 	123.035004 	238.000000 	236.847000 	251.988007 
30.700000 	123.035004 	238.000000 	236.847000 	251.988007 
30.800000 	123.035004 	238.000000 	236.847000 	251.988007 
30.900000 	123.035004 	238.000000 	236.847000 	251.988007 
31.000000 	123.035004 	238.000000 	236.847000 	251.988007 
31.100000 	123.035004 	238.000000 	236.847000 	251.988007 
31.200000 	123.035004 	238.000000 	236.847000 	251.988007 
31.300000 	123.035004 	238.000000 	236.847000 	251.988007 
31.400000 	123.035004 	238.000000 	236.847000 	251.988007 
31.500000 	123.053001 	238.000000 	236.839996 	252.046005 
31.600000 	123.053001 	238.000000 	236.839996 	252.046005 
31.700000 	123.053001 	238.000000 	236.839996 	252.046005 
31.800000 	123.053001 	238.000000 	236.839996 	252.046005 
31.900000 	123.053001 	238.000000 	236.839996 	252.046005 
32.000000 	123.053001 	238.000000 	236.839996 	252.046005 
32.100000 	123.053001 	238.000000 	236.839996 	252.046005 
32.200000 	123.053001 	238.000000 	236.839996 	252.046005 
32.300000 	123.053001 	238.000000 	236.839996 	252.046005 
32.400000 	123.053001 	238.000000 	236.839996 	252.046005 
32.500000 	123.070000 	238.000000 	236.834000 	252.104996 
32.600000 	123.070000 	238.000000 	236.834000 	252.104996 
32.700000 	123.070000 	238.000000 	236.834000 	252.104996 
32.800000 	123.070000 	238.000000 	236.834000 	252.104996 
32.900000 	123.070000 	238.000000 	236.834000 	252.104996 
33.000000 	123.070000 	238.000000 	236.834000 	252.104996 
33.100000 	123.070000 	238.000000 	236.834000 	252.104996 
33.200000 	123.070000 	238.000000 	236.834000 	252.104996 
33.300000 	123.070000 	238.000000 	236.834000 	252.104996 
33.400000 	123.070000 	238.000000 	236.834000 	252.104996 
33.500000 	123.085999 	238.000000 	236.828003 	252.164001 
33.600000 	123.085999 	238.000000 	236.828003 	252.164001 
33.700000 	123.085999 	238.000000 	236.828003 	252.164001 
33.800000 	123.085999 	238.000000 	236.828003 	252.164001 
33.900000 	123.085999 	238.000000 	236.828003 	252.164001 
34.000000 	123.085999 	238.000000 	236.828003 	252.164001 
34.100000 	123.085999 	238.000000 	236.828003 	252.164001 
34.200000 	123.085999 	238.000000 	236.828003 	252.164001 
34.300000 	123.085999 	238.000000 	236.828003 	252.164001 
34.400000 	123.085999 	238.000000 	236.828003 	252.164001 
34.500000 	123.100998 	238.000000 	236.822006 	252.223007 
34.600000 	123.100998 	238.000000 	236.822006 	252.223007 
34.700000 	123.100998 	238.000000 	236.822006 	252.223007 
34.800000 	123.100998 	238.000000 	236.822006 	252.223007 
34.900000 	123.100998 	238.000000 	236.822006 	252.223007 
35.000000 	123.100998 	238.000000 	236.822006 	252.223007 
35.100000 	123.100998 	238.000000 	236.822006 	252.223007 
35.200000 	123.100998 	238.000000 	236.822006 	252.223007 
35.300000 	123.100998 	238.000000 	236.822006 	252.223007 
35.400000 	123.100998 	238.000000 	236.822006 	252.223007 
35.500000 	123.114998 	238.000000 	236.817001 	252.281998 
35.600000 	123.114998 	238.000000 	236.817001 	252.281998 
35.700000 	123.114998 	238.000000 	236.817001 	252.281998 
35.800000 	123.114998 	238.000000 	236.817001 	252.281998 
35.900000 	123.114998 	238.000000 	236.817001 	252.281998 
36.000000 	123.114998 	238.000000 	236.817001 	252.281998 
36.100000 	123.114998 	238.000000 	236.817001 	252.281998 
36.200000 	123.114998 	238.000000 	236.817001 	252.281998 
36.300000 	123.114998 	238.000000 	236.817001 	252.281998 
36.400000 	123.114998 	238.000000 	236.817001 	252.281998 
36.500000 	123.128998 	238.000000 	236.811005 	252.341003 
36.600000 	123.128998 	238.000000 	236.811005 	252.341003 
36.700000 	123.128998 	238.000000 	236.811005 	252.341003 
36.800000 	123.128998 	238.000000 	236.811005 	252.341003 
36.900000 	123.128998 	238.000000 	236.811005 	252.341003 
37.000000 	123.128998 	238.000000 	236.811005 	252.341003 
37.100000 	123.128998 	238.000000 	236.811005 	252.341003 
37.200000 	123.128998 	238.000000 	236.811005 	252.341003 
37.300000 	123.128998 	238.000000 	236.811005 	252.341003 
37.400000 	123.128998 	238.000000 	236.811005 	252.341003 
37.500000 	123.141998 	238.000000 	236.806000 	252.399002 
37.600000 	123.141998 	238.000000 	236.806000 	252.399002 
37.700000 	123.141998 	238.000000 	236.806000 	252.399002 
37.800000 	123.141998 	238.000000 	236.806000 	252.399002 
37.900000 	123.141998 	238.000000 	236.806000 	252.399002 
38.000000 	123.141998 	238.000000 	236.806000 	252.399002 
38.100000 	123.141998 	238.000000 	236.806000 	252.399002 
38.200000 	123.141998 	238.000000 	236.806000 	252.399002 
38.300000 	123.141998 	238.000000 	236.806000 	252.399002 
38.400000 	123.141998 	238.000000 	236.806000 	252.399002 
38.500000 	123.153999 	238.000000 	236.802002 	252.457993 
38.600000 	123.153999 	238.000000 	236.802002 	252.457993 
38.700000 	123.153999 	238.000000 	236.802002 	252.457993 
38.800000 	123.153999 	238.000000 	236.802002 	252.457993 
38.900000 	123.153999 	238.000000 	236.802002 	252.457993 
39.000000 	123.153999 	238.000000 	236.802002 	252.457993 
39.100000 	123.153999 	238.000000 	236.802002 	252.457993 
39.200000 	123.153999 	238.000000 	236.802002 	252.457993 
39.300000 	123.153999 	238.000000 	236.802002 	252.457993 
39.400000 	123.153999 	238.000000 	236.802002 	252.457993 
39.500000 	123.166000 	238.000000 	236.796997 	252.516006 
39.600000 	123.166000 	238.000000 	236.796997 	252.516006 
39.700000 	123.166000 	238.000000 	236.796997 	252.516006 
39.800000 	123.166000 	238.000000 	236.796997 	252.516006 
39.900000 	123.166000 	238.000000 	236.796997 	252.516006 
40.000000 	123.166000 	238.000000 	236.796997 	252.516006 
40.100000 	123.166000 	238.000000 	236.796997 	252.516006 
40.200000 	123.166000 	238.000000 	236.796997 	252.516006 
40.300000 	123.166000 	238.000000 	236.796997 	252.516006 
40.400000 	123.166000 	238.000000 	236.796997 	252.516006 
40.500000 	123.178001 	238.000000 	236.792999 	252.574005 
40.600000 	123.178001 	238.000000 	236.792999 	252.574005 
40.700000 	123.178001 	238.000000 	236.792999 	252.574005 
40.800000 	123.178001 	238.000000 	236.792999 	252.574005 
40.900000 	123.178001 	238.000000 	236.792999 	252.574005 
41.000000 	123.178001 	238.000000 	236.792999 	252.574005 
41.100000 	123.178001 	238.000000 	236.792999 	252.574005 
41.200000 	123.178001 	238.000000 	236.792999 	252.574005 
41.300000 	123.178001 	238.000000 	236.792999 	252.574005 
41.400000 	123.178001 	238.000000 	236.792999 	252.574005 
41.500000 	123.189003 	238.000000 	236.787994 	252.632004 
41.600000 	123.189003 	238.000000 	236.787994 	252.632004 
41.700000 	123.189003 	238.000000 	236.787994 	252.632004 
41.800000 	123.189003 	238.000000 	236.787994 	252.632004 
41.900000 	123.189003 	238.000000 	236.787994 	252.632004 
42.000000 	123.189003 	238.000000 	236.787994 	252.632004 
42.100000 	123.189003 	238.000000 	236.787994 	252.632004 
42.200000 	123.189003 	238.000000 	236.787994 	252.632004 
42.300000 	123.189003 	238.000000 	236.787994 	252.632004 
42.400000 	123.189003 	238.000000 	236.787994 	252.632004 
42.500000 	123.198997 	238.000000 	236.783997 	252.690002 
42.600000 	123.198997 	238.000000 	236.783997 	252.690002 
42.700000 	123.198997 	238.000000 	236.783997 	252.690002 
42.800000 	123.198997 	238.000000 	236.783997 	252.690002 
42.900000 	123.198997 	238.000000 	236.783997 	252.690002 
43.000000 	123.198997 	238.000000 	236.783997 	252.690002 
43.100000 	123.198997 	238.000000 	236.783997 	252.690002 
43.200000 	123.198997 	238.000000 	236.783997 	252.690002 
43.300000 	123.198997 	238.000000 	236.783997 	252.690002 
43.400000 	123.198997 	238.000000 	236.783997 	252.690002 
43.500000 	123.209000 	238.000000 	236.779999 	252.746994 
43.600000 	123.209000 	238.000000 	236.779999 	252.746994 
43.700000 	123.209000 	238.000000 	236.779999 	252.746994 
43.800000 	123.209000 	238.000000 	236.779999 	252.746994 
43.900000 	123.209000 	238.000000 	236.779999 	252.746994 
44.000000 	123.209000 	238.000000 	236.779999 	252.746994 
44.100000 	123.209000 	238.000000 	236.779999 	252.746994 
44.200000 	123.209000 	238.000000 	236.779999 	252.746994 
44.300000 	123.209000 	238.000000 	236.779999 	252.746994 
44.400000 	123.209000 	238.000000 	236.779999 	252.746994 
44.500000 	123.219002 	238.000000 	236.776001 	252.804001 
44.600000 	123.219002 	238.000000 	236.776001 	252.804001 
44.700000 	123.219002 	238.000000 	236.776001 	252.804001 
44.800000 	123.219002 	238.000000 	236.776001 	252.804001 
44.900000 	123.219002 	238.000000 	236.776001 	252.804001 
45.000000 	123.219002 	238.000000 	236.776001 	252.804001 
45.100000 	123.219002 	238.000000 	236.776001 	252.804001 
45.200000 	123.219002 	238.000000 	236.776001 	252.804001 
45.300000 	123.219002 	238.000000 	236.776001 	252.804001 
45.400000 	123.219002 	238.000000 	236.776001 	252.804001 
45.500000 	123.228996 	238.000000 	236.772003 	252.860992 
45.600000 	123.228996 	238.000000 	236.772003 	252.860992 
45.700000 	123.228996 	238.000000 	236.772003 	252.860992 
45.800000 	123.228996 	238.000000 	236.772003 	252.860992 
45.900000 	123.228996 	238.000000 	236.772003 	252.860992 
46.000000 	123.228996 	238.000000 	236.772003 	252.860992 
46.100000 	123.228996 	238.000000 	236.772003 	252.860992 
46.200000 	123.228996 	238.000000 	236.772003 	252.860992 
46.300000 	123.228996 	238.000000 	236.772003 	252.860992 
46.400000 	123.228996 	238.000000 	236.772003 	252.860992 
46.500000 	123.237999 	238.000000 	236.768005 	252.917007 
46.600000 	123.237999 	238.000000 	236.768005 	252.917007 
46.700000 	123.237999 	238.000000 	236.768005 	252.917007 
46.800000 	123.237999 	238.000000 	236.768005 	252.917007 
46.900000 	123.237999 	238.000000 	236.768005 	252.917007 
47.000000 	123.237999 	238.000000 	236.768005 	252.917007 
47.100000 	123.237999 	238.000000 	236.768005 	252.917007 
47.200000 	123.237999 	238.000000 	236.768005 	252.917007 
47.300000 	123.237999 	238.000000 	236.768005 	252.917007 
47.400000 	123.237999 	238.000000 	236.768005 	252.917007 
47.500000 	123.247002 	238.000000 	236.764008 	252.973007 
47.600000 	123.247002 	238.000000 	236.764008 	252.973007 
47.700000 	123.247002 	238.000000 	236.764008 	252.973007 
47.800000 	123.247002 	238.000000 	236.764008 	252.973007 
47.900000 	123.247002 	238.000000 	236.764008 	252.973007 
48.000000 	123.247002 	238.000000 	236.764008 	252.973007 
48.100000 	123.247002 	238.000000 	236.764008 	252.973007 
48.200000 	123.247002 	238.000000 	236.764008 	252.973007 
48.300000 	123.247002 	238.000000 	236.764008 	252.973007 
48.400000 	123.247002 	238.000000 	236.764008 	252.973007 
48.500000 	123.255997 	238.000000 	236.759995 	253.029007 
48.600000 	123.255997 	238.000000 	236.759995 	253.029007 
48.700000 	123.255997 	238.000000 	236.759995 	253.029007 
48.800000 	123.255997 	238.000000 	236.759995 	253.029007 
48.900000 	123.255997 	238.000000 	236.759995 	253.029007 
49.000000 	123.255997 	238.000000 	236.759995 	253.029007 
49.100000 	123.255997 	238.000000 	236.759995 	253.029007 
49.200000 	123.255997 	238.000000 	236.759995 	253.029007 
49.300000 	123.255997 	238.000000 	236.759995 	253.029007 
49.400000 	123.255997 	238.000000 	236.759995 	253.029007 
49.500000 	123.264000 	238.000000 	236.755997 	253.084000 
49.600000 	123.264000 	238.000000 	236.755997 	253.084000 
49.700000 	123.264000 	238.000000 	236.755997 	253.084000 
49.800000 	123.264000 	238.000000 	236.755997 	253.084000 
49.900000 	123.264000 	238.000000 	236.755997 	253.084000 
50.000000 	123.264000 	238.000000 	236.755997 	253.084000 
50.100000 	123.264000 	238.000000 	236.755997 	253.084000 
50.200000 	123.264000 	238.000000 	236.755997 	253.084000 
50.300000 	123.264000 	238.000000 	236.755997 	253.084000 
50.400000 	123.264000 	238.000000 	236.755997 	253.084000 
50.500000 	123.272003 	238.000000 	236.751999 	1006.030029 
50.600000 	123.272003 	238.000000 	236.751999 	1006.030029 
50.700000 	123.272003 	238.000000 	236.751999 	1006.030029 
50.800000 	123.272003 	238.000000 	236.751999 	1006.030029 
50.900000 	123.272003 	238.000000 	236.751999 	1006.030029 
51.000000 	123.272003 	238.000000 	236.751999 	1006.030029 
51.100000 	123.272003 	238.000000 	236.751999 	1006.030029 
51.200000 	123.272003 	238.000000 	236.751999 	1006.030029 
51.300000 	123.272003 	238.000000 	236.751999 	1006.030029 
51.400000 	123.272003 	238.000000 	236.751999 	1006.030029 
51.500000 	123.279999 	238.000000 	236.748001 	1006.030029 
51.600000 	123.279999 	238.000000 	236.748001 	1006.030029 
51.700000 	123.279999 	238.000000 	236.748001 	1006.030029 
51.800000 	123.279999 	238.000000 	236.748001 	1006.030029 
51.900000 	123.279999 	238.000000 	236.748001 	1006.030029 
52.000000 	123.279999 	238.000000 	236.748001 	1006.030029 
52.100000 	123.279999 	238.000000 	236.748001 	1006.030029 
52.200000 	123.279999 	238.000000 	236.748001 	1006.030029 
52.300000 	123.279999 	238.000000 	236.748001 	1006.030029 
52.400000 	123.279999 	238.000000 	236.748001 	1006.030029 
52.500000 	123.288002 	238.000000 	236.744003 	1006.030029 
52.600000 	123.288002 	238.000000 	236.744003 	1006.030029 
52.700000 	123.288002 	238.000000 	236.744003 	1006.030029 
52.800000 	123.288002 	238.000000 	236.744003 	1006.030029 
52.900000 	123.288002 	238.000000 	236.744003 	1006.030029 
53.000000 	123.288002 	238.000000 	236.744003 	1006.030029 
53.100000 	123.288002 	238.000000 	236.744003 	1006.030029 
53.200000 	123.288002 	238.000000 	236.744003 	1006.030029 
53.300000 	123.288002 	238.000000 	236.744003 	1006.030029 
53.400000 	123.288002 	238.000000 	236.744003 	1006.030029 
53.500000 	123.294998 	238.000000 	236.740997 	1006.030029 
53.600000 	123.294998 	238.000000 	236.740997 	1006.030029 
53.700000 	123.294998 	238.000000 	236.740997 	1006.030029 
53.800000 	123.294998 	238.000000 	236.740997 	1006.030029 
53.900000 	123.294998 	238.000000 	236.740997 	1006.030029 
54.000000 	123.294998 	238.000000 	236.740997 	1006.030029 
54.100000 	123.294998 	238.000000 	236.740997 	1006.030029 
54.200000 	123.294998 	238.000000 	236.740997 	1006.030029 
54.300000 	123.294998 	238.000000 	236.740997 	1006.030029 
54.400000 	123.294998 	238.000000 	236.740997 	1006.030029 
54.500000 	123.303001 	238.000000 	236.737000 	1006.030029 
54.600000 	123.303001 	238.000000 	236.737000 	1006.030029 
54.700000 	123.303001 	238.000000 	236.737000 	1006.030029 
54.800000 	123.303001 	238.000000 	236.737000 	1006.030029 
54.900000 	123.303001 	238.000000 	236.737000 	1006.030029 
55.000000 	123.303001 	238.000000 	236.737000 	1006.030029 
55.100000 	123.303001 	238.000000 	236.737000 	1006.030029 
55.200000 	123.303001 	238.000000 	236.737000 	1006.030029 
55.300000 	123.303001 	238.000000 	236.737000 	1006.030029 
55.400000 	123.303001 	238.000000 	236.737000 	1006.030029 
55.500000 	123.309998 	238.000000 	236.733002 	1006.030029 
55.600000 	123.309998 	238.000000 	236.733002 	1006.030029 
55.700000 	123.309998 	238.000000 	236.733002 	1006.030029 
55.800000 	123.309998 	238.000000 	236.733002 	1006.030029 
55.900000 	123.309998 	238.000000 	236.733002 	1006.030029 
56.000000 	123.309998 	238.000000 	236.733002 	1006.030029 
56.100000 	123.309998 	238.000000 	236.733002 	1006.030029 
56.200000 	123.309998 	238.000000 	236.733002 	1006.030029 
56.300000 	123.309998 	238.000000 	236.733002 	1006.030029 
56.400000 	123.309998 	238.000000 	236.733002 	1006.030029 
56.500000 	123.317001 	238.000000 	236.729004 	1006.030029 
56.600000 	123.317001 	238.000000 	236.729004 	1006.030029 
56.700000 	123.317001 	238.000000 	236.729004 	1006.030029 
56.800000 	123.317001 	238.000000 	236.729004 	1006.030029 
56.900000 	123.317001 	238.000000 	236.729004 	1006.030029 
57.000000 	123.317001 	238.000000 	236.729004 	1006.030029 
57.100000 	123.317001 	238.000000 	236.729004 	1006.030029 
57.200000 	123.317001 	238.000000 	236.729004 	1006.030029 
57.300000 	123.317001 	238.000000 	236.729004 	1006.030029 
57.400000 	123.317001 	238.000000 	236.729004 	1006.030029 
57.500000 	123.322998 	238.000000 	236.725006 	1006.030029 
57.600000 	123.322998 	238.000000 	236.725006 	1006.030029 
57.700000 	123.322998 	238.000000 	236.725006 	1006.030029 
57.800000 	123.322998 	238.000000 	236.725006 	1006.030029 
57.900000 	123.322998 	238.000000 	236.725006 	1006.030029 
58.000000 	123.322998 	238.000000 	236.725006 	1006.030029 
58.100000 	123.322998 	238.000000 	236.725006 	1006.030029 
58.200000 	123.322998 	238.000000 	236.725006 	1006.030029 
58.300000 	123.322998 	238.000000 	236.725006 	1006.030029 
58.400000 	123.322998 	238.000000 	236.725006 	1006.030029 
58.500000 	123.330002 	238.000000 	236.720993 	1006.030029 
58.600000 	123.330002 	238.000000 	236.720993 	1006.030029 
58.700000 	123.330002 	238.000000 	236.720993 	1006.030029 
58.800000 	123.330002 	238.000000 	236.720993 	1006.030029 
58.900000 	123.330002 	238.000000 	236.720993 	1006.030029 
59.000000 	123.330002 	238.000000 	236.720993 	1006.030029 
59.100000 	123.330002 	238.000000 	236.720993 	1006.030029 
59.200000 	123.330002 	238.000000 	236.720993 	1006.030029 
59.300000 	123.330002 	238.000000 	236.720993 	1006.030029 
59.400000 	123.330002 	238.000000 	236.720993 	1006.030029 
59.500000 	123.335999 	238.000000 	236.718002 	1006.030029 
59.600000 	123.335999 	238.000000 	236.718002 	1006.030029 
59.700000 	123.335999 	238.000000 	236.718002 	1006.030029 
59.800000 	123.335999 	238.000000 	236.718002 	1006.030029 
59.900000 	123.335999 	238.000000 	236.718002 	1006.030029 
60.000000 	123.335999 	238.000000 	236.718002 	1006.030029 
