0.500000 	89.345901 	477.000000 	489.161987 	482.725006 
0.600000 	89.345901 	477.000000 	489.161987 	482.725006 
0.700000 	89.345901 	477.000000 	489.161987 	482.725006 
0.800000 	89.345901 	477.000000 	489.161987 	482.725006 
0.900000 	89.345901 	477.000000 	489.161987 	482.725006 
1.000000 	89.345901 	477.000000 	489.161987 	482.725006 
1.100000 	89.345901 	477.000000 	489.161987 	482.725006 
1.200000 	89.345901 	477.000000 	489.161987 	482.725006 
1.300000 	89.345901 	477.000000 	489.161987 	482.725006 
1.400000 	89.345901 	477.000000 	489.161987 	482.725006 
1.500000 	100.072998 	477.000000 	482.808014 	483.536987 
1.600000 	100.072998 	477.000000 	482.808014 	483.536987 
1.700000 	100.072998 	477.000000 	482.808014 	483.536987 
1.800000 	100.072998 	477.000000 	482.808014 	483.536987 
1.900000 	100.072998 	477.000000 	482.808014 	483.536987 
2.000000 	100.072998 	477.000000 	482.808014 	483.536987 
2.100000 	100.072998 	477.000000 	482.808014 	483.536987 
2.200000 	100.072998 	477.000000 	482.808014 	483.536987 
2.300000 	100.072998 	477.000000 	482.808014 	483.536987 
2.400000 	100.072998 	477.000000 	482.808014 	483.536987 
2.500000 	110.350998 	477.000000 	479.730988 	483.584015 
2.600000 	110.350998 	477.000000 	479.730988 	483.584015 
2.700000 	110.350998 	477.000000 	479.730988 	483.584015 
2.800000 	110.350998 	477.000000 	479.730988 	483.584015 
2.900000 	110.350998 	477.000000 	479.730988 	483.584015 
3.000000 	110.350998 	477.000000 	479.730988 	483.584015 
3.100000 	110.350998 	477.000000 	479.730988 	483.584015 
3.200000 	110.350998 	477.000000 	479.730988 	483.584015 
3.300000 	110.350998 	477.000000 	479.730988 	483.584015 
3.400000 	110.350998 	477.000000 	479.730988 	483.584015 
3.500000 	115.308998 	477.000000 	478.292999 	483.600006 
3.600000 	115.308998 	477.000000 	478.292999 	483.600006 
3.700000 	115.308998 	477.000000 	478.292999 	483.600006 
3.800000 	115.308998 	477.000000 	478.292999 	483.600006 
3.900000 	115.308998 	477.000000 	478.292999 	483.600006 
4.000000 	115.308998 	477.000000 	478.292999 	483.600006 
4.100000 	115.308998 	477.000000 	478.292999 	483.600006 
4.200000 	115.308998 	477.000000 	478.292999 	483.600006 
4.300000 	115.308998 	477.000000 	478.292999 	483.600006 
4.400000 	115.308998 	477.000000 	478.292999 	483.600006 
4.500000 	117.903999 	477.000000 	477.548004 	483.613007 
4.600000 	117.903999 	477.000000 	477.548004 	483.613007 
4.700000 	117.903999 	477.000000 	477.548004 	483.613007 
4.800000 	117.903999 	477.000000 	477.548004 	483.613007 
4.900000 	117.903999 	477.000000 	477.548004 	483.613007 
5.000000 	117.903999 	477.000000 	477.548004 	483.613007 
5.100000 	117.903999 	477.000000 	477.548004 	483.613007 
5.200000 	117.903999 	477.000000 	477.548004 	483.613007 
5.300000 	117.903999 	477.000000 	477.548004 	483.613007 
5.400000 	117.903999 	477.000000 	477.548004 	483.613007 
5.500000 	119.403999 	477.000000 	477.122986 	483.627014 
5.600000 	119.403999 	477.000000 	477.122986 	483.627014 
5.700000 	119.403999 	477.000000 	477.122986 	483.627014 
5.800000 	119.403999 	477.000000 	477.122986 	483.627014 
5.900000 	119.403999 	477.000000 	477.122986 	483.627014 
6.000000 	119.403999 	477.000000 	477.122986 	483.627014 
6.100000 	119.403999 	477.000000 	477.122986 	483.627014 
6.200000 	119.403999 	477.000000 	477.122986 	483.627014 
6.300000 	119.403999 	477.000000 	477.122986 	483.627014 
6.400000 	119.403999 	477.000000 	477.122986 	483.627014 
6.500000 	120.342003 	477.000000 	476.860992 	483.640015 
6.600000 	120.342003 	477.000000 	476.860992 	483.640015 
6.700000 	120.342003 	477.000000 	476.860992 	483.640015 
6.800000 	120.342003 	477.000000 	476.860992 	483.640015 
6.900000 	120.342003 	477.000000 	476.860992 	483.640015 
7.000000 	120.342003 	477.000000 	476.860992 	483.640015 
7.100000 	120.342003 	477.000000 	476.860992 	483.640015 
7.200000 	120.342003 	477.000000 	476.860992 	483.640015 
7.300000 	120.342003 	477.000000 	476.860992 	483.640015 
7.400000 	120.342003 	477.000000 	476.860992 	483.640015 
7.500000 	120.967003 	477.000000 	476.688995 	483.654999 
7.600000 	120.967003 	477.000000 	476.688995 	483.654999 
7.700000 	120.967003 	477.000000 	476.688995 	483.654999 
7.800000 	120.967003 	477.000000 	476.688995 	483.654999 
7.900000 	120.967003 	477.000000 	476.688995 	483.654999 
8.000000 	120.967003 	477.000000 	476.688995 	483.654999 
8.100000 	120.967003 	477.000000 	476.688995 	483.654999 
8.200000 	120.967003 	477.000000 	476.688995 	483.654999 
8.300000 	120.967003 	477.000000 	476.688995 	483.654999 
8.400000 	120.967003 	477.000000 	476.688995 	483.654999 
8.500000 	121.403000 	477.000000 	476.571991 	483.670013 
8.600000 	121.403000 	477.000000 	476.571991 	483.670013 
8.700000 	121.403000 	477.000000 	476.571991 	483.670013 
8.800000 	121.403000 	477.000000 	476.571991 	483.670013 
8.900000 	121.403000 	477.000000 	476.571991 	483.670013 
9.000000 	121.403000 	477.000000 	476.571991 	483.670013 
9.100000 	121.403000 	477.000000 	476.571991 	483.670013 
9.200000 	121.403000 	477.000000 	476.571991 	483.670013 
9.300000 	121.403000 	477.000000 	476.571991 	483.670013 
9.400000 	121.403000 	477.000000 	476.571991 	483.670013 
9.500000 	121.720001 	477.000000 	476.488007 	483.686005 
9.600000 	121.720001 	477.000000 	476.488007 	483.686005 
9.700000 	121.720001 	477.000000 	476.488007 	483.686005 
9.800000 	121.720001 	477.000000 	476.488007 	483.686005 
9.900000 	121.720001 	477.000000 	476.488007 	483.686005 
10.000000 	121.720001 	477.000000 	476.488007 	483.686005 
10.100000 	121.720001 	477.000000 	476.488007 	483.686005 
10.200000 	121.720001 	477.000000 	476.488007 	483.686005 
10.300000 	121.720001 	477.000000 	476.488007 	483.686005 
10.400000 	121.720001 	477.000000 	476.488007 	483.686005 
10.500000 	121.957001 	477.000000 	476.427002 	483.701996 
10.600000 	121.957001 	477.000000 	476.427002 	483.701996 
10.700000 	121.957001 	477.000000 	476.427002 	483.701996 
10.800000 	121.957001 	477.000000 	476.427002 	483.701996 
10.900000 	121.957001 	477.000000 	476.427002 	483.701996 
11.000000 	121.957001 	477.000000 	476.427002 	483.701996 
11.100000 	121.957001 	477.000000 	476.427002 	483.701996 
11.200000 	121.957001 	477.000000 	476.427002 	483.701996 
11.300000 	121.957001 	477.000000 	476.427002 	483.701996 
11.400000 	121.957001 	477.000000 	476.427002 	483.701996 
11.500000 	122.140999 	477.000000 	476.380005 	483.718994 
11.600000 	122.140999 	477.000000 	476.380005 	483.718994 
11.700000 	122.140999 	477.000000 	476.380005 	483.718994 
11.800000 	122.140999 	477.000000 	476.380005 	483.718994 
11.900000 	122.140999 	477.000000 	476.380005 	483.718994 
12.000000 	122.140999 	477.000000 	476.380005 	483.718994 
12.100000 	122.140999 	477.000000 	476.380005 	483.718994 
12.200000 	122.140999 	477.000000 	476.380005 	483.718994 
12.300000 	122.140999 	477.000000 	476.380005 	483.718994 
12.400000 	122.140999 	477.000000 	476.380005 	483.718994 
12.500000 	122.285004 	477.000000 	476.345001 	483.739990 
12.600000 	122.285004 	477.000000 	476.345001 	483.739990 
12.700000 	122.285004 	477.000000 	476.345001 	483.739990 
12.800000 	122.285004 	477.000000 	476.345001 	483.739990 
12.900000 	122.285004 	477.000000 	476.345001 	483.739990 
13.000000 	122.285004 	477.000000 	476.345001 	483.739990 
13.100000 	122.285004 	477.000000 	476.345001 	483.739990 
13.200000 	122.285004 	477.000000 	476.345001 	483.739990 
13.300000 	122.285004 	477.000000 	476.345001 	483.739990 
13.400000 	122.285004 	477.000000 	476.345001 	483.739990 
13.500000 	122.401001 	477.000000 	476.316986 	483.759003 
13.600000 	122.401001 	477.000000 	476.316986 	483.759003 
13.700000 	122.401001 	477.000000 	476.316986 	483.759003 
13.800000 	122.401001 	477.000000 	476.316986 	483.759003 
13.900000 	122.401001 	477.000000 	476.316986 	483.759003 
14.000000 	122.401001 	477.000000 	476.316986 	483.759003 
14.100000 	122.401001 	477.000000 	476.316986 	483.759003 
14.200000 	122.401001 	477.000000 	476.316986 	483.759003 
14.300000 	122.401001 	477.000000 	476.316986 	483.759003 
14.400000 	122.401001 	477.000000 	476.316986 	483.759003 
14.500000 	122.496002 	477.000000 	476.294006 	483.778015 
14.600000 	122.496002 	477.000000 	476.294006 	483.778015 
14.700000 	122.496002 	477.000000 	476.294006 	483.778015 
14.800000 	122.496002 	477.000000 	476.294006 	483.778015 
14.900000 	122.496002 	477.000000 	476.294006 	483.778015 
15.000000 	122.496002 	477.000000 	476.294006 	483.778015 
15.100000 	122.496002 	477.000000 	476.294006 	483.778015 
15.200000 	122.496002 	477.000000 	476.294006 	483.778015 
15.300000 	122.496002 	477.000000 	476.294006 	483.778015 
15.400000 	122.496002 	477.000000 	476.294006 	483.778015 
15.500000 	122.574997 	477.000000 	476.276001 	483.796997 
15.600000 	122.574997 	477.000000 	476.276001 	483.796997 
15.700000 	122.574997 	477.000000 	476.276001 	483.796997 
15.800000 	122.574997 	477.000000 	476.276001 	483.796997 
15.900000 	122.574997 	477.000000 	476.276001 	483.796997 
16.000000 	122.574997 	477.000000 	476.276001 	483.796997 
16.100000 	122.574997 	477.000000 	476.276001 	483.796997 
16.200000 	122.574997 	477.000000 	476.276001 	483.796997 
16.300000 	122.574997 	477.000000 	476.276001 	483.796997 
16.400000 	122.574997 	477.000000 	476.276001 	483.796997 
16.500000 	122.641998 	477.000000 	476.260986 	483.816986 
16.600000 	122.641998 	477.000000 	476.260986 	483.816986 
16.700000 	122.641998 	477.000000 	476.260986 	483.816986 
16.800000 	122.641998 	477.000000 	476.260986 	483.816986 
16.900000 	122.641998 	477.000000 	476.260986 	483.816986 
17.000000 	122.641998 	477.000000 	476.260986 	483.816986 
17.100000 	122.641998 	477.000000 	476.260986 	483.816986 
17.200000 	122.641998 	477.000000 	476.260986 	483.816986 
17.300000 	122.641998 	477.000000 	476.260986 	483.816986 
17.400000 	122.641998 	477.000000 	476.260986 	483.816986 
17.500000 	122.698997 	477.000000 	476.248993 	483.837006 
17.600000 	122.698997 	477.000000 	476.248993 	483.837006 
17.700000 	122.698997 	477.000000 	476.248993 	483.837006 
17.800000 	122.698997 	477.000000 	476.248993 	483.837006 
17.900000 	122.698997 	477.000000 	476.248993 	483.837006 
18.000000 	122.698997 	477.000000 	476.248993 	483.837006 
18.100000 	122.698997 	477.000000 	476.248993 	483.837006 
18.200000 	122.698997 	477.000000 	476.248993 	483.837006 
18.300000 	122.698997 	477.000000 	476.248993 	483.837006 
18.400000 	122.698997 	477.000000 	476.248993 	483.837006 
18.500000 	122.747002 	477.000000 	476.238007 	483.856995 
18.600000 	122.747002 	477.000000 	476.238007 	483.856995 
18.700000 	122.747002 	477.000000 	476.238007 	483.856995 
18.800000 	122.747002 	477.000000 	476.238007 	483.856995 
18.900000 	122.747002 	477.000000 	476.238007 	483.856995 
19.000000 	122.747002 	477.000000 	476.238007 	483.856995 
19.100000 	122.747002 	477.000000 	476.238007 	483.856995 
19.200000 	122.747002 	477.000000 	476.238007 	483.856995 
19.300000 	122.747002 	477.000000 	476.238007 	483.856995 
19.400000 	122.747002 	477.000000 	476.238007 	483.856995 
19.500000 	122.790001 	477.000000 	476.229004 	483.877991 
19.600000 	122.790001 	477.000000 	476.229004 	483.877991 
19.700000 	122.790001 	477.000000 	476.229004 	483.877991 
19.800000 	122.790001 	477.000000 	476.229004 	483.877991 
19.900000 	122.790001 	477.000000 	476.229004 	483.877991 
20.000000 	122.790001 	477.000000 	476.229004 	483.877991 
20.100000 	122.790001 	477.000000 	476.229004 	483.877991 
20.200000 	122.790001 	477.000000 	476.229004 	483.877991 
20.300000 	122.790001 	477.000000 	476.229004 	483.877991 
20.400000 	122.790001 	477.000000 	476.229004 	483.877991 
20.500000 	122.828003 	477.000000 	476.221008 	483.898987 
20.600000 	122.828003 	477.000000 	476.221008 	483.898987 
20.700000 	122.828003 	477.000000 	476.221008 	483.898987 
20.800000 	122.828003 	477.000000 	476.221008 	483.898987 
20.900000 	122.828003 	477.000000 	476.221008 	483.898987 
21.000000 	122.828003 	477.000000 	476.221008 	483.898987 
21.100000 	122.828003 	477.000000 	476.221008 	483.898987 
21.200000 	122.828003 	477.000000 	476.221008 	483.898987 
21.300000 	122.828003 	477.000000 	476.221008 	483.898987 
21.400000 	122.828003 	477.000000 	476.221008 	483.898987 
21.500000 	122.861000 	477.000000 	476.214996 	483.920990 
21.600000 	122.861000 	477.000000 	476.214996 	483.920990 
21.700000 	122.861000 	477.000000 	476.214996 	483.920990 
21.800000 	122.861000 	477.000000 	476.214996 	483.920990 
21.900000 	122.861000 	477.000000 	476.214996 	483.920990 
22.000000 	122.861000 	477.000000 	476.214996 	483.920990 
22.100000 	122.861000 	477.000000 	476.214996 	483.920990 
22.200000 	122.861000 	477.000000 	476.214996 	483.920990 
22.300000 	122.861000 	477.000000 	476.214996 	483.920990 
22.400000 	122.861000 	477.000000 	476.214996 	483.920990 
22.500000 	122.889999 	477.000000 	476.209015 	483.941986 
22.600000 	122.889999 	477.000000 	476.209015 	483.941986 
22.700000 	122.889999 	477.000000 	476.209015 	483.941986 
22.800000 	122.889999 	477.000000 	476.209015 	483.941986 
22.900000 	122.889999 	477.000000 	476.209015 	483.941986 
23.000000 	122.889999 	477.000000 	476.209015 	483.941986 
23.100000 	122.889999 	477.000000 	476.209015 	483.941986 
23.200000 	122.889999 	477.000000 	476.209015 	483.941986 
23.300000 	122.889999 	477.000000 	476.209015 	483.941986 
23.400000 	122.889999 	477.000000 	476.209015 	483.941986 
23.500000 	122.917000 	477.000000 	476.203003 	483.963989 
23.600000 	122.917000 	477.000000 	476.203003 	483.963989 
23.700000 	122.917000 	477.000000 	476.203003 	483.963989 
23.800000 	122.917000 	477.000000 	476.203003 	483.963989 
23.900000 	122.917000 	477.000000 	476.203003 	483.963989 
24.000000 	122.917000 	477.000000 	476.203003 	483.963989 
24.100000 	122.917000 	477.000000 	476.203003 	483.963989 
24.200000 	122.917000 	477.000000 	476.203003 	483.963989 
24.300000 	122.917000 	477.000000 	476.203003 	483.963989 
24.400000 	122.917000 	477.000000 	476.203003 	483.963989 
24.500000 	122.941002 	477.000000 	476.197998 	483.985992 
24.600000 	122.941002 	477.000000 	476.197998 	483.985992 
24.700000 	122.941002 	477.000000 	476.197998 	483.985992 
24.800000 	122.941002 	477.000000 	476.197998 	483.985992 
24.900000 	122.941002 	477.000000 	476.197998 	483.985992 
25.000000 	122.941002 	477.000000 	476.197998 	483.985992 
25.100000 	122.941002 	477.000000 	476.197998 	483.985992 
25.200000 	122.941002 	477.000000 	476.197998 	483.985992 
25.300000 	122.941002 	477.000000 	476.197998 	483.985992 
25.400000 	122.941002 	477.000000 	476.197998 	483.985992 
25.500000 	122.962997 	477.000000 	476.194000 	484.006989 
25.600000 	122.962997 	477.000000 	476.194000 	484.006989 
25.700000 	122.962997 	477.000000 	476.194000 	484.006989 
25.800000 	122.962997 	477.000000 	476.194000 	484.006989 
25.900000 	122.962997 	477.000000 	476.194000 	484.006989 
26.000000 	122.962997 	477.000000 	476.194000 	484.006989 
26.100000 	122.962997 	477.000000 	476.194000 	484.006989 
26.200000 	122.962997 	477.000000 	476.194000 	484.006989 
26.300000 	122.962997 	477.000000 	476.194000 	484.006989 
26.400000 	122.962997 	477.000000 	476.194000 	484.006989 
26.500000 	122.984001 	477.000000 	476.190002 	484.028992 
26.600000 	122.984001 	477.000000 	476.190002 	484.028992 
26.700000 	122.984001 	477.000000 	476.190002 	484.028992 
26.800000 	122.984001 	477.000000 	476.190002 	484.028992 
26.900000 	122.984001 	477.000000 	476.190002 	484.028992 
27.000000 	122.984001 	477.000000 	476.190002 	484.028992 
27.100000 	122.984001 	477.000000 	476.190002 	484.028992 
27.200000 	122.984001 	477.000000 	476.190002 	484.028992 
27.300000 	122.984001 	477.000000 	476.190002 	484.028992 
27.400000 	122.984001 	477.000000 	476.190002 	484.028992 
27.500000 	123.001999 	477.000000 	476.186005 	484.050995 
27.600000 	123.001999 	477.000000 	476.186005 	484.050995 
27.700000 	123.001999 	477.000000 	476.186005 	484.050995 
27.800000 	123.001999 	477.000000 	476.186005 	484.050995 
27.900000 	123.001999 	477.000000 	476.186005 	484.050995 
28.000000 	123.001999 	477.000000 	476.186005 	484.050995 
28.100000 	123.001999 	477.000000 	476.186005 	484.050995 
28.200000 	123.001999 	477.000000 	476.186005 	484.050995 
28.300000 	123.001999 	477.000000 	476.186005 	484.050995 
28.400000 	123.001999 	477.000000 	476.186005 	484.050995 
28.500000 	123.019997 	477.000000 	476.182007 	484.074005 
28.600000 	123.019997 	477.000000 	476.182007 	484.074005 
28.700000 	123.019997 	477.000000 	476.182007 	484.074005 
28.800000 	123.019997 	477.000000 	476.182007 	484.074005 
28.900000 	123.019997 	477.000000 	476.182007 	484.074005 
29.000000 	123.019997 	477.000000 	476.182007 	484.074005 
29.100000 	123.019997 	477.000000 	476.182007 	484.074005 
29.200000 	123.019997 	477.000000 	476.182007 	484.074005 
29.300000 	123.019997 	477.000000 	476.182007 	484.074005 
29.400000 	123.019997 	477.000000 	476.182007 	484.074005 
29.500000 	123.036003 	477.000000 	476.178009 	484.096008 
29.600000 	123.036003 	477.000000 	476.178009 	484.096008 
29.700000 	123.036003 	477.000000 	476.178009 	484.096008 
29.800000 	123.036003 	477.000000 	476.178009 	484.096008 
29.900000 	123.036003 	477.000000 	476.178009 	484.096008 
30.000000 	123.036003 	477.000000 	476.178009 	484.096008 
30.100000 	123.036003 	477.000000 	476.178009 	484.096008 
30.200000 	123.036003 	477.000000 	476.178009 	484.096008 
30.300000 	123.036003 	477.000000 	476.178009 	484.096008 
30.400000 	123.036003 	477.000000 	476.178009 	484.096008 
30.500000 	123.051003 	477.000000 	476.174988 	484.118011 
30.600000 	123.051003 	477.000000 	476.174988 	484.118011 
30.700000 	123.051003 	477.000000 	476.174988 	484.118011 
30.800000 	123.051003 	477.000000 	476.174988 	484.118011 
30.900000 	123.051003 	477.000000 	476.174988 	484.118011 
31.000000 	123.051003 	477.000000 	476.174988 	484.118011 
31.100000 	123.051003 	477.000000 	476.174988 	484.118011 
31.200000 	123.051003 	477.000000 	476.174988 	484.118011 
31.300000 	123.051003 	477.000000 	476.174988 	484.118011 
31.400000 	123.051003 	477.000000 	476.174988 	484.118011 
31.500000 	123.065002 	477.000000 	476.171997 	484.140015 
31.600000 	123.065002 	477.000000 	476.171997 	484.140015 
31.700000 	123.065002 	477.000000 	476.171997 	484.140015 
31.800000 	123.065002 	477.000000 	476.171997 	484.140015 
31.900000 	123.065002 	477.000000 	476.171997 	484.140015 
32.000000 	123.065002 	477.000000 	476.171997 	484.140015 
32.100000 	123.065002 	477.000000 	476.171997 	484.140015 
32.200000 	123.065002 	477.000000 	476.171997 	484.140015 
32.300000 	123.065002 	477.000000 	476.171997 	484.140015 
32.400000 	123.065002 	477.000000 	476.171997 	484.140015 
32.500000 	123.078003 	477.000000 	476.167999 	484.161987 
32.600000 	123.078003 	477.000000 	476.167999 	484.161987 
32.700000 	123.078003 	477.000000 	476.167999 	484.161987 
32.800000 	123.078003 	477.000000 	476.167999 	484.161987 
32.900000 	123.078003 	477.000000 	476.167999 	484.161987 
33.000000 	123.078003 	477.000000 	476.167999 	484.161987 
33.100000 	123.078003 	477.000000 	476.167999 	484.161987 
33.200000 	123.078003 	477.000000 	476.167999 	484.161987 
33.300000 	123.078003 	477.000000 	476.167999 	484.161987 
33.400000 	123.078003 	477.000000 	476.167999 	484.161987 
33.500000 	123.091003 	477.000000 	476.165009 	484.183990 
33.600000 	123.091003 	477.000000 	476.165009 	484.183990 
33.700000 	123.091003 	477.000000 	476.165009 	484.183990 
33.800000 	123.091003 	477.000000 	476.165009 	484.183990 
33.900000 	123.091003 	477.000000 	476.165009 	484.183990 
34.000000 	123.091003 	477.000000 	476.165009 	484.183990 
34.100000 	123.091003 	477.000000 	476.165009 	484.183990 
34.200000 	123.091003 	477.000000 	476.165009 	484.183990 
34.300000 	123.091003 	477.000000 	476.165009 	484.183990 
34.400000 	123.091003 	477.000000 	476.165009 	484.183990 
34.500000 	123.102997 	477.000000 	476.161987 	484.204987 
34.600000 	123.102997 	477.000000 	476.161987 	484.204987 
34.700000 	123.102997 	477.000000 	476.161987 	484.204987 
34.800000 	123.102997 	477.000000 	476.161987 	484.204987 
34.900000 	123.102997 	477.000000 	476.161987 	484.204987 
35.000000 	123.102997 	477.000000 	476.161987 	484.204987 
35.100000 	123.102997 	477.000000 	476.161987 	484.204987 
35.200000 	123.102997 	477.000000 	476.161987 	484.204987 
35.300000 	123.102997 	477.000000 	476.161987 	484.204987 
35.400000 	123.102997 	477.000000 	476.161987 	484.204987 
35.500000 	123.113998 	477.000000 	476.157990 	484.226990 
35.600000 	123.113998 	477.000000 	476.157990 	484.226990 
35.700000 	123.113998 	477.000000 	476.157990 	484.226990 
35.800000 	123.113998 	477.000000 	476.157990 	484.226990 
35.900000 	123.113998 	477.000000 	476.157990 	484.226990 
36.000000 	123.113998 	477.000000 	476.157990 	484.226990 
36.100000 	123.113998 	477.000000 	476.157990 	484.226990 
36.200000 	123.113998 	477.000000 	476.157990 	484.226990 
36.300000 	123.113998 	477.000000 	476.157990 	484.226990 
36.400000 	123.113998 	477.000000 	476.157990 	484.226990 
36.500000 	123.125000 	477.000000 	476.154999 	484.248993 
36.600000 	123.125000 	477.000000 	476.154999 	484.248993 
36.700000 	123.125000 	477.000000 	476.154999 	484.248993 
36.800000 	123.125000 	477.000000 	476.154999 	484.248993 
36.900000 	123.125000 	477.000000 	476.154999 	484.248993 
37.000000 	123.125000 	477.000000 	476.154999 	484.248993 
37.100000 	123.125000 	477.000000 	476.154999 	484.248993 
37.200000 	123.125000 	477.000000 	476.154999 	484.248993 
37.300000 	123.125000 	477.000000 	476.154999 	484.248993 
37.400000 	123.125000 	477.000000 	476.154999 	484.248993 
37.500000 	123.135002 	477.000000 	476.152008 	484.269989 
37.600000 	123.135002 	477.000000 	476.152008 	484.269989 
37.700000 	123.135002 	477.000000 	476.152008 	484.269989 
37.800000 	123.135002 	477.000000 	476.152008 	484.269989 
37.900000 	123.135002 	477.000000 	476.152008 	484.269989 
38.000000 	123.135002 	477.000000 	476.152008 	484.269989 
38.100000 	123.135002 	477.000000 	476.152008 	484.269989 
38.200000 	123.135002 	477.000000 	476.152008 	484.269989 
38.300000 	123.135002 	477.000000 	476.152008 	484.269989 
38.400000 	123.135002 	477.000000 	476.152008 	484.269989 
38.500000 	123.144997 	477.000000 	476.148987 	484.290985 
38.600000 	123.144997 	477.000000 	476.148987 	484.290985 
38.700000 	123.144997 	477.000000 	476.148987 	484.290985 
38.800000 	123.144997 	477.000000 	476.148987 	484.290985 
38.900000 	123.144997 	477.000000 	476.148987 	484.290985 
39.000000 	123.144997 	477.000000 	476.148987 	484.290985 
39.100000 	123.144997 	477.000000 	476.148987 	484.290985 
39.200000 	123.144997 	477.000000 	476.148987 	484.290985 
39.300000 	123.144997 	477.000000 	476.148987 	484.290985 
39.400000 	123.144997 	477.000000 	476.148987 	484.290985 
39.500000 	123.153999 	477.000000 	476.144989 	484.312988 
39.600000 	123.153999 	477.000000 	476.144989 	484.312988 
39.700000 	123.153999 	477.000000 	476.144989 	484.312988 
39.800000 	123.153999 	477.000000 	476.144989 	484.312988 
39.900000 	123.153999 	477.000000 	476.144989 	484.312988 
40.000000 	123.153999 	477.000000 	476.144989 	484.312988 
40.100000 	123.153999 	477.000000 	476.144989 	484.312988 
40.200000 	123.153999 	477.000000 	476.144989 	484.312988 
40.300000 	123.153999 	477.000000 	476.144989 	484.312988 
40.400000 	123.153999 	477.000000 	476.144989 	484.312988 
40.500000 	123.164001 	477.000000 	476.141998 	484.333008 
40.600000 	123.164001 	477.000000 	476.141998 	484.333008 
40.700000 	123.164001 	477.000000 	476.141998 	484.333008 
40.800000 	123.164001 	477.000000 	476.141998 	484.333008 
40.900000 	123.164001 	477.000000 	476.141998 	484.333008 
41.000000 	123.164001 	477.000000 	476.141998 	484.333008 
41.100000 	123.164001 	477.000000 	476.141998 	484.333008 
41.200000 	123.164001 	477.000000 	476.141998 	484.333008 
41.300000 	123.164001 	477.000000 	476.141998 	484.333008 
41.400000 	123.164001 	477.000000 	476.141998 	484.333008 
41.500000 	123.171997 	477.000000 	476.138000 	484.354004 
41.600000 	123.171997 	477.000000 	476.138000 	484.354004 
41.700000 	123.171997 	477.000000 	476.138000 	484.354004 
41.800000 	123.171997 	477.000000 	476.138000 	484.354004 
41.900000 	123.171997 	477.000000 	476.138000 	484.354004 
42.000000 	123.171997 	477.000000 	476.138000 	484.354004 
42.100000 	123.171997 	477.000000 	476.138000 	484.354004 
42.200000 	123.171997 	477.000000 	476.138000 	484.354004 
42.300000 	123.171997 	477.000000 	476.138000 	484.354004 
42.400000 	123.171997 	477.000000 	476.138000 	484.354004 
42.500000 	123.181000 	477.000000 	476.135010 	484.375000 
42.600000 	123.181000 	477.000000 	476.135010 	484.375000 
42.700000 	123.181000 	477.000000 	476.135010 	484.375000 
42.800000 	123.181000 	477.000000 	476.135010 	484.375000 
42.900000 	123.181000 	477.000000 	476.135010 	484.375000 
43.000000 	123.181000 	477.000000 	476.135010 	484.375000 
43.100000 	123.181000 	477.000000 	476.135010 	484.375000 
43.200000 	123.181000 	477.000000 	476.135010 	484.375000 
43.300000 	123.181000 	477.000000 	476.135010 	484.375000 
43.400000 	123.181000 	477.000000 	476.135010 	484.375000 
43.500000 	123.189003 	477.000000 	476.131012 	484.394989 
43.600000 	123.189003 	477.000000 	476.131012 	484.394989 
43.700000 	123.189003 	477.000000 	476.131012 	484.394989 
43.800000 	123.189003 	477.000000 	476.131012 	484.394989 
43.900000 	123.189003 	477.000000 	476.131012 	484.394989 
44.000000 	123.189003 	477.000000 	476.131012 	484.394989 
44.100000 	123.189003 	477.000000 	476.131012 	484.394989 
44.200000 	123.189003 	477.000000 	476.131012 	484.394989 
44.300000 	123.189003 	477.000000 	476.131012 	484.394989 
44.400000 	123.189003 	477.000000 	476.131012 	484.394989 
44.500000 	123.196999 	477.000000 	476.127014 	484.415009 
44.600000 	123.196999 	477.000000 	476.127014 	484.415009 
44.700000 	123.196999 	477.000000 	476.127014 	484.415009 
44.800000 	123.196999 	477.000000 	476.127014 	484.415009 
44.900000 	123.196999 	477.000000 	476.127014 	484.415009 
45.000000 	123.196999 	477.000000 	476.127014 	484.415009 
45.100000 	123.196999 	477.000000 	476.127014 	484.415009 
45.200000 	123.196999 	477.000000 	476.127014 	484.415009 
45.300000 	123.196999 	477.000000 	476.127014 	484.415009 
45.400000 	123.196999 	477.000000 	476.127014 	484.415009 
45.500000 	123.205002 	477.000000 	476.122986 	484.434998 
45.600000 	123.205002 	477.000000 	476.122986 	484.434998 
45.700000 	123.205002 	477.000000 	476.122986 	484.434998 
45.800000 	123.205002 	477.000000 	476.122986 	484.434998 
45.900000 	123.205002 	477.000000 	476.122986 	484.434998 
46.000000 	123.205002 	477.000000 	476.122986 	484.434998 
46.100000 	123.205002 	477.000000 	476.122986 	484.434998 
46.200000 	123.205002 	477.000000 	476.122986 	484.434998 
46.300000 	123.205002 	477.000000 	476.122986 	484.434998 
46.400000 	123.205002 	477.000000 	476.122986 	484.434998 
46.500000 	123.212997 	477.000000 	476.118988 	484.454987 
46.600000 	123.212997 	477.000000 	476.118988 	484.454987 
46.700000 	123.212997 	477.000000 	476.118988 	484.454987 
46.800000 	123.212997 	477.000000 	476.118988 	484.454987 
46.900000 	123.212997 	477.000000 	476.118988 	484.454987 
47.000000 	123.212997 	477.000000 	476.118988 	484.454987 
47.100000 	123.212997 	477.000000 	476.118988 	484.454987 
47.200000 	123.212997 	477.000000 	476.118988 	484.454987 
47.300000 	123.212997 	477.000000 	476.118988 	484.454987 
47.400000 	123.212997 	477.000000 	476.118988 	484.454987 
47.500000 	123.220001 	477.000000 	476.114990 	484.473999 
47.600000 	123.220001 	477.000000 	476.114990 	484.473999 
47.700000 	123.220001 	477.000000 	476.114990 	484.473999 
47.800000 	123.220001 	477.000000 	476.114990 	484.473999 
47.900000 	123.220001 	477.000000 	476.114990 	484.473999 
48.000000 	123.220001 	477.000000 	476.114990 	484.473999 
48.100000 	123.220001 	477.000000 	476.114990 	484.473999 
48.200000 	123.220001 	477.000000 	476.114990 	484.473999 
48.300000 	123.220001 	477.000000 	476.114990 	484.473999 
48.400000 	123.220001 	477.000000 	476.114990 	484.473999 
48.500000 	123.226997 	477.000000 	476.110992 	484.493011 
48.600000 	123.226997 	477.000000 	476.110992 	484.493011 
48.700000 	123.226997 	477.000000 	476.110992 	484.493011 
48.800000 	123.226997 	477.000000 	476.110992 	484.493011 
48.900000 	123.226997 	477.000000 	476.110992 	484.493011 
49.000000 	123.226997 	477.000000 	476.110992 	484.493011 
49.100000 	123.226997 	477.000000 	476.110992 	484.493011 
49.200000 	123.226997 	477.000000 	476.110992 	484.493011 
49.300000 	123.226997 	477.000000 	476.110992 	484.493011 
49.400000 	123.226997 	477.000000 	476.110992 	484.493011 
49.500000 	123.234001 	477.000000 	476.105988 	484.511993 
49.600000 	123.234001 	477.000000 	476.105988 	484.511993 
49.700000 	123.234001 	477.000000 	476.105988 	484.511993 
49.800000 	123.234001 	477.000000 	476.105988 	484.511993 
49.900000 	123.234001 	477.000000 	476.105988 	484.511993 
50.000000 	123.234001 	477.000000 	476.105988 	484.511993 
50.100000 	123.234001 	477.000000 	476.105988 	484.511993 
50.200000 	123.234001 	477.000000 	476.105988 	484.511993 
50.300000 	123.234001 	477.000000 	476.105988 	484.511993 
50.400000 	123.234001 	477.000000 	476.105988 	484.511993 
50.500000 	123.240997 	477.000000 	476.101990 	1006.030029 
50.600000 	123.240997 	477.000000 	476.101990 	1006.030029 
50.700000 	123.240997 	477.000000 	476.101990 	1006.030029 
50.800000 	123.240997 	477.000000 	476.101990 	1006.030029 
50.900000 	123.240997 	477.000000 	476.101990 	1006.030029 
51.000000 	123.240997 	477.000000 	476.101990 	1006.030029 
51.100000 	123.240997 	477.000000 	476.101990 	1006.030029 
51.200000 	123.240997 	477.000000 	476.101990 	1006.030029 
51.300000 	123.240997 	477.000000 	476.101990 	1006.030029 
51.400000 	123.240997 	477.000000 	476.101990 	1006.030029 
51.500000 	123.248001 	477.000000 	476.096985 	1006.030029 
51.600000 	123.248001 	477.000000 	476.096985 	1006.030029 
51.700000 	123.248001 	477.000000 	476.096985 	1006.030029 
51.800000 	123.248001 	477.000000 	476.096985 	1006.030029 
51.900000 	123.248001 	477.000000 	476.096985 	1006.030029 
52.000000 	123.248001 	477.000000 	476.096985 	1006.030029 
52.100000 	123.248001 	477.000000 	476.096985 	1006.030029 
52.200000 	123.248001 	477.000000 	476.096985 	1006.030029 
52.300000 	123.248001 	477.000000 	476.096985 	1006.030029 
52.400000 	123.248001 	477.000000 	476.096985 	1006.030029 
52.500000 	123.253998 	477.000000 	476.092987 	1006.030029 
52.600000 	123.253998 	477.000000 	476.092987 	1006.030029 
52.700000 	123.253998 	477.000000 	476.092987 	1006.030029 
52.800000 	123.253998 	477.000000 	476.092987 	1006.030029 
52.900000 	123.253998 	477.000000 	476.092987 	1006.030029 
53.000000 	123.253998 	477.000000 	476.092987 	1006.030029 
53.100000 	123.253998 	477.000000 	476.092987 	1006.030029 
53.200000 	123.253998 	477.000000 	476.092987 	1006.030029 
53.300000 	123.253998 	477.000000 	476.092987 	1006.030029 
53.400000 	123.253998 	477.000000 	476.092987 	1006.030029 
53.500000 	123.260002 	477.000000 	476.088013 	1006.030029 
53.600000 	123.260002 	477.000000 	476.088013 	1006.030029 
53.700000 	123.260002 	477.000000 	476.088013 	1006.030029 
53.800000 	123.260002 	477.000000 	476.088013 	1006.030029 
53.900000 	123.260002 	477.000000 	476.088013 	1006.030029 
54.000000 	123.260002 	477.000000 	476.088013 	1006.030029 
54.100000 	123.260002 	477.000000 	476.088013 	1006.030029 
54.200000 	123.260002 	477.000000 	476.088013 	1006.030029 
54.300000 	123.260002 	477.000000 	476.088013 	1006.030029 
54.400000 	123.260002 	477.000000 	476.088013 	1006.030029 
54.500000 	123.266998 	477.000000 	476.083008 	1006.030029 
54.600000 	123.266998 	477.000000 	476.083008 	1006.030029 
54.700000 	123.266998 	477.000000 	476.083008 	1006.030029 
54.800000 	123.266998 	477.000000 	476.083008 	1006.030029 
54.900000 	123.266998 	477.000000 	476.083008 	1006.030029 
55.000000 	123.266998 	477.000000 	476.083008 	1006.030029 
55.100000 	123.266998 	477.000000 	476.083008 	1006.030029 
55.200000 	123.266998 	477.000000 	476.083008 	1006.030029 
55.300000 	123.266998 	477.000000 	476.083008 	1006.030029 
55.400000 	123.266998 	477.000000 	476.083008 	1006.030029 
55.500000 	123.273003 	477.000000 	476.078003 	1006.030029 
55.600000 	123.273003 	477.000000 	476.078003 	1006.030029 
55.700000 	123.273003 	477.000000 	476.078003 	1006.030029 
55.800000 	123.273003 	477.000000 	476.078003 	1006.030029 
55.900000 	123.273003 	477.000000 	476.078003 	1006.030029 
56.000000 	123.273003 	477.000000 	476.078003 	1006.030029 
56.100000 	123.273003 	477.000000 	476.078003 	1006.030029 
56.200000 	123.273003 	477.000000 	476.078003 	1006.030029 
56.300000 	123.273003 	477.000000 	476.078003 	1006.030029 
56.400000 	123.273003 	477.000000 	476.078003 	1006.030029 
56.500000 	123.278999 	477.000000 	476.071991 	1006.030029 
56.600000 	123.278999 	477.000000 	476.071991 	1006.030029 
56.700000 	123.278999 	477.000000 	476.071991 	1006.030029 
56.800000 	123.278999 	477.000000 	476.071991 	1006.030029 
56.900000 	123.278999 	477.000000 	476.071991 	1006.030029 
57.000000 	123.278999 	477.000000 	476.071991 	1006.030029 
57.100000 	123.278999 	477.000000 	476.071991 	1006.030029 
57.200000 	123.278999 	477.000000 	476.071991 	1006.030029 
57.300000 	123.278999 	477.000000 	476.071991 	1006.030029 
57.400000 	123.278999 	477.000000 	476.071991 	1006.030029 
57.500000 	123.285004 	477.000000 	476.066986 	1006.030029 
57.600000 	123.285004 	477.000000 	476.066986 	1006.030029 
57.700000 	123.285004 	477.000000 	476.066986 	1006.030029 
57.800000 	123.285004 	477.000000 	476.066986 	1006.030029 
57.900000 	123.285004 	477.000000 	476.066986 	1006.030029 
58.000000 	123.285004 	477.000000 	476.066986 	1006.030029 
58.100000 	123.285004 	477.000000 	476.066986 	1006.030029 
58.200000 	123.285004 	477.000000 	476.066986 	1006.030029 
58.300000 	123.285004 	477.000000 	476.066986 	1006.030029 
58.400000 	123.285004 	477.000000 	476.066986 	1006.030029 
58.500000 	123.290001 	477.000000 	476.061005 	1006.030029 
58.600000 	123.290001 	477.000000 	476.061005 	1006.030029 
58.700000 	123.290001 	477.000000 	476.061005 	1006.030029 
58.800000 	123.290001 	477.000000 	476.061005 	1006.030029 
58.900000 	123.290001 	477.000000 	476.061005 	1006.030029 
59.000000 	123.290001 	477.000000 	476.061005 	1006.030029 
59.100000 	123.290001 	477.000000 	476.061005 	1006.030029 
59.200000 	123.290001 	477.000000 	476.061005 	1006.030029 
59.300000 	123.290001 	477.000000 	476.061005 	1006.030029 
59.400000 	123.290001 	477.000000 	476.061005 	1006.030029 
59.500000 	123.295998 	477.000000 	476.056000 	1006.030029 
59.600000 	123.295998 	477.000000 	476.056000 	1006.030029 
59.700000 	123.295998 	477.000000 	476.056000 	1006.030029 
59.800000 	123.295998 	477.000000 	476.056000 	1006.030029 
59.900000 	123.295998 	477.000000 	476.056000 	1006.030029 
60.000000 	123.295998 	477.000000 	476.056000 	1006.030029 
