0.500000 	79.995499 	163.000000 	206.300995 	176.082993 
0.600000 	79.995499 	163.000000 	206.300995 	176.082993 
0.700000 	79.995499 	163.000000 	206.300995 	176.082993 
0.800000 	79.995499 	163.000000 	206.300995 	176.082993 
0.900000 	79.995499 	163.000000 	206.300995 	176.082993 
1.000000 	79.995499 	163.000000 	206.300995 	176.082993 
1.100000 	79.995499 	163.000000 	206.300995 	176.082993 
1.200000 	79.995499 	163.000000 	206.300995 	176.082993 
1.300000 	79.995499 	163.000000 	206.300995 	176.082993 
1.400000 	79.995499 	163.000000 	206.300995 	176.082993 
1.500000 	88.917099 	163.000000 	187.186996 	179.722000 
1.600000 	88.917099 	163.000000 	187.186996 	179.722000 
1.700000 	88.917099 	163.000000 	187.186996 	179.722000 
1.800000 	88.917099 	163.000000 	187.186996 	179.722000 
1.900000 	88.917099 	163.000000 	187.186996 	179.722000 
2.000000 	88.917099 	163.000000 	187.186996 	179.722000 
2.100000 	88.917099 	163.000000 	187.186996 	179.722000 
2.200000 	88.917099 	163.000000 	187.186996 	179.722000 
2.300000 	88.917099 	163.000000 	187.186996 	179.722000 
2.400000 	88.917099 	163.000000 	187.186996 	179.722000 
2.500000 	101.271004 	163.000000 	177.794998 	180.378006 
2.600000 	101.271004 	163.000000 	177.794998 	180.378006 
2.700000 	101.271004 	163.000000 	177.794998 	180.378006 
2.800000 	101.271004 	163.000000 	177.794998 	180.378006 
2.900000 	101.271004 	163.000000 	177.794998 	180.378006 
3.000000 	101.271004 	163.000000 	177.794998 	180.378006 
3.100000 	101.271004 	163.000000 	177.794998 	180.378006 
3.200000 	101.271004 	163.000000 	177.794998 	180.378006 
3.300000 	101.271004 	163.000000 	177.794998 	180.378006 
3.400000 	101.271004 	163.000000 	177.794998 	180.378006 
3.500000 	108.444000 	163.000000 	172.466995 	180.632996 
3.600000 	108.444000 	163.000000 	172.466995 	180.632996 
3.700000 	108.444000 	163.000000 	172.466995 	180.632996 
3.800000 	108.444000 	163.000000 	172.466995 	180.632996 
3.900000 	108.444000 	163.000000 	172.466995 	180.632996 
4.000000 	108.444000 	163.000000 	172.466995 	180.632996 
4.100000 	108.444000 	163.000000 	172.466995 	180.632996 
4.200000 	108.444000 	163.000000 	172.466995 	180.632996 
4.300000 	108.444000 	163.000000 	172.466995 	180.632996 
4.400000 	108.444000 	163.000000 	172.466995 	180.632996 
4.500000 	112.703003 	163.000000 	169.248001 	180.776001 
4.600000 	112.703003 	163.000000 	169.248001 	180.776001 
4.700000 	112.703003 	163.000000 	169.248001 	180.776001 
4.800000 	112.703003 	163.000000 	169.248001 	180.776001 
4.900000 	112.703003 	163.000000 	169.248001 	180.776001 
5.000000 	112.703003 	163.000000 	169.248001 	180.776001 
5.100000 	112.703003 	163.000000 	169.248001 	180.776001 
5.200000 	112.703003 	163.000000 	169.248001 	180.776001 
5.300000 	112.703003 	163.000000 	169.248001 	180.776001 
5.400000 	112.703003 	163.000000 	169.248001 	180.776001 
5.500000 	115.390999 	163.000000 	167.201996 	180.876999 
5.600000 	115.390999 	163.000000 	167.201996 	180.876999 
5.700000 	115.390999 	163.000000 	167.201996 	180.876999 
5.800000 	115.390999 	163.000000 	167.201996 	180.876999 
5.900000 	115.390999 	163.000000 	167.201996 	180.876999 
6.000000 	115.390999 	163.000000 	167.201996 	180.876999 
6.100000 	115.390999 	163.000000 	167.201996 	180.876999 
6.200000 	115.390999 	163.000000 	167.201996 	180.876999 
6.300000 	115.390999 	163.000000 	167.201996 	180.876999 
6.400000 	115.390999 	163.000000 	167.201996 	180.876999 
6.500000 	117.179001 	163.000000 	165.830994 	180.959000 
6.600000 	117.179001 	163.000000 	165.830994 	180.959000 
6.700000 	117.179001 	163.000000 	165.830994 	180.959000 
6.800000 	117.179001 	163.000000 	165.830994 	180.959000 
6.900000 	117.179001 	163.000000 	165.830994 	180.959000 
7.000000 	117.179001 	163.000000 	165.830994 	180.959000 
7.100000 	117.179001 	163.000000 	165.830994 	180.959000 
7.200000 	117.179001 	163.000000 	165.830994 	180.959000 
7.300000 	117.179001 	163.000000 	165.830994 	180.959000 
7.400000 	117.179001 	163.000000 	165.830994 	180.959000 
7.500000 	118.422997 	163.000000 	164.869003 	181.033997 
7.600000 	118.422997 	163.000000 	164.869003 	181.033997 
7.700000 	118.422997 	163.000000 	164.869003 	181.033997 
7.800000 	118.422997 	163.000000 	164.869003 	181.033997 
7.900000 	118.422997 	163.000000 	164.869003 	181.033997 
8.000000 	118.422997 	163.000000 	164.869003 	181.033997 
8.100000 	118.422997 	163.000000 	164.869003 	181.033997 
8.200000 	118.422997 	163.000000 	164.869003 	181.033997 
8.300000 	118.422997 	163.000000 	164.869003 	181.033997 
8.400000 	118.422997 	163.000000 	164.869003 	181.033997 
8.500000 	119.320999 	163.000000 	164.173004 	181.104004 
8.600000 	119.320999 	163.000000 	164.173004 	181.104004 
8.700000 	119.320999 	163.000000 	164.173004 	181.104004 
8.800000 	119.320999 	163.000000 	164.173004 	181.104004 
8.900000 	119.320999 	163.000000 	164.173004 	181.104004 
9.000000 	119.320999 	163.000000 	164.173004 	181.104004 
9.100000 	119.320999 	163.000000 	164.173004 	181.104004 
9.200000 	119.320999 	163.000000 	164.173004 	181.104004 
9.300000 	119.320999 	163.000000 	164.173004 	181.104004 
9.400000 	119.320999 	163.000000 	164.173004 	181.104004 
9.500000 	119.988998 	163.000000 	163.654999 	181.173996 
9.600000 	119.988998 	163.000000 	163.654999 	181.173996 
9.700000 	119.988998 	163.000000 	163.654999 	181.173996 
9.800000 	119.988998 	163.000000 	163.654999 	181.173996 
9.900000 	119.988998 	163.000000 	163.654999 	181.173996 
10.000000 	119.988998 	163.000000 	163.654999 	181.173996 
10.100000 	119.988998 	163.000000 	163.654999 	181.173996 
10.200000 	119.988998 	163.000000 	163.654999 	181.173996 
10.300000 	119.988998 	163.000000 	163.654999 	181.173996 
10.400000 	119.988998 	163.000000 	163.654999 	181.173996 
10.500000 	120.501999 	163.000000 	163.259995 	181.244003 
10.600000 	120.501999 	163.000000 	163.259995 	181.244003 
10.700000 	120.501999 	163.000000 	163.259995 	181.244003 
10.800000 	120.501999 	163.000000 	163.259995 	181.244003 
10.900000 	120.501999 	163.000000 	163.259995 	181.244003 
11.000000 	120.501999 	163.000000 	163.259995 	181.244003 
11.100000 	120.501999 	163.000000 	163.259995 	181.244003 
11.200000 	120.501999 	163.000000 	163.259995 	181.244003 
11.300000 	120.501999 	163.000000 	163.259995 	181.244003 
11.400000 	120.501999 	163.000000 	163.259995 	181.244003 
11.500000 	120.901001 	163.000000 	162.953995 	181.315002 
11.600000 	120.901001 	163.000000 	162.953995 	181.315002 
11.700000 	120.901001 	163.000000 	162.953995 	181.315002 
11.800000 	120.901001 	163.000000 	162.953995 	181.315002 
11.900000 	120.901001 	163.000000 	162.953995 	181.315002 
12.000000 	120.901001 	163.000000 	162.953995 	181.315002 
12.100000 	120.901001 	163.000000 	162.953995 	181.315002 
12.200000 	120.901001 	163.000000 	162.953995 	181.315002 
12.300000 	120.901001 	163.000000 	162.953995 	181.315002 
12.400000 	120.901001 	163.000000 	162.953995 	181.315002 
12.500000 	121.218002 	163.000000 	162.710999 	181.388000 
12.600000 	121.218002 	163.000000 	162.710999 	181.388000 
12.700000 	121.218002 	163.000000 	162.710999 	181.388000 
12.800000 	121.218002 	163.000000 	162.710999 	181.388000 
12.900000 	121.218002 	163.000000 	162.710999 	181.388000 
13.000000 	121.218002 	163.000000 	162.710999 	181.388000 
13.100000 	121.218002 	163.000000 	162.710999 	181.388000 
13.200000 	121.218002 	163.000000 	162.710999 	181.388000 
13.300000 	121.218002 	163.000000 	162.710999 	181.388000 
13.400000 	121.218002 	163.000000 	162.710999 	181.388000 
13.500000 	121.473999 	163.000000 	162.516006 	181.462006 
13.600000 	121.473999 	163.000000 	162.516006 	181.462006 
13.700000 	121.473999 	163.000000 	162.516006 	181.462006 
13.800000 	121.473999 	163.000000 	162.516006 	181.462006 
13.900000 	121.473999 	163.000000 	162.516006 	181.462006 
14.000000 	121.473999 	163.000000 	162.516006 	181.462006 
14.100000 	121.473999 	163.000000 	162.516006 	181.462006 
14.200000 	121.473999 	163.000000 	162.516006 	181.462006 
14.300000 	121.473999 	163.000000 	162.516006 	181.462006 
14.400000 	121.473999 	163.000000 	162.516006 	181.462006 
14.500000 	121.684998 	163.000000 	162.356995 	181.537994 
14.600000 	121.684998 	163.000000 	162.356995 	181.537994 
14.700000 	121.684998 	163.000000 	162.356995 	181.537994 
14.800000 	121.684998 	163.000000 	162.356995 	181.537994 
14.900000 	121.684998 	163.000000 	162.356995 	181.537994 
15.000000 	121.684998 	163.000000 	162.356995 	181.537994 
15.100000 	121.684998 	163.000000 	162.356995 	181.537994 
15.200000 	121.684998 	163.000000 	162.356995 	181.537994 
15.300000 	121.684998 	163.000000 	162.356995 	181.537994 
15.400000 	121.684998 	163.000000 	162.356995 	181.537994 
15.500000 	121.860001 	163.000000 	162.225998 	181.615005 
15.600000 	121.860001 	163.000000 	162.225998 	181.615005 
15.700000 	121.860001 	163.000000 	162.225998 	181.615005 
15.800000 	121.860001 	163.000000 	162.225998 	181.615005 
15.900000 	121.860001 	163.000000 	162.225998 	181.615005 
16.000000 	121.860001 	163.000000 	162.225998 	181.615005 
16.100000 	121.860001 	163.000000 	162.225998 	181.615005 
16.200000 	121.860001 	163.000000 	162.225998 	181.615005 
16.300000 	121.860001 	163.000000 	162.225998 	181.615005 
16.400000 	121.860001 	163.000000 	162.225998 	181.615005 
16.500000 	122.008003 	163.000000 	162.117004 	181.694000 
16.600000 	122.008003 	163.000000 	162.117004 	181.694000 
16.700000 	122.008003 	163.000000 	162.117004 	181.694000 
16.800000 	122.008003 	163.000000 	162.117004 	181.694000 
16.900000 	122.008003 	163.000000 	162.117004 	181.694000 
17.000000 	122.008003 	163.000000 	162.117004 	181.694000 
17.100000 	122.008003 	163.000000 	162.117004 	181.694000 
17.200000 	122.008003 	163.000000 	162.117004 	181.694000 
17.300000 	122.008003 	163.000000 	162.117004 	181.694000 
17.400000 	122.008003 	163.000000 	162.117004 	181.694000 
17.500000 	122.134003 	163.000000 	162.024994 	181.776001 
17.600000 	122.134003 	163.000000 	162.024994 	181.776001 
17.700000 	122.134003 	163.000000 	162.024994 	181.776001 
17.800000 	122.134003 	163.000000 	162.024994 	181.776001 
17.900000 	122.134003 	163.000000 	162.024994 	181.776001 
18.000000 	122.134003 	163.000000 	162.024994 	181.776001 
18.100000 	122.134003 	163.000000 	162.024994 	181.776001 
18.200000 	122.134003 	163.000000 	162.024994 	181.776001 
18.300000 	122.134003 	163.000000 	162.024994 	181.776001 
18.400000 	122.134003 	163.000000 	162.024994 	181.776001 
18.500000 	122.241997 	163.000000 	161.947006 	181.858002 
18.600000 	122.241997 	163.000000 	161.947006 	181.858002 
18.700000 	122.241997 	163.000000 	161.947006 	181.858002 
18.800000 	122.241997 	163.000000 	161.947006 	181.858002 
18.900000 	122.241997 	163.000000 	161.947006 	181.858002 
19.000000 	122.241997 	163.000000 	161.947006 	181.858002 
19.100000 	122.241997 	163.000000 	161.947006 	181.858002 
19.200000 	122.241997 	163.000000 	161.947006 	181.858002 
19.300000 	122.241997 	163.000000 	161.947006 	181.858002 
19.400000 	122.241997 	163.000000 	161.947006 	181.858002 
19.500000 	122.335999 	163.000000 	161.880997 	181.940994 
19.600000 	122.335999 	163.000000 	161.880997 	181.940994 
19.700000 	122.335999 	163.000000 	161.880997 	181.940994 
19.800000 	122.335999 	163.000000 	161.880997 	181.940994 
19.900000 	122.335999 	163.000000 	161.880997 	181.940994 
20.000000 	122.335999 	163.000000 	161.880997 	181.940994 
20.100000 	122.335999 	163.000000 	161.880997 	181.940994 
20.200000 	122.335999 	163.000000 	161.880997 	181.940994 
20.300000 	122.335999 	163.000000 	161.880997 	181.940994 
20.400000 	122.335999 	163.000000 	161.880997 	181.940994 
20.500000 	122.417999 	163.000000 	161.822998 	182.024994 
20.600000 	122.417999 	163.000000 	161.822998 	182.024994 
20.700000 	122.417999 	163.000000 	161.822998 	182.024994 
20.800000 	122.417999 	163.000000 	161.822998 	182.024994 
20.900000 	122.417999 	163.000000 	161.822998 	182.024994 
21.000000 	122.417999 	163.000000 	161.822998 	182.024994 
21.100000 	122.417999 	163.000000 	161.822998 	182.024994 
21.200000 	122.417999 	163.000000 	161.822998 	182.024994 
21.300000 	122.417999 	163.000000 	161.822998 	182.024994 
21.400000 	122.417999 	163.000000 	161.822998 	182.024994 
21.500000 	122.490997 	163.000000 	161.772995 	182.110001 
21.600000 	122.490997 	163.000000 	161.772995 	182.110001 
21.700000 	122.490997 	163.000000 	161.772995 	182.110001 
21.800000 	122.490997 	163.000000 	161.772995 	182.110001 
21.900000 	122.490997 	163.000000 	161.772995 	182.110001 
22.000000 	122.490997 	163.000000 	161.772995 	182.110001 
22.100000 	122.490997 	163.000000 	161.772995 	182.110001 
22.200000 	122.490997 	163.000000 	161.772995 	182.110001 
22.300000 	122.490997 	163.000000 	161.772995 	182.110001 
22.400000 	122.490997 	163.000000 	161.772995 	182.110001 
22.500000 	122.555000 	163.000000 	161.729004 	182.195999 
22.600000 	122.555000 	163.000000 	161.729004 	182.195999 
22.700000 	122.555000 	163.000000 	161.729004 	182.195999 
22.800000 	122.555000 	163.000000 	161.729004 	182.195999 
22.900000 	122.555000 	163.000000 	161.729004 	182.195999 
23.000000 	122.555000 	163.000000 	161.729004 	182.195999 
23.100000 	122.555000 	163.000000 	161.729004 	182.195999 
23.200000 	122.555000 	163.000000 	161.729004 	182.195999 
23.300000 	122.555000 	163.000000 	161.729004 	182.195999 
23.400000 	122.555000 	163.000000 	161.729004 	182.195999 
23.500000 	122.612000 	163.000000 	161.690002 	182.283005 
23.600000 	122.612000 	163.000000 	161.690002 	182.283005 
23.700000 	122.612000 	163.000000 	161.690002 	182.283005 
23.800000 	122.612000 	163.000000 	161.690002 	182.283005 
23.900000 	122.612000 	163.000000 	161.690002 	182.283005 
24.000000 	122.612000 	163.000000 	161.690002 	182.283005 
24.100000 	122.612000 	163.000000 	161.690002 	182.283005 
24.200000 	122.612000 	163.000000 	161.690002 	182.283005 
24.300000 	122.612000 	163.000000 	161.690002 	182.283005 
24.400000 	122.612000 	163.000000 	161.690002 	182.283005 
24.500000 	122.664001 	163.000000 	161.656006 	182.371002 
24.600000 	122.664001 	163.000000 	161.656006 	182.371002 
24.700000 	122.664001 	163.000000 	161.656006 	182.371002 
24.800000 	122.664001 	163.000000 	161.656006 	182.371002 
24.900000 	122.664001 	163.000000 	161.656006 	182.371002 
25.000000 	122.664001 	163.000000 	161.656006 	182.371002 
25.100000 	122.664001 	163.000000 	161.656006 	182.371002 
25.200000 	122.664001 	163.000000 	161.656006 	182.371002 
25.300000 	122.664001 	163.000000 	161.656006 	182.371002 
25.400000 	122.664001 	163.000000 	161.656006 	182.371002 
25.500000 	122.710999 	163.000000 	161.625000 	182.459000 
25.600000 	122.710999 	163.000000 	161.625000 	182.459000 
25.700000 	122.710999 	163.000000 	161.625000 	182.459000 
25.800000 	122.710999 	163.000000 	161.625000 	182.459000 
25.900000 	122.710999 	163.000000 	161.625000 	182.459000 
26.000000 	122.710999 	163.000000 	161.625000 	182.459000 
26.100000 	122.710999 	163.000000 	161.625000 	182.459000 
26.200000 	122.710999 	163.000000 	161.625000 	182.459000 
26.300000 	122.710999 	163.000000 	161.625000 	182.459000 
26.400000 	122.710999 	163.000000 	161.625000 	182.459000 
26.500000 	122.753998 	163.000000 	161.598007 	182.548004 
26.600000 	122.753998 	163.000000 	161.598007 	182.548004 
26.700000 	122.753998 	163.000000 	161.598007 	182.548004 
26.800000 	122.753998 	163.000000 	161.598007 	182.548004 
26.900000 	122.753998 	163.000000 	161.598007 	182.548004 
27.000000 	122.753998 	163.000000 	161.598007 	182.548004 
27.100000 	122.753998 	163.000000 	161.598007 	182.548004 
27.200000 	122.753998 	163.000000 	161.598007 	182.548004 
27.300000 	122.753998 	163.000000 	161.598007 	182.548004 
27.400000 	122.753998 	163.000000 	161.598007 	182.548004 
27.500000 	122.792999 	163.000000 	161.574005 	182.636993 
27.600000 	122.792999 	163.000000 	161.574005 	182.636993 
27.700000 	122.792999 	163.000000 	161.574005 	182.636993 
27.800000 	122.792999 	163.000000 	161.574005 	182.636993 
27.900000 	122.792999 	163.000000 	161.574005 	182.636993 
28.000000 	122.792999 	163.000000 	161.574005 	182.636993 
28.100000 	122.792999 	163.000000 	161.574005 	182.636993 
28.200000 	122.792999 	163.000000 	161.574005 	182.636993 
28.300000 	122.792999 	163.000000 	161.574005 	182.636993 
28.400000 	122.792999 	163.000000 	161.574005 	182.636993 
28.500000 	122.828003 	163.000000 	161.550995 	182.727005 
28.600000 	122.828003 	163.000000 	161.550995 	182.727005 
28.700000 	122.828003 	163.000000 	161.550995 	182.727005 
28.800000 	122.828003 	163.000000 	161.550995 	182.727005 
28.900000 	122.828003 	163.000000 	161.550995 	182.727005 
29.000000 	122.828003 	163.000000 	161.550995 	182.727005 
29.100000 	122.828003 	163.000000 	161.550995 	182.727005 
29.200000 	122.828003 	163.000000 	161.550995 	182.727005 
29.300000 	122.828003 	163.000000 	161.550995 	182.727005 
29.400000 	122.828003 	163.000000 	161.550995 	182.727005 
29.500000 	122.861000 	163.000000 	161.531006 	182.817001 
29.600000 	122.861000 	163.000000 	161.531006 	182.817001 
29.700000 	122.861000 	163.000000 	161.531006 	182.817001 
29.800000 	122.861000 	163.000000 	161.531006 	182.817001 
29.900000 	122.861000 	163.000000 	161.531006 	182.817001 
30.000000 	122.861000 	163.000000 	161.531006 	182.817001 
30.100000 	122.861000 	163.000000 	161.531006 	182.817001 
30.200000 	122.861000 	163.000000 	161.531006 	182.817001 
30.300000 	122.861000 	163.000000 	161.531006 	182.817001 
30.400000 	122.861000 	163.000000 	161.531006 	182.817001 
30.500000 	122.891998 	163.000000 	161.513000 	182.906998 
30.600000 	122.891998 	163.000000 	161.513000 	182.906998 
30.700000 	122.891998 	163.000000 	161.513000 	182.906998 
30.800000 	122.891998 	163.000000 	161.513000 	182.906998 
30.900000 	122.891998 	163.000000 	161.513000 	182.906998 
31.000000 	122.891998 	163.000000 	161.513000 	182.906998 
31.100000 	122.891998 	163.000000 	161.513000 	182.906998 
31.200000 	122.891998 	163.000000 	161.513000 	182.906998 
31.300000 	122.891998 	163.000000 	161.513000 	182.906998 
31.400000 	122.891998 	163.000000 	161.513000 	182.906998 
31.500000 	122.919998 	163.000000 	161.496002 	182.996994 
31.600000 	122.919998 	163.000000 	161.496002 	182.996994 
31.700000 	122.919998 	163.000000 	161.496002 	182.996994 
31.800000 	122.919998 	163.000000 	161.496002 	182.996994 
31.900000 	122.919998 	163.000000 	161.496002 	182.996994 
32.000000 	122.919998 	163.000000 	161.496002 	182.996994 
32.100000 	122.919998 	163.000000 	161.496002 	182.996994 
32.200000 	122.919998 	163.000000 	161.496002 	182.996994 
32.300000 	122.919998 	163.000000 	161.496002 	182.996994 
32.400000 	122.919998 	163.000000 	161.496002 	182.996994 
32.500000 	122.946999 	163.000000 	161.481003 	183.087997 
32.600000 	122.946999 	163.000000 	161.481003 	183.087997 
32.700000 	122.946999 	163.000000 	161.481003 	183.087997 
32.800000 	122.946999 	163.000000 	161.481003 	183.087997 
32.900000 	122.946999 	163.000000 	161.481003 	183.087997 
33.000000 	122.946999 	163.000000 	161.481003 	183.087997 
33.100000 	122.946999 	163.000000 	161.481003 	183.087997 
33.200000 	122.946999 	163.000000 	161.481003 	183.087997 
33.300000 	122.946999 	163.000000 	161.481003 	183.087997 
33.400000 	122.946999 	163.000000 	161.481003 	183.087997 
33.500000 	122.972000 	163.000000 	161.466995 	183.177994 
33.600000 	122.972000 	163.000000 	161.466995 	183.177994 
33.700000 	122.972000 	163.000000 	161.466995 	183.177994 
33.800000 	122.972000 	163.000000 	161.466995 	183.177994 
33.900000 	122.972000 	163.000000 	161.466995 	183.177994 
34.000000 	122.972000 	163.000000 	161.466995 	183.177994 
34.100000 	122.972000 	163.000000 	161.466995 	183.177994 
34.200000 	122.972000 	163.000000 	161.466995 	183.177994 
34.300000 	122.972000 	163.000000 	161.466995 	183.177994 
34.400000 	122.972000 	163.000000 	161.466995 	183.177994 
34.500000 	122.995003 	163.000000 	161.453003 	183.268997 
34.600000 	122.995003 	163.000000 	161.453003 	183.268997 
34.700000 	122.995003 	163.000000 	161.453003 	183.268997 
34.800000 	122.995003 	163.000000 	161.453003 	183.268997 
34.900000 	122.995003 	163.000000 	161.453003 	183.268997 
35.000000 	122.995003 	163.000000 	161.453003 	183.268997 
35.100000 	122.995003 	163.000000 	161.453003 	183.268997 
35.200000 	122.995003 	163.000000 	161.453003 	183.268997 
35.300000 	122.995003 	163.000000 	161.453003 	183.268997 
35.400000 	122.995003 	163.000000 	161.453003 	183.268997 
35.500000 	123.016998 	163.000000 	161.440994 	183.358994 
35.600000 	123.016998 	163.000000 	161.440994 	183.358994 
35.700000 	123.016998 	163.000000 	161.440994 	183.358994 
35.800000 	123.016998 	163.000000 	161.440994 	183.358994 
35.900000 	123.016998 	163.000000 	161.440994 	183.358994 
36.000000 	123.016998 	163.000000 	161.440994 	183.358994 
36.100000 	123.016998 	163.000000 	161.440994 	183.358994 
36.200000 	123.016998 	163.000000 	161.440994 	183.358994 
36.300000 	123.016998 	163.000000 	161.440994 	183.358994 
36.400000 	123.016998 	163.000000 	161.440994 	183.358994 
36.500000 	123.038002 	163.000000 	161.429993 	183.449005 
36.600000 	123.038002 	163.000000 	161.429993 	183.449005 
36.700000 	123.038002 	163.000000 	161.429993 	183.449005 
36.800000 	123.038002 	163.000000 	161.429993 	183.449005 
36.900000 	123.038002 	163.000000 	161.429993 	183.449005 
37.000000 	123.038002 	163.000000 	161.429993 	183.449005 
37.100000 	123.038002 	163.000000 	161.429993 	183.449005 
37.200000 	123.038002 	163.000000 	161.429993 	183.449005 
37.300000 	123.038002 	163.000000 	161.429993 	183.449005 
37.400000 	123.038002 	163.000000 	161.429993 	183.449005 
37.500000 	123.056999 	163.000000 	161.419006 	183.539001 
37.600000 	123.056999 	163.000000 	161.419006 	183.539001 
37.700000 	123.056999 	163.000000 	161.419006 	183.539001 
37.800000 	123.056999 	163.000000 	161.419006 	183.539001 
37.900000 	123.056999 	163.000000 	161.419006 	183.539001 
38.000000 	123.056999 	163.000000 	161.419006 	183.539001 
38.100000 	123.056999 	163.000000 	161.419006 	183.539001 
38.200000 	123.056999 	163.000000 	161.419006 	183.539001 
38.300000 	123.056999 	163.000000 	161.419006 	183.539001 
38.400000 	123.056999 	163.000000 	161.419006 	183.539001 
38.500000 	123.075996 	163.000000 	161.408997 	183.628998 
38.600000 	123.075996 	163.000000 	161.408997 	183.628998 
38.700000 	123.075996 	163.000000 	161.408997 	183.628998 
38.800000 	123.075996 	163.000000 	161.408997 	183.628998 
38.900000 	123.075996 	163.000000 	161.408997 	183.628998 
39.000000 	123.075996 	163.000000 	161.408997 	183.628998 
39.100000 	123.075996 	163.000000 	161.408997 	183.628998 
39.200000 	123.075996 	163.000000 	161.408997 	183.628998 
39.300000 	123.075996 	163.000000 	161.408997 	183.628998 
39.400000 	123.075996 	163.000000 	161.408997 	183.628998 
39.500000 	123.093002 	163.000000 	161.399002 	183.718002 
39.600000 	123.093002 	163.000000 	161.399002 	183.718002 
39.700000 	123.093002 	163.000000 	161.399002 	183.718002 
39.800000 	123.093002 	163.000000 	161.399002 	183.718002 
39.900000 	123.093002 	163.000000 	161.399002 	183.718002 
40.000000 	123.093002 	163.000000 	161.399002 	183.718002 
40.100000 	123.093002 	163.000000 	161.399002 	183.718002 
40.200000 	123.093002 	163.000000 	161.399002 	183.718002 
40.300000 	123.093002 	163.000000 	161.399002 	183.718002 
40.400000 	123.093002 	163.000000 	161.399002 	183.718002 
40.500000 	123.110001 	163.000000 	161.389999 	183.807007 
40.600000 	123.110001 	163.000000 	161.389999 	183.807007 
40.700000 	123.110001 	163.000000 	161.389999 	183.807007 
40.800000 	123.110001 	163.000000 	161.389999 	183.807007 
40.900000 	123.110001 	163.000000 	161.389999 	183.807007 
41.000000 	123.110001 	163.000000 	161.389999 	183.807007 
41.100000 	123.110001 	163.000000 	161.389999 	183.807007 
41.200000 	123.110001 	163.000000 	161.389999 	183.807007 
41.300000 	123.110001 	163.000000 	161.389999 	183.807007 
41.400000 	123.110001 	163.000000 	161.389999 	183.807007 
41.500000 	123.125999 	163.000000 	161.382004 	183.895996 
41.600000 	123.125999 	163.000000 	161.382004 	183.895996 
41.700000 	123.125999 	163.000000 	161.382004 	183.895996 
41.800000 	123.125999 	163.000000 	161.382004 	183.895996 
41.900000 	123.125999 	163.000000 	161.382004 	183.895996 
42.000000 	123.125999 	163.000000 	161.382004 	183.895996 
42.100000 	123.125999 	163.000000 	161.382004 	183.895996 
42.200000 	123.125999 	163.000000 	161.382004 	183.895996 
42.300000 	123.125999 	163.000000 	161.382004 	183.895996 
42.400000 	123.125999 	163.000000 	161.382004 	183.895996 
42.500000 	123.141998 	163.000000 	161.373001 	183.985001 
42.600000 	123.141998 	163.000000 	161.373001 	183.985001 
42.700000 	123.141998 	163.000000 	161.373001 	183.985001 
42.800000 	123.141998 	163.000000 	161.373001 	183.985001 
42.900000 	123.141998 	163.000000 	161.373001 	183.985001 
43.000000 	123.141998 	163.000000 	161.373001 	183.985001 
43.100000 	123.141998 	163.000000 	161.373001 	183.985001 
43.200000 	123.141998 	163.000000 	161.373001 	183.985001 
43.300000 	123.141998 	163.000000 	161.373001 	183.985001 
43.400000 	123.141998 	163.000000 	161.373001 	183.985001 
43.500000 	123.156998 	163.000000 	161.365997 	184.072998 
43.600000 	123.156998 	163.000000 	161.365997 	184.072998 
43.700000 	123.156998 	163.000000 	161.365997 	184.072998 
43.800000 	123.156998 	163.000000 	161.365997 	184.072998 
43.900000 	123.156998 	163.000000 	161.365997 	184.072998 
44.000000 	123.156998 	163.000000 	161.365997 	184.072998 
44.100000 	123.156998 	163.000000 	161.365997 	184.072998 
44.200000 	123.156998 	163.000000 	161.365997 	184.072998 
44.300000 	123.156998 	163.000000 	161.365997 	184.072998 
44.400000 	123.156998 	163.000000 	161.365997 	184.072998 
44.500000 	123.170998 	163.000000 	161.358002 	184.160004 
44.600000 	123.170998 	163.000000 	161.358002 	184.160004 
44.700000 	123.170998 	163.000000 	161.358002 	184.160004 
44.800000 	123.170998 	163.000000 	161.358002 	184.160004 
44.900000 	123.170998 	163.000000 	161.358002 	184.160004 
45.000000 	123.170998 	163.000000 	161.358002 	184.160004 
45.100000 	123.170998 	163.000000 	161.358002 	184.160004 
45.200000 	123.170998 	163.000000 	161.358002 	184.160004 
45.300000 	123.170998 	163.000000 	161.358002 	184.160004 
45.400000 	123.170998 	163.000000 	161.358002 	184.160004 
45.500000 	123.183998 	163.000000 	161.350998 	184.246994 
45.600000 	123.183998 	163.000000 	161.350998 	184.246994 
45.700000 	123.183998 	163.000000 	161.350998 	184.246994 
45.800000 	123.183998 	163.000000 	161.350998 	184.246994 
45.900000 	123.183998 	163.000000 	161.350998 	184.246994 
46.000000 	123.183998 	163.000000 	161.350998 	184.246994 
46.100000 	123.183998 	163.000000 	161.350998 	184.246994 
46.200000 	123.183998 	163.000000 	161.350998 	184.246994 
46.300000 	123.183998 	163.000000 	161.350998 	184.246994 
46.400000 	123.183998 	163.000000 	161.350998 	184.246994 
46.500000 	123.196999 	163.000000 	161.343994 	184.334000 
46.600000 	123.196999 	163.000000 	161.343994 	184.334000 
46.700000 	123.196999 	163.000000 	161.343994 	184.334000 
46.800000 	123.196999 	163.000000 	161.343994 	184.334000 
46.900000 	123.196999 	163.000000 	161.343994 	184.334000 
47.000000 	123.196999 	163.000000 	161.343994 	184.334000 
47.100000 	123.196999 	163.000000 	161.343994 	184.334000 
47.200000 	123.196999 	163.000000 	161.343994 	184.334000 
47.300000 	123.196999 	163.000000 	161.343994 	184.334000 
47.400000 	123.196999 	163.000000 	161.343994 	184.334000 
47.500000 	123.209999 	163.000000 	161.337006 	184.419998 
47.600000 	123.209999 	163.000000 	161.337006 	184.419998 
47.700000 	123.209999 	163.000000 	161.337006 	184.419998 
47.800000 	123.209999 	163.000000 	161.337006 	184.419998 
47.900000 	123.209999 	163.000000 	161.337006 	184.419998 
48.000000 	123.209999 	163.000000 	161.337006 	184.419998 
48.100000 	123.209999 	163.000000 	161.337006 	184.419998 
48.200000 	123.209999 	163.000000 	161.337006 	184.419998 
48.300000 	123.209999 	163.000000 	161.337006 	184.419998 
48.400000 	123.209999 	163.000000 	161.337006 	184.419998 
48.500000 	123.222000 	163.000000 	161.330994 	184.505997 
48.600000 	123.222000 	163.000000 	161.330994 	184.505997 
48.700000 	123.222000 	163.000000 	161.330994 	184.505997 
48.800000 	123.222000 	163.000000 	161.330994 	184.505997 
48.900000 	123.222000 	163.000000 	161.330994 	184.505997 
49.000000 	123.222000 	163.000000 	161.330994 	184.505997 
49.100000 	123.222000 	163.000000 	161.330994 	184.505997 
49.200000 	123.222000 	163.000000 	161.330994 	184.505997 
49.300000 	123.222000 	163.000000 	161.330994 	184.505997 
49.400000 	123.222000 	163.000000 	161.330994 	184.505997 
49.500000 	123.234001 	163.000000 	161.324005 	184.589996 
49.600000 	123.234001 	163.000000 	161.324005 	184.589996 
49.700000 	123.234001 	163.000000 	161.324005 	184.589996 
49.800000 	123.234001 	163.000000 	161.324005 	184.589996 
49.900000 	123.234001 	163.000000 	161.324005 	184.589996 
50.000000 	123.234001 	163.000000 	161.324005 	184.589996 
50.100000 	123.234001 	163.000000 	161.324005 	184.589996 
50.200000 	123.234001 	163.000000 	161.324005 	184.589996 
50.300000 	123.234001 	163.000000 	161.324005 	184.589996 
50.400000 	123.234001 	163.000000 	161.324005 	184.589996 
50.500000 	123.245003 	163.000000 	161.317993 	1006.030029 
50.600000 	123.245003 	163.000000 	161.317993 	1006.030029 
50.700000 	123.245003 	163.000000 	161.317993 	1006.030029 
50.800000 	123.245003 	163.000000 	161.317993 	1006.030029 
50.900000 	123.245003 	163.000000 	161.317993 	1006.030029 
51.000000 	123.245003 	163.000000 	161.317993 	1006.030029 
51.100000 	123.245003 	163.000000 	161.317993 	1006.030029 
51.200000 	123.245003 	163.000000 	161.317993 	1006.030029 
51.300000 	123.245003 	163.000000 	161.317993 	1006.030029 
51.400000 	123.245003 	163.000000 	161.317993 	1006.030029 
51.500000 	123.255997 	163.000000 	161.311996 	1006.030029 
51.600000 	123.255997 	163.000000 	161.311996 	1006.030029 
51.700000 	123.255997 	163.000000 	161.311996 	1006.030029 
51.800000 	123.255997 	163.000000 	161.311996 	1006.030029 
51.900000 	123.255997 	163.000000 	161.311996 	1006.030029 
52.000000 	123.255997 	163.000000 	161.311996 	1006.030029 
52.100000 	123.255997 	163.000000 	161.311996 	1006.030029 
52.200000 	123.255997 	163.000000 	161.311996 	1006.030029 
52.300000 	123.255997 	163.000000 	161.311996 	1006.030029 
52.400000 	123.255997 	163.000000 	161.311996 	1006.030029 
52.500000 	123.265999 	163.000000 	161.307007 	1006.030029 
52.600000 	123.265999 	163.000000 	161.307007 	1006.030029 
52.700000 	123.265999 	163.000000 	161.307007 	1006.030029 
52.800000 	123.265999 	163.000000 	161.307007 	1006.030029 
52.900000 	123.265999 	163.000000 	161.307007 	1006.030029 
53.000000 	123.265999 	163.000000 	161.307007 	1006.030029 
53.100000 	123.265999 	163.000000 	161.307007 	1006.030029 
53.200000 	123.265999 	163.000000 	161.307007 	1006.030029 
53.300000 	123.265999 	163.000000 	161.307007 	1006.030029 
53.400000 	123.265999 	163.000000 	161.307007 	1006.030029 
53.500000 	123.277000 	163.000000 	161.300995 	1006.030029 
53.600000 	123.277000 	163.000000 	161.300995 	1006.030029 
53.700000 	123.277000 	163.000000 	161.300995 	1006.030029 
53.800000 	123.277000 	163.000000 	161.300995 	1006.030029 
53.900000 	123.277000 	163.000000 	161.300995 	1006.030029 
54.000000 	123.277000 	163.000000 	161.300995 	1006.030029 
54.100000 	123.277000 	163.000000 	161.300995 	1006.030029 
54.200000 	123.277000 	163.000000 	161.300995 	1006.030029 
54.300000 	123.277000 	163.000000 	161.300995 	1006.030029 
54.400000 	123.277000 	163.000000 	161.300995 	1006.030029 
54.500000 	123.287003 	163.000000 	161.294998 	1006.030029 
54.600000 	123.287003 	163.000000 	161.294998 	1006.030029 
54.700000 	123.287003 	163.000000 	161.294998 	1006.030029 
54.800000 	123.287003 	163.000000 	161.294998 	1006.030029 
54.900000 	123.287003 	163.000000 	161.294998 	1006.030029 
55.000000 	123.287003 	163.000000 	161.294998 	1006.030029 
55.100000 	123.287003 	163.000000 	161.294998 	1006.030029 
55.200000 	123.287003 	163.000000 	161.294998 	1006.030029 
55.300000 	123.287003 	163.000000 	161.294998 	1006.030029 
55.400000 	123.287003 	163.000000 	161.294998 	1006.030029 
55.500000 	123.295998 	163.000000 	161.289993 	1006.030029 
55.600000 	123.295998 	163.000000 	161.289993 	1006.030029 
55.700000 	123.295998 	163.000000 	161.289993 	1006.030029 
55.800000 	123.295998 	163.000000 	161.289993 	1006.030029 
55.900000 	123.295998 	163.000000 	161.289993 	1006.030029 
56.000000 	123.295998 	163.000000 	161.289993 	1006.030029 
56.100000 	123.295998 	163.000000 	161.289993 	1006.030029 
56.200000 	123.295998 	163.000000 	161.289993 	1006.030029 
56.300000 	123.295998 	163.000000 	161.289993 	1006.030029 
56.400000 	123.295998 	163.000000 	161.289993 	1006.030029 
56.500000 	123.305000 	163.000000 	161.283997 	1006.030029 
56.600000 	123.305000 	163.000000 	161.283997 	1006.030029 
56.700000 	123.305000 	163.000000 	161.283997 	1006.030029 
56.800000 	123.305000 	163.000000 	161.283997 	1006.030029 
56.900000 	123.305000 	163.000000 	161.283997 	1006.030029 
57.000000 	123.305000 	163.000000 	161.283997 	1006.030029 
57.100000 	123.305000 	163.000000 	161.283997 	1006.030029 
57.200000 	123.305000 	163.000000 	161.283997 	1006.030029 
57.300000 	123.305000 	163.000000 	161.283997 	1006.030029 
57.400000 	123.305000 	163.000000 	161.283997 	1006.030029 
57.500000 	123.314003 	163.000000 	161.279007 	1006.030029 
57.600000 	123.314003 	163.000000 	161.279007 	1006.030029 
57.700000 	123.314003 	163.000000 	161.279007 	1006.030029 
57.800000 	123.314003 	163.000000 	161.279007 	1006.030029 
57.900000 	123.314003 	163.000000 	161.279007 	1006.030029 
58.000000 	123.314003 	163.000000 	161.279007 	1006.030029 
58.100000 	123.314003 	163.000000 	161.279007 	1006.030029 
58.200000 	123.314003 	163.000000 	161.279007 	1006.030029 
58.300000 	123.314003 	163.000000 	161.279007 	1006.030029 
58.400000 	123.314003 	163.000000 	161.279007 	1006.030029 
58.500000 	123.322998 	163.000000 	161.274002 	1006.030029 
58.600000 	123.322998 	163.000000 	161.274002 	1006.030029 
58.700000 	123.322998 	163.000000 	161.274002 	1006.030029 
58.800000 	123.322998 	163.000000 	161.274002 	1006.030029 
58.900000 	123.322998 	163.000000 	161.274002 	1006.030029 
59.000000 	123.322998 	163.000000 	161.274002 	1006.030029 
59.100000 	123.322998 	163.000000 	161.274002 	1006.030029 
59.200000 	123.322998 	163.000000 	161.274002 	1006.030029 
59.300000 	123.322998 	163.000000 	161.274002 	1006.030029 
59.400000 	123.322998 	163.000000 	161.274002 	1006.030029 
59.500000 	123.331001 	163.000000 	161.268997 	1006.030029 
59.600000 	123.331001 	163.000000 	161.268997 	1006.030029 
59.700000 	123.331001 	163.000000 	161.268997 	1006.030029 
59.800000 	123.331001 	163.000000 	161.268997 	1006.030029 
59.900000 	123.331001 	163.000000 	161.268997 	1006.030029 
60.000000 	123.331001 	163.000000 	161.268997 	1006.030029 
