0.500000 	89.756302 	998.000000 	1031.920044 	1017.679993 
0.600000 	89.756302 	998.000000 	1031.920044 	1017.679993 
0.700000 	89.756302 	998.000000 	1031.920044 	1017.679993 
0.800000 	89.756302 	998.000000 	1031.920044 	1017.679993 
0.900000 	89.756302 	998.000000 	1031.920044 	1017.679993 
1.000000 	89.756302 	998.000000 	1031.920044 	1017.679993 
1.100000 	89.756302 	998.000000 	1031.920044 	1017.679993 
1.200000 	89.756302 	998.000000 	1031.920044 	1017.679993 
1.300000 	89.756302 	998.000000 	1031.920044 	1017.679993 
1.400000 	89.756302 	998.000000 	1031.920044 	1017.679993 
1.500000 	101.029999 	998.000000 	1011.859985 	1009.070007 
1.600000 	101.029999 	998.000000 	1011.859985 	1009.070007 
1.700000 	101.029999 	998.000000 	1011.859985 	1009.070007 
1.800000 	101.029999 	998.000000 	1011.859985 	1009.070007 
1.900000 	101.029999 	998.000000 	1011.859985 	1009.070007 
2.000000 	101.029999 	998.000000 	1011.859985 	1009.070007 
2.100000 	101.029999 	998.000000 	1011.859985 	1009.070007 
2.200000 	101.029999 	998.000000 	1011.859985 	1009.070007 
2.300000 	101.029999 	998.000000 	1011.859985 	1009.070007 
2.400000 	101.029999 	998.000000 	1011.859985 	1009.070007 
2.500000 	111.016998 	998.000000 	1006.229980 	1006.099976 
2.600000 	111.016998 	998.000000 	1006.229980 	1006.099976 
2.700000 	111.016998 	998.000000 	1006.229980 	1006.099976 
2.800000 	111.016998 	998.000000 	1006.229980 	1006.099976 
2.900000 	111.016998 	998.000000 	1006.229980 	1006.099976 
3.000000 	111.016998 	998.000000 	1006.229980 	1006.099976 
3.100000 	111.016998 	998.000000 	1006.229980 	1006.099976 
3.200000 	111.016998 	998.000000 	1006.229980 	1006.099976 
3.300000 	111.016998 	998.000000 	1006.229980 	1006.099976 
3.400000 	111.016998 	998.000000 	1006.229980 	1006.099976 
3.500000 	115.750999 	998.000000 	1003.929993 	1004.940002 
3.600000 	115.750999 	998.000000 	1003.929993 	1004.940002 
3.700000 	115.750999 	998.000000 	1003.929993 	1004.940002 
3.800000 	115.750999 	998.000000 	1003.929993 	1004.940002 
3.900000 	115.750999 	998.000000 	1003.929993 	1004.940002 
4.000000 	115.750999 	998.000000 	1003.929993 	1004.940002 
4.100000 	115.750999 	998.000000 	1003.929993 	1004.940002 
4.200000 	115.750999 	998.000000 	1003.929993 	1004.940002 
4.300000 	115.750999 	998.000000 	1003.929993 	1004.940002 
4.400000 	115.750999 	998.000000 	1003.929993 	1004.940002 
4.500000 	118.210999 	998.000000 	1002.729980 	1004.349976 
4.600000 	118.210999 	998.000000 	1002.729980 	1004.349976 
4.700000 	118.210999 	998.000000 	1002.729980 	1004.349976 
4.800000 	118.210999 	998.000000 	1002.729980 	1004.349976 
4.900000 	118.210999 	998.000000 	1002.729980 	1004.349976 
5.000000 	118.210999 	998.000000 	1002.729980 	1004.349976 
5.100000 	118.210999 	998.000000 	1002.729980 	1004.349976 
5.200000 	118.210999 	998.000000 	1002.729980 	1004.349976 
5.300000 	118.210999 	998.000000 	1002.729980 	1004.349976 
5.400000 	118.210999 	998.000000 	1002.729980 	1004.349976 
5.500000 	119.627998 	998.000000 	1002.020020 	1004.000000 
5.600000 	119.627998 	998.000000 	1002.020020 	1004.000000 
5.700000 	119.627998 	998.000000 	1002.020020 	1004.000000 
5.800000 	119.627998 	998.000000 	1002.020020 	1004.000000 
5.900000 	119.627998 	998.000000 	1002.020020 	1004.000000 
6.000000 	119.627998 	998.000000 	1002.020020 	1004.000000 
6.100000 	119.627998 	998.000000 	1002.020020 	1004.000000 
6.200000 	119.627998 	998.000000 	1002.020020 	1004.000000 
6.300000 	119.627998 	998.000000 	1002.020020 	1004.000000 
6.400000 	119.627998 	998.000000 	1002.020020 	1004.000000 
6.500000 	120.513000 	998.000000 	1001.559998 	1003.780029 
6.600000 	120.513000 	998.000000 	1001.559998 	1003.780029 
6.700000 	120.513000 	998.000000 	1001.559998 	1003.780029 
6.800000 	120.513000 	998.000000 	1001.559998 	1003.780029 
6.900000 	120.513000 	998.000000 	1001.559998 	1003.780029 
7.000000 	120.513000 	998.000000 	1001.559998 	1003.780029 
7.100000 	120.513000 	998.000000 	1001.559998 	1003.780029 
7.200000 	120.513000 	998.000000 	1001.559998 	1003.780029 
7.300000 	120.513000 	998.000000 	1001.559998 	1003.780029 
7.400000 	120.513000 	998.000000 	1001.559998 	1003.780029 
7.500000 	121.100998 	998.000000 	1001.229980 	1003.630005 
7.600000 	121.100998 	998.000000 	1001.229980 	1003.630005 
7.700000 	121.100998 	998.000000 	1001.229980 	1003.630005 
7.800000 	121.100998 	998.000000 	1001.229980 	1003.630005 
7.900000 	121.100998 	998.000000 	1001.229980 	1003.630005 
8.000000 	121.100998 	998.000000 	1001.229980 	1003.630005 
8.100000 	121.100998 	998.000000 	1001.229980 	1003.630005 
8.200000 	121.100998 	998.000000 	1001.229980 	1003.630005 
8.300000 	121.100998 	998.000000 	1001.229980 	1003.630005 
8.400000 	121.100998 	998.000000 	1001.229980 	1003.630005 
8.500000 	121.512001 	998.000000 	1000.989990 	1003.520020 
8.600000 	121.512001 	998.000000 	1000.989990 	1003.520020 
8.700000 	121.512001 	998.000000 	1000.989990 	1003.520020 
8.800000 	121.512001 	998.000000 	1000.989990 	1003.520020 
8.900000 	121.512001 	998.000000 	1000.989990 	1003.520020 
9.000000 	121.512001 	998.000000 	1000.989990 	1003.520020 
9.100000 	121.512001 	998.000000 	1000.989990 	1003.520020 
9.200000 	121.512001 	998.000000 	1000.989990 	1003.520020 
9.300000 	121.512001 	998.000000 	1000.989990 	1003.520020 
9.400000 	121.512001 	998.000000 	1000.989990 	1003.520020 
9.500000 	121.809998 	998.000000 	1000.799988 	1003.440002 
9.600000 	121.809998 	998.000000 	1000.799988 	1003.440002 
9.700000 	121.809998 	998.000000 	1000.799988 	1003.440002 
9.800000 	121.809998 	998.000000 	1000.799988 	1003.440002 
9.900000 	121.809998 	998.000000 	1000.799988 	1003.440002 
10.000000 	121.809998 	998.000000 	1000.799988 	1003.440002 
10.100000 	121.809998 	998.000000 	1000.799988 	1003.440002 
10.200000 	121.809998 	998.000000 	1000.799988 	1003.440002 
10.300000 	121.809998 	998.000000 	1000.799988 	1003.440002 
10.400000 	121.809998 	998.000000 	1000.799988 	1003.440002 
10.500000 	122.032997 	998.000000 	1000.659973 	1003.380005 
10.600000 	122.032997 	998.000000 	1000.659973 	1003.380005 
10.700000 	122.032997 	998.000000 	1000.659973 	1003.380005 
10.800000 	122.032997 	998.000000 	1000.659973 	1003.380005 
10.900000 	122.032997 	998.000000 	1000.659973 	1003.380005 
11.000000 	122.032997 	998.000000 	1000.659973 	1003.380005 
11.100000 	122.032997 	998.000000 	1000.659973 	1003.380005 
11.200000 	122.032997 	998.000000 	1000.659973 	1003.380005 
11.300000 	122.032997 	998.000000 	1000.659973 	1003.380005 
11.400000 	122.032997 	998.000000 	1000.659973 	1003.380005 
11.500000 	122.206001 	998.000000 	1000.539978 	1003.340027 
11.600000 	122.206001 	998.000000 	1000.539978 	1003.340027 
11.700000 	122.206001 	998.000000 	1000.539978 	1003.340027 
11.800000 	122.206001 	998.000000 	1000.539978 	1003.340027 
11.900000 	122.206001 	998.000000 	1000.539978 	1003.340027 
12.000000 	122.206001 	998.000000 	1000.539978 	1003.340027 
12.100000 	122.206001 	998.000000 	1000.539978 	1003.340027 
12.200000 	122.206001 	998.000000 	1000.539978 	1003.340027 
12.300000 	122.206001 	998.000000 	1000.539978 	1003.340027 
12.400000 	122.206001 	998.000000 	1000.539978 	1003.340027 
12.500000 	122.342003 	998.000000 	1000.440002 	1003.309998 
12.600000 	122.342003 	998.000000 	1000.440002 	1003.309998 
12.700000 	122.342003 	998.000000 	1000.440002 	1003.309998 
12.800000 	122.342003 	998.000000 	1000.440002 	1003.309998 
12.900000 	122.342003 	998.000000 	1000.440002 	1003.309998 
13.000000 	122.342003 	998.000000 	1000.440002 	1003.309998 
13.100000 	122.342003 	998.000000 	1000.440002 	1003.309998 
13.200000 	122.342003 	998.000000 	1000.440002 	1003.309998 
13.300000 	122.342003 	998.000000 	1000.440002 	1003.309998 
13.400000 	122.342003 	998.000000 	1000.440002 	1003.309998 
13.500000 	122.450996 	998.000000 	1000.349976 	1003.289978 
13.600000 	122.450996 	998.000000 	1000.349976 	1003.289978 
13.700000 	122.450996 	998.000000 	1000.349976 	1003.289978 
13.800000 	122.450996 	998.000000 	1000.349976 	1003.289978 
13.900000 	122.450996 	998.000000 	1000.349976 	1003.289978 
14.000000 	122.450996 	998.000000 	1000.349976 	1003.289978 
14.100000 	122.450996 	998.000000 	1000.349976 	1003.289978 
14.200000 	122.450996 	998.000000 	1000.349976 	1003.289978 
14.300000 	122.450996 	998.000000 	1000.349976 	1003.289978 
14.400000 	122.450996 	998.000000 	1000.349976 	1003.289978 
14.500000 	122.540001 	998.000000 	1000.280029 	1003.280029 
14.600000 	122.540001 	998.000000 	1000.280029 	1003.280029 
14.700000 	122.540001 	998.000000 	1000.280029 	1003.280029 
14.800000 	122.540001 	998.000000 	1000.280029 	1003.280029 
14.900000 	122.540001 	998.000000 	1000.280029 	1003.280029 
15.000000 	122.540001 	998.000000 	1000.280029 	1003.280029 
15.100000 	122.540001 	998.000000 	1000.280029 	1003.280029 
15.200000 	122.540001 	998.000000 	1000.280029 	1003.280029 
15.300000 	122.540001 	998.000000 	1000.280029 	1003.280029 
15.400000 	122.540001 	998.000000 	1000.280029 	1003.280029 
15.500000 	122.613998 	998.000000 	1000.219971 	1003.270020 
15.600000 	122.613998 	998.000000 	1000.219971 	1003.270020 
15.700000 	122.613998 	998.000000 	1000.219971 	1003.270020 
15.800000 	122.613998 	998.000000 	1000.219971 	1003.270020 
15.900000 	122.613998 	998.000000 	1000.219971 	1003.270020 
16.000000 	122.613998 	998.000000 	1000.219971 	1003.270020 
16.100000 	122.613998 	998.000000 	1000.219971 	1003.270020 
16.200000 	122.613998 	998.000000 	1000.219971 	1003.270020 
16.300000 	122.613998 	998.000000 	1000.219971 	1003.270020 
16.400000 	122.613998 	998.000000 	1000.219971 	1003.270020 
16.500000 	122.677002 	998.000000 	1000.159973 	1003.270020 
16.600000 	122.677002 	998.000000 	1000.159973 	1003.270020 
16.700000 	122.677002 	998.000000 	1000.159973 	1003.270020 
16.800000 	122.677002 	998.000000 	1000.159973 	1003.270020 
16.900000 	122.677002 	998.000000 	1000.159973 	1003.270020 
17.000000 	122.677002 	998.000000 	1000.159973 	1003.270020 
17.100000 	122.677002 	998.000000 	1000.159973 	1003.270020 
17.200000 	122.677002 	998.000000 	1000.159973 	1003.270020 
17.300000 	122.677002 	998.000000 	1000.159973 	1003.270020 
17.400000 	122.677002 	998.000000 	1000.159973 	1003.270020 
17.500000 	122.730003 	998.000000 	1000.109985 	1003.270020 
17.600000 	122.730003 	998.000000 	1000.109985 	1003.270020 
17.700000 	122.730003 	998.000000 	1000.109985 	1003.270020 
17.800000 	122.730003 	998.000000 	1000.109985 	1003.270020 
17.900000 	122.730003 	998.000000 	1000.109985 	1003.270020 
18.000000 	122.730003 	998.000000 	1000.109985 	1003.270020 
18.100000 	122.730003 	998.000000 	1000.109985 	1003.270020 
18.200000 	122.730003 	998.000000 	1000.109985 	1003.270020 
18.300000 	122.730003 	998.000000 	1000.109985 	1003.270020 
18.400000 	122.730003 	998.000000 	1000.109985 	1003.270020 
18.500000 	122.775002 	998.000000 	1000.070007 	1003.270020 
18.600000 	122.775002 	998.000000 	1000.070007 	1003.270020 
18.700000 	122.775002 	998.000000 	1000.070007 	1003.270020 
18.800000 	122.775002 	998.000000 	1000.070007 	1003.270020 
18.900000 	122.775002 	998.000000 	1000.070007 	1003.270020 
19.000000 	122.775002 	998.000000 	1000.070007 	1003.270020 
19.100000 	122.775002 	998.000000 	1000.070007 	1003.270020 
19.200000 	122.775002 	998.000000 	1000.070007 	1003.270020 
19.300000 	122.775002 	998.000000 	1000.070007 	1003.270020 
19.400000 	122.775002 	998.000000 	1000.070007 	1003.270020 
19.500000 	122.815002 	998.000000 	1000.030029 	1003.280029 
19.600000 	122.815002 	998.000000 	1000.030029 	1003.280029 
19.700000 	122.815002 	998.000000 	1000.030029 	1003.280029 
19.800000 	122.815002 	998.000000 	1000.030029 	1003.280029 
19.900000 	122.815002 	998.000000 	1000.030029 	1003.280029 
20.000000 	122.815002 	998.000000 	1000.030029 	1003.280029 
20.100000 	122.815002 	998.000000 	1000.030029 	1003.280029 
20.200000 	122.815002 	998.000000 	1000.030029 	1003.280029 
20.300000 	122.815002 	998.000000 	1000.030029 	1003.280029 
20.400000 	122.815002 	998.000000 	1000.030029 	1003.280029 
20.500000 	122.849998 	998.000000 	999.995972 	1003.289978 
20.600000 	122.849998 	998.000000 	999.995972 	1003.289978 
20.700000 	122.849998 	998.000000 	999.995972 	1003.289978 
20.800000 	122.849998 	998.000000 	999.995972 	1003.289978 
20.900000 	122.849998 	998.000000 	999.995972 	1003.289978 
21.000000 	122.849998 	998.000000 	999.995972 	1003.289978 
21.100000 	122.849998 	998.000000 	999.995972 	1003.289978 
21.200000 	122.849998 	998.000000 	999.995972 	1003.289978 
21.300000 	122.849998 	998.000000 	999.995972 	1003.289978 
21.400000 	122.849998 	998.000000 	999.995972 	1003.289978 
21.500000 	122.880997 	998.000000 	999.963989 	1003.299988 
21.600000 	122.880997 	998.000000 	999.963989 	1003.299988 
21.700000 	122.880997 	998.000000 	999.963989 	1003.299988 
21.800000 	122.880997 	998.000000 	999.963989 	1003.299988 
21.900000 	122.880997 	998.000000 	999.963989 	1003.299988 
22.000000 	122.880997 	998.000000 	999.963989 	1003.299988 
22.100000 	122.880997 	998.000000 	999.963989 	1003.299988 
22.200000 	122.880997 	998.000000 	999.963989 	1003.299988 
22.300000 	122.880997 	998.000000 	999.963989 	1003.299988 
22.400000 	122.880997 	998.000000 	999.963989 	1003.299988 
22.500000 	122.908997 	998.000000 	999.934021 	1003.320007 
22.600000 	122.908997 	998.000000 	999.934021 	1003.320007 
22.700000 	122.908997 	998.000000 	999.934021 	1003.320007 
22.800000 	122.908997 	998.000000 	999.934021 	1003.320007 
22.900000 	122.908997 	998.000000 	999.934021 	1003.320007 
23.000000 	122.908997 	998.000000 	999.934021 	1003.320007 
23.100000 	122.908997 	998.000000 	999.934021 	1003.320007 
23.200000 	122.908997 	998.000000 	999.934021 	1003.320007 
23.300000 	122.908997 	998.000000 	999.934021 	1003.320007 
23.400000 	122.908997 	998.000000 	999.934021 	1003.320007 
23.500000 	122.933998 	998.000000 	999.906006 	1003.330017 
23.600000 	122.933998 	998.000000 	999.906006 	1003.330017 
23.700000 	122.933998 	998.000000 	999.906006 	1003.330017 
23.800000 	122.933998 	998.000000 	999.906006 	1003.330017 
23.900000 	122.933998 	998.000000 	999.906006 	1003.330017 
24.000000 	122.933998 	998.000000 	999.906006 	1003.330017 
24.100000 	122.933998 	998.000000 	999.906006 	1003.330017 
24.200000 	122.933998 	998.000000 	999.906006 	1003.330017 
24.300000 	122.933998 	998.000000 	999.906006 	1003.330017 
24.400000 	122.933998 	998.000000 	999.906006 	1003.330017 
24.500000 	122.956001 	998.000000 	999.880981 	1003.349976 
24.600000 	122.956001 	998.000000 	999.880981 	1003.349976 
24.700000 	122.956001 	998.000000 	999.880981 	1003.349976 
24.800000 	122.956001 	998.000000 	999.880981 	1003.349976 
24.900000 	122.956001 	998.000000 	999.880981 	1003.349976 
25.000000 	122.956001 	998.000000 	999.880981 	1003.349976 
25.100000 	122.956001 	998.000000 	999.880981 	1003.349976 
25.200000 	122.956001 	998.000000 	999.880981 	1003.349976 
25.300000 	122.956001 	998.000000 	999.880981 	1003.349976 
25.400000 	122.956001 	998.000000 	999.880981 	1003.349976 
25.500000 	122.975998 	998.000000 	999.856995 	1003.369995 
25.600000 	122.975998 	998.000000 	999.856995 	1003.369995 
25.700000 	122.975998 	998.000000 	999.856995 	1003.369995 
25.800000 	122.975998 	998.000000 	999.856995 	1003.369995 
25.900000 	122.975998 	998.000000 	999.856995 	1003.369995 
26.000000 	122.975998 	998.000000 	999.856995 	1003.369995 
26.100000 	122.975998 	998.000000 	999.856995 	1003.369995 
26.200000 	122.975998 	998.000000 	999.856995 	1003.369995 
26.300000 	122.975998 	998.000000 	999.856995 	1003.369995 
26.400000 	122.975998 	998.000000 	999.856995 	1003.369995 
26.500000 	122.995003 	998.000000 	999.833984 	1003.390015 
26.600000 	122.995003 	998.000000 	999.833984 	1003.390015 
26.700000 	122.995003 	998.000000 	999.833984 	1003.390015 
26.800000 	122.995003 	998.000000 	999.833984 	1003.390015 
26.900000 	122.995003 	998.000000 	999.833984 	1003.390015 
27.000000 	122.995003 	998.000000 	999.833984 	1003.390015 
27.100000 	122.995003 	998.000000 	999.833984 	1003.390015 
27.200000 	122.995003 	998.000000 	999.833984 	1003.390015 
27.300000 	122.995003 	998.000000 	999.833984 	1003.390015 
27.400000 	122.995003 	998.000000 	999.833984 	1003.390015 
27.500000 	123.012001 	998.000000 	999.812988 	1003.409973 
27.600000 	123.012001 	998.000000 	999.812988 	1003.409973 
27.700000 	123.012001 	998.000000 	999.812988 	1003.409973 
27.800000 	123.012001 	998.000000 	999.812988 	1003.409973 
27.900000 	123.012001 	998.000000 	999.812988 	1003.409973 
28.000000 	123.012001 	998.000000 	999.812988 	1003.409973 
28.100000 	123.012001 	998.000000 	999.812988 	1003.409973 
28.200000 	123.012001 	998.000000 	999.812988 	1003.409973 
28.300000 	123.012001 	998.000000 	999.812988 	1003.409973 
28.400000 	123.012001 	998.000000 	999.812988 	1003.409973 
28.500000 	123.028000 	998.000000 	999.793030 	1003.429993 
28.600000 	123.028000 	998.000000 	999.793030 	1003.429993 
28.700000 	123.028000 	998.000000 	999.793030 	1003.429993 
28.800000 	123.028000 	998.000000 	999.793030 	1003.429993 
28.900000 	123.028000 	998.000000 	999.793030 	1003.429993 
29.000000 	123.028000 	998.000000 	999.793030 	1003.429993 
29.100000 	123.028000 	998.000000 	999.793030 	1003.429993 
29.200000 	123.028000 	998.000000 	999.793030 	1003.429993 
29.300000 	123.028000 	998.000000 	999.793030 	1003.429993 
29.400000 	123.028000 	998.000000 	999.793030 	1003.429993 
29.500000 	123.042999 	998.000000 	999.773987 	1003.450012 
29.600000 	123.042999 	998.000000 	999.773987 	1003.450012 
29.700000 	123.042999 	998.000000 	999.773987 	1003.450012 
29.800000 	123.042999 	998.000000 	999.773987 	1003.450012 
29.900000 	123.042999 	998.000000 	999.773987 	1003.450012 
30.000000 	123.042999 	998.000000 	999.773987 	1003.450012 
30.100000 	123.042999 	998.000000 	999.773987 	1003.450012 
30.200000 	123.042999 	998.000000 	999.773987 	1003.450012 
30.300000 	123.042999 	998.000000 	999.773987 	1003.450012 
30.400000 	123.042999 	998.000000 	999.773987 	1003.450012 
30.500000 	123.056000 	998.000000 	999.755981 	1003.469971 
30.600000 	123.056000 	998.000000 	999.755981 	1003.469971 
30.700000 	123.056000 	998.000000 	999.755981 	1003.469971 
30.800000 	123.056000 	998.000000 	999.755981 	1003.469971 
30.900000 	123.056000 	998.000000 	999.755981 	1003.469971 
31.000000 	123.056000 	998.000000 	999.755981 	1003.469971 
31.100000 	123.056000 	998.000000 	999.755981 	1003.469971 
31.200000 	123.056000 	998.000000 	999.755981 	1003.469971 
31.300000 	123.056000 	998.000000 	999.755981 	1003.469971 
31.400000 	123.056000 	998.000000 	999.755981 	1003.469971 
31.500000 	123.069000 	998.000000 	999.739014 	1003.489990 
31.600000 	123.069000 	998.000000 	999.739014 	1003.489990 
31.700000 	123.069000 	998.000000 	999.739014 	1003.489990 
31.800000 	123.069000 	998.000000 	999.739014 	1003.489990 
31.900000 	123.069000 	998.000000 	999.739014 	1003.489990 
32.000000 	123.069000 	998.000000 	999.739014 	1003.489990 
32.100000 	123.069000 	998.000000 	999.739014 	1003.489990 
32.200000 	123.069000 	998.000000 	999.739014 	1003.489990 
32.300000 	123.069000 	998.000000 	999.739014 	1003.489990 
32.400000 	123.069000 	998.000000 	999.739014 	1003.489990 
32.500000 	123.081001 	998.000000 	999.721985 	1003.520020 
32.600000 	123.081001 	998.000000 	999.721985 	1003.520020 
32.700000 	123.081001 	998.000000 	999.721985 	1003.520020 
32.800000 	123.081001 	998.000000 	999.721985 	1003.520020 
32.900000 	123.081001 	998.000000 	999.721985 	1003.520020 
33.000000 	123.081001 	998.000000 	999.721985 	1003.520020 
33.100000 	123.081001 	998.000000 	999.721985 	1003.520020 
33.200000 	123.081001 	998.000000 	999.721985 	1003.520020 
33.300000 	123.081001 	998.000000 	999.721985 	1003.520020 
33.400000 	123.081001 	998.000000 	999.721985 	1003.520020 
33.500000 	123.093002 	998.000000 	999.705994 	1003.539978 
33.600000 	123.093002 	998.000000 	999.705994 	1003.539978 
33.700000 	123.093002 	998.000000 	999.705994 	1003.539978 
33.800000 	123.093002 	998.000000 	999.705994 	1003.539978 
33.900000 	123.093002 	998.000000 	999.705994 	1003.539978 
34.000000 	123.093002 	998.000000 	999.705994 	1003.539978 
34.100000 	123.093002 	998.000000 	999.705994 	1003.539978 
34.200000 	123.093002 	998.000000 	999.705994 	1003.539978 
34.300000 	123.093002 	998.000000 	999.705994 	1003.539978 
34.400000 	123.093002 	998.000000 	999.705994 	1003.539978 
34.500000 	123.102997 	998.000000 	999.690979 	1003.559998 
34.600000 	123.102997 	998.000000 	999.690979 	1003.559998 
34.700000 	123.102997 	998.000000 	999.690979 	1003.559998 
34.800000 	123.102997 	998.000000 	999.690979 	1003.559998 
34.900000 	123.102997 	998.000000 	999.690979 	1003.559998 
35.000000 	123.102997 	998.000000 	999.690979 	1003.559998 
35.100000 	123.102997 	998.000000 	999.690979 	1003.559998 
35.200000 	123.102997 	998.000000 	999.690979 	1003.559998 
35.300000 	123.102997 	998.000000 	999.690979 	1003.559998 
35.400000 	123.102997 	998.000000 	999.690979 	1003.559998 
35.500000 	123.112999 	998.000000 	999.676025 	1003.580017 
35.600000 	123.112999 	998.000000 	999.676025 	1003.580017 
35.700000 	123.112999 	998.000000 	999.676025 	1003.580017 
35.800000 	123.112999 	998.000000 	999.676025 	1003.580017 
35.900000 	123.112999 	998.000000 	999.676025 	1003.580017 
36.000000 	123.112999 	998.000000 	999.676025 	1003.580017 
36.100000 	123.112999 	998.000000 	999.676025 	1003.580017 
36.200000 	123.112999 	998.000000 	999.676025 	1003.580017 
36.300000 	123.112999 	998.000000 	999.676025 	1003.580017 
36.400000 	123.112999 	998.000000 	999.676025 	1003.580017 
36.500000 	123.123001 	998.000000 	999.661987 	1003.609985 
36.600000 	123.123001 	998.000000 	999.661987 	1003.609985 
36.700000 	123.123001 	998.000000 	999.661987 	1003.609985 
36.800000 	123.123001 	998.000000 	999.661987 	1003.609985 
36.900000 	123.123001 	998.000000 	999.661987 	1003.609985 
37.000000 	123.123001 	998.000000 	999.661987 	1003.609985 
37.100000 	123.123001 	998.000000 	999.661987 	1003.609985 
37.200000 	123.123001 	998.000000 	999.661987 	1003.609985 
37.300000 	123.123001 	998.000000 	999.661987 	1003.609985 
37.400000 	123.123001 	998.000000 	999.661987 	1003.609985 
37.500000 	123.132004 	998.000000 	999.648010 	1003.630005 
37.600000 	123.132004 	998.000000 	999.648010 	1003.630005 
37.700000 	123.132004 	998.000000 	999.648010 	1003.630005 
37.800000 	123.132004 	998.000000 	999.648010 	1003.630005 
37.900000 	123.132004 	998.000000 	999.648010 	1003.630005 
38.000000 	123.132004 	998.000000 	999.648010 	1003.630005 
38.100000 	123.132004 	998.000000 	999.648010 	1003.630005 
38.200000 	123.132004 	998.000000 	999.648010 	1003.630005 
38.300000 	123.132004 	998.000000 	999.648010 	1003.630005 
38.400000 	123.132004 	998.000000 	999.648010 	1003.630005 
38.500000 	123.140999 	998.000000 	999.633972 	1003.650024 
38.600000 	123.140999 	998.000000 	999.633972 	1003.650024 
38.700000 	123.140999 	998.000000 	999.633972 	1003.650024 
38.800000 	123.140999 	998.000000 	999.633972 	1003.650024 
38.900000 	123.140999 	998.000000 	999.633972 	1003.650024 
39.000000 	123.140999 	998.000000 	999.633972 	1003.650024 
39.100000 	123.140999 	998.000000 	999.633972 	1003.650024 
39.200000 	123.140999 	998.000000 	999.633972 	1003.650024 
39.300000 	123.140999 	998.000000 	999.633972 	1003.650024 
39.400000 	123.140999 	998.000000 	999.633972 	1003.650024 
39.500000 	123.150002 	998.000000 	999.620972 	1003.679993 
39.600000 	123.150002 	998.000000 	999.620972 	1003.679993 
39.700000 	123.150002 	998.000000 	999.620972 	1003.679993 
39.800000 	123.150002 	998.000000 	999.620972 	1003.679993 
39.900000 	123.150002 	998.000000 	999.620972 	1003.679993 
40.000000 	123.150002 	998.000000 	999.620972 	1003.679993 
40.100000 	123.150002 	998.000000 	999.620972 	1003.679993 
40.200000 	123.150002 	998.000000 	999.620972 	1003.679993 
40.300000 	123.150002 	998.000000 	999.620972 	1003.679993 
40.400000 	123.150002 	998.000000 	999.620972 	1003.679993 
40.500000 	123.157997 	998.000000 	999.607971 	1003.700012 
40.600000 	123.157997 	998.000000 	999.607971 	1003.700012 
40.700000 	123.157997 	998.000000 	999.607971 	1003.700012 
40.800000 	123.157997 	998.000000 	999.607971 	1003.700012 
40.900000 	123.157997 	998.000000 	999.607971 	1003.700012 
41.000000 	123.157997 	998.000000 	999.607971 	1003.700012 
41.100000 	123.157997 	998.000000 	999.607971 	1003.700012 
41.200000 	123.157997 	998.000000 	999.607971 	1003.700012 
41.300000 	123.157997 	998.000000 	999.607971 	1003.700012 
41.400000 	123.157997 	998.000000 	999.607971 	1003.700012 
41.500000 	123.166000 	998.000000 	999.594971 	1003.719971 
41.600000 	123.166000 	998.000000 	999.594971 	1003.719971 
41.700000 	123.166000 	998.000000 	999.594971 	1003.719971 
41.800000 	123.166000 	998.000000 	999.594971 	1003.719971 
41.900000 	123.166000 	998.000000 	999.594971 	1003.719971 
42.000000 	123.166000 	998.000000 	999.594971 	1003.719971 
42.100000 	123.166000 	998.000000 	999.594971 	1003.719971 
42.200000 	123.166000 	998.000000 	999.594971 	1003.719971 
42.300000 	123.166000 	998.000000 	999.594971 	1003.719971 
42.400000 	123.166000 	998.000000 	999.594971 	1003.719971 
42.500000 	123.172997 	998.000000 	999.583008 	1003.739990 
42.600000 	123.172997 	998.000000 	999.583008 	1003.739990 
42.700000 	123.172997 	998.000000 	999.583008 	1003.739990 
42.800000 	123.172997 	998.000000 	999.583008 	1003.739990 
42.900000 	123.172997 	998.000000 	999.583008 	1003.739990 
43.000000 	123.172997 	998.000000 	999.583008 	1003.739990 
43.100000 	123.172997 	998.000000 	999.583008 	1003.739990 
43.200000 	123.172997 	998.000000 	999.583008 	1003.739990 
43.300000 	123.172997 	998.000000 	999.583008 	1003.739990 
43.400000 	123.172997 	998.000000 	999.583008 	1003.739990 
43.500000 	123.181000 	998.000000 	999.570007 	1003.770020 
43.600000 	123.181000 	998.000000 	999.570007 	1003.770020 
43.700000 	123.181000 	998.000000 	999.570007 	1003.770020 
43.800000 	123.181000 	998.000000 	999.570007 	1003.770020 
43.900000 	123.181000 	998.000000 	999.570007 	1003.770020 
44.000000 	123.181000 	998.000000 	999.570007 	1003.770020 
44.100000 	123.181000 	998.000000 	999.570007 	1003.770020 
44.200000 	123.181000 	998.000000 	999.570007 	1003.770020 
44.300000 	123.181000 	998.000000 	999.570007 	1003.770020 
44.400000 	123.181000 	998.000000 	999.570007 	1003.770020 
44.500000 	123.188004 	998.000000 	999.557983 	1003.789978 
44.600000 	123.188004 	998.000000 	999.557983 	1003.789978 
44.700000 	123.188004 	998.000000 	999.557983 	1003.789978 
44.800000 	123.188004 	998.000000 	999.557983 	1003.789978 
44.900000 	123.188004 	998.000000 	999.557983 	1003.789978 
45.000000 	123.188004 	998.000000 	999.557983 	1003.789978 
45.100000 	123.188004 	998.000000 	999.557983 	1003.789978 
45.200000 	123.188004 	998.000000 	999.557983 	1003.789978 
45.300000 	123.188004 	998.000000 	999.557983 	1003.789978 
45.400000 	123.188004 	998.000000 	999.557983 	1003.789978 
45.500000 	123.194000 	998.000000 	999.546021 	1003.809998 
45.600000 	123.194000 	998.000000 	999.546021 	1003.809998 
45.700000 	123.194000 	998.000000 	999.546021 	1003.809998 
45.800000 	123.194000 	998.000000 	999.546021 	1003.809998 
45.900000 	123.194000 	998.000000 	999.546021 	1003.809998 
46.000000 	123.194000 	998.000000 	999.546021 	1003.809998 
46.100000 	123.194000 	998.000000 	999.546021 	1003.809998 
46.200000 	123.194000 	998.000000 	999.546021 	1003.809998 
46.300000 	123.194000 	998.000000 	999.546021 	1003.809998 
46.400000 	123.194000 	998.000000 	999.546021 	1003.809998 
46.500000 	123.200996 	998.000000 	999.533020 	1003.830017 
46.600000 	123.200996 	998.000000 	999.533020 	1003.830017 
46.700000 	123.200996 	998.000000 	999.533020 	1003.830017 
46.800000 	123.200996 	998.000000 	999.533020 	1003.830017 
46.900000 	123.200996 	998.000000 	999.533020 	1003.830017 
47.000000 	123.200996 	998.000000 	999.533020 	1003.830017 
47.100000 	123.200996 	998.000000 	999.533020 	1003.830017 
47.200000 	123.200996 	998.000000 	999.533020 	1003.830017 
47.300000 	123.200996 	998.000000 	999.533020 	1003.830017 
47.400000 	123.200996 	998.000000 	999.533020 	1003.830017 
47.500000 	123.207001 	998.000000 	999.520996 	1003.859985 
47.600000 	123.207001 	998.000000 	999.520996 	1003.859985 
47.700000 	123.207001 	998.000000 	999.520996 	1003.859985 
47.800000 	123.207001 	998.000000 	999.520996 	1003.859985 
47.900000 	123.207001 	998.000000 	999.520996 	1003.859985 
48.000000 	123.207001 	998.000000 	999.520996 	1003.859985 
48.100000 	123.207001 	998.000000 	999.520996 	1003.859985 
48.200000 	123.207001 	998.000000 	999.520996 	1003.859985 
48.300000 	123.207001 	998.000000 	999.520996 	1003.859985 
48.400000 	123.207001 	998.000000 	999.520996 	1003.859985 
48.500000 	123.213997 	998.000000 	999.508972 	1003.880005 
48.600000 	123.213997 	998.000000 	999.508972 	1003.880005 
48.700000 	123.213997 	998.000000 	999.508972 	1003.880005 
48.800000 	123.213997 	998.000000 	999.508972 	1003.880005 
48.900000 	123.213997 	998.000000 	999.508972 	1003.880005 
49.000000 	123.213997 	998.000000 	999.508972 	1003.880005 
49.100000 	123.213997 	998.000000 	999.508972 	1003.880005 
49.200000 	123.213997 	998.000000 	999.508972 	1003.880005 
49.300000 	123.213997 	998.000000 	999.508972 	1003.880005 
49.400000 	123.213997 	998.000000 	999.508972 	1003.880005 
49.500000 	123.220001 	998.000000 	999.497009 	1003.900024 
49.600000 	123.220001 	998.000000 	999.497009 	1003.900024 
49.700000 	123.220001 	998.000000 	999.497009 	1003.900024 
49.800000 	123.220001 	998.000000 	999.497009 	1003.900024 
49.900000 	123.220001 	998.000000 	999.497009 	1003.900024 
50.000000 	123.220001 	998.000000 	999.497009 	1003.900024 
50.100000 	123.220001 	998.000000 	999.497009 	1003.900024 
50.200000 	123.220001 	998.000000 	999.497009 	1003.900024 
50.300000 	123.220001 	998.000000 	999.497009 	1003.900024 
50.400000 	123.220001 	998.000000 	999.497009 	1003.900024 
50.500000 	123.225998 	998.000000 	999.484985 	1006.030029 
50.600000 	123.225998 	998.000000 	999.484985 	1006.030029 
50.700000 	123.225998 	998.000000 	999.484985 	1006.030029 
50.800000 	123.225998 	998.000000 	999.484985 	1006.030029 
50.900000 	123.225998 	998.000000 	999.484985 	1006.030029 
51.000000 	123.225998 	998.000000 	999.484985 	1006.030029 
51.100000 	123.225998 	998.000000 	999.484985 	1006.030029 
51.200000 	123.225998 	998.000000 	999.484985 	1006.030029 
51.300000 	123.225998 	998.000000 	999.484985 	1006.030029 
51.400000 	123.225998 	998.000000 	999.484985 	1006.030029 
51.500000 	123.232002 	998.000000 	999.473022 	1006.030029 
51.600000 	123.232002 	998.000000 	999.473022 	1006.030029 
51.700000 	123.232002 	998.000000 	999.473022 	1006.030029 
51.800000 	123.232002 	998.000000 	999.473022 	1006.030029 
51.900000 	123.232002 	998.000000 	999.473022 	1006.030029 
52.000000 	123.232002 	998.000000 	999.473022 	1006.030029 
52.100000 	123.232002 	998.000000 	999.473022 	1006.030029 
52.200000 	123.232002 	998.000000 	999.473022 	1006.030029 
52.300000 	123.232002 	998.000000 	999.473022 	1006.030029 
52.400000 	123.232002 	998.000000 	999.473022 	1006.030029 
52.500000 	123.237000 	998.000000 	999.460999 	1006.030029 
52.600000 	123.237000 	998.000000 	999.460999 	1006.030029 
52.700000 	123.237000 	998.000000 	999.460999 	1006.030029 
52.800000 	123.237000 	998.000000 	999.460999 	1006.030029 
52.900000 	123.237000 	998.000000 	999.460999 	1006.030029 
53.000000 	123.237000 	998.000000 	999.460999 	1006.030029 
53.100000 	123.237000 	998.000000 	999.460999 	1006.030029 
53.200000 	123.237000 	998.000000 	999.460999 	1006.030029 
53.300000 	123.237000 	998.000000 	999.460999 	1006.030029 
53.400000 	123.237000 	998.000000 	999.460999 	1006.030029 
53.500000 	123.242996 	998.000000 	999.447998 	1006.030029 
53.600000 	123.242996 	998.000000 	999.447998 	1006.030029 
53.700000 	123.242996 	998.000000 	999.447998 	1006.030029 
53.800000 	123.242996 	998.000000 	999.447998 	1006.030029 
53.900000 	123.242996 	998.000000 	999.447998 	1006.030029 
54.000000 	123.242996 	998.000000 	999.447998 	1006.030029 
54.100000 	123.242996 	998.000000 	999.447998 	1006.030029 
54.200000 	123.242996 	998.000000 	999.447998 	1006.030029 
54.300000 	123.242996 	998.000000 	999.447998 	1006.030029 
54.400000 	123.242996 	998.000000 	999.447998 	1006.030029 
54.500000 	123.248001 	998.000000 	999.435974 	1006.030029 
54.600000 	123.248001 	998.000000 	999.435974 	1006.030029 
54.700000 	123.248001 	998.000000 	999.435974 	1006.030029 
54.800000 	123.248001 	998.000000 	999.435974 	1006.030029 
54.900000 	123.248001 	998.000000 	999.435974 	1006.030029 
55.000000 	123.248001 	998.000000 	999.435974 	1006.030029 
55.100000 	123.248001 	998.000000 	999.435974 	1006.030029 
55.200000 	123.248001 	998.000000 	999.435974 	1006.030029 
55.300000 	123.248001 	998.000000 	999.435974 	1006.030029 
55.400000 	123.248001 	998.000000 	999.435974 	1006.030029 
55.500000 	123.253998 	998.000000 	999.424011 	1006.030029 
55.600000 	123.253998 	998.000000 	999.424011 	1006.030029 
55.700000 	123.253998 	998.000000 	999.424011 	1006.030029 
55.800000 	123.253998 	998.000000 	999.424011 	1006.030029 
55.900000 	123.253998 	998.000000 	999.424011 	1006.030029 
56.000000 	123.253998 	998.000000 	999.424011 	1006.030029 
56.100000 	123.253998 	998.000000 	999.424011 	1006.030029 
56.200000 	123.253998 	998.000000 	999.424011 	1006.030029 
56.300000 	123.253998 	998.000000 	999.424011 	1006.030029 
56.400000 	123.253998 	998.000000 	999.424011 	1006.030029 
56.500000 	123.259003 	998.000000 	999.411011 	1006.030029 
56.600000 	123.259003 	998.000000 	999.411011 	1006.030029 
56.700000 	123.259003 	998.000000 	999.411011 	1006.030029 
56.800000 	123.259003 	998.000000 	999.411011 	1006.030029 
56.900000 	123.259003 	998.000000 	999.411011 	1006.030029 
57.000000 	123.259003 	998.000000 	999.411011 	1006.030029 
57.100000 	123.259003 	998.000000 	999.411011 	1006.030029 
57.200000 	123.259003 	998.000000 	999.411011 	1006.030029 
57.300000 	123.259003 	998.000000 	999.411011 	1006.030029 
57.400000 	123.259003 	998.000000 	999.411011 	1006.030029 
57.500000 	123.264000 	998.000000 	999.398010 	1006.030029 
57.600000 	123.264000 	998.000000 	999.398010 	1006.030029 
57.700000 	123.264000 	998.000000 	999.398010 	1006.030029 
57.800000 	123.264000 	998.000000 	999.398010 	1006.030029 
57.900000 	123.264000 	998.000000 	999.398010 	1006.030029 
58.000000 	123.264000 	998.000000 	999.398010 	1006.030029 
58.100000 	123.264000 	998.000000 	999.398010 	1006.030029 
58.200000 	123.264000 	998.000000 	999.398010 	1006.030029 
58.300000 	123.264000 	998.000000 	999.398010 	1006.030029 
58.400000 	123.264000 	998.000000 	999.398010 	1006.030029 
58.500000 	123.268997 	998.000000 	999.385986 	1006.030029 
58.600000 	123.268997 	998.000000 	999.385986 	1006.030029 
58.700000 	123.268997 	998.000000 	999.385986 	1006.030029 
58.800000 	123.268997 	998.000000 	999.385986 	1006.030029 
58.900000 	123.268997 	998.000000 	999.385986 	1006.030029 
59.000000 	123.268997 	998.000000 	999.385986 	1006.030029 
59.100000 	123.268997 	998.000000 	999.385986 	1006.030029 
59.200000 	123.268997 	998.000000 	999.385986 	1006.030029 
59.300000 	123.268997 	998.000000 	999.385986 	1006.030029 
59.400000 	123.268997 	998.000000 	999.385986 	1006.030029 
59.500000 	123.274002 	998.000000 	999.372986 	1006.030029 
59.600000 	123.274002 	998.000000 	999.372986 	1006.030029 
59.700000 	123.274002 	998.000000 	999.372986 	1006.030029 
59.800000 	123.274002 	998.000000 	999.372986 	1006.030029 
59.900000 	123.274002 	998.000000 	999.372986 	1006.030029 
60.000000 	123.274002 	998.000000 	999.372986 	1006.030029 
