0.500000 	89.736099 	927.000000 	939.653992 	921.586975 
0.600000 	89.736099 	927.000000 	939.653992 	921.586975 
0.700000 	89.736099 	927.000000 	939.653992 	921.586975 
0.800000 	89.736099 	927.000000 	939.653992 	921.586975 
0.900000 	89.736099 	927.000000 	939.653992 	921.586975 
1.000000 	89.736099 	927.000000 	939.653992 	921.586975 
1.100000 	89.736099 	927.000000 	939.653992 	921.586975 
1.200000 	89.736099 	927.000000 	939.653992 	921.586975 
1.300000 	89.736099 	927.000000 	939.653992 	921.586975 
1.400000 	89.736099 	927.000000 	939.653992 	921.586975 
1.500000 	100.975998 	927.000000 	932.609009 	929.028992 
1.600000 	100.975998 	927.000000 	932.609009 	929.028992 
1.700000 	100.975998 	927.000000 	932.609009 	929.028992 
1.800000 	100.975998 	927.000000 	932.609009 	929.028992 
1.900000 	100.975998 	927.000000 	932.609009 	929.028992 
2.000000 	100.975998 	927.000000 	932.609009 	929.028992 
2.100000 	100.975998 	927.000000 	932.609009 	929.028992 
2.200000 	100.975998 	927.000000 	932.609009 	929.028992 
2.300000 	100.975998 	927.000000 	932.609009 	929.028992 
2.400000 	100.975998 	927.000000 	932.609009 	929.028992 
2.500000 	110.978996 	927.000000 	930.091003 	929.676025 
2.600000 	110.978996 	927.000000 	930.091003 	929.676025 
2.700000 	110.978996 	927.000000 	930.091003 	929.676025 
2.800000 	110.978996 	927.000000 	930.091003 	929.676025 
2.900000 	110.978996 	927.000000 	930.091003 	929.676025 
3.000000 	110.978996 	927.000000 	930.091003 	929.676025 
3.100000 	110.978996 	927.000000 	930.091003 	929.676025 
3.200000 	110.978996 	927.000000 	930.091003 	929.676025 
3.300000 	110.978996 	927.000000 	930.091003 	929.676025 
3.400000 	110.978996 	927.000000 	930.091003 	929.676025 
3.500000 	115.725998 	927.000000 	929.002014 	929.895996 
3.600000 	115.725998 	927.000000 	929.002014 	929.895996 
3.700000 	115.725998 	927.000000 	929.002014 	929.895996 
3.800000 	115.725998 	927.000000 	929.002014 	929.895996 
3.900000 	115.725998 	927.000000 	929.002014 	929.895996 
4.000000 	115.725998 	927.000000 	929.002014 	929.895996 
4.100000 	115.725998 	927.000000 	929.002014 	929.895996 
4.200000 	115.725998 	927.000000 	929.002014 	929.895996 
4.300000 	115.725998 	927.000000 	929.002014 	929.895996 
4.400000 	115.725998 	927.000000 	929.002014 	929.895996 
4.500000 	118.194000 	927.000000 	928.445984 	930.008972 
4.600000 	118.194000 	927.000000 	928.445984 	930.008972 
4.700000 	118.194000 	927.000000 	928.445984 	930.008972 
4.800000 	118.194000 	927.000000 	928.445984 	930.008972 
4.900000 	118.194000 	927.000000 	928.445984 	930.008972 
5.000000 	118.194000 	927.000000 	928.445984 	930.008972 
5.100000 	118.194000 	927.000000 	928.445984 	930.008972 
5.200000 	118.194000 	927.000000 	928.445984 	930.008972 
5.300000 	118.194000 	927.000000 	928.445984 	930.008972 
5.400000 	118.194000 	927.000000 	928.445984 	930.008972 
5.500000 	119.614998 	927.000000 	928.125977 	930.080017 
5.600000 	119.614998 	927.000000 	928.125977 	930.080017 
5.700000 	119.614998 	927.000000 	928.125977 	930.080017 
5.800000 	119.614998 	927.000000 	928.125977 	930.080017 
5.900000 	119.614998 	927.000000 	928.125977 	930.080017 
6.000000 	119.614998 	927.000000 	928.125977 	930.080017 
6.100000 	119.614998 	927.000000 	928.125977 	930.080017 
6.200000 	119.614998 	927.000000 	928.125977 	930.080017 
6.300000 	119.614998 	927.000000 	928.125977 	930.080017 
6.400000 	119.614998 	927.000000 	928.125977 	930.080017 
6.500000 	120.501999 	927.000000 	927.924011 	930.129028 
6.600000 	120.501999 	927.000000 	927.924011 	930.129028 
6.700000 	120.501999 	927.000000 	927.924011 	930.129028 
6.800000 	120.501999 	927.000000 	927.924011 	930.129028 
6.900000 	120.501999 	927.000000 	927.924011 	930.129028 
7.000000 	120.501999 	927.000000 	927.924011 	930.129028 
7.100000 	120.501999 	927.000000 	927.924011 	930.129028 
7.200000 	120.501999 	927.000000 	927.924011 	930.129028 
7.300000 	120.501999 	927.000000 	927.924011 	930.129028 
7.400000 	120.501999 	927.000000 	927.924011 	930.129028 
7.500000 	121.092003 	927.000000 	927.789001 	930.164978 
7.600000 	121.092003 	927.000000 	927.789001 	930.164978 
7.700000 	121.092003 	927.000000 	927.789001 	930.164978 
7.800000 	121.092003 	927.000000 	927.789001 	930.164978 
7.900000 	121.092003 	927.000000 	927.789001 	930.164978 
8.000000 	121.092003 	927.000000 	927.789001 	930.164978 
8.100000 	121.092003 	927.000000 	927.789001 	930.164978 
8.200000 	121.092003 	927.000000 	927.789001 	930.164978 
8.300000 	121.092003 	927.000000 	927.789001 	930.164978 
8.400000 	121.092003 	927.000000 	927.789001 	930.164978 
8.500000 	121.503998 	927.000000 	927.693970 	930.192993 
8.600000 	121.503998 	927.000000 	927.693970 	930.192993 
8.700000 	121.503998 	927.000000 	927.693970 	930.192993 
8.800000 	121.503998 	927.000000 	927.693970 	930.192993 
8.900000 	121.503998 	927.000000 	927.693970 	930.192993 
9.000000 	121.503998 	927.000000 	927.693970 	930.192993 
9.100000 	121.503998 	927.000000 	927.693970 	930.192993 
9.200000 	121.503998 	927.000000 	927.693970 	930.192993 
9.300000 	121.503998 	927.000000 	927.693970 	930.192993 
9.400000 	121.503998 	927.000000 	927.693970 	930.192993 
9.500000 	121.804001 	927.000000 	927.624023 	930.216003 
9.600000 	121.804001 	927.000000 	927.624023 	930.216003 
9.700000 	121.804001 	927.000000 	927.624023 	930.216003 
9.800000 	121.804001 	927.000000 	927.624023 	930.216003 
9.900000 	121.804001 	927.000000 	927.624023 	930.216003 
10.000000 	121.804001 	927.000000 	927.624023 	930.216003 
10.100000 	121.804001 	927.000000 	927.624023 	930.216003 
10.200000 	121.804001 	927.000000 	927.624023 	930.216003 
10.300000 	121.804001 	927.000000 	927.624023 	930.216003 
10.400000 	121.804001 	927.000000 	927.624023 	930.216003 
10.500000 	122.028000 	927.000000 	927.572021 	930.234985 
10.600000 	122.028000 	927.000000 	927.572021 	930.234985 
10.700000 	122.028000 	927.000000 	927.572021 	930.234985 
10.800000 	122.028000 	927.000000 	927.572021 	930.234985 
10.900000 	122.028000 	927.000000 	927.572021 	930.234985 
11.000000 	122.028000 	927.000000 	927.572021 	930.234985 
11.100000 	122.028000 	927.000000 	927.572021 	930.234985 
11.200000 	122.028000 	927.000000 	927.572021 	930.234985 
11.300000 	122.028000 	927.000000 	927.572021 	930.234985 
11.400000 	122.028000 	927.000000 	927.572021 	930.234985 
11.500000 	122.200996 	927.000000 	927.531006 	930.250000 
11.600000 	122.200996 	927.000000 	927.531006 	930.250000 
11.700000 	122.200996 	927.000000 	927.531006 	930.250000 
11.800000 	122.200996 	927.000000 	927.531006 	930.250000 
11.900000 	122.200996 	927.000000 	927.531006 	930.250000 
12.000000 	122.200996 	927.000000 	927.531006 	930.250000 
12.100000 	122.200996 	927.000000 	927.531006 	930.250000 
12.200000 	122.200996 	927.000000 	927.531006 	930.250000 
12.300000 	122.200996 	927.000000 	927.531006 	930.250000 
12.400000 	122.200996 	927.000000 	927.531006 	930.250000 
12.500000 	122.336998 	927.000000 	927.499023 	930.263977 
12.600000 	122.336998 	927.000000 	927.499023 	930.263977 
12.700000 	122.336998 	927.000000 	927.499023 	930.263977 
12.800000 	122.336998 	927.000000 	927.499023 	930.263977 
12.900000 	122.336998 	927.000000 	927.499023 	930.263977 
13.000000 	122.336998 	927.000000 	927.499023 	930.263977 
13.100000 	122.336998 	927.000000 	927.499023 	930.263977 
13.200000 	122.336998 	927.000000 	927.499023 	930.263977 
13.300000 	122.336998 	927.000000 	927.499023 	930.263977 
13.400000 	122.336998 	927.000000 	927.499023 	930.263977 
13.500000 	122.446999 	927.000000 	927.473022 	930.276001 
13.600000 	122.446999 	927.000000 	927.473022 	930.276001 
13.700000 	122.446999 	927.000000 	927.473022 	930.276001 
13.800000 	122.446999 	927.000000 	927.473022 	930.276001 
13.900000 	122.446999 	927.000000 	927.473022 	930.276001 
14.000000 	122.446999 	927.000000 	927.473022 	930.276001 
14.100000 	122.446999 	927.000000 	927.473022 	930.276001 
14.200000 	122.446999 	927.000000 	927.473022 	930.276001 
14.300000 	122.446999 	927.000000 	927.473022 	930.276001 
14.400000 	122.446999 	927.000000 	927.473022 	930.276001 
14.500000 	122.536003 	927.000000 	927.452026 	930.286987 
14.600000 	122.536003 	927.000000 	927.452026 	930.286987 
14.700000 	122.536003 	927.000000 	927.452026 	930.286987 
14.800000 	122.536003 	927.000000 	927.452026 	930.286987 
14.900000 	122.536003 	927.000000 	927.452026 	930.286987 
15.000000 	122.536003 	927.000000 	927.452026 	930.286987 
15.100000 	122.536003 	927.000000 	927.452026 	930.286987 
15.200000 	122.536003 	927.000000 	927.452026 	930.286987 
15.300000 	122.536003 	927.000000 	927.452026 	930.286987 
15.400000 	122.536003 	927.000000 	927.452026 	930.286987 
15.500000 	122.611000 	927.000000 	927.434998 	930.297974 
15.600000 	122.611000 	927.000000 	927.434998 	930.297974 
15.700000 	122.611000 	927.000000 	927.434998 	930.297974 
15.800000 	122.611000 	927.000000 	927.434998 	930.297974 
15.900000 	122.611000 	927.000000 	927.434998 	930.297974 
16.000000 	122.611000 	927.000000 	927.434998 	930.297974 
16.100000 	122.611000 	927.000000 	927.434998 	930.297974 
16.200000 	122.611000 	927.000000 	927.434998 	930.297974 
16.300000 	122.611000 	927.000000 	927.434998 	930.297974 
16.400000 	122.611000 	927.000000 	927.434998 	930.297974 
16.500000 	122.672997 	927.000000 	927.421997 	930.304993 
16.600000 	122.672997 	927.000000 	927.421997 	930.304993 
16.700000 	122.672997 	927.000000 	927.421997 	930.304993 
16.800000 	122.672997 	927.000000 	927.421997 	930.304993 
16.900000 	122.672997 	927.000000 	927.421997 	930.304993 
17.000000 	122.672997 	927.000000 	927.421997 	930.304993 
17.100000 	122.672997 	927.000000 	927.421997 	930.304993 
17.200000 	122.672997 	927.000000 	927.421997 	930.304993 
17.300000 	122.672997 	927.000000 	927.421997 	930.304993 
17.400000 	122.672997 	927.000000 	927.421997 	930.304993 
17.500000 	122.726997 	927.000000 	927.422974 	930.328003 
17.600000 	122.726997 	927.000000 	927.422974 	930.328003 
17.700000 	122.726997 	927.000000 	927.422974 	930.328003 
17.800000 	122.726997 	927.000000 	927.422974 	930.328003 
17.900000 	122.726997 	927.000000 	927.422974 	930.328003 
18.000000 	122.726997 	927.000000 	927.422974 	930.328003 
18.100000 	122.726997 	927.000000 	927.422974 	930.328003 
18.200000 	122.726997 	927.000000 	927.422974 	930.328003 
18.300000 	122.726997 	927.000000 	927.422974 	930.328003 
18.400000 	122.726997 	927.000000 	927.422974 	930.328003 
18.500000 	122.773003 	927.000000 	927.403992 	930.328003 
18.600000 	122.773003 	927.000000 	927.403992 	930.328003 
18.700000 	122.773003 	927.000000 	927.403992 	930.328003 
18.800000 	122.773003 	927.000000 	927.403992 	930.328003 
18.900000 	122.773003 	927.000000 	927.403992 	930.328003 
19.000000 	122.773003 	927.000000 	927.403992 	930.328003 
19.100000 	122.773003 	927.000000 	927.403992 	930.328003 
19.200000 	122.773003 	927.000000 	927.403992 	930.328003 
19.300000 	122.773003 	927.000000 	927.403992 	930.328003 
19.400000 	122.773003 	927.000000 	927.403992 	930.328003 
19.500000 	122.813004 	927.000000 	927.387024 	930.328003 
19.600000 	122.813004 	927.000000 	927.387024 	930.328003 
19.700000 	122.813004 	927.000000 	927.387024 	930.328003 
19.800000 	122.813004 	927.000000 	927.387024 	930.328003 
19.900000 	122.813004 	927.000000 	927.387024 	930.328003 
20.000000 	122.813004 	927.000000 	927.387024 	930.328003 
20.100000 	122.813004 	927.000000 	927.387024 	930.328003 
20.200000 	122.813004 	927.000000 	927.387024 	930.328003 
20.300000 	122.813004 	927.000000 	927.387024 	930.328003 
20.400000 	122.813004 	927.000000 	927.387024 	930.328003 
20.500000 	122.848000 	927.000000 	927.370972 	930.325989 
20.600000 	122.848000 	927.000000 	927.370972 	930.325989 
20.700000 	122.848000 	927.000000 	927.370972 	930.325989 
20.800000 	122.848000 	927.000000 	927.370972 	930.325989 
20.900000 	122.848000 	927.000000 	927.370972 	930.325989 
21.000000 	122.848000 	927.000000 	927.370972 	930.325989 
21.100000 	122.848000 	927.000000 	927.370972 	930.325989 
21.200000 	122.848000 	927.000000 	927.370972 	930.325989 
21.300000 	122.848000 	927.000000 	927.370972 	930.325989 
21.400000 	122.848000 	927.000000 	927.370972 	930.325989 
21.500000 	122.878998 	927.000000 	927.356018 	930.323975 
21.600000 	122.878998 	927.000000 	927.356018 	930.323975 
21.700000 	122.878998 	927.000000 	927.356018 	930.323975 
21.800000 	122.878998 	927.000000 	927.356018 	930.323975 
21.900000 	122.878998 	927.000000 	927.356018 	930.323975 
22.000000 	122.878998 	927.000000 	927.356018 	930.323975 
22.100000 	122.878998 	927.000000 	927.356018 	930.323975 
22.200000 	122.878998 	927.000000 	927.356018 	930.323975 
22.300000 	122.878998 	927.000000 	927.356018 	930.323975 
22.400000 	122.878998 	927.000000 	927.356018 	930.323975 
22.500000 	122.905998 	927.000000 	927.341003 	930.322021 
22.600000 	122.905998 	927.000000 	927.341003 	930.322021 
22.700000 	122.905998 	927.000000 	927.341003 	930.322021 
22.800000 	122.905998 	927.000000 	927.341003 	930.322021 
22.900000 	122.905998 	927.000000 	927.341003 	930.322021 
23.000000 	122.905998 	927.000000 	927.341003 	930.322021 
23.100000 	122.905998 	927.000000 	927.341003 	930.322021 
23.200000 	122.905998 	927.000000 	927.341003 	930.322021 
23.300000 	122.905998 	927.000000 	927.341003 	930.322021 
23.400000 	122.905998 	927.000000 	927.341003 	930.322021 
23.500000 	122.931000 	927.000000 	927.327026 	930.318970 
23.600000 	122.931000 	927.000000 	927.327026 	930.318970 
23.700000 	122.931000 	927.000000 	927.327026 	930.318970 
23.800000 	122.931000 	927.000000 	927.327026 	930.318970 
23.900000 	122.931000 	927.000000 	927.327026 	930.318970 
24.000000 	122.931000 	927.000000 	927.327026 	930.318970 
24.100000 	122.931000 	927.000000 	927.327026 	930.318970 
24.200000 	122.931000 	927.000000 	927.327026 	930.318970 
24.300000 	122.931000 	927.000000 	927.327026 	930.318970 
24.400000 	122.931000 	927.000000 	927.327026 	930.318970 
24.500000 	122.954002 	927.000000 	927.312988 	930.315002 
24.600000 	122.954002 	927.000000 	927.312988 	930.315002 
24.700000 	122.954002 	927.000000 	927.312988 	930.315002 
24.800000 	122.954002 	927.000000 	927.312988 	930.315002 
24.900000 	122.954002 	927.000000 	927.312988 	930.315002 
25.000000 	122.954002 	927.000000 	927.312988 	930.315002 
25.100000 	122.954002 	927.000000 	927.312988 	930.315002 
25.200000 	122.954002 	927.000000 	927.312988 	930.315002 
25.300000 	122.954002 	927.000000 	927.312988 	930.315002 
25.400000 	122.954002 	927.000000 	927.312988 	930.315002 
25.500000 	122.973999 	927.000000 	927.299988 	930.310974 
25.600000 	122.973999 	927.000000 	927.299988 	930.310974 
25.700000 	122.973999 	927.000000 	927.299988 	930.310974 
25.800000 	122.973999 	927.000000 	927.299988 	930.310974 
25.900000 	122.973999 	927.000000 	927.299988 	930.310974 
26.000000 	122.973999 	927.000000 	927.299988 	930.310974 
26.100000 	122.973999 	927.000000 	927.299988 	930.310974 
26.200000 	122.973999 	927.000000 	927.299988 	930.310974 
26.300000 	122.973999 	927.000000 	927.299988 	930.310974 
26.400000 	122.973999 	927.000000 	927.299988 	930.310974 
26.500000 	122.992996 	927.000000 	927.286987 	930.306030 
26.600000 	122.992996 	927.000000 	927.286987 	930.306030 
26.700000 	122.992996 	927.000000 	927.286987 	930.306030 
26.800000 	122.992996 	927.000000 	927.286987 	930.306030 
26.900000 	122.992996 	927.000000 	927.286987 	930.306030 
27.000000 	122.992996 	927.000000 	927.286987 	930.306030 
27.100000 	122.992996 	927.000000 	927.286987 	930.306030 
27.200000 	122.992996 	927.000000 	927.286987 	930.306030 
27.300000 	122.992996 	927.000000 	927.286987 	930.306030 
27.400000 	122.992996 	927.000000 	927.286987 	930.306030 
27.500000 	123.010002 	927.000000 	927.273987 	930.301025 
27.600000 	123.010002 	927.000000 	927.273987 	930.301025 
27.700000 	123.010002 	927.000000 	927.273987 	930.301025 
27.800000 	123.010002 	927.000000 	927.273987 	930.301025 
27.900000 	123.010002 	927.000000 	927.273987 	930.301025 
28.000000 	123.010002 	927.000000 	927.273987 	930.301025 
28.100000 	123.010002 	927.000000 	927.273987 	930.301025 
28.200000 	123.010002 	927.000000 	927.273987 	930.301025 
28.300000 	123.010002 	927.000000 	927.273987 	930.301025 
28.400000 	123.010002 	927.000000 	927.273987 	930.301025 
28.500000 	123.026001 	927.000000 	927.260986 	930.296021 
28.600000 	123.026001 	927.000000 	927.260986 	930.296021 
28.700000 	123.026001 	927.000000 	927.260986 	930.296021 
28.800000 	123.026001 	927.000000 	927.260986 	930.296021 
28.900000 	123.026001 	927.000000 	927.260986 	930.296021 
29.000000 	123.026001 	927.000000 	927.260986 	930.296021 
29.100000 	123.026001 	927.000000 	927.260986 	930.296021 
29.200000 	123.026001 	927.000000 	927.260986 	930.296021 
29.300000 	123.026001 	927.000000 	927.260986 	930.296021 
29.400000 	123.026001 	927.000000 	927.260986 	930.296021 
29.500000 	123.041000 	927.000000 	927.247009 	930.289978 
29.600000 	123.041000 	927.000000 	927.247009 	930.289978 
29.700000 	123.041000 	927.000000 	927.247009 	930.289978 
29.800000 	123.041000 	927.000000 	927.247009 	930.289978 
29.900000 	123.041000 	927.000000 	927.247009 	930.289978 
30.000000 	123.041000 	927.000000 	927.247009 	930.289978 
30.100000 	123.041000 	927.000000 	927.247009 	930.289978 
30.200000 	123.041000 	927.000000 	927.247009 	930.289978 
30.300000 	123.041000 	927.000000 	927.247009 	930.289978 
30.400000 	123.041000 	927.000000 	927.247009 	930.289978 
30.500000 	123.055000 	927.000000 	927.234009 	930.283020 
30.600000 	123.055000 	927.000000 	927.234009 	930.283020 
30.700000 	123.055000 	927.000000 	927.234009 	930.283020 
30.800000 	123.055000 	927.000000 	927.234009 	930.283020 
30.900000 	123.055000 	927.000000 	927.234009 	930.283020 
31.000000 	123.055000 	927.000000 	927.234009 	930.283020 
31.100000 	123.055000 	927.000000 	927.234009 	930.283020 
31.200000 	123.055000 	927.000000 	927.234009 	930.283020 
31.300000 	123.055000 	927.000000 	927.234009 	930.283020 
31.400000 	123.055000 	927.000000 	927.234009 	930.283020 
31.500000 	123.068001 	927.000000 	927.221008 	930.276001 
31.600000 	123.068001 	927.000000 	927.221008 	930.276001 
31.700000 	123.068001 	927.000000 	927.221008 	930.276001 
31.800000 	123.068001 	927.000000 	927.221008 	930.276001 
31.900000 	123.068001 	927.000000 	927.221008 	930.276001 
32.000000 	123.068001 	927.000000 	927.221008 	930.276001 
32.100000 	123.068001 	927.000000 	927.221008 	930.276001 
32.200000 	123.068001 	927.000000 	927.221008 	930.276001 
32.300000 	123.068001 	927.000000 	927.221008 	930.276001 
32.400000 	123.068001 	927.000000 	927.221008 	930.276001 
32.500000 	123.080002 	927.000000 	927.208008 	930.268982 
32.600000 	123.080002 	927.000000 	927.208008 	930.268982 
32.700000 	123.080002 	927.000000 	927.208008 	930.268982 
32.800000 	123.080002 	927.000000 	927.208008 	930.268982 
32.900000 	123.080002 	927.000000 	927.208008 	930.268982 
33.000000 	123.080002 	927.000000 	927.208008 	930.268982 
33.100000 	123.080002 	927.000000 	927.208008 	930.268982 
33.200000 	123.080002 	927.000000 	927.208008 	930.268982 
33.300000 	123.080002 	927.000000 	927.208008 	930.268982 
33.400000 	123.080002 	927.000000 	927.208008 	930.268982 
33.500000 	123.091003 	927.000000 	927.193970 	930.260010 
33.600000 	123.091003 	927.000000 	927.193970 	930.260010 
33.700000 	123.091003 	927.000000 	927.193970 	930.260010 
33.800000 	123.091003 	927.000000 	927.193970 	930.260010 
33.900000 	123.091003 	927.000000 	927.193970 	930.260010 
34.000000 	123.091003 	927.000000 	927.193970 	930.260010 
34.100000 	123.091003 	927.000000 	927.193970 	930.260010 
34.200000 	123.091003 	927.000000 	927.193970 	930.260010 
34.300000 	123.091003 	927.000000 	927.193970 	930.260010 
34.400000 	123.091003 	927.000000 	927.193970 	930.260010 
34.500000 	123.101997 	927.000000 	927.181030 	930.252014 
34.600000 	123.101997 	927.000000 	927.181030 	930.252014 
34.700000 	123.101997 	927.000000 	927.181030 	930.252014 
34.800000 	123.101997 	927.000000 	927.181030 	930.252014 
34.900000 	123.101997 	927.000000 	927.181030 	930.252014 
35.000000 	123.101997 	927.000000 	927.181030 	930.252014 
35.100000 	123.101997 	927.000000 	927.181030 	930.252014 
35.200000 	123.101997 	927.000000 	927.181030 	930.252014 
35.300000 	123.101997 	927.000000 	927.181030 	930.252014 
35.400000 	123.101997 	927.000000 	927.181030 	930.252014 
35.500000 	123.112000 	927.000000 	927.166992 	930.242981 
35.600000 	123.112000 	927.000000 	927.166992 	930.242981 
35.700000 	123.112000 	927.000000 	927.166992 	930.242981 
35.800000 	123.112000 	927.000000 	927.166992 	930.242981 
35.900000 	123.112000 	927.000000 	927.166992 	930.242981 
36.000000 	123.112000 	927.000000 	927.166992 	930.242981 
36.100000 	123.112000 	927.000000 	927.166992 	930.242981 
36.200000 	123.112000 	927.000000 	927.166992 	930.242981 
36.300000 	123.112000 	927.000000 	927.166992 	930.242981 
36.400000 	123.112000 	927.000000 	927.166992 	930.242981 
36.500000 	123.122002 	927.000000 	927.153015 	930.232971 
36.600000 	123.122002 	927.000000 	927.153015 	930.232971 
36.700000 	123.122002 	927.000000 	927.153015 	930.232971 
36.800000 	123.122002 	927.000000 	927.153015 	930.232971 
36.900000 	123.122002 	927.000000 	927.153015 	930.232971 
37.000000 	123.122002 	927.000000 	927.153015 	930.232971 
37.100000 	123.122002 	927.000000 	927.153015 	930.232971 
37.200000 	123.122002 	927.000000 	927.153015 	930.232971 
37.300000 	123.122002 	927.000000 	927.153015 	930.232971 
37.400000 	123.122002 	927.000000 	927.153015 	930.232971 
37.500000 	123.132004 	927.000000 	927.138000 	930.223022 
37.600000 	123.132004 	927.000000 	927.138000 	930.223022 
37.700000 	123.132004 	927.000000 	927.138000 	930.223022 
37.800000 	123.132004 	927.000000 	927.138000 	930.223022 
37.900000 	123.132004 	927.000000 	927.138000 	930.223022 
38.000000 	123.132004 	927.000000 	927.138000 	930.223022 
38.100000 	123.132004 	927.000000 	927.138000 	930.223022 
38.200000 	123.132004 	927.000000 	927.138000 	930.223022 
38.300000 	123.132004 	927.000000 	927.138000 	930.223022 
38.400000 	123.132004 	927.000000 	927.138000 	930.223022 
38.500000 	123.139999 	927.000000 	927.124023 	930.211975 
38.600000 	123.139999 	927.000000 	927.124023 	930.211975 
38.700000 	123.139999 	927.000000 	927.124023 	930.211975 
38.800000 	123.139999 	927.000000 	927.124023 	930.211975 
38.900000 	123.139999 	927.000000 	927.124023 	930.211975 
39.000000 	123.139999 	927.000000 	927.124023 	930.211975 
39.100000 	123.139999 	927.000000 	927.124023 	930.211975 
39.200000 	123.139999 	927.000000 	927.124023 	930.211975 
39.300000 	123.139999 	927.000000 	927.124023 	930.211975 
39.400000 	123.139999 	927.000000 	927.124023 	930.211975 
39.500000 	123.149002 	927.000000 	927.109009 	930.200989 
39.600000 	123.149002 	927.000000 	927.109009 	930.200989 
39.700000 	123.149002 	927.000000 	927.109009 	930.200989 
39.800000 	123.149002 	927.000000 	927.109009 	930.200989 
39.900000 	123.149002 	927.000000 	927.109009 	930.200989 
40.000000 	123.149002 	927.000000 	927.109009 	930.200989 
40.100000 	123.149002 	927.000000 	927.109009 	930.200989 
40.200000 	123.149002 	927.000000 	927.109009 	930.200989 
40.300000 	123.149002 	927.000000 	927.109009 	930.200989 
40.400000 	123.149002 	927.000000 	927.109009 	930.200989 
40.500000 	123.156998 	927.000000 	927.093018 	930.190002 
40.600000 	123.156998 	927.000000 	927.093018 	930.190002 
40.700000 	123.156998 	927.000000 	927.093018 	930.190002 
40.800000 	123.156998 	927.000000 	927.093018 	930.190002 
40.900000 	123.156998 	927.000000 	927.093018 	930.190002 
41.000000 	123.156998 	927.000000 	927.093018 	930.190002 
41.100000 	123.156998 	927.000000 	927.093018 	930.190002 
41.200000 	123.156998 	927.000000 	927.093018 	930.190002 
41.300000 	123.156998 	927.000000 	927.093018 	930.190002 
41.400000 	123.156998 	927.000000 	927.093018 	930.190002 
41.500000 	123.165001 	927.000000 	927.078003 	930.177002 
41.600000 	123.165001 	927.000000 	927.078003 	930.177002 
41.700000 	123.165001 	927.000000 	927.078003 	930.177002 
41.800000 	123.165001 	927.000000 	927.078003 	930.177002 
41.900000 	123.165001 	927.000000 	927.078003 	930.177002 
42.000000 	123.165001 	927.000000 	927.078003 	930.177002 
42.100000 	123.165001 	927.000000 	927.078003 	930.177002 
42.200000 	123.165001 	927.000000 	927.078003 	930.177002 
42.300000 	123.165001 	927.000000 	927.078003 	930.177002 
42.400000 	123.165001 	927.000000 	927.078003 	930.177002 
42.500000 	123.172997 	927.000000 	927.062012 	930.164978 
42.600000 	123.172997 	927.000000 	927.062012 	930.164978 
42.700000 	123.172997 	927.000000 	927.062012 	930.164978 
42.800000 	123.172997 	927.000000 	927.062012 	930.164978 
42.900000 	123.172997 	927.000000 	927.062012 	930.164978 
43.000000 	123.172997 	927.000000 	927.062012 	930.164978 
43.100000 	123.172997 	927.000000 	927.062012 	930.164978 
43.200000 	123.172997 	927.000000 	927.062012 	930.164978 
43.300000 	123.172997 	927.000000 	927.062012 	930.164978 
43.400000 	123.172997 	927.000000 	927.062012 	930.164978 
43.500000 	123.180000 	927.000000 	927.044983 	930.151001 
43.600000 	123.180000 	927.000000 	927.044983 	930.151001 
43.700000 	123.180000 	927.000000 	927.044983 	930.151001 
43.800000 	123.180000 	927.000000 	927.044983 	930.151001 
43.900000 	123.180000 	927.000000 	927.044983 	930.151001 
44.000000 	123.180000 	927.000000 	927.044983 	930.151001 
44.100000 	123.180000 	927.000000 	927.044983 	930.151001 
44.200000 	123.180000 	927.000000 	927.044983 	930.151001 
44.300000 	123.180000 	927.000000 	927.044983 	930.151001 
44.400000 	123.180000 	927.000000 	927.044983 	930.151001 
44.500000 	123.186996 	927.000000 	927.028992 	930.138000 
44.600000 	123.186996 	927.000000 	927.028992 	930.138000 
44.700000 	123.186996 	927.000000 	927.028992 	930.138000 
44.800000 	123.186996 	927.000000 	927.028992 	930.138000 
44.900000 	123.186996 	927.000000 	927.028992 	930.138000 
45.000000 	123.186996 	927.000000 	927.028992 	930.138000 
45.100000 	123.186996 	927.000000 	927.028992 	930.138000 
45.200000 	123.186996 	927.000000 	927.028992 	930.138000 
45.300000 	123.186996 	927.000000 	927.028992 	930.138000 
45.400000 	123.186996 	927.000000 	927.028992 	930.138000 
45.500000 	123.194000 	927.000000 	927.012024 	930.122986 
45.600000 	123.194000 	927.000000 	927.012024 	930.122986 
45.700000 	123.194000 	927.000000 	927.012024 	930.122986 
45.800000 	123.194000 	927.000000 	927.012024 	930.122986 
45.900000 	123.194000 	927.000000 	927.012024 	930.122986 
46.000000 	123.194000 	927.000000 	927.012024 	930.122986 
46.100000 	123.194000 	927.000000 	927.012024 	930.122986 
46.200000 	123.194000 	927.000000 	927.012024 	930.122986 
46.300000 	123.194000 	927.000000 	927.012024 	930.122986 
46.400000 	123.194000 	927.000000 	927.012024 	930.122986 
46.500000 	123.200996 	927.000000 	926.994019 	930.107971 
46.600000 	123.200996 	927.000000 	926.994019 	930.107971 
46.700000 	123.200996 	927.000000 	926.994019 	930.107971 
46.800000 	123.200996 	927.000000 	926.994019 	930.107971 
46.900000 	123.200996 	927.000000 	926.994019 	930.107971 
47.000000 	123.200996 	927.000000 	926.994019 	930.107971 
47.100000 	123.200996 	927.000000 	926.994019 	930.107971 
47.200000 	123.200996 	927.000000 	926.994019 	930.107971 
47.300000 	123.200996 	927.000000 	926.994019 	930.107971 
47.400000 	123.200996 	927.000000 	926.994019 	930.107971 
47.500000 	123.207001 	927.000000 	926.976013 	930.093018 
47.600000 	123.207001 	927.000000 	926.976013 	930.093018 
47.700000 	123.207001 	927.000000 	926.976013 	930.093018 
47.800000 	123.207001 	927.000000 	926.976013 	930.093018 
47.900000 	123.207001 	927.000000 	926.976013 	930.093018 
48.000000 	123.207001 	927.000000 	926.976013 	930.093018 
48.100000 	123.207001 	927.000000 	926.976013 	930.093018 
48.200000 	123.207001 	927.000000 	926.976013 	930.093018 
48.300000 	123.207001 	927.000000 	926.976013 	930.093018 
48.400000 	123.207001 	927.000000 	926.976013 	930.093018 
48.500000 	123.213997 	927.000000 	926.958008 	930.077026 
48.600000 	123.213997 	927.000000 	926.958008 	930.077026 
48.700000 	123.213997 	927.000000 	926.958008 	930.077026 
48.800000 	123.213997 	927.000000 	926.958008 	930.077026 
48.900000 	123.213997 	927.000000 	926.958008 	930.077026 
49.000000 	123.213997 	927.000000 	926.958008 	930.077026 
49.100000 	123.213997 	927.000000 	926.958008 	930.077026 
49.200000 	123.213997 	927.000000 	926.958008 	930.077026 
49.300000 	123.213997 	927.000000 	926.958008 	930.077026 
49.400000 	123.213997 	927.000000 	926.958008 	930.077026 
49.500000 	123.220001 	927.000000 	926.939026 	930.059998 
49.600000 	123.220001 	927.000000 	926.939026 	930.059998 
49.700000 	123.220001 	927.000000 	926.939026 	930.059998 
49.800000 	123.220001 	927.000000 	926.939026 	930.059998 
49.900000 	123.220001 	927.000000 	926.939026 	930.059998 
50.000000 	123.220001 	927.000000 	926.939026 	930.059998 
50.100000 	123.220001 	927.000000 	926.939026 	930.059998 
50.200000 	123.220001 	927.000000 	926.939026 	930.059998 
50.300000 	123.220001 	927.000000 	926.939026 	930.059998 
50.400000 	123.220001 	927.000000 	926.939026 	930.059998 
50.500000 	123.225998 	927.000000 	926.919983 	1006.030029 
50.600000 	123.225998 	927.000000 	926.919983 	1006.030029 
50.700000 	123.225998 	927.000000 	926.919983 	1006.030029 
50.800000 	123.225998 	927.000000 	926.919983 	1006.030029 
50.900000 	123.225998 	927.000000 	926.919983 	1006.030029 
51.000000 	123.225998 	927.000000 	926.919983 	1006.030029 
51.100000 	123.225998 	927.000000 	926.919983 	1006.030029 
51.200000 	123.225998 	927.000000 	926.919983 	1006.030029 
51.300000 	123.225998 	927.000000 	926.919983 	1006.030029 
51.400000 	123.225998 	927.000000 	926.919983 	1006.030029 
51.500000 	123.232002 	927.000000 	926.900024 	1006.030029 
51.600000 	123.232002 	927.000000 	926.900024 	1006.030029 
51.700000 	123.232002 	927.000000 	926.900024 	1006.030029 
51.800000 	123.232002 	927.000000 	926.900024 	1006.030029 
51.900000 	123.232002 	927.000000 	926.900024 	1006.030029 
52.000000 	123.232002 	927.000000 	926.900024 	1006.030029 
52.100000 	123.232002 	927.000000 	926.900024 	1006.030029 
52.200000 	123.232002 	927.000000 	926.900024 	1006.030029 
52.300000 	123.232002 	927.000000 	926.900024 	1006.030029 
52.400000 	123.232002 	927.000000 	926.900024 	1006.030029 
52.500000 	123.237999 	927.000000 	926.880005 	1006.030029 
52.600000 	123.237999 	927.000000 	926.880005 	1006.030029 
52.700000 	123.237999 	927.000000 	926.880005 	1006.030029 
52.800000 	123.237999 	927.000000 	926.880005 	1006.030029 
52.900000 	123.237999 	927.000000 	926.880005 	1006.030029 
53.000000 	123.237999 	927.000000 	926.880005 	1006.030029 
53.100000 	123.237999 	927.000000 	926.880005 	1006.030029 
53.200000 	123.237999 	927.000000 	926.880005 	1006.030029 
53.300000 	123.237999 	927.000000 	926.880005 	1006.030029 
53.400000 	123.237999 	927.000000 	926.880005 	1006.030029 
53.500000 	123.242996 	927.000000 	926.859009 	1006.030029 
53.600000 	123.242996 	927.000000 	926.859009 	1006.030029 
53.700000 	123.242996 	927.000000 	926.859009 	1006.030029 
53.800000 	123.242996 	927.000000 	926.859009 	1006.030029 
53.900000 	123.242996 	927.000000 	926.859009 	1006.030029 
54.000000 	123.242996 	927.000000 	926.859009 	1006.030029 
54.100000 	123.242996 	927.000000 	926.859009 	1006.030029 
54.200000 	123.242996 	927.000000 	926.859009 	1006.030029 
54.300000 	123.242996 	927.000000 	926.859009 	1006.030029 
54.400000 	123.242996 	927.000000 	926.859009 	1006.030029 
54.500000 	123.249001 	927.000000 	926.838013 	1006.030029 
54.600000 	123.249001 	927.000000 	926.838013 	1006.030029 
54.700000 	123.249001 	927.000000 	926.838013 	1006.030029 
54.800000 	123.249001 	927.000000 	926.838013 	1006.030029 
54.900000 	123.249001 	927.000000 	926.838013 	1006.030029 
55.000000 	123.249001 	927.000000 	926.838013 	1006.030029 
55.100000 	123.249001 	927.000000 	926.838013 	1006.030029 
55.200000 	123.249001 	927.000000 	926.838013 	1006.030029 
55.300000 	123.249001 	927.000000 	926.838013 	1006.030029 
55.400000 	123.249001 	927.000000 	926.838013 	1006.030029 
55.500000 	123.253998 	927.000000 	926.817017 	1006.030029 
55.600000 	123.253998 	927.000000 	926.817017 	1006.030029 
55.700000 	123.253998 	927.000000 	926.817017 	1006.030029 
55.800000 	123.253998 	927.000000 	926.817017 	1006.030029 
55.900000 	123.253998 	927.000000 	926.817017 	1006.030029 
56.000000 	123.253998 	927.000000 	926.817017 	1006.030029 
56.100000 	123.253998 	927.000000 	926.817017 	1006.030029 
56.200000 	123.253998 	927.000000 	926.817017 	1006.030029 
56.300000 	123.253998 	927.000000 	926.817017 	1006.030029 
56.400000 	123.253998 	927.000000 	926.817017 	1006.030029 
56.500000 	123.259003 	927.000000 	926.794006 	1006.030029 
56.600000 	123.259003 	927.000000 	926.794006 	1006.030029 
56.700000 	123.259003 	927.000000 	926.794006 	1006.030029 
56.800000 	123.259003 	927.000000 	926.794006 	1006.030029 
56.900000 	123.259003 	927.000000 	926.794006 	1006.030029 
57.000000 	123.259003 	927.000000 	926.794006 	1006.030029 
57.100000 	123.259003 	927.000000 	926.794006 	1006.030029 
57.200000 	123.259003 	927.000000 	926.794006 	1006.030029 
57.300000 	123.259003 	927.000000 	926.794006 	1006.030029 
57.400000 	123.259003 	927.000000 	926.794006 	1006.030029 
57.500000 	123.264999 	927.000000 	926.771973 	1006.030029 
57.600000 	123.264999 	927.000000 	926.771973 	1006.030029 
57.700000 	123.264999 	927.000000 	926.771973 	1006.030029 
57.800000 	123.264999 	927.000000 	926.771973 	1006.030029 
57.900000 	123.264999 	927.000000 	926.771973 	1006.030029 
58.000000 	123.264999 	927.000000 	926.771973 	1006.030029 
58.100000 	123.264999 	927.000000 	926.771973 	1006.030029 
58.200000 	123.264999 	927.000000 	926.771973 	1006.030029 
58.300000 	123.264999 	927.000000 	926.771973 	1006.030029 
58.400000 	123.264999 	927.000000 	926.771973 	1006.030029 
58.500000 	123.269997 	927.000000 	926.749023 	1006.030029 
58.600000 	123.269997 	927.000000 	926.749023 	1006.030029 
58.700000 	123.269997 	927.000000 	926.749023 	1006.030029 
58.800000 	123.269997 	927.000000 	926.749023 	1006.030029 
58.900000 	123.269997 	927.000000 	926.749023 	1006.030029 
59.000000 	123.269997 	927.000000 	926.749023 	1006.030029 
59.100000 	123.269997 	927.000000 	926.749023 	1006.030029 
59.200000 	123.269997 	927.000000 	926.749023 	1006.030029 
59.300000 	123.269997 	927.000000 	926.749023 	1006.030029 
59.400000 	123.269997 	927.000000 	926.749023 	1006.030029 
59.500000 	123.275002 	927.000000 	926.724976 	1006.030029 
59.600000 	123.275002 	927.000000 	926.724976 	1006.030029 
59.700000 	123.275002 	927.000000 	926.724976 	1006.030029 
59.800000 	123.275002 	927.000000 	926.724976 	1006.030029 
59.900000 	123.275002 	927.000000 	926.724976 	1006.030029 
60.000000 	123.275002 	927.000000 	926.724976 	1006.030029 
