0.500000 	85.772102 	236.000000 	265.773010 	243.889999 
0.600000 	85.772102 	236.000000 	265.773010 	243.889999 
0.700000 	85.772102 	236.000000 	265.773010 	243.889999 
0.800000 	85.772102 	236.000000 	265.773010 	243.889999 
0.900000 	85.772102 	236.000000 	265.773010 	243.889999 
1.000000 	85.772102 	236.000000 	265.773010 	243.889999 
1.100000 	85.772102 	236.000000 	265.773010 	243.889999 
1.200000 	85.772102 	236.000000 	265.773010 	243.889999 
1.300000 	85.772102 	236.000000 	265.773010 	243.889999 
1.400000 	85.772102 	236.000000 	265.773010 	243.889999 
1.500000 	95.864098 	236.000000 	250.757004 	247.591003 
1.600000 	95.864098 	236.000000 	250.757004 	247.591003 
1.700000 	95.864098 	236.000000 	250.757004 	247.591003 
1.800000 	95.864098 	236.000000 	250.757004 	247.591003 
1.900000 	95.864098 	236.000000 	250.757004 	247.591003 
2.000000 	95.864098 	236.000000 	250.757004 	247.591003 
2.100000 	95.864098 	236.000000 	250.757004 	247.591003 
2.200000 	95.864098 	236.000000 	250.757004 	247.591003 
2.300000 	95.864098 	236.000000 	250.757004 	247.591003 
2.400000 	95.864098 	236.000000 	250.757004 	247.591003 
2.500000 	107.309998 	236.000000 	243.867996 	248.255005 
2.600000 	107.309998 	236.000000 	243.867996 	248.255005 
2.700000 	107.309998 	236.000000 	243.867996 	248.255005 
2.800000 	107.309998 	236.000000 	243.867996 	248.255005 
2.900000 	107.309998 	236.000000 	243.867996 	248.255005 
3.000000 	107.309998 	236.000000 	243.867996 	248.255005 
3.100000 	107.309998 	236.000000 	243.867996 	248.255005 
3.200000 	107.309998 	236.000000 	243.867996 	248.255005 
3.300000 	107.309998 	236.000000 	243.867996 	248.255005 
3.400000 	107.309998 	236.000000 	243.867996 	248.255005 
3.500000 	113.222000 	236.000000 	240.427994 	248.503006 
3.600000 	113.222000 	236.000000 	240.427994 	248.503006 
3.700000 	113.222000 	236.000000 	240.427994 	248.503006 
3.800000 	113.222000 	236.000000 	240.427994 	248.503006 
3.900000 	113.222000 	236.000000 	240.427994 	248.503006 
4.000000 	113.222000 	236.000000 	240.427994 	248.503006 
4.100000 	113.222000 	236.000000 	240.427994 	248.503006 
4.200000 	113.222000 	236.000000 	240.427994 	248.503006 
4.300000 	113.222000 	236.000000 	240.427994 	248.503006 
4.400000 	113.222000 	236.000000 	240.427994 	248.503006 
4.500000 	116.431000 	236.000000 	238.557999 	248.634003 
4.600000 	116.431000 	236.000000 	238.557999 	248.634003 
4.700000 	116.431000 	236.000000 	238.557999 	248.634003 
4.800000 	116.431000 	236.000000 	238.557999 	248.634003 
4.900000 	116.431000 	236.000000 	238.557999 	248.634003 
5.000000 	116.431000 	236.000000 	238.557999 	248.634003 
5.100000 	116.431000 	236.000000 	238.557999 	248.634003 
5.200000 	116.431000 	236.000000 	238.557999 	248.634003 
5.300000 	116.431000 	236.000000 	238.557999 	248.634003 
5.400000 	116.431000 	236.000000 	238.557999 	248.634003 
5.500000 	118.324997 	236.000000 	237.455994 	248.720993 
5.600000 	118.324997 	236.000000 	237.455994 	248.720993 
5.700000 	118.324997 	236.000000 	237.455994 	248.720993 
5.800000 	118.324997 	236.000000 	237.455994 	248.720993 
5.900000 	118.324997 	236.000000 	237.455994 	248.720993 
6.000000 	118.324997 	236.000000 	237.455994 	248.720993 
6.100000 	118.324997 	236.000000 	237.455994 	248.720993 
6.200000 	118.324997 	236.000000 	237.455994 	248.720993 
6.300000 	118.324997 	236.000000 	237.455994 	248.720993 
6.400000 	118.324997 	236.000000 	237.455994 	248.720993 
6.500000 	119.524002 	236.000000 	236.759003 	248.787003 
6.600000 	119.524002 	236.000000 	236.759003 	248.787003 
6.700000 	119.524002 	236.000000 	236.759003 	248.787003 
6.800000 	119.524002 	236.000000 	236.759003 	248.787003 
6.900000 	119.524002 	236.000000 	236.759003 	248.787003 
7.000000 	119.524002 	236.000000 	236.759003 	248.787003 
7.100000 	119.524002 	236.000000 	236.759003 	248.787003 
7.200000 	119.524002 	236.000000 	236.759003 	248.787003 
7.300000 	119.524002 	236.000000 	236.759003 	248.787003 
7.400000 	119.524002 	236.000000 	236.759003 	248.787003 
7.500000 	120.328003 	236.000000 	236.294998 	248.843994 
7.600000 	120.328003 	236.000000 	236.294998 	248.843994 
7.700000 	120.328003 	236.000000 	236.294998 	248.843994 
7.800000 	120.328003 	236.000000 	236.294998 	248.843994 
7.900000 	120.328003 	236.000000 	236.294998 	248.843994 
8.000000 	120.328003 	236.000000 	236.294998 	248.843994 
8.100000 	120.328003 	236.000000 	236.294998 	248.843994 
8.200000 	120.328003 	236.000000 	236.294998 	248.843994 
8.300000 	120.328003 	236.000000 	236.294998 	248.843994 
8.400000 	120.328003 	236.000000 	236.294998 	248.843994 
8.500000 	120.891998 	236.000000 	235.972000 	248.895996 
8.600000 	120.891998 	236.000000 	235.972000 	248.895996 
8.700000 	120.891998 	236.000000 	235.972000 	248.895996 
8.800000 	120.891998 	236.000000 	235.972000 	248.895996 
8.900000 	120.891998 	236.000000 	235.972000 	248.895996 
9.000000 	120.891998 	236.000000 	235.972000 	248.895996 
9.100000 	120.891998 	236.000000 	235.972000 	248.895996 
9.200000 	120.891998 	236.000000 	235.972000 	248.895996 
9.300000 	120.891998 	236.000000 	235.972000 	248.895996 
9.400000 	120.891998 	236.000000 	235.972000 	248.895996 
9.500000 	121.304001 	236.000000 	235.738007 	248.945999 
9.600000 	121.304001 	236.000000 	235.738007 	248.945999 
9.700000 	121.304001 	236.000000 	235.738007 	248.945999 
9.800000 	121.304001 	236.000000 	235.738007 	248.945999 
9.900000 	121.304001 	236.000000 	235.738007 	248.945999 
10.000000 	121.304001 	236.000000 	235.738007 	248.945999 
10.100000 	121.304001 	236.000000 	235.738007 	248.945999 
10.200000 	121.304001 	236.000000 	235.738007 	248.945999 
10.300000 	121.304001 	236.000000 	235.738007 	248.945999 
10.400000 	121.304001 	236.000000 	235.738007 	248.945999 
10.500000 	121.612999 	236.000000 	235.563995 	248.994995 
10.600000 	121.612999 	236.000000 	235.563995 	248.994995 
10.700000 	121.612999 	236.000000 	235.563995 	248.994995 
10.800000 	121.612999 	236.000000 	235.563995 	248.994995 
10.900000 	121.612999 	236.000000 	235.563995 	248.994995 
11.000000 	121.612999 	236.000000 	235.563995 	248.994995 
11.100000 	121.612999 	236.000000 	235.563995 	248.994995 
11.200000 	121.612999 	236.000000 	235.563995 	248.994995 
11.300000 	121.612999 	236.000000 	235.563995 	248.994995 
11.400000 	121.612999 	236.000000 	235.563995 	248.994995 
11.500000 	121.850998 	236.000000 	235.432007 	249.044006 
11.600000 	121.850998 	236.000000 	235.432007 	249.044006 
11.700000 	121.850998 	236.000000 	235.432007 	249.044006 
11.800000 	121.850998 	236.000000 	235.432007 	249.044006 
11.900000 	121.850998 	236.000000 	235.432007 	249.044006 
12.000000 	121.850998 	236.000000 	235.432007 	249.044006 
12.100000 	121.850998 	236.000000 	235.432007 	249.044006 
12.200000 	121.850998 	236.000000 	235.432007 	249.044006 
12.300000 	121.850998 	236.000000 	235.432007 	249.044006 
12.400000 	121.850998 	236.000000 	235.432007 	249.044006 
12.500000 	122.040001 	236.000000 	235.328995 	249.093002 
12.600000 	122.040001 	236.000000 	235.328995 	249.093002 
12.700000 	122.040001 	236.000000 	235.328995 	249.093002 
12.800000 	122.040001 	236.000000 	235.328995 	249.093002 
12.900000 	122.040001 	236.000000 	235.328995 	249.093002 
13.000000 	122.040001 	236.000000 	235.328995 	249.093002 
13.100000 	122.040001 	236.000000 	235.328995 	249.093002 
13.200000 	122.040001 	236.000000 	235.328995 	249.093002 
13.300000 	122.040001 	236.000000 	235.328995 	249.093002 
13.400000 	122.040001 	236.000000 	235.328995 	249.093002 
13.500000 	122.191002 	236.000000 	235.246994 	249.143005 
13.600000 	122.191002 	236.000000 	235.246994 	249.143005 
13.700000 	122.191002 	236.000000 	235.246994 	249.143005 
13.800000 	122.191002 	236.000000 	235.246994 	249.143005 
13.900000 	122.191002 	236.000000 	235.246994 	249.143005 
14.000000 	122.191002 	236.000000 	235.246994 	249.143005 
14.100000 	122.191002 	236.000000 	235.246994 	249.143005 
14.200000 	122.191002 	236.000000 	235.246994 	249.143005 
14.300000 	122.191002 	236.000000 	235.246994 	249.143005 
14.400000 	122.191002 	236.000000 	235.246994 	249.143005 
14.500000 	122.315002 	236.000000 	235.181000 	249.194000 
14.600000 	122.315002 	236.000000 	235.181000 	249.194000 
14.700000 	122.315002 	236.000000 	235.181000 	249.194000 
14.800000 	122.315002 	236.000000 	235.181000 	249.194000 
14.900000 	122.315002 	236.000000 	235.181000 	249.194000 
15.000000 	122.315002 	236.000000 	235.181000 	249.194000 
15.100000 	122.315002 	236.000000 	235.181000 	249.194000 
15.200000 	122.315002 	236.000000 	235.181000 	249.194000 
15.300000 	122.315002 	236.000000 	235.181000 	249.194000 
15.400000 	122.315002 	236.000000 	235.181000 	249.194000 
15.500000 	122.417999 	236.000000 	235.128006 	249.246002 
15.600000 	122.417999 	236.000000 	235.128006 	249.246002 
15.700000 	122.417999 	236.000000 	235.128006 	249.246002 
15.800000 	122.417999 	236.000000 	235.128006 	249.246002 
15.900000 	122.417999 	236.000000 	235.128006 	249.246002 
16.000000 	122.417999 	236.000000 	235.128006 	249.246002 
16.100000 	122.417999 	236.000000 	235.128006 	249.246002 
16.200000 	122.417999 	236.000000 	235.128006 	249.246002 
16.300000 	122.417999 	236.000000 	235.128006 	249.246002 
16.400000 	122.417999 	236.000000 	235.128006 	249.246002 
16.500000 	122.503998 	236.000000 	235.082993 	249.298996 
16.600000 	122.503998 	236.000000 	235.082993 	249.298996 
16.700000 	122.503998 	236.000000 	235.082993 	249.298996 
16.800000 	122.503998 	236.000000 	235.082993 	249.298996 
16.900000 	122.503998 	236.000000 	235.082993 	249.298996 
17.000000 	122.503998 	236.000000 	235.082993 	249.298996 
17.100000 	122.503998 	236.000000 	235.082993 	249.298996 
17.200000 	122.503998 	236.000000 	235.082993 	249.298996 
17.300000 	122.503998 	236.000000 	235.082993 	249.298996 
17.400000 	122.503998 	236.000000 	235.082993 	249.298996 
17.500000 	122.578003 	236.000000 	235.046005 	249.354004 
17.600000 	122.578003 	236.000000 	235.046005 	249.354004 
17.700000 	122.578003 	236.000000 	235.046005 	249.354004 
17.800000 	122.578003 	236.000000 	235.046005 	249.354004 
17.900000 	122.578003 	236.000000 	235.046005 	249.354004 
18.000000 	122.578003 	236.000000 	235.046005 	249.354004 
18.100000 	122.578003 	236.000000 	235.046005 	249.354004 
18.200000 	122.578003 	236.000000 	235.046005 	249.354004 
18.300000 	122.578003 	236.000000 	235.046005 	249.354004 
18.400000 	122.578003 	236.000000 	235.046005 	249.354004 
18.500000 	122.641998 	236.000000 	235.014999 	249.408005 
18.600000 	122.641998 	236.000000 	235.014999 	249.408005 
18.700000 	122.641998 	236.000000 	235.014999 	249.408005 
18.800000 	122.641998 	236.000000 	235.014999 	249.408005 
18.900000 	122.641998 	236.000000 	235.014999 	249.408005 
19.000000 	122.641998 	236.000000 	235.014999 	249.408005 
19.100000 	122.641998 	236.000000 	235.014999 	249.408005 
19.200000 	122.641998 	236.000000 	235.014999 	249.408005 
19.300000 	122.641998 	236.000000 	235.014999 	249.408005 
19.400000 	122.641998 	236.000000 	235.014999 	249.408005 
19.500000 	122.696999 	236.000000 	234.988007 	249.462997 
19.600000 	122.696999 	236.000000 	234.988007 	249.462997 
19.700000 	122.696999 	236.000000 	234.988007 	249.462997 
19.800000 	122.696999 	236.000000 	234.988007 	249.462997 
19.900000 	122.696999 	236.000000 	234.988007 	249.462997 
20.000000 	122.696999 	236.000000 	234.988007 	249.462997 
20.100000 	122.696999 	236.000000 	234.988007 	249.462997 
20.200000 	122.696999 	236.000000 	234.988007 	249.462997 
20.300000 	122.696999 	236.000000 	234.988007 	249.462997 
20.400000 	122.696999 	236.000000 	234.988007 	249.462997 
20.500000 	122.745003 	236.000000 	234.964996 	249.518997 
20.600000 	122.745003 	236.000000 	234.964996 	249.518997 
20.700000 	122.745003 	236.000000 	234.964996 	249.518997 
20.800000 	122.745003 	236.000000 	234.964996 	249.518997 
20.900000 	122.745003 	236.000000 	234.964996 	249.518997 
21.000000 	122.745003 	236.000000 	234.964996 	249.518997 
21.100000 	122.745003 	236.000000 	234.964996 	249.518997 
21.200000 	122.745003 	236.000000 	234.964996 	249.518997 
21.300000 	122.745003 	236.000000 	234.964996 	249.518997 
21.400000 	122.745003 	236.000000 	234.964996 	249.518997 
21.500000 	122.789001 	236.000000 	234.945007 	249.574997 
21.600000 	122.789001 	236.000000 	234.945007 	249.574997 
21.700000 	122.789001 	236.000000 	234.945007 	249.574997 
21.800000 	122.789001 	236.000000 	234.945007 	249.574997 
21.900000 	122.789001 	236.000000 	234.945007 	249.574997 
22.000000 	122.789001 	236.000000 	234.945007 	249.574997 
22.100000 	122.789001 	236.000000 	234.945007 	249.574997 
22.200000 	122.789001 	236.000000 	234.945007 	249.574997 
22.300000 	122.789001 	236.000000 	234.945007 	249.574997 
22.400000 	122.789001 	236.000000 	234.945007 	249.574997 
22.500000 	122.827003 	236.000000 	234.927002 	249.632004 
22.600000 	122.827003 	236.000000 	234.927002 	249.632004 
22.700000 	122.827003 	236.000000 	234.927002 	249.632004 
22.800000 	122.827003 	236.000000 	234.927002 	249.632004 
22.900000 	122.827003 	236.000000 	234.927002 	249.632004 
23.000000 	122.827003 	236.000000 	234.927002 	249.632004 
23.100000 	122.827003 	236.000000 	234.927002 	249.632004 
23.200000 	122.827003 	236.000000 	234.927002 	249.632004 
23.300000 	122.827003 	236.000000 	234.927002 	249.632004 
23.400000 	122.827003 	236.000000 	234.927002 	249.632004 
23.500000 	122.862000 	236.000000 	234.912003 	249.690002 
23.600000 	122.862000 	236.000000 	234.912003 	249.690002 
23.700000 	122.862000 	236.000000 	234.912003 	249.690002 
23.800000 	122.862000 	236.000000 	234.912003 	249.690002 
23.900000 	122.862000 	236.000000 	234.912003 	249.690002 
24.000000 	122.862000 	236.000000 	234.912003 	249.690002 
24.100000 	122.862000 	236.000000 	234.912003 	249.690002 
24.200000 	122.862000 	236.000000 	234.912003 	249.690002 
24.300000 	122.862000 	236.000000 	234.912003 	249.690002 
24.400000 	122.862000 	236.000000 	234.912003 	249.690002 
24.500000 	122.892998 	236.000000 	234.897995 	249.748001 
24.600000 	122.892998 	236.000000 	234.897995 	249.748001 
24.700000 	122.892998 	236.000000 	234.897995 	249.748001 
24.800000 	122.892998 	236.000000 	234.897995 	249.748001 
24.900000 	122.892998 	236.000000 	234.897995 	249.748001 
25.000000 	122.892998 	236.000000 	234.897995 	249.748001 
25.100000 	122.892998 	236.000000 	234.897995 	249.748001 
25.200000 	122.892998 	236.000000 	234.897995 	249.748001 
25.300000 	122.892998 	236.000000 	234.897995 	249.748001 
25.400000 	122.892998 	236.000000 	234.897995 	249.748001 
25.500000 	122.920998 	236.000000 	234.886002 	249.806000 
25.600000 	122.920998 	236.000000 	234.886002 	249.806000 
25.700000 	122.920998 	236.000000 	234.886002 	249.806000 
25.800000 	122.920998 	236.000000 	234.886002 	249.806000 
25.900000 	122.920998 	236.000000 	234.886002 	249.806000 
26.000000 	122.920998 	236.000000 	234.886002 	249.806000 
26.100000 	122.920998 	236.000000 	234.886002 	249.806000 
26.200000 	122.920998 	236.000000 	234.886002 	249.806000 
26.300000 	122.920998 	236.000000 	234.886002 	249.806000 
26.400000 	122.920998 	236.000000 	234.886002 	249.806000 
26.500000 	122.946999 	236.000000 	234.875000 	249.863998 
26.600000 	122.946999 	236.000000 	234.875000 	249.863998 
26.700000 	122.946999 	236.000000 	234.875000 	249.863998 
26.800000 	122.946999 	236.000000 	234.875000 	249.863998 
26.900000 	122.946999 	236.000000 	234.875000 	249.863998 
27.000000 	122.946999 	236.000000 	234.875000 	249.863998 
27.100000 	122.946999 	236.000000 	234.875000 	249.863998 
27.200000 	122.946999 	236.000000 	234.875000 	249.863998 
27.300000 	122.946999 	236.000000 	234.875000 	249.863998 
27.400000 	122.946999 	236.000000 	234.875000 	249.863998 
27.500000 	122.971001 	236.000000 	234.865005 	249.923004 
27.600000 	122.971001 	236.000000 	234.865005 	249.923004 
27.700000 	122.971001 	236.000000 	234.865005 	249.923004 
27.800000 	122.971001 	236.000000 	234.865005 	249.923004 
27.900000 	122.971001 	236.000000 	234.865005 	249.923004 
28.000000 	122.971001 	236.000000 	234.865005 	249.923004 
28.100000 	122.971001 	236.000000 	234.865005 	249.923004 
28.200000 	122.971001 	236.000000 	234.865005 	249.923004 
28.300000 	122.971001 	236.000000 	234.865005 	249.923004 
28.400000 	122.971001 	236.000000 	234.865005 	249.923004 
28.500000 	122.994003 	236.000000 	234.856003 	249.981995 
28.600000 	122.994003 	236.000000 	234.856003 	249.981995 
28.700000 	122.994003 	236.000000 	234.856003 	249.981995 
28.800000 	122.994003 	236.000000 	234.856003 	249.981995 
28.900000 	122.994003 	236.000000 	234.856003 	249.981995 
29.000000 	122.994003 	236.000000 	234.856003 	249.981995 
29.100000 	122.994003 	236.000000 	234.856003 	249.981995 
29.200000 	122.994003 	236.000000 	234.856003 	249.981995 
29.300000 	122.994003 	236.000000 	234.856003 	249.981995 
29.400000 	122.994003 	236.000000 	234.856003 	249.981995 
29.500000 	123.014000 	236.000000 	234.848007 	250.042007 
29.600000 	123.014000 	236.000000 	234.848007 	250.042007 
29.700000 	123.014000 	236.000000 	234.848007 	250.042007 
29.800000 	123.014000 	236.000000 	234.848007 	250.042007 
29.900000 	123.014000 	236.000000 	234.848007 	250.042007 
30.000000 	123.014000 	236.000000 	234.848007 	250.042007 
30.100000 	123.014000 	236.000000 	234.848007 	250.042007 
30.200000 	123.014000 	236.000000 	234.848007 	250.042007 
30.300000 	123.014000 	236.000000 	234.848007 	250.042007 
30.400000 	123.014000 	236.000000 	234.848007 	250.042007 
30.500000 	123.033997 	236.000000 	234.839996 	250.100998 
30.600000 	123.033997 	236.000000 	234.839996 	250.100998 
30.700000 	123.033997 	236.000000 	234.839996 	250.100998 
30.800000 	123.033997 	236.000000 	234.839996 	250.100998 
30.900000 	123.033997 	236.000000 	234.839996 	250.100998 
31.000000 	123.033997 	236.000000 	234.839996 	250.100998 
31.100000 	123.033997 	236.000000 	234.839996 	250.100998 
31.200000 	123.033997 	236.000000 	234.839996 	250.100998 
31.300000 	123.033997 	236.000000 	234.839996 	250.100998 
31.400000 	123.033997 	236.000000 	234.839996 	250.100998 
31.500000 	123.052002 	236.000000 	234.832993 	250.160004 
31.600000 	123.052002 	236.000000 	234.832993 	250.160004 
31.700000 	123.052002 	236.000000 	234.832993 	250.160004 
31.800000 	123.052002 	236.000000 	234.832993 	250.160004 
31.900000 	123.052002 	236.000000 	234.832993 	250.160004 
32.000000 	123.052002 	236.000000 	234.832993 	250.160004 
32.100000 	123.052002 	236.000000 	234.832993 	250.160004 
32.200000 	123.052002 	236.000000 	234.832993 	250.160004 
32.300000 	123.052002 	236.000000 	234.832993 	250.160004 
32.400000 	123.052002 	236.000000 	234.832993 	250.160004 
32.500000 	123.069000 	236.000000 	234.826004 	250.220001 
32.600000 	123.069000 	236.000000 	234.826004 	250.220001 
32.700000 	123.069000 	236.000000 	234.826004 	250.220001 
32.800000 	123.069000 	236.000000 	234.826004 	250.220001 
32.900000 	123.069000 	236.000000 	234.826004 	250.220001 
33.000000 	123.069000 	236.000000 	234.826004 	250.220001 
33.100000 	123.069000 	236.000000 	234.826004 	250.220001 
33.200000 	123.069000 	236.000000 	234.826004 	250.220001 
33.300000 	123.069000 	236.000000 	234.826004 	250.220001 
33.400000 	123.069000 	236.000000 	234.826004 	250.220001 
33.500000 	123.084999 	236.000000 	234.820007 	250.279999 
33.600000 	123.084999 	236.000000 	234.820007 	250.279999 
33.700000 	123.084999 	236.000000 	234.820007 	250.279999 
33.800000 	123.084999 	236.000000 	234.820007 	250.279999 
33.900000 	123.084999 	236.000000 	234.820007 	250.279999 
34.000000 	123.084999 	236.000000 	234.820007 	250.279999 
34.100000 	123.084999 	236.000000 	234.820007 	250.279999 
34.200000 	123.084999 	236.000000 	234.820007 	250.279999 
34.300000 	123.084999 	236.000000 	234.820007 	250.279999 
34.400000 	123.084999 	236.000000 	234.820007 	250.279999 
34.500000 	123.099998 	236.000000 	234.813995 	250.339005 
34.600000 	123.099998 	236.000000 	234.813995 	250.339005 
34.700000 	123.099998 	236.000000 	234.813995 	250.339005 
34.800000 	123.099998 	236.000000 	234.813995 	250.339005 
34.900000 	123.099998 	236.000000 	234.813995 	250.339005 
35.000000 	123.099998 	236.000000 	234.813995 	250.339005 
35.100000 	123.099998 	236.000000 	234.813995 	250.339005 
35.200000 	123.099998 	236.000000 	234.813995 	250.339005 
35.300000 	123.099998 	236.000000 	234.813995 	250.339005 
35.400000 	123.099998 	236.000000 	234.813995 	250.339005 
35.500000 	123.113998 	236.000000 	234.809006 	250.399002 
35.600000 	123.113998 	236.000000 	234.809006 	250.399002 
35.700000 	123.113998 	236.000000 	234.809006 	250.399002 
35.800000 	123.113998 	236.000000 	234.809006 	250.399002 
35.900000 	123.113998 	236.000000 	234.809006 	250.399002 
36.000000 	123.113998 	236.000000 	234.809006 	250.399002 
36.100000 	123.113998 	236.000000 	234.809006 	250.399002 
36.200000 	123.113998 	236.000000 	234.809006 	250.399002 
36.300000 	123.113998 	236.000000 	234.809006 	250.399002 
36.400000 	123.113998 	236.000000 	234.809006 	250.399002 
36.500000 	123.127998 	236.000000 	234.804001 	250.457993 
36.600000 	123.127998 	236.000000 	234.804001 	250.457993 
36.700000 	123.127998 	236.000000 	234.804001 	250.457993 
36.800000 	123.127998 	236.000000 	234.804001 	250.457993 
36.900000 	123.127998 	236.000000 	234.804001 	250.457993 
37.000000 	123.127998 	236.000000 	234.804001 	250.457993 
37.100000 	123.127998 	236.000000 	234.804001 	250.457993 
37.200000 	123.127998 	236.000000 	234.804001 	250.457993 
37.300000 	123.127998 	236.000000 	234.804001 	250.457993 
37.400000 	123.127998 	236.000000 	234.804001 	250.457993 
37.500000 	123.140999 	236.000000 	234.798996 	250.516998 
37.600000 	123.140999 	236.000000 	234.798996 	250.516998 
37.700000 	123.140999 	236.000000 	234.798996 	250.516998 
37.800000 	123.140999 	236.000000 	234.798996 	250.516998 
37.900000 	123.140999 	236.000000 	234.798996 	250.516998 
38.000000 	123.140999 	236.000000 	234.798996 	250.516998 
38.100000 	123.140999 	236.000000 	234.798996 	250.516998 
38.200000 	123.140999 	236.000000 	234.798996 	250.516998 
38.300000 	123.140999 	236.000000 	234.798996 	250.516998 
38.400000 	123.140999 	236.000000 	234.798996 	250.516998 
38.500000 	123.153000 	236.000000 	234.794006 	250.576004 
38.600000 	123.153000 	236.000000 	234.794006 	250.576004 
38.700000 	123.153000 	236.000000 	234.794006 	250.576004 
38.800000 	123.153000 	236.000000 	234.794006 	250.576004 
38.900000 	123.153000 	236.000000 	234.794006 	250.576004 
39.000000 	123.153000 	236.000000 	234.794006 	250.576004 
39.100000 	123.153000 	236.000000 	234.794006 	250.576004 
39.200000 	123.153000 	236.000000 	234.794006 	250.576004 
39.300000 	123.153000 	236.000000 	234.794006 	250.576004 
39.400000 	123.153000 	236.000000 	234.794006 	250.576004 
39.500000 	123.165001 	236.000000 	234.789001 	250.634995 
39.600000 	123.165001 	236.000000 	234.789001 	250.634995 
39.700000 	123.165001 	236.000000 	234.789001 	250.634995 
39.800000 	123.165001 	236.000000 	234.789001 	250.634995 
39.900000 	123.165001 	236.000000 	234.789001 	250.634995 
40.000000 	123.165001 	236.000000 	234.789001 	250.634995 
40.100000 	123.165001 	236.000000 	234.789001 	250.634995 
40.200000 	123.165001 	236.000000 	234.789001 	250.634995 
40.300000 	123.165001 	236.000000 	234.789001 	250.634995 
40.400000 	123.165001 	236.000000 	234.789001 	250.634995 
40.500000 	123.177002 	236.000000 	234.785004 	250.694000 
40.600000 	123.177002 	236.000000 	234.785004 	250.694000 
40.700000 	123.177002 	236.000000 	234.785004 	250.694000 
40.800000 	123.177002 	236.000000 	234.785004 	250.694000 
40.900000 	123.177002 	236.000000 	234.785004 	250.694000 
41.000000 	123.177002 	236.000000 	234.785004 	250.694000 
41.100000 	123.177002 	236.000000 	234.785004 	250.694000 
41.200000 	123.177002 	236.000000 	234.785004 	250.694000 
41.300000 	123.177002 	236.000000 	234.785004 	250.694000 
41.400000 	123.177002 	236.000000 	234.785004 	250.694000 
41.500000 	123.188004 	236.000000 	234.779999 	250.751999 
41.600000 	123.188004 	236.000000 	234.779999 	250.751999 
41.700000 	123.188004 	236.000000 	234.779999 	250.751999 
41.800000 	123.188004 	236.000000 	234.779999 	250.751999 
41.900000 	123.188004 	236.000000 	234.779999 	250.751999 
42.000000 	123.188004 	236.000000 	234.779999 	250.751999 
42.100000 	123.188004 	236.000000 	234.779999 	250.751999 
42.200000 	123.188004 	236.000000 	234.779999 	250.751999 
42.300000 	123.188004 	236.000000 	234.779999 	250.751999 
42.400000 	123.188004 	236.000000 	234.779999 	250.751999 
42.500000 	123.198997 	236.000000 	234.776001 	250.811005 
42.600000 	123.198997 	236.000000 	234.776001 	250.811005 
42.700000 	123.198997 	236.000000 	234.776001 	250.811005 
42.800000 	123.198997 	236.000000 	234.776001 	250.811005 
42.900000 	123.198997 	236.000000 	234.776001 	250.811005 
43.000000 	123.198997 	236.000000 	234.776001 	250.811005 
43.100000 	123.198997 	236.000000 	234.776001 	250.811005 
43.200000 	123.198997 	236.000000 	234.776001 	250.811005 
43.300000 	123.198997 	236.000000 	234.776001 	250.811005 
43.400000 	123.198997 	236.000000 	234.776001 	250.811005 
43.500000 	123.209000 	236.000000 	234.772003 	250.869003 
43.600000 	123.209000 	236.000000 	234.772003 	250.869003 
43.700000 	123.209000 	236.000000 	234.772003 	250.869003 
43.800000 	123.209000 	236.000000 	234.772003 	250.869003 
43.900000 	123.209000 	236.000000 	234.772003 	250.869003 
44.000000 	123.209000 	236.000000 	234.772003 	250.869003 
44.100000 	123.209000 	236.000000 	234.772003 	250.869003 
44.200000 	123.209000 	236.000000 	234.772003 	250.869003 
44.300000 	123.209000 	236.000000 	234.772003 	250.869003 
44.400000 	123.209000 	236.000000 	234.772003 	250.869003 
44.500000 	123.219002 	236.000000 	234.768005 	250.925995 
44.600000 	123.219002 	236.000000 	234.768005 	250.925995 
44.700000 	123.219002 	236.000000 	234.768005 	250.925995 
44.800000 	123.219002 	236.000000 	234.768005 	250.925995 
44.900000 	123.219002 	236.000000 	234.768005 	250.925995 
45.000000 	123.219002 	236.000000 	234.768005 	250.925995 
45.100000 	123.219002 	236.000000 	234.768005 	250.925995 
45.200000 	123.219002 	236.000000 	234.768005 	250.925995 
45.300000 	123.219002 	236.000000 	234.768005 	250.925995 
45.400000 	123.219002 	236.000000 	234.768005 	250.925995 
45.500000 	123.227997 	236.000000 	234.764008 	250.983002 
45.600000 	123.227997 	236.000000 	234.764008 	250.983002 
45.700000 	123.227997 	236.000000 	234.764008 	250.983002 
45.800000 	123.227997 	236.000000 	234.764008 	250.983002 
45.900000 	123.227997 	236.000000 	234.764008 	250.983002 
46.000000 	123.227997 	236.000000 	234.764008 	250.983002 
46.100000 	123.227997 	236.000000 	234.764008 	250.983002 
46.200000 	123.227997 	236.000000 	234.764008 	250.983002 
46.300000 	123.227997 	236.000000 	234.764008 	250.983002 
46.400000 	123.227997 	236.000000 	234.764008 	250.983002 
46.500000 	123.237999 	236.000000 	234.759995 	251.039993 
46.600000 	123.237999 	236.000000 	234.759995 	251.039993 
46.700000 	123.237999 	236.000000 	234.759995 	251.039993 
46.800000 	123.237999 	236.000000 	234.759995 	251.039993 
46.900000 	123.237999 	236.000000 	234.759995 	251.039993 
47.000000 	123.237999 	236.000000 	234.759995 	251.039993 
47.100000 	123.237999 	236.000000 	234.759995 	251.039993 
47.200000 	123.237999 	236.000000 	234.759995 	251.039993 
47.300000 	123.237999 	236.000000 	234.759995 	251.039993 
47.400000 	123.237999 	236.000000 	234.759995 	251.039993 
47.500000 	123.247002 	236.000000 	234.755997 	251.097000 
47.600000 	123.247002 	236.000000 	234.755997 	251.097000 
47.700000 	123.247002 	236.000000 	234.755997 	251.097000 
47.800000 	123.247002 	236.000000 	234.755997 	251.097000 
47.900000 	123.247002 	236.000000 	234.755997 	251.097000 
48.000000 	123.247002 	236.000000 	234.755997 	251.097000 
48.100000 	123.247002 	236.000000 	234.755997 	251.097000 
48.200000 	123.247002 	236.000000 	234.755997 	251.097000 
48.300000 	123.247002 	236.000000 	234.755997 	251.097000 
48.400000 	123.247002 	236.000000 	234.755997 	251.097000 
48.500000 	123.254997 	236.000000 	234.751999 	251.153000 
48.600000 	123.254997 	236.000000 	234.751999 	251.153000 
48.700000 	123.254997 	236.000000 	234.751999 	251.153000 
48.800000 	123.254997 	236.000000 	234.751999 	251.153000 
48.900000 	123.254997 	236.000000 	234.751999 	251.153000 
49.000000 	123.254997 	236.000000 	234.751999 	251.153000 
49.100000 	123.254997 	236.000000 	234.751999 	251.153000 
49.200000 	123.254997 	236.000000 	234.751999 	251.153000 
49.300000 	123.254997 	236.000000 	234.751999 	251.153000 
49.400000 	123.254997 	236.000000 	234.751999 	251.153000 
49.500000 	123.264000 	236.000000 	234.748001 	251.209000 
49.600000 	123.264000 	236.000000 	234.748001 	251.209000 
49.700000 	123.264000 	236.000000 	234.748001 	251.209000 
49.800000 	123.264000 	236.000000 	234.748001 	251.209000 
49.900000 	123.264000 	236.000000 	234.748001 	251.209000 
50.000000 	123.264000 	236.000000 	234.748001 	251.209000 
50.100000 	123.264000 	236.000000 	234.748001 	251.209000 
50.200000 	123.264000 	236.000000 	234.748001 	251.209000 
50.300000 	123.264000 	236.000000 	234.748001 	251.209000 
50.400000 	123.264000 	236.000000 	234.748001 	251.209000 
50.500000 	123.272003 	236.000000 	234.744003 	1006.030029 
50.600000 	123.272003 	236.000000 	234.744003 	1006.030029 
50.700000 	123.272003 	236.000000 	234.744003 	1006.030029 
50.800000 	123.272003 	236.000000 	234.744003 	1006.030029 
50.900000 	123.272003 	236.000000 	234.744003 	1006.030029 
51.000000 	123.272003 	236.000000 	234.744003 	1006.030029 
51.100000 	123.272003 	236.000000 	234.744003 	1006.030029 
51.200000 	123.272003 	236.000000 	234.744003 	1006.030029 
51.300000 	123.272003 	236.000000 	234.744003 	1006.030029 
51.400000 	123.272003 	236.000000 	234.744003 	1006.030029 
51.500000 	123.279999 	236.000000 	234.740005 	1006.030029 
51.600000 	123.279999 	236.000000 	234.740005 	1006.030029 
51.700000 	123.279999 	236.000000 	234.740005 	1006.030029 
51.800000 	123.279999 	236.000000 	234.740005 	1006.030029 
51.900000 	123.279999 	236.000000 	234.740005 	1006.030029 
52.000000 	123.279999 	236.000000 	234.740005 	1006.030029 
52.100000 	123.279999 	236.000000 	234.740005 	1006.030029 
52.200000 	123.279999 	236.000000 	234.740005 	1006.030029 
52.300000 	123.279999 	236.000000 	234.740005 	1006.030029 
52.400000 	123.279999 	236.000000 	234.740005 	1006.030029 
52.500000 	123.287003 	236.000000 	234.735992 	1006.030029 
52.600000 	123.287003 	236.000000 	234.735992 	1006.030029 
52.700000 	123.287003 	236.000000 	234.735992 	1006.030029 
52.800000 	123.287003 	236.000000 	234.735992 	1006.030029 
52.900000 	123.287003 	236.000000 	234.735992 	1006.030029 
53.000000 	123.287003 	236.000000 	234.735992 	1006.030029 
53.100000 	123.287003 	236.000000 	234.735992 	1006.030029 
53.200000 	123.287003 	236.000000 	234.735992 	1006.030029 
53.300000 	123.287003 	236.000000 	234.735992 	1006.030029 
53.400000 	123.287003 	236.000000 	234.735992 	1006.030029 
53.500000 	123.294998 	236.000000 	234.733002 	1006.030029 
53.600000 	123.294998 	236.000000 	234.733002 	1006.030029 
53.700000 	123.294998 	236.000000 	234.733002 	1006.030029 
53.800000 	123.294998 	236.000000 	234.733002 	1006.030029 
53.900000 	123.294998 	236.000000 	234.733002 	1006.030029 
54.000000 	123.294998 	236.000000 	234.733002 	1006.030029 
54.100000 	123.294998 	236.000000 	234.733002 	1006.030029 
54.200000 	123.294998 	236.000000 	234.733002 	1006.030029 
54.300000 	123.294998 	236.000000 	234.733002 	1006.030029 
54.400000 	123.294998 	236.000000 	234.733002 	1006.030029 
54.500000 	123.302002 	236.000000 	234.729004 	1006.030029 
54.600000 	123.302002 	236.000000 	234.729004 	1006.030029 
54.700000 	123.302002 	236.000000 	234.729004 	1006.030029 
54.800000 	123.302002 	236.000000 	234.729004 	1006.030029 
54.900000 	123.302002 	236.000000 	234.729004 	1006.030029 
55.000000 	123.302002 	236.000000 	234.729004 	1006.030029 
55.100000 	123.302002 	236.000000 	234.729004 	1006.030029 
55.200000 	123.302002 	236.000000 	234.729004 	1006.030029 
55.300000 	123.302002 	236.000000 	234.729004 	1006.030029 
55.400000 	123.302002 	236.000000 	234.729004 	1006.030029 
55.500000 	123.308998 	236.000000 	234.725006 	1006.030029 
55.600000 	123.308998 	236.000000 	234.725006 	1006.030029 
55.700000 	123.308998 	236.000000 	234.725006 	1006.030029 
55.800000 	123.308998 	236.000000 	234.725006 	1006.030029 
55.900000 	123.308998 	236.000000 	234.725006 	1006.030029 
56.000000 	123.308998 	236.000000 	234.725006 	1006.030029 
56.100000 	123.308998 	236.000000 	234.725006 	1006.030029 
56.200000 	123.308998 	236.000000 	234.725006 	1006.030029 
56.300000 	123.308998 	236.000000 	234.725006 	1006.030029 
56.400000 	123.308998 	236.000000 	234.725006 	1006.030029 
56.500000 	123.316002 	236.000000 	234.720993 	1006.030029 
56.600000 	123.316002 	236.000000 	234.720993 	1006.030029 
56.700000 	123.316002 	236.000000 	234.720993 	1006.030029 
56.800000 	123.316002 	236.000000 	234.720993 	1006.030029 
56.900000 	123.316002 	236.000000 	234.720993 	1006.030029 
57.000000 	123.316002 	236.000000 	234.720993 	1006.030029 
57.100000 	123.316002 	236.000000 	234.720993 	1006.030029 
57.200000 	123.316002 	236.000000 	234.720993 	1006.030029 
57.300000 	123.316002 	236.000000 	234.720993 	1006.030029 
57.400000 	123.316002 	236.000000 	234.720993 	1006.030029 
57.500000 	123.322998 	236.000000 	234.716995 	1006.030029 
57.600000 	123.322998 	236.000000 	234.716995 	1006.030029 
57.700000 	123.322998 	236.000000 	234.716995 	1006.030029 
57.800000 	123.322998 	236.000000 	234.716995 	1006.030029 
57.900000 	123.322998 	236.000000 	234.716995 	1006.030029 
58.000000 	123.322998 	236.000000 	234.716995 	1006.030029 
58.100000 	123.322998 	236.000000 	234.716995 	1006.030029 
58.200000 	123.322998 	236.000000 	234.716995 	1006.030029 
58.300000 	123.322998 	236.000000 	234.716995 	1006.030029 
58.400000 	123.322998 	236.000000 	234.716995 	1006.030029 
58.500000 	123.329002 	236.000000 	234.714005 	1006.030029 
58.600000 	123.329002 	236.000000 	234.714005 	1006.030029 
58.700000 	123.329002 	236.000000 	234.714005 	1006.030029 
58.800000 	123.329002 	236.000000 	234.714005 	1006.030029 
58.900000 	123.329002 	236.000000 	234.714005 	1006.030029 
59.000000 	123.329002 	236.000000 	234.714005 	1006.030029 
59.100000 	123.329002 	236.000000 	234.714005 	1006.030029 
59.200000 	123.329002 	236.000000 	234.714005 	1006.030029 
59.300000 	123.329002 	236.000000 	234.714005 	1006.030029 
59.400000 	123.329002 	236.000000 	234.714005 	1006.030029 
59.500000 	123.335999 	236.000000 	234.710007 	1006.030029 
59.600000 	123.335999 	236.000000 	234.710007 	1006.030029 
59.700000 	123.335999 	236.000000 	234.710007 	1006.030029 
59.800000 	123.335999 	236.000000 	234.710007 	1006.030029 
59.900000 	123.335999 	236.000000 	234.710007 	1006.030029 
60.000000 	123.335999 	236.000000 	234.710007 	1006.030029 
