0.500000 	89.607300 	633.000000 	634.544006 	636.328979 
0.600000 	89.607300 	633.000000 	634.544006 	636.328979 
0.700000 	89.607300 	633.000000 	634.544006 	636.328979 
0.800000 	89.607300 	633.000000 	634.544006 	636.328979 
0.900000 	89.607300 	633.000000 	634.544006 	636.328979 
1.000000 	89.607300 	633.000000 	634.544006 	636.328979 
1.100000 	89.607300 	633.000000 	634.544006 	636.328979 
1.200000 	89.607300 	633.000000 	634.544006 	636.328979 
1.300000 	89.607300 	633.000000 	634.544006 	636.328979 
1.400000 	89.607300 	633.000000 	634.544006 	636.328979 
1.500000 	100.592003 	633.000000 	634.901001 	637.973022 
1.600000 	100.592003 	633.000000 	634.901001 	637.973022 
1.700000 	100.592003 	633.000000 	634.901001 	637.973022 
1.800000 	100.592003 	633.000000 	634.901001 	637.973022 
1.900000 	100.592003 	633.000000 	634.901001 	637.973022 
2.000000 	100.592003 	633.000000 	634.901001 	637.973022 
2.100000 	100.592003 	633.000000 	634.901001 	637.973022 
2.200000 	100.592003 	633.000000 	634.901001 	637.973022 
2.300000 	100.592003 	633.000000 	634.901001 	637.973022 
2.400000 	100.592003 	633.000000 	634.901001 	637.973022 
2.500000 	110.710999 	633.000000 	633.572998 	638.120972 
2.600000 	110.710999 	633.000000 	633.572998 	638.120972 
2.700000 	110.710999 	633.000000 	633.572998 	638.120972 
2.800000 	110.710999 	633.000000 	633.572998 	638.120972 
2.900000 	110.710999 	633.000000 	633.572998 	638.120972 
3.000000 	110.710999 	633.000000 	633.572998 	638.120972 
3.100000 	110.710999 	633.000000 	633.572998 	638.120972 
3.200000 	110.710999 	633.000000 	633.572998 	638.120972 
3.300000 	110.710999 	633.000000 	633.572998 	638.120972 
3.400000 	110.710999 	633.000000 	633.572998 	638.120972 
3.500000 	115.546997 	633.000000 	632.869995 	638.169983 
3.600000 	115.546997 	633.000000 	632.869995 	638.169983 
3.700000 	115.546997 	633.000000 	632.869995 	638.169983 
3.800000 	115.546997 	633.000000 	632.869995 	638.169983 
3.900000 	115.546997 	633.000000 	632.869995 	638.169983 
4.000000 	115.546997 	633.000000 	632.869995 	638.169983 
4.100000 	115.546997 	633.000000 	632.869995 	638.169983 
4.200000 	115.546997 	633.000000 	632.869995 	638.169983 
4.300000 	115.546997 	633.000000 	632.869995 	638.169983 
4.400000 	115.546997 	633.000000 	632.869995 	638.169983 
4.500000 	118.068001 	633.000000 	632.502014 	638.190979 
4.600000 	118.068001 	633.000000 	632.502014 	638.190979 
4.700000 	118.068001 	633.000000 	632.502014 	638.190979 
4.800000 	118.068001 	633.000000 	632.502014 	638.190979 
4.900000 	118.068001 	633.000000 	632.502014 	638.190979 
5.000000 	118.068001 	633.000000 	632.502014 	638.190979 
5.100000 	118.068001 	633.000000 	632.502014 	638.190979 
5.200000 	118.068001 	633.000000 	632.502014 	638.190979 
5.300000 	118.068001 	633.000000 	632.502014 	638.190979 
5.400000 	118.068001 	633.000000 	632.502014 	638.190979 
5.500000 	119.523003 	633.000000 	632.294983 	638.205017 
5.600000 	119.523003 	633.000000 	632.294983 	638.205017 
5.700000 	119.523003 	633.000000 	632.294983 	638.205017 
5.800000 	119.523003 	633.000000 	632.294983 	638.205017 
5.900000 	119.523003 	633.000000 	632.294983 	638.205017 
6.000000 	119.523003 	633.000000 	632.294983 	638.205017 
6.100000 	119.523003 	633.000000 	632.294983 	638.205017 
6.200000 	119.523003 	633.000000 	632.294983 	638.205017 
6.300000 	119.523003 	633.000000 	632.294983 	638.205017 
6.400000 	119.523003 	633.000000 	632.294983 	638.205017 
6.500000 	120.431000 	633.000000 	632.171997 	638.216003 
6.600000 	120.431000 	633.000000 	632.171997 	638.216003 
6.700000 	120.431000 	633.000000 	632.171997 	638.216003 
6.800000 	120.431000 	633.000000 	632.171997 	638.216003 
6.900000 	120.431000 	633.000000 	632.171997 	638.216003 
7.000000 	120.431000 	633.000000 	632.171997 	638.216003 
7.100000 	120.431000 	633.000000 	632.171997 	638.216003 
7.200000 	120.431000 	633.000000 	632.171997 	638.216003 
7.300000 	120.431000 	633.000000 	632.171997 	638.216003 
7.400000 	120.431000 	633.000000 	632.171997 	638.216003 
7.500000 	121.036003 	633.000000 	632.094971 	638.226990 
7.600000 	121.036003 	633.000000 	632.094971 	638.226990 
7.700000 	121.036003 	633.000000 	632.094971 	638.226990 
7.800000 	121.036003 	633.000000 	632.094971 	638.226990 
7.900000 	121.036003 	633.000000 	632.094971 	638.226990 
8.000000 	121.036003 	633.000000 	632.094971 	638.226990 
8.100000 	121.036003 	633.000000 	632.094971 	638.226990 
8.200000 	121.036003 	633.000000 	632.094971 	638.226990 
8.300000 	121.036003 	633.000000 	632.094971 	638.226990 
8.400000 	121.036003 	633.000000 	632.094971 	638.226990 
8.500000 	121.458000 	633.000000 	632.044006 	638.237976 
8.600000 	121.458000 	633.000000 	632.044006 	638.237976 
8.700000 	121.458000 	633.000000 	632.044006 	638.237976 
8.800000 	121.458000 	633.000000 	632.044006 	638.237976 
8.900000 	121.458000 	633.000000 	632.044006 	638.237976 
9.000000 	121.458000 	633.000000 	632.044006 	638.237976 
9.100000 	121.458000 	633.000000 	632.044006 	638.237976 
9.200000 	121.458000 	633.000000 	632.044006 	638.237976 
9.300000 	121.458000 	633.000000 	632.044006 	638.237976 
9.400000 	121.458000 	633.000000 	632.044006 	638.237976 
9.500000 	121.764999 	633.000000 	632.010010 	638.249023 
9.600000 	121.764999 	633.000000 	632.010010 	638.249023 
9.700000 	121.764999 	633.000000 	632.010010 	638.249023 
9.800000 	121.764999 	633.000000 	632.010010 	638.249023 
9.900000 	121.764999 	633.000000 	632.010010 	638.249023 
10.000000 	121.764999 	633.000000 	632.010010 	638.249023 
10.100000 	121.764999 	633.000000 	632.010010 	638.249023 
10.200000 	121.764999 	633.000000 	632.010010 	638.249023 
10.300000 	121.764999 	633.000000 	632.010010 	638.249023 
10.400000 	121.764999 	633.000000 	632.010010 	638.249023 
10.500000 	121.995003 	633.000000 	631.986023 	638.260010 
10.600000 	121.995003 	633.000000 	631.986023 	638.260010 
10.700000 	121.995003 	633.000000 	631.986023 	638.260010 
10.800000 	121.995003 	633.000000 	631.986023 	638.260010 
10.900000 	121.995003 	633.000000 	631.986023 	638.260010 
11.000000 	121.995003 	633.000000 	631.986023 	638.260010 
11.100000 	121.995003 	633.000000 	631.986023 	638.260010 
11.200000 	121.995003 	633.000000 	631.986023 	638.260010 
11.300000 	121.995003 	633.000000 	631.986023 	638.260010 
11.400000 	121.995003 	633.000000 	631.986023 	638.260010 
11.500000 	122.171997 	633.000000 	631.965027 	638.267029 
11.600000 	122.171997 	633.000000 	631.965027 	638.267029 
11.700000 	122.171997 	633.000000 	631.965027 	638.267029 
11.800000 	122.171997 	633.000000 	631.965027 	638.267029 
11.900000 	122.171997 	633.000000 	631.965027 	638.267029 
12.000000 	122.171997 	633.000000 	631.965027 	638.267029 
12.100000 	122.171997 	633.000000 	631.965027 	638.267029 
12.200000 	122.171997 	633.000000 	631.965027 	638.267029 
12.300000 	122.171997 	633.000000 	631.965027 	638.267029 
12.400000 	122.171997 	633.000000 	631.965027 	638.267029 
12.500000 	122.310997 	633.000000 	631.940979 	638.267029 
12.600000 	122.310997 	633.000000 	631.940979 	638.267029 
12.700000 	122.310997 	633.000000 	631.940979 	638.267029 
12.800000 	122.310997 	633.000000 	631.940979 	638.267029 
12.900000 	122.310997 	633.000000 	631.940979 	638.267029 
13.000000 	122.310997 	633.000000 	631.940979 	638.267029 
13.100000 	122.310997 	633.000000 	631.940979 	638.267029 
13.200000 	122.310997 	633.000000 	631.940979 	638.267029 
13.300000 	122.310997 	633.000000 	631.940979 	638.267029 
13.400000 	122.310997 	633.000000 	631.940979 	638.267029 
13.500000 	122.424004 	633.000000 	631.927002 	638.273987 
13.600000 	122.424004 	633.000000 	631.927002 	638.273987 
13.700000 	122.424004 	633.000000 	631.927002 	638.273987 
13.800000 	122.424004 	633.000000 	631.927002 	638.273987 
13.900000 	122.424004 	633.000000 	631.927002 	638.273987 
14.000000 	122.424004 	633.000000 	631.927002 	638.273987 
14.100000 	122.424004 	633.000000 	631.927002 	638.273987 
14.200000 	122.424004 	633.000000 	631.927002 	638.273987 
14.300000 	122.424004 	633.000000 	631.927002 	638.273987 
14.400000 	122.424004 	633.000000 	631.927002 	638.273987 
14.500000 	122.515999 	633.000000 	631.916016 	638.283020 
14.600000 	122.515999 	633.000000 	631.916016 	638.283020 
14.700000 	122.515999 	633.000000 	631.916016 	638.283020 
14.800000 	122.515999 	633.000000 	631.916016 	638.283020 
14.900000 	122.515999 	633.000000 	631.916016 	638.283020 
15.000000 	122.515999 	633.000000 	631.916016 	638.283020 
15.100000 	122.515999 	633.000000 	631.916016 	638.283020 
15.200000 	122.515999 	633.000000 	631.916016 	638.283020 
15.300000 	122.515999 	633.000000 	631.916016 	638.283020 
15.400000 	122.515999 	633.000000 	631.916016 	638.283020 
15.500000 	122.592003 	633.000000 	631.908997 	638.293030 
15.600000 	122.592003 	633.000000 	631.908997 	638.293030 
15.700000 	122.592003 	633.000000 	631.908997 	638.293030 
15.800000 	122.592003 	633.000000 	631.908997 	638.293030 
15.900000 	122.592003 	633.000000 	631.908997 	638.293030 
16.000000 	122.592003 	633.000000 	631.908997 	638.293030 
16.100000 	122.592003 	633.000000 	631.908997 	638.293030 
16.200000 	122.592003 	633.000000 	631.908997 	638.293030 
16.300000 	122.592003 	633.000000 	631.908997 	638.293030 
16.400000 	122.592003 	633.000000 	631.908997 	638.293030 
16.500000 	122.655998 	633.000000 	631.903015 	638.304016 
16.600000 	122.655998 	633.000000 	631.903015 	638.304016 
16.700000 	122.655998 	633.000000 	631.903015 	638.304016 
16.800000 	122.655998 	633.000000 	631.903015 	638.304016 
16.900000 	122.655998 	633.000000 	631.903015 	638.304016 
17.000000 	122.655998 	633.000000 	631.903015 	638.304016 
17.100000 	122.655998 	633.000000 	631.903015 	638.304016 
17.200000 	122.655998 	633.000000 	631.903015 	638.304016 
17.300000 	122.655998 	633.000000 	631.903015 	638.304016 
17.400000 	122.655998 	633.000000 	631.903015 	638.304016 
17.500000 	122.710999 	633.000000 	631.898987 	638.315002 
17.600000 	122.710999 	633.000000 	631.898987 	638.315002 
17.700000 	122.710999 	633.000000 	631.898987 	638.315002 
17.800000 	122.710999 	633.000000 	631.898987 	638.315002 
17.900000 	122.710999 	633.000000 	631.898987 	638.315002 
18.000000 	122.710999 	633.000000 	631.898987 	638.315002 
18.100000 	122.710999 	633.000000 	631.898987 	638.315002 
18.200000 	122.710999 	633.000000 	631.898987 	638.315002 
18.300000 	122.710999 	633.000000 	631.898987 	638.315002 
18.400000 	122.710999 	633.000000 	631.898987 	638.315002 
18.500000 	122.758003 	633.000000 	631.895020 	638.327026 
18.600000 	122.758003 	633.000000 	631.895020 	638.327026 
18.700000 	122.758003 	633.000000 	631.895020 	638.327026 
18.800000 	122.758003 	633.000000 	631.895020 	638.327026 
18.900000 	122.758003 	633.000000 	631.895020 	638.327026 
19.000000 	122.758003 	633.000000 	631.895020 	638.327026 
19.100000 	122.758003 	633.000000 	631.895020 	638.327026 
19.200000 	122.758003 	633.000000 	631.895020 	638.327026 
19.300000 	122.758003 	633.000000 	631.895020 	638.327026 
19.400000 	122.758003 	633.000000 	631.895020 	638.327026 
19.500000 	122.800003 	633.000000 	631.892029 	638.340027 
19.600000 	122.800003 	633.000000 	631.892029 	638.340027 
19.700000 	122.800003 	633.000000 	631.892029 	638.340027 
19.800000 	122.800003 	633.000000 	631.892029 	638.340027 
19.900000 	122.800003 	633.000000 	631.892029 	638.340027 
20.000000 	122.800003 	633.000000 	631.892029 	638.340027 
20.100000 	122.800003 	633.000000 	631.892029 	638.340027 
20.200000 	122.800003 	633.000000 	631.892029 	638.340027 
20.300000 	122.800003 	633.000000 	631.892029 	638.340027 
20.400000 	122.800003 	633.000000 	631.892029 	638.340027 
20.500000 	122.835999 	633.000000 	631.890015 	638.353027 
20.600000 	122.835999 	633.000000 	631.890015 	638.353027 
20.700000 	122.835999 	633.000000 	631.890015 	638.353027 
20.800000 	122.835999 	633.000000 	631.890015 	638.353027 
20.900000 	122.835999 	633.000000 	631.890015 	638.353027 
21.000000 	122.835999 	633.000000 	631.890015 	638.353027 
21.100000 	122.835999 	633.000000 	631.890015 	638.353027 
21.200000 	122.835999 	633.000000 	631.890015 	638.353027 
21.300000 	122.835999 	633.000000 	631.890015 	638.353027 
21.400000 	122.835999 	633.000000 	631.890015 	638.353027 
21.500000 	122.867996 	633.000000 	631.888000 	638.366028 
21.600000 	122.867996 	633.000000 	631.888000 	638.366028 
21.700000 	122.867996 	633.000000 	631.888000 	638.366028 
21.800000 	122.867996 	633.000000 	631.888000 	638.366028 
21.900000 	122.867996 	633.000000 	631.888000 	638.366028 
22.000000 	122.867996 	633.000000 	631.888000 	638.366028 
22.100000 	122.867996 	633.000000 	631.888000 	638.366028 
22.200000 	122.867996 	633.000000 	631.888000 	638.366028 
22.300000 	122.867996 	633.000000 	631.888000 	638.366028 
22.400000 	122.867996 	633.000000 	631.888000 	638.366028 
22.500000 	122.896004 	633.000000 	631.885986 	638.379028 
22.600000 	122.896004 	633.000000 	631.885986 	638.379028 
22.700000 	122.896004 	633.000000 	631.885986 	638.379028 
22.800000 	122.896004 	633.000000 	631.885986 	638.379028 
22.900000 	122.896004 	633.000000 	631.885986 	638.379028 
23.000000 	122.896004 	633.000000 	631.885986 	638.379028 
23.100000 	122.896004 	633.000000 	631.885986 	638.379028 
23.200000 	122.896004 	633.000000 	631.885986 	638.379028 
23.300000 	122.896004 	633.000000 	631.885986 	638.379028 
23.400000 	122.896004 	633.000000 	631.885986 	638.379028 
23.500000 	122.921997 	633.000000 	631.883972 	638.392029 
23.600000 	122.921997 	633.000000 	631.883972 	638.392029 
23.700000 	122.921997 	633.000000 	631.883972 	638.392029 
23.800000 	122.921997 	633.000000 	631.883972 	638.392029 
23.900000 	122.921997 	633.000000 	631.883972 	638.392029 
24.000000 	122.921997 	633.000000 	631.883972 	638.392029 
24.100000 	122.921997 	633.000000 	631.883972 	638.392029 
24.200000 	122.921997 	633.000000 	631.883972 	638.392029 
24.300000 	122.921997 	633.000000 	631.883972 	638.392029 
24.400000 	122.921997 	633.000000 	631.883972 	638.392029 
24.500000 	122.945000 	633.000000 	631.882019 	638.405029 
24.600000 	122.945000 	633.000000 	631.882019 	638.405029 
24.700000 	122.945000 	633.000000 	631.882019 	638.405029 
24.800000 	122.945000 	633.000000 	631.882019 	638.405029 
24.900000 	122.945000 	633.000000 	631.882019 	638.405029 
25.000000 	122.945000 	633.000000 	631.882019 	638.405029 
25.100000 	122.945000 	633.000000 	631.882019 	638.405029 
25.200000 	122.945000 	633.000000 	631.882019 	638.405029 
25.300000 	122.945000 	633.000000 	631.882019 	638.405029 
25.400000 	122.945000 	633.000000 	631.882019 	638.405029 
25.500000 	122.966003 	633.000000 	631.880981 	638.419006 
25.600000 	122.966003 	633.000000 	631.880981 	638.419006 
25.700000 	122.966003 	633.000000 	631.880981 	638.419006 
25.800000 	122.966003 	633.000000 	631.880981 	638.419006 
25.900000 	122.966003 	633.000000 	631.880981 	638.419006 
26.000000 	122.966003 	633.000000 	631.880981 	638.419006 
26.100000 	122.966003 	633.000000 	631.880981 	638.419006 
26.200000 	122.966003 	633.000000 	631.880981 	638.419006 
26.300000 	122.966003 	633.000000 	631.880981 	638.419006 
26.400000 	122.966003 	633.000000 	631.880981 	638.419006 
26.500000 	122.986000 	633.000000 	631.879028 	638.432983 
26.600000 	122.986000 	633.000000 	631.879028 	638.432983 
26.700000 	122.986000 	633.000000 	631.879028 	638.432983 
26.800000 	122.986000 	633.000000 	631.879028 	638.432983 
26.900000 	122.986000 	633.000000 	631.879028 	638.432983 
27.000000 	122.986000 	633.000000 	631.879028 	638.432983 
27.100000 	122.986000 	633.000000 	631.879028 	638.432983 
27.200000 	122.986000 	633.000000 	631.879028 	638.432983 
27.300000 	122.986000 	633.000000 	631.879028 	638.432983 
27.400000 	122.986000 	633.000000 	631.879028 	638.432983 
27.500000 	123.003998 	633.000000 	631.877991 	638.445984 
27.600000 	123.003998 	633.000000 	631.877991 	638.445984 
27.700000 	123.003998 	633.000000 	631.877991 	638.445984 
27.800000 	123.003998 	633.000000 	631.877991 	638.445984 
27.900000 	123.003998 	633.000000 	631.877991 	638.445984 
28.000000 	123.003998 	633.000000 	631.877991 	638.445984 
28.100000 	123.003998 	633.000000 	631.877991 	638.445984 
28.200000 	123.003998 	633.000000 	631.877991 	638.445984 
28.300000 	123.003998 	633.000000 	631.877991 	638.445984 
28.400000 	123.003998 	633.000000 	631.877991 	638.445984 
28.500000 	123.019997 	633.000000 	631.875977 	638.460022 
28.600000 	123.019997 	633.000000 	631.875977 	638.460022 
28.700000 	123.019997 	633.000000 	631.875977 	638.460022 
28.800000 	123.019997 	633.000000 	631.875977 	638.460022 
28.900000 	123.019997 	633.000000 	631.875977 	638.460022 
29.000000 	123.019997 	633.000000 	631.875977 	638.460022 
29.100000 	123.019997 	633.000000 	631.875977 	638.460022 
29.200000 	123.019997 	633.000000 	631.875977 	638.460022 
29.300000 	123.019997 	633.000000 	631.875977 	638.460022 
29.400000 	123.019997 	633.000000 	631.875977 	638.460022 
29.500000 	123.036003 	633.000000 	631.874023 	638.473022 
29.600000 	123.036003 	633.000000 	631.874023 	638.473022 
29.700000 	123.036003 	633.000000 	631.874023 	638.473022 
29.800000 	123.036003 	633.000000 	631.874023 	638.473022 
29.900000 	123.036003 	633.000000 	631.874023 	638.473022 
30.000000 	123.036003 	633.000000 	631.874023 	638.473022 
30.100000 	123.036003 	633.000000 	631.874023 	638.473022 
30.200000 	123.036003 	633.000000 	631.874023 	638.473022 
30.300000 	123.036003 	633.000000 	631.874023 	638.473022 
30.400000 	123.036003 	633.000000 	631.874023 	638.473022 
30.500000 	123.050003 	633.000000 	631.872009 	638.487000 
30.600000 	123.050003 	633.000000 	631.872009 	638.487000 
30.700000 	123.050003 	633.000000 	631.872009 	638.487000 
30.800000 	123.050003 	633.000000 	631.872009 	638.487000 
30.900000 	123.050003 	633.000000 	631.872009 	638.487000 
31.000000 	123.050003 	633.000000 	631.872009 	638.487000 
31.100000 	123.050003 	633.000000 	631.872009 	638.487000 
31.200000 	123.050003 	633.000000 	631.872009 	638.487000 
31.300000 	123.050003 	633.000000 	631.872009 	638.487000 
31.400000 	123.050003 	633.000000 	631.872009 	638.487000 
31.500000 	123.064003 	633.000000 	631.870972 	638.500000 
31.600000 	123.064003 	633.000000 	631.870972 	638.500000 
31.700000 	123.064003 	633.000000 	631.870972 	638.500000 
31.800000 	123.064003 	633.000000 	631.870972 	638.500000 
31.900000 	123.064003 	633.000000 	631.870972 	638.500000 
32.000000 	123.064003 	633.000000 	631.870972 	638.500000 
32.100000 	123.064003 	633.000000 	631.870972 	638.500000 
32.200000 	123.064003 	633.000000 	631.870972 	638.500000 
32.300000 	123.064003 	633.000000 	631.870972 	638.500000 
32.400000 	123.064003 	633.000000 	631.870972 	638.500000 
32.500000 	123.075996 	633.000000 	631.869019 	638.513000 
32.600000 	123.075996 	633.000000 	631.869019 	638.513000 
32.700000 	123.075996 	633.000000 	631.869019 	638.513000 
32.800000 	123.075996 	633.000000 	631.869019 	638.513000 
32.900000 	123.075996 	633.000000 	631.869019 	638.513000 
33.000000 	123.075996 	633.000000 	631.869019 	638.513000 
33.100000 	123.075996 	633.000000 	631.869019 	638.513000 
33.200000 	123.075996 	633.000000 	631.869019 	638.513000 
33.300000 	123.075996 	633.000000 	631.869019 	638.513000 
33.400000 	123.075996 	633.000000 	631.869019 	638.513000 
33.500000 	123.087997 	633.000000 	631.866028 	638.526978 
33.600000 	123.087997 	633.000000 	631.866028 	638.526978 
33.700000 	123.087997 	633.000000 	631.866028 	638.526978 
33.800000 	123.087997 	633.000000 	631.866028 	638.526978 
33.900000 	123.087997 	633.000000 	631.866028 	638.526978 
34.000000 	123.087997 	633.000000 	631.866028 	638.526978 
34.100000 	123.087997 	633.000000 	631.866028 	638.526978 
34.200000 	123.087997 	633.000000 	631.866028 	638.526978 
34.300000 	123.087997 	633.000000 	631.866028 	638.526978 
34.400000 	123.087997 	633.000000 	631.866028 	638.526978 
34.500000 	123.099998 	633.000000 	631.864014 	638.539978 
34.600000 	123.099998 	633.000000 	631.864014 	638.539978 
34.700000 	123.099998 	633.000000 	631.864014 	638.539978 
34.800000 	123.099998 	633.000000 	631.864014 	638.539978 
34.900000 	123.099998 	633.000000 	631.864014 	638.539978 
35.000000 	123.099998 	633.000000 	631.864014 	638.539978 
35.100000 	123.099998 	633.000000 	631.864014 	638.539978 
35.200000 	123.099998 	633.000000 	631.864014 	638.539978 
35.300000 	123.099998 	633.000000 	631.864014 	638.539978 
35.400000 	123.099998 	633.000000 	631.864014 	638.539978 
35.500000 	123.111000 	633.000000 	631.862000 	638.552979 
35.600000 	123.111000 	633.000000 	631.862000 	638.552979 
35.700000 	123.111000 	633.000000 	631.862000 	638.552979 
35.800000 	123.111000 	633.000000 	631.862000 	638.552979 
35.900000 	123.111000 	633.000000 	631.862000 	638.552979 
36.000000 	123.111000 	633.000000 	631.862000 	638.552979 
36.100000 	123.111000 	633.000000 	631.862000 	638.552979 
36.200000 	123.111000 	633.000000 	631.862000 	638.552979 
36.300000 	123.111000 	633.000000 	631.862000 	638.552979 
36.400000 	123.111000 	633.000000 	631.862000 	638.552979 
36.500000 	123.121002 	633.000000 	631.859009 	638.565002 
36.600000 	123.121002 	633.000000 	631.859009 	638.565002 
36.700000 	123.121002 	633.000000 	631.859009 	638.565002 
36.800000 	123.121002 	633.000000 	631.859009 	638.565002 
36.900000 	123.121002 	633.000000 	631.859009 	638.565002 
37.000000 	123.121002 	633.000000 	631.859009 	638.565002 
37.100000 	123.121002 	633.000000 	631.859009 	638.565002 
37.200000 	123.121002 	633.000000 	631.859009 	638.565002 
37.300000 	123.121002 	633.000000 	631.859009 	638.565002 
37.400000 	123.121002 	633.000000 	631.859009 	638.565002 
37.500000 	123.130997 	633.000000 	631.856995 	638.578003 
37.600000 	123.130997 	633.000000 	631.856995 	638.578003 
37.700000 	123.130997 	633.000000 	631.856995 	638.578003 
37.800000 	123.130997 	633.000000 	631.856995 	638.578003 
37.900000 	123.130997 	633.000000 	631.856995 	638.578003 
38.000000 	123.130997 	633.000000 	631.856995 	638.578003 
38.100000 	123.130997 	633.000000 	631.856995 	638.578003 
38.200000 	123.130997 	633.000000 	631.856995 	638.578003 
38.300000 	123.130997 	633.000000 	631.856995 	638.578003 
38.400000 	123.130997 	633.000000 	631.856995 	638.578003 
38.500000 	123.139999 	633.000000 	631.854004 	638.590027 
38.600000 	123.139999 	633.000000 	631.854004 	638.590027 
38.700000 	123.139999 	633.000000 	631.854004 	638.590027 
38.800000 	123.139999 	633.000000 	631.854004 	638.590027 
38.900000 	123.139999 	633.000000 	631.854004 	638.590027 
39.000000 	123.139999 	633.000000 	631.854004 	638.590027 
39.100000 	123.139999 	633.000000 	631.854004 	638.590027 
39.200000 	123.139999 	633.000000 	631.854004 	638.590027 
39.300000 	123.139999 	633.000000 	631.854004 	638.590027 
39.400000 	123.139999 	633.000000 	631.854004 	638.590027 
39.500000 	123.149002 	633.000000 	631.851013 	638.603027 
39.600000 	123.149002 	633.000000 	631.851013 	638.603027 
39.700000 	123.149002 	633.000000 	631.851013 	638.603027 
39.800000 	123.149002 	633.000000 	631.851013 	638.603027 
39.900000 	123.149002 	633.000000 	631.851013 	638.603027 
40.000000 	123.149002 	633.000000 	631.851013 	638.603027 
40.100000 	123.149002 	633.000000 	631.851013 	638.603027 
40.200000 	123.149002 	633.000000 	631.851013 	638.603027 
40.300000 	123.149002 	633.000000 	631.851013 	638.603027 
40.400000 	123.149002 	633.000000 	631.851013 	638.603027 
40.500000 	123.157997 	633.000000 	631.848022 	638.614990 
40.600000 	123.157997 	633.000000 	631.848022 	638.614990 
40.700000 	123.157997 	633.000000 	631.848022 	638.614990 
40.800000 	123.157997 	633.000000 	631.848022 	638.614990 
40.900000 	123.157997 	633.000000 	631.848022 	638.614990 
41.000000 	123.157997 	633.000000 	631.848022 	638.614990 
41.100000 	123.157997 	633.000000 	631.848022 	638.614990 
41.200000 	123.157997 	633.000000 	631.848022 	638.614990 
41.300000 	123.157997 	633.000000 	631.848022 	638.614990 
41.400000 	123.157997 	633.000000 	631.848022 	638.614990 
41.500000 	123.166000 	633.000000 	631.844971 	638.627014 
41.600000 	123.166000 	633.000000 	631.844971 	638.627014 
41.700000 	123.166000 	633.000000 	631.844971 	638.627014 
41.800000 	123.166000 	633.000000 	631.844971 	638.627014 
41.900000 	123.166000 	633.000000 	631.844971 	638.627014 
42.000000 	123.166000 	633.000000 	631.844971 	638.627014 
42.100000 	123.166000 	633.000000 	631.844971 	638.627014 
42.200000 	123.166000 	633.000000 	631.844971 	638.627014 
42.300000 	123.166000 	633.000000 	631.844971 	638.627014 
42.400000 	123.166000 	633.000000 	631.844971 	638.627014 
42.500000 	123.174004 	633.000000 	631.841003 	638.638000 
42.600000 	123.174004 	633.000000 	631.841003 	638.638000 
42.700000 	123.174004 	633.000000 	631.841003 	638.638000 
42.800000 	123.174004 	633.000000 	631.841003 	638.638000 
42.900000 	123.174004 	633.000000 	631.841003 	638.638000 
43.000000 	123.174004 	633.000000 	631.841003 	638.638000 
43.100000 	123.174004 	633.000000 	631.841003 	638.638000 
43.200000 	123.174004 	633.000000 	631.841003 	638.638000 
43.300000 	123.174004 	633.000000 	631.841003 	638.638000 
43.400000 	123.174004 	633.000000 	631.841003 	638.638000 
43.500000 	123.181999 	633.000000 	631.836975 	638.650024 
43.600000 	123.181999 	633.000000 	631.836975 	638.650024 
43.700000 	123.181999 	633.000000 	631.836975 	638.650024 
43.800000 	123.181999 	633.000000 	631.836975 	638.650024 
43.900000 	123.181999 	633.000000 	631.836975 	638.650024 
44.000000 	123.181999 	633.000000 	631.836975 	638.650024 
44.100000 	123.181999 	633.000000 	631.836975 	638.650024 
44.200000 	123.181999 	633.000000 	631.836975 	638.650024 
44.300000 	123.181999 	633.000000 	631.836975 	638.650024 
44.400000 	123.181999 	633.000000 	631.836975 	638.650024 
44.500000 	123.190002 	633.000000 	631.833984 	638.661011 
44.600000 	123.190002 	633.000000 	631.833984 	638.661011 
44.700000 	123.190002 	633.000000 	631.833984 	638.661011 
44.800000 	123.190002 	633.000000 	631.833984 	638.661011 
44.900000 	123.190002 	633.000000 	631.833984 	638.661011 
45.000000 	123.190002 	633.000000 	631.833984 	638.661011 
45.100000 	123.190002 	633.000000 	631.833984 	638.661011 
45.200000 	123.190002 	633.000000 	631.833984 	638.661011 
45.300000 	123.190002 	633.000000 	631.833984 	638.661011 
45.400000 	123.190002 	633.000000 	631.833984 	638.661011 
45.500000 	123.196999 	633.000000 	631.830017 	638.671997 
45.600000 	123.196999 	633.000000 	631.830017 	638.671997 
45.700000 	123.196999 	633.000000 	631.830017 	638.671997 
45.800000 	123.196999 	633.000000 	631.830017 	638.671997 
45.900000 	123.196999 	633.000000 	631.830017 	638.671997 
46.000000 	123.196999 	633.000000 	631.830017 	638.671997 
46.100000 	123.196999 	633.000000 	631.830017 	638.671997 
46.200000 	123.196999 	633.000000 	631.830017 	638.671997 
46.300000 	123.196999 	633.000000 	631.830017 	638.671997 
46.400000 	123.196999 	633.000000 	631.830017 	638.671997 
46.500000 	123.204002 	633.000000 	631.825012 	638.682007 
46.600000 	123.204002 	633.000000 	631.825012 	638.682007 
46.700000 	123.204002 	633.000000 	631.825012 	638.682007 
46.800000 	123.204002 	633.000000 	631.825012 	638.682007 
46.900000 	123.204002 	633.000000 	631.825012 	638.682007 
47.000000 	123.204002 	633.000000 	631.825012 	638.682007 
47.100000 	123.204002 	633.000000 	631.825012 	638.682007 
47.200000 	123.204002 	633.000000 	631.825012 	638.682007 
47.300000 	123.204002 	633.000000 	631.825012 	638.682007 
47.400000 	123.204002 	633.000000 	631.825012 	638.682007 
47.500000 	123.210999 	633.000000 	631.820984 	638.692993 
47.600000 	123.210999 	633.000000 	631.820984 	638.692993 
47.700000 	123.210999 	633.000000 	631.820984 	638.692993 
47.800000 	123.210999 	633.000000 	631.820984 	638.692993 
47.900000 	123.210999 	633.000000 	631.820984 	638.692993 
48.000000 	123.210999 	633.000000 	631.820984 	638.692993 
48.100000 	123.210999 	633.000000 	631.820984 	638.692993 
48.200000 	123.210999 	633.000000 	631.820984 	638.692993 
48.300000 	123.210999 	633.000000 	631.820984 	638.692993 
48.400000 	123.210999 	633.000000 	631.820984 	638.692993 
48.500000 	123.218002 	633.000000 	631.817017 	638.703003 
48.600000 	123.218002 	633.000000 	631.817017 	638.703003 
48.700000 	123.218002 	633.000000 	631.817017 	638.703003 
48.800000 	123.218002 	633.000000 	631.817017 	638.703003 
48.900000 	123.218002 	633.000000 	631.817017 	638.703003 
49.000000 	123.218002 	633.000000 	631.817017 	638.703003 
49.100000 	123.218002 	633.000000 	631.817017 	638.703003 
49.200000 	123.218002 	633.000000 	631.817017 	638.703003 
49.300000 	123.218002 	633.000000 	631.817017 	638.703003 
49.400000 	123.218002 	633.000000 	631.817017 	638.703003 
49.500000 	123.223999 	633.000000 	631.812012 	638.713013 
49.600000 	123.223999 	633.000000 	631.812012 	638.713013 
49.700000 	123.223999 	633.000000 	631.812012 	638.713013 
49.800000 	123.223999 	633.000000 	631.812012 	638.713013 
49.900000 	123.223999 	633.000000 	631.812012 	638.713013 
50.000000 	123.223999 	633.000000 	631.812012 	638.713013 
50.100000 	123.223999 	633.000000 	631.812012 	638.713013 
50.200000 	123.223999 	633.000000 	631.812012 	638.713013 
50.300000 	123.223999 	633.000000 	631.812012 	638.713013 
50.400000 	123.223999 	633.000000 	631.812012 	638.713013 
50.500000 	123.231003 	633.000000 	631.807007 	1006.030029 
50.600000 	123.231003 	633.000000 	631.807007 	1006.030029 
50.700000 	123.231003 	633.000000 	631.807007 	1006.030029 
50.800000 	123.231003 	633.000000 	631.807007 	1006.030029 
50.900000 	123.231003 	633.000000 	631.807007 	1006.030029 
51.000000 	123.231003 	633.000000 	631.807007 	1006.030029 
51.100000 	123.231003 	633.000000 	631.807007 	1006.030029 
51.200000 	123.231003 	633.000000 	631.807007 	1006.030029 
51.300000 	123.231003 	633.000000 	631.807007 	1006.030029 
51.400000 	123.231003 	633.000000 	631.807007 	1006.030029 
51.500000 	123.237000 	633.000000 	631.802002 	1006.030029 
51.600000 	123.237000 	633.000000 	631.802002 	1006.030029 
51.700000 	123.237000 	633.000000 	631.802002 	1006.030029 
51.800000 	123.237000 	633.000000 	631.802002 	1006.030029 
51.900000 	123.237000 	633.000000 	631.802002 	1006.030029 
52.000000 	123.237000 	633.000000 	631.802002 	1006.030029 
52.100000 	123.237000 	633.000000 	631.802002 	1006.030029 
52.200000 	123.237000 	633.000000 	631.802002 	1006.030029 
52.300000 	123.237000 	633.000000 	631.802002 	1006.030029 
52.400000 	123.237000 	633.000000 	631.802002 	1006.030029 
52.500000 	123.242996 	633.000000 	631.796021 	1006.030029 
52.600000 	123.242996 	633.000000 	631.796021 	1006.030029 
52.700000 	123.242996 	633.000000 	631.796021 	1006.030029 
52.800000 	123.242996 	633.000000 	631.796021 	1006.030029 
52.900000 	123.242996 	633.000000 	631.796021 	1006.030029 
53.000000 	123.242996 	633.000000 	631.796021 	1006.030029 
53.100000 	123.242996 	633.000000 	631.796021 	1006.030029 
53.200000 	123.242996 	633.000000 	631.796021 	1006.030029 
53.300000 	123.242996 	633.000000 	631.796021 	1006.030029 
53.400000 	123.242996 	633.000000 	631.796021 	1006.030029 
53.500000 	123.249001 	633.000000 	631.791016 	1006.030029 
53.600000 	123.249001 	633.000000 	631.791016 	1006.030029 
53.700000 	123.249001 	633.000000 	631.791016 	1006.030029 
53.800000 	123.249001 	633.000000 	631.791016 	1006.030029 
53.900000 	123.249001 	633.000000 	631.791016 	1006.030029 
54.000000 	123.249001 	633.000000 	631.791016 	1006.030029 
54.100000 	123.249001 	633.000000 	631.791016 	1006.030029 
54.200000 	123.249001 	633.000000 	631.791016 	1006.030029 
54.300000 	123.249001 	633.000000 	631.791016 	1006.030029 
54.400000 	123.249001 	633.000000 	631.791016 	1006.030029 
54.500000 	123.254997 	633.000000 	631.784973 	1006.030029 
54.600000 	123.254997 	633.000000 	631.784973 	1006.030029 
54.700000 	123.254997 	633.000000 	631.784973 	1006.030029 
54.800000 	123.254997 	633.000000 	631.784973 	1006.030029 
54.900000 	123.254997 	633.000000 	631.784973 	1006.030029 
55.000000 	123.254997 	633.000000 	631.784973 	1006.030029 
55.100000 	123.254997 	633.000000 	631.784973 	1006.030029 
55.200000 	123.254997 	633.000000 	631.784973 	1006.030029 
55.300000 	123.254997 	633.000000 	631.784973 	1006.030029 
55.400000 	123.254997 	633.000000 	631.784973 	1006.030029 
55.500000 	123.261002 	633.000000 	631.778992 	1006.030029 
55.600000 	123.261002 	633.000000 	631.778992 	1006.030029 
55.700000 	123.261002 	633.000000 	631.778992 	1006.030029 
55.800000 	123.261002 	633.000000 	631.778992 	1006.030029 
55.900000 	123.261002 	633.000000 	631.778992 	1006.030029 
56.000000 	123.261002 	633.000000 	631.778992 	1006.030029 
56.100000 	123.261002 	633.000000 	631.778992 	1006.030029 
56.200000 	123.261002 	633.000000 	631.778992 	1006.030029 
56.300000 	123.261002 	633.000000 	631.778992 	1006.030029 
56.400000 	123.261002 	633.000000 	631.778992 	1006.030029 
56.500000 	123.266998 	633.000000 	631.773010 	1006.030029 
56.600000 	123.266998 	633.000000 	631.773010 	1006.030029 
56.700000 	123.266998 	633.000000 	631.773010 	1006.030029 
56.800000 	123.266998 	633.000000 	631.773010 	1006.030029 
56.900000 	123.266998 	633.000000 	631.773010 	1006.030029 
57.000000 	123.266998 	633.000000 	631.773010 	1006.030029 
57.100000 	123.266998 	633.000000 	631.773010 	1006.030029 
57.200000 	123.266998 	633.000000 	631.773010 	1006.030029 
57.300000 	123.266998 	633.000000 	631.773010 	1006.030029 
57.400000 	123.266998 	633.000000 	631.773010 	1006.030029 
57.500000 	123.272003 	633.000000 	631.767029 	1006.030029 
57.600000 	123.272003 	633.000000 	631.767029 	1006.030029 
57.700000 	123.272003 	633.000000 	631.767029 	1006.030029 
57.800000 	123.272003 	633.000000 	631.767029 	1006.030029 
57.900000 	123.272003 	633.000000 	631.767029 	1006.030029 
58.000000 	123.272003 	633.000000 	631.767029 	1006.030029 
58.100000 	123.272003 	633.000000 	631.767029 	1006.030029 
58.200000 	123.272003 	633.000000 	631.767029 	1006.030029 
58.300000 	123.272003 	633.000000 	631.767029 	1006.030029 
58.400000 	123.272003 	633.000000 	631.767029 	1006.030029 
58.500000 	123.278000 	633.000000 	631.760010 	1006.030029 
58.600000 	123.278000 	633.000000 	631.760010 	1006.030029 
58.700000 	123.278000 	633.000000 	631.760010 	1006.030029 
58.800000 	123.278000 	633.000000 	631.760010 	1006.030029 
58.900000 	123.278000 	633.000000 	631.760010 	1006.030029 
59.000000 	123.278000 	633.000000 	631.760010 	1006.030029 
59.100000 	123.278000 	633.000000 	631.760010 	1006.030029 
59.200000 	123.278000 	633.000000 	631.760010 	1006.030029 
59.300000 	123.278000 	633.000000 	631.760010 	1006.030029 
59.400000 	123.278000 	633.000000 	631.760010 	1006.030029 
59.500000 	123.282997 	633.000000 	631.752991 	1006.030029 
59.600000 	123.282997 	633.000000 	631.752991 	1006.030029 
59.700000 	123.282997 	633.000000 	631.752991 	1006.030029 
59.800000 	123.282997 	633.000000 	631.752991 	1006.030029 
59.900000 	123.282997 	633.000000 	631.752991 	1006.030029 
60.000000 	123.282997 	633.000000 	631.752991 	1006.030029 
