0.500000 	89.747101 	973.000000 	995.307983 	980.010986 
0.600000 	89.747101 	973.000000 	995.307983 	980.010986 
0.700000 	89.747101 	973.000000 	995.307983 	980.010986 
0.800000 	89.747101 	973.000000 	995.307983 	980.010986 
0.900000 	89.747101 	973.000000 	995.307983 	980.010986 
1.000000 	89.747101 	973.000000 	995.307983 	980.010986 
1.100000 	89.747101 	973.000000 	995.307983 	980.010986 
1.200000 	89.747101 	973.000000 	995.307983 	980.010986 
1.300000 	89.747101 	973.000000 	995.307983 	980.010986 
1.400000 	89.747101 	973.000000 	995.307983 	980.010986 
1.500000 	101.011002 	973.000000 	982.091980 	979.041992 
1.600000 	101.011002 	973.000000 	982.091980 	979.041992 
1.700000 	101.011002 	973.000000 	982.091980 	979.041992 
1.800000 	101.011002 	973.000000 	982.091980 	979.041992 
1.900000 	101.011002 	973.000000 	982.091980 	979.041992 
2.000000 	101.011002 	973.000000 	982.091980 	979.041992 
2.100000 	101.011002 	973.000000 	982.091980 	979.041992 
2.200000 	101.011002 	973.000000 	982.091980 	979.041992 
2.300000 	101.011002 	973.000000 	982.091980 	979.041992 
2.400000 	101.011002 	973.000000 	982.091980 	979.041992 
2.500000 	111.003998 	973.000000 	978.362000 	978.158997 
2.600000 	111.003998 	973.000000 	978.362000 	978.158997 
2.700000 	111.003998 	973.000000 	978.362000 	978.158997 
2.800000 	111.003998 	973.000000 	978.362000 	978.158997 
2.900000 	111.003998 	973.000000 	978.362000 	978.158997 
3.000000 	111.003998 	973.000000 	978.362000 	978.158997 
3.100000 	111.003998 	973.000000 	978.362000 	978.158997 
3.200000 	111.003998 	973.000000 	978.362000 	978.158997 
3.300000 	111.003998 	973.000000 	978.362000 	978.158997 
3.400000 	111.003998 	973.000000 	978.362000 	978.158997 
3.500000 	115.742996 	973.000000 	976.770020 	977.762024 
3.600000 	115.742996 	973.000000 	976.770020 	977.762024 
3.700000 	115.742996 	973.000000 	976.770020 	977.762024 
3.800000 	115.742996 	973.000000 	976.770020 	977.762024 
3.900000 	115.742996 	973.000000 	976.770020 	977.762024 
4.000000 	115.742996 	973.000000 	976.770020 	977.762024 
4.100000 	115.742996 	973.000000 	976.770020 	977.762024 
4.200000 	115.742996 	973.000000 	976.770020 	977.762024 
4.300000 	115.742996 	973.000000 	976.770020 	977.762024 
4.400000 	115.742996 	973.000000 	976.770020 	977.762024 
4.500000 	118.205002 	973.000000 	975.937988 	977.549011 
4.600000 	118.205002 	973.000000 	975.937988 	977.549011 
4.700000 	118.205002 	973.000000 	975.937988 	977.549011 
4.800000 	118.205002 	973.000000 	975.937988 	977.549011 
4.900000 	118.205002 	973.000000 	975.937988 	977.549011 
5.000000 	118.205002 	973.000000 	975.937988 	977.549011 
5.100000 	118.205002 	973.000000 	975.937988 	977.549011 
5.200000 	118.205002 	973.000000 	975.937988 	977.549011 
5.300000 	118.205002 	973.000000 	975.937988 	977.549011 
5.400000 	118.205002 	973.000000 	975.937988 	977.549011 
5.500000 	119.624001 	973.000000 	975.442993 	977.419983 
5.600000 	119.624001 	973.000000 	975.442993 	977.419983 
5.700000 	119.624001 	973.000000 	975.442993 	977.419983 
5.800000 	119.624001 	973.000000 	975.442993 	977.419983 
5.900000 	119.624001 	973.000000 	975.442993 	977.419983 
6.000000 	119.624001 	973.000000 	975.442993 	977.419983 
6.100000 	119.624001 	973.000000 	975.442993 	977.419983 
6.200000 	119.624001 	973.000000 	975.442993 	977.419983 
6.300000 	119.624001 	973.000000 	975.442993 	977.419983 
6.400000 	119.624001 	973.000000 	975.442993 	977.419983 
6.500000 	120.509003 	973.000000 	975.120972 	977.335999 
6.600000 	120.509003 	973.000000 	975.120972 	977.335999 
6.700000 	120.509003 	973.000000 	975.120972 	977.335999 
6.800000 	120.509003 	973.000000 	975.120972 	977.335999 
6.900000 	120.509003 	973.000000 	975.120972 	977.335999 
7.000000 	120.509003 	973.000000 	975.120972 	977.335999 
7.100000 	120.509003 	973.000000 	975.120972 	977.335999 
7.200000 	120.509003 	973.000000 	975.120972 	977.335999 
7.300000 	120.509003 	973.000000 	975.120972 	977.335999 
7.400000 	120.509003 	973.000000 	975.120972 	977.335999 
7.500000 	121.098000 	973.000000 	974.895996 	977.278015 
7.600000 	121.098000 	973.000000 	974.895996 	977.278015 
7.700000 	121.098000 	973.000000 	974.895996 	977.278015 
7.800000 	121.098000 	973.000000 	974.895996 	977.278015 
7.900000 	121.098000 	973.000000 	974.895996 	977.278015 
8.000000 	121.098000 	973.000000 	974.895996 	977.278015 
8.100000 	121.098000 	973.000000 	974.895996 	977.278015 
8.200000 	121.098000 	973.000000 	974.895996 	977.278015 
8.300000 	121.098000 	973.000000 	974.895996 	977.278015 
8.400000 	121.098000 	973.000000 	974.895996 	977.278015 
8.500000 	121.509003 	973.000000 	974.732971 	977.237976 
8.600000 	121.509003 	973.000000 	974.732971 	977.237976 
8.700000 	121.509003 	973.000000 	974.732971 	977.237976 
8.800000 	121.509003 	973.000000 	974.732971 	977.237976 
8.900000 	121.509003 	973.000000 	974.732971 	977.237976 
9.000000 	121.509003 	973.000000 	974.732971 	977.237976 
9.100000 	121.509003 	973.000000 	974.732971 	977.237976 
9.200000 	121.509003 	973.000000 	974.732971 	977.237976 
9.300000 	121.509003 	973.000000 	974.732971 	977.237976 
9.400000 	121.509003 	973.000000 	974.732971 	977.237976 
9.500000 	121.807999 	973.000000 	974.607971 	977.208984 
9.600000 	121.807999 	973.000000 	974.607971 	977.208984 
9.700000 	121.807999 	973.000000 	974.607971 	977.208984 
9.800000 	121.807999 	973.000000 	974.607971 	977.208984 
9.900000 	121.807999 	973.000000 	974.607971 	977.208984 
10.000000 	121.807999 	973.000000 	974.607971 	977.208984 
10.100000 	121.807999 	973.000000 	974.607971 	977.208984 
10.200000 	121.807999 	973.000000 	974.607971 	977.208984 
10.300000 	121.807999 	973.000000 	974.607971 	977.208984 
10.400000 	121.807999 	973.000000 	974.607971 	977.208984 
10.500000 	122.031998 	973.000000 	974.508972 	977.189026 
10.600000 	122.031998 	973.000000 	974.508972 	977.189026 
10.700000 	122.031998 	973.000000 	974.508972 	977.189026 
10.800000 	122.031998 	973.000000 	974.508972 	977.189026 
10.900000 	122.031998 	973.000000 	974.508972 	977.189026 
11.000000 	122.031998 	973.000000 	974.508972 	977.189026 
11.100000 	122.031998 	973.000000 	974.508972 	977.189026 
11.200000 	122.031998 	973.000000 	974.508972 	977.189026 
11.300000 	122.031998 	973.000000 	974.508972 	977.189026 
11.400000 	122.031998 	973.000000 	974.508972 	977.189026 
11.500000 	122.204002 	973.000000 	974.429993 	977.174011 
11.600000 	122.204002 	973.000000 	974.429993 	977.174011 
11.700000 	122.204002 	973.000000 	974.429993 	977.174011 
11.800000 	122.204002 	973.000000 	974.429993 	977.174011 
11.900000 	122.204002 	973.000000 	974.429993 	977.174011 
12.000000 	122.204002 	973.000000 	974.429993 	977.174011 
12.100000 	122.204002 	973.000000 	974.429993 	977.174011 
12.200000 	122.204002 	973.000000 	974.429993 	977.174011 
12.300000 	122.204002 	973.000000 	974.429993 	977.174011 
12.400000 	122.204002 	973.000000 	974.429993 	977.174011 
12.500000 	122.339996 	973.000000 	974.362976 	977.164001 
12.600000 	122.339996 	973.000000 	974.362976 	977.164001 
12.700000 	122.339996 	973.000000 	974.362976 	977.164001 
12.800000 	122.339996 	973.000000 	974.362976 	977.164001 
12.900000 	122.339996 	973.000000 	974.362976 	977.164001 
13.000000 	122.339996 	973.000000 	974.362976 	977.164001 
13.100000 	122.339996 	973.000000 	974.362976 	977.164001 
13.200000 	122.339996 	973.000000 	974.362976 	977.164001 
13.300000 	122.339996 	973.000000 	974.362976 	977.164001 
13.400000 	122.339996 	973.000000 	974.362976 	977.164001 
13.500000 	122.448997 	973.000000 	974.307007 	977.156982 
13.600000 	122.448997 	973.000000 	974.307007 	977.156982 
13.700000 	122.448997 	973.000000 	974.307007 	977.156982 
13.800000 	122.448997 	973.000000 	974.307007 	977.156982 
13.900000 	122.448997 	973.000000 	974.307007 	977.156982 
14.000000 	122.448997 	973.000000 	974.307007 	977.156982 
14.100000 	122.448997 	973.000000 	974.307007 	977.156982 
14.200000 	122.448997 	973.000000 	974.307007 	977.156982 
14.300000 	122.448997 	973.000000 	974.307007 	977.156982 
14.400000 	122.448997 	973.000000 	974.307007 	977.156982 
14.500000 	122.539001 	973.000000 	974.257996 	977.153992 
14.600000 	122.539001 	973.000000 	974.257996 	977.153992 
14.700000 	122.539001 	973.000000 	974.257996 	977.153992 
14.800000 	122.539001 	973.000000 	974.257996 	977.153992 
14.900000 	122.539001 	973.000000 	974.257996 	977.153992 
15.000000 	122.539001 	973.000000 	974.257996 	977.153992 
15.100000 	122.539001 	973.000000 	974.257996 	977.153992 
15.200000 	122.539001 	973.000000 	974.257996 	977.153992 
15.300000 	122.539001 	973.000000 	974.257996 	977.153992 
15.400000 	122.539001 	973.000000 	974.257996 	977.153992 
15.500000 	122.612999 	973.000000 	974.215027 	977.151978 
15.600000 	122.612999 	973.000000 	974.215027 	977.151978 
15.700000 	122.612999 	973.000000 	974.215027 	977.151978 
15.800000 	122.612999 	973.000000 	974.215027 	977.151978 
15.900000 	122.612999 	973.000000 	974.215027 	977.151978 
16.000000 	122.612999 	973.000000 	974.215027 	977.151978 
16.100000 	122.612999 	973.000000 	974.215027 	977.151978 
16.200000 	122.612999 	973.000000 	974.215027 	977.151978 
16.300000 	122.612999 	973.000000 	974.215027 	977.151978 
16.400000 	122.612999 	973.000000 	974.215027 	977.151978 
16.500000 	122.675003 	973.000000 	974.177002 	977.153015 
16.600000 	122.675003 	973.000000 	974.177002 	977.153015 
16.700000 	122.675003 	973.000000 	974.177002 	977.153015 
16.800000 	122.675003 	973.000000 	974.177002 	977.153015 
16.900000 	122.675003 	973.000000 	974.177002 	977.153015 
17.000000 	122.675003 	973.000000 	974.177002 	977.153015 
17.100000 	122.675003 	973.000000 	974.177002 	977.153015 
17.200000 	122.675003 	973.000000 	974.177002 	977.153015 
17.300000 	122.675003 	973.000000 	974.177002 	977.153015 
17.400000 	122.675003 	973.000000 	974.177002 	977.153015 
17.500000 	122.728996 	973.000000 	974.140991 	977.153992 
17.600000 	122.728996 	973.000000 	974.140991 	977.153992 
17.700000 	122.728996 	973.000000 	974.140991 	977.153992 
17.800000 	122.728996 	973.000000 	974.140991 	977.153992 
17.900000 	122.728996 	973.000000 	974.140991 	977.153992 
18.000000 	122.728996 	973.000000 	974.140991 	977.153992 
18.100000 	122.728996 	973.000000 	974.140991 	977.153992 
18.200000 	122.728996 	973.000000 	974.140991 	977.153992 
18.300000 	122.728996 	973.000000 	974.140991 	977.153992 
18.400000 	122.728996 	973.000000 	974.140991 	977.153992 
18.500000 	122.774002 	973.000000 	974.107971 	977.156982 
18.600000 	122.774002 	973.000000 	974.107971 	977.156982 
18.700000 	122.774002 	973.000000 	974.107971 	977.156982 
18.800000 	122.774002 	973.000000 	974.107971 	977.156982 
18.900000 	122.774002 	973.000000 	974.107971 	977.156982 
19.000000 	122.774002 	973.000000 	974.107971 	977.156982 
19.100000 	122.774002 	973.000000 	974.107971 	977.156982 
19.200000 	122.774002 	973.000000 	974.107971 	977.156982 
19.300000 	122.774002 	973.000000 	974.107971 	977.156982 
19.400000 	122.774002 	973.000000 	974.107971 	977.156982 
19.500000 	122.814003 	973.000000 	974.077026 	977.161011 
19.600000 	122.814003 	973.000000 	974.077026 	977.161011 
19.700000 	122.814003 	973.000000 	974.077026 	977.161011 
19.800000 	122.814003 	973.000000 	974.077026 	977.161011 
19.900000 	122.814003 	973.000000 	974.077026 	977.161011 
20.000000 	122.814003 	973.000000 	974.077026 	977.161011 
20.100000 	122.814003 	973.000000 	974.077026 	977.161011 
20.200000 	122.814003 	973.000000 	974.077026 	977.161011 
20.300000 	122.814003 	973.000000 	974.077026 	977.161011 
20.400000 	122.814003 	973.000000 	974.077026 	977.161011 
20.500000 	122.848999 	973.000000 	974.047974 	977.166016 
20.600000 	122.848999 	973.000000 	974.047974 	977.166016 
20.700000 	122.848999 	973.000000 	974.047974 	977.166016 
20.800000 	122.848999 	973.000000 	974.047974 	977.166016 
20.900000 	122.848999 	973.000000 	974.047974 	977.166016 
21.000000 	122.848999 	973.000000 	974.047974 	977.166016 
21.100000 	122.848999 	973.000000 	974.047974 	977.166016 
21.200000 	122.848999 	973.000000 	974.047974 	977.166016 
21.300000 	122.848999 	973.000000 	974.047974 	977.166016 
21.400000 	122.848999 	973.000000 	974.047974 	977.166016 
21.500000 	122.879997 	973.000000 	974.018982 	977.171997 
21.600000 	122.879997 	973.000000 	974.018982 	977.171997 
21.700000 	122.879997 	973.000000 	974.018982 	977.171997 
21.800000 	122.879997 	973.000000 	974.018982 	977.171997 
21.900000 	122.879997 	973.000000 	974.018982 	977.171997 
22.000000 	122.879997 	973.000000 	974.018982 	977.171997 
22.100000 	122.879997 	973.000000 	974.018982 	977.171997 
22.200000 	122.879997 	973.000000 	974.018982 	977.171997 
22.300000 	122.879997 	973.000000 	974.018982 	977.171997 
22.400000 	122.879997 	973.000000 	974.018982 	977.171997 
22.500000 	122.907997 	973.000000 	973.989990 	977.177002 
22.600000 	122.907997 	973.000000 	973.989990 	977.177002 
22.700000 	122.907997 	973.000000 	973.989990 	977.177002 
22.800000 	122.907997 	973.000000 	973.989990 	977.177002 
22.900000 	122.907997 	973.000000 	973.989990 	977.177002 
23.000000 	122.907997 	973.000000 	973.989990 	977.177002 
23.100000 	122.907997 	973.000000 	973.989990 	977.177002 
23.200000 	122.907997 	973.000000 	973.989990 	977.177002 
23.300000 	122.907997 	973.000000 	973.989990 	977.177002 
23.400000 	122.907997 	973.000000 	973.989990 	977.177002 
23.500000 	122.932999 	973.000000 	973.961975 	977.184021 
23.600000 	122.932999 	973.000000 	973.961975 	977.184021 
23.700000 	122.932999 	973.000000 	973.961975 	977.184021 
23.800000 	122.932999 	973.000000 	973.961975 	977.184021 
23.900000 	122.932999 	973.000000 	973.961975 	977.184021 
24.000000 	122.932999 	973.000000 	973.961975 	977.184021 
24.100000 	122.932999 	973.000000 	973.961975 	977.184021 
24.200000 	122.932999 	973.000000 	973.961975 	977.184021 
24.300000 	122.932999 	973.000000 	973.961975 	977.184021 
24.400000 	122.932999 	973.000000 	973.961975 	977.184021 
24.500000 	122.955002 	973.000000 	973.932983 	977.190979 
24.600000 	122.955002 	973.000000 	973.932983 	977.190979 
24.700000 	122.955002 	973.000000 	973.932983 	977.190979 
24.800000 	122.955002 	973.000000 	973.932983 	977.190979 
24.900000 	122.955002 	973.000000 	973.932983 	977.190979 
25.000000 	122.955002 	973.000000 	973.932983 	977.190979 
25.100000 	122.955002 	973.000000 	973.932983 	977.190979 
25.200000 	122.955002 	973.000000 	973.932983 	977.190979 
25.300000 	122.955002 	973.000000 	973.932983 	977.190979 
25.400000 	122.955002 	973.000000 	973.932983 	977.190979 
25.500000 	122.975998 	973.000000 	973.903015 	977.197021 
25.600000 	122.975998 	973.000000 	973.903015 	977.197021 
25.700000 	122.975998 	973.000000 	973.903015 	977.197021 
25.800000 	122.975998 	973.000000 	973.903015 	977.197021 
25.900000 	122.975998 	973.000000 	973.903015 	977.197021 
26.000000 	122.975998 	973.000000 	973.903015 	977.197021 
26.100000 	122.975998 	973.000000 	973.903015 	977.197021 
26.200000 	122.975998 	973.000000 	973.903015 	977.197021 
26.300000 	122.975998 	973.000000 	973.903015 	977.197021 
26.400000 	122.975998 	973.000000 	973.903015 	977.197021 
26.500000 	122.994003 	973.000000 	973.870972 	977.205017 
26.600000 	122.994003 	973.000000 	973.870972 	977.205017 
26.700000 	122.994003 	973.000000 	973.870972 	977.205017 
26.800000 	122.994003 	973.000000 	973.870972 	977.205017 
26.900000 	122.994003 	973.000000 	973.870972 	977.205017 
27.000000 	122.994003 	973.000000 	973.870972 	977.205017 
27.100000 	122.994003 	973.000000 	973.870972 	977.205017 
27.200000 	122.994003 	973.000000 	973.870972 	977.205017 
27.300000 	122.994003 	973.000000 	973.870972 	977.205017 
27.400000 	122.994003 	973.000000 	973.870972 	977.205017 
27.500000 	123.011002 	973.000000 	973.836975 	977.211975 
27.600000 	123.011002 	973.000000 	973.836975 	977.211975 
27.700000 	123.011002 	973.000000 	973.836975 	977.211975 
27.800000 	123.011002 	973.000000 	973.836975 	977.211975 
27.900000 	123.011002 	973.000000 	973.836975 	977.211975 
28.000000 	123.011002 	973.000000 	973.836975 	977.211975 
28.100000 	123.011002 	973.000000 	973.836975 	977.211975 
28.200000 	123.011002 	973.000000 	973.836975 	977.211975 
28.300000 	123.011002 	973.000000 	973.836975 	977.211975 
28.400000 	123.011002 	973.000000 	973.836975 	977.211975 
28.500000 	123.027000 	973.000000 	973.796997 	977.218994 
28.600000 	123.027000 	973.000000 	973.796997 	977.218994 
28.700000 	123.027000 	973.000000 	973.796997 	977.218994 
28.800000 	123.027000 	973.000000 	973.796997 	977.218994 
28.900000 	123.027000 	973.000000 	973.796997 	977.218994 
29.000000 	123.027000 	973.000000 	973.796997 	977.218994 
29.100000 	123.027000 	973.000000 	973.796997 	977.218994 
29.200000 	123.027000 	973.000000 	973.796997 	977.218994 
29.300000 	123.027000 	973.000000 	973.796997 	977.218994 
29.400000 	123.027000 	973.000000 	973.796997 	977.218994 
29.500000 	123.042000 	973.000000 	973.609009 	977.226013 
29.600000 	123.042000 	973.000000 	973.609009 	977.226013 
29.700000 	123.042000 	973.000000 	973.609009 	977.226013 
29.800000 	123.042000 	973.000000 	973.609009 	977.226013 
29.900000 	123.042000 	973.000000 	973.609009 	977.226013 
30.000000 	123.042000 	973.000000 	973.609009 	977.226013 
30.100000 	123.042000 	973.000000 	973.609009 	977.226013 
30.200000 	123.042000 	973.000000 	973.609009 	977.226013 
30.300000 	123.042000 	973.000000 	973.609009 	977.226013 
30.400000 	123.042000 	973.000000 	973.609009 	977.226013 
30.500000 	123.056000 	973.000000 	973.403992 	977.234009 
30.600000 	123.056000 	973.000000 	973.403992 	977.234009 
30.700000 	123.056000 	973.000000 	973.403992 	977.234009 
30.800000 	123.056000 	973.000000 	973.403992 	977.234009 
30.900000 	123.056000 	973.000000 	973.403992 	977.234009 
31.000000 	123.056000 	973.000000 	973.403992 	977.234009 
31.100000 	123.056000 	973.000000 	973.403992 	977.234009 
31.200000 	123.056000 	973.000000 	973.403992 	977.234009 
31.300000 	123.056000 	973.000000 	973.403992 	977.234009 
31.400000 	123.056000 	973.000000 	973.403992 	977.234009 
31.500000 	123.069000 	973.000000 	973.471008 	977.241028 
31.600000 	123.069000 	973.000000 	973.471008 	977.241028 
31.700000 	123.069000 	973.000000 	973.471008 	977.241028 
31.800000 	123.069000 	973.000000 	973.471008 	977.241028 
31.900000 	123.069000 	973.000000 	973.471008 	977.241028 
32.000000 	123.069000 	973.000000 	973.471008 	977.241028 
32.100000 	123.069000 	973.000000 	973.471008 	977.241028 
32.200000 	123.069000 	973.000000 	973.471008 	977.241028 
32.300000 	123.069000 	973.000000 	973.471008 	977.241028 
32.400000 	123.069000 	973.000000 	973.471008 	977.241028 
32.500000 	123.081001 	973.000000 	973.478027 	977.247986 
32.600000 	123.081001 	973.000000 	973.478027 	977.247986 
32.700000 	123.081001 	973.000000 	973.478027 	977.247986 
32.800000 	123.081001 	973.000000 	973.478027 	977.247986 
32.900000 	123.081001 	973.000000 	973.478027 	977.247986 
33.000000 	123.081001 	973.000000 	973.478027 	977.247986 
33.100000 	123.081001 	973.000000 	973.478027 	977.247986 
33.200000 	123.081001 	973.000000 	973.478027 	977.247986 
33.300000 	123.081001 	973.000000 	973.478027 	977.247986 
33.400000 	123.081001 	973.000000 	973.478027 	977.247986 
33.500000 	123.092003 	973.000000 	973.471985 	977.255005 
33.600000 	123.092003 	973.000000 	973.471985 	977.255005 
33.700000 	123.092003 	973.000000 	973.471985 	977.255005 
33.800000 	123.092003 	973.000000 	973.471985 	977.255005 
33.900000 	123.092003 	973.000000 	973.471985 	977.255005 
34.000000 	123.092003 	973.000000 	973.471985 	977.255005 
34.100000 	123.092003 	973.000000 	973.471985 	977.255005 
34.200000 	123.092003 	973.000000 	973.471985 	977.255005 
34.300000 	123.092003 	973.000000 	973.471985 	977.255005 
34.400000 	123.092003 	973.000000 	973.471985 	977.255005 
34.500000 	123.102997 	973.000000 	973.460022 	977.260986 
34.600000 	123.102997 	973.000000 	973.460022 	977.260986 
34.700000 	123.102997 	973.000000 	973.460022 	977.260986 
34.800000 	123.102997 	973.000000 	973.460022 	977.260986 
34.900000 	123.102997 	973.000000 	973.460022 	977.260986 
35.000000 	123.102997 	973.000000 	973.460022 	977.260986 
35.100000 	123.102997 	973.000000 	973.460022 	977.260986 
35.200000 	123.102997 	973.000000 	973.460022 	977.260986 
35.300000 	123.102997 	973.000000 	973.460022 	977.260986 
35.400000 	123.102997 	973.000000 	973.460022 	977.260986 
35.500000 	123.112999 	973.000000 	973.443970 	977.268005 
35.600000 	123.112999 	973.000000 	973.443970 	977.268005 
35.700000 	123.112999 	973.000000 	973.443970 	977.268005 
35.800000 	123.112999 	973.000000 	973.443970 	977.268005 
35.900000 	123.112999 	973.000000 	973.443970 	977.268005 
36.000000 	123.112999 	973.000000 	973.443970 	977.268005 
36.100000 	123.112999 	973.000000 	973.443970 	977.268005 
36.200000 	123.112999 	973.000000 	973.443970 	977.268005 
36.300000 	123.112999 	973.000000 	973.443970 	977.268005 
36.400000 	123.112999 	973.000000 	973.443970 	977.268005 
36.500000 	123.123001 	973.000000 	973.427979 	977.273987 
36.600000 	123.123001 	973.000000 	973.427979 	977.273987 
36.700000 	123.123001 	973.000000 	973.427979 	977.273987 
36.800000 	123.123001 	973.000000 	973.427979 	977.273987 
36.900000 	123.123001 	973.000000 	973.427979 	977.273987 
37.000000 	123.123001 	973.000000 	973.427979 	977.273987 
37.100000 	123.123001 	973.000000 	973.427979 	977.273987 
37.200000 	123.123001 	973.000000 	973.427979 	977.273987 
37.300000 	123.123001 	973.000000 	973.427979 	977.273987 
37.400000 	123.123001 	973.000000 	973.427979 	977.273987 
37.500000 	123.132004 	973.000000 	973.409973 	977.280029 
37.600000 	123.132004 	973.000000 	973.409973 	977.280029 
37.700000 	123.132004 	973.000000 	973.409973 	977.280029 
37.800000 	123.132004 	973.000000 	973.409973 	977.280029 
37.900000 	123.132004 	973.000000 	973.409973 	977.280029 
38.000000 	123.132004 	973.000000 	973.409973 	977.280029 
38.100000 	123.132004 	973.000000 	973.409973 	977.280029 
38.200000 	123.132004 	973.000000 	973.409973 	977.280029 
38.300000 	123.132004 	973.000000 	973.409973 	977.280029 
38.400000 	123.132004 	973.000000 	973.409973 	977.280029 
38.500000 	123.140999 	973.000000 	973.390991 	977.284973 
38.600000 	123.140999 	973.000000 	973.390991 	977.284973 
38.700000 	123.140999 	973.000000 	973.390991 	977.284973 
38.800000 	123.140999 	973.000000 	973.390991 	977.284973 
38.900000 	123.140999 	973.000000 	973.390991 	977.284973 
39.000000 	123.140999 	973.000000 	973.390991 	977.284973 
39.100000 	123.140999 	973.000000 	973.390991 	977.284973 
39.200000 	123.140999 	973.000000 	973.390991 	977.284973 
39.300000 	123.140999 	973.000000 	973.390991 	977.284973 
39.400000 	123.140999 	973.000000 	973.390991 	977.284973 
39.500000 	123.149002 	973.000000 	973.372009 	977.291016 
39.600000 	123.149002 	973.000000 	973.372009 	977.291016 
39.700000 	123.149002 	973.000000 	973.372009 	977.291016 
39.800000 	123.149002 	973.000000 	973.372009 	977.291016 
39.900000 	123.149002 	973.000000 	973.372009 	977.291016 
40.000000 	123.149002 	973.000000 	973.372009 	977.291016 
40.100000 	123.149002 	973.000000 	973.372009 	977.291016 
40.200000 	123.149002 	973.000000 	973.372009 	977.291016 
40.300000 	123.149002 	973.000000 	973.372009 	977.291016 
40.400000 	123.149002 	973.000000 	973.372009 	977.291016 
40.500000 	123.157997 	973.000000 	973.351990 	977.296021 
40.600000 	123.157997 	973.000000 	973.351990 	977.296021 
40.700000 	123.157997 	973.000000 	973.351990 	977.296021 
40.800000 	123.157997 	973.000000 	973.351990 	977.296021 
40.900000 	123.157997 	973.000000 	973.351990 	977.296021 
41.000000 	123.157997 	973.000000 	973.351990 	977.296021 
41.100000 	123.157997 	973.000000 	973.351990 	977.296021 
41.200000 	123.157997 	973.000000 	973.351990 	977.296021 
41.300000 	123.157997 	973.000000 	973.351990 	977.296021 
41.400000 	123.157997 	973.000000 	973.351990 	977.296021 
41.500000 	123.165001 	973.000000 	973.331970 	977.299988 
41.600000 	123.165001 	973.000000 	973.331970 	977.299988 
41.700000 	123.165001 	973.000000 	973.331970 	977.299988 
41.800000 	123.165001 	973.000000 	973.331970 	977.299988 
41.900000 	123.165001 	973.000000 	973.331970 	977.299988 
42.000000 	123.165001 	973.000000 	973.331970 	977.299988 
42.100000 	123.165001 	973.000000 	973.331970 	977.299988 
42.200000 	123.165001 	973.000000 	973.331970 	977.299988 
42.300000 	123.165001 	973.000000 	973.331970 	977.299988 
42.400000 	123.165001 	973.000000 	973.331970 	977.299988 
42.500000 	123.172997 	973.000000 	973.312012 	977.304016 
42.600000 	123.172997 	973.000000 	973.312012 	977.304016 
42.700000 	123.172997 	973.000000 	973.312012 	977.304016 
42.800000 	123.172997 	973.000000 	973.312012 	977.304016 
42.900000 	123.172997 	973.000000 	973.312012 	977.304016 
43.000000 	123.172997 	973.000000 	973.312012 	977.304016 
43.100000 	123.172997 	973.000000 	973.312012 	977.304016 
43.200000 	123.172997 	973.000000 	973.312012 	977.304016 
43.300000 	123.172997 	973.000000 	973.312012 	977.304016 
43.400000 	123.172997 	973.000000 	973.312012 	977.304016 
43.500000 	123.180000 	973.000000 	973.291016 	977.307983 
43.600000 	123.180000 	973.000000 	973.291016 	977.307983 
43.700000 	123.180000 	973.000000 	973.291016 	977.307983 
43.800000 	123.180000 	973.000000 	973.291016 	977.307983 
43.900000 	123.180000 	973.000000 	973.291016 	977.307983 
44.000000 	123.180000 	973.000000 	973.291016 	977.307983 
44.100000 	123.180000 	973.000000 	973.291016 	977.307983 
44.200000 	123.180000 	973.000000 	973.291016 	977.307983 
44.300000 	123.180000 	973.000000 	973.291016 	977.307983 
44.400000 	123.180000 	973.000000 	973.291016 	977.307983 
44.500000 	123.186996 	973.000000 	973.270996 	977.312012 
44.600000 	123.186996 	973.000000 	973.270996 	977.312012 
44.700000 	123.186996 	973.000000 	973.270996 	977.312012 
44.800000 	123.186996 	973.000000 	973.270996 	977.312012 
44.900000 	123.186996 	973.000000 	973.270996 	977.312012 
45.000000 	123.186996 	973.000000 	973.270996 	977.312012 
45.100000 	123.186996 	973.000000 	973.270996 	977.312012 
45.200000 	123.186996 	973.000000 	973.270996 	977.312012 
45.300000 	123.186996 	973.000000 	973.270996 	977.312012 
45.400000 	123.186996 	973.000000 	973.270996 	977.312012 
45.500000 	123.194000 	973.000000 	973.250000 	977.315002 
45.600000 	123.194000 	973.000000 	973.250000 	977.315002 
45.700000 	123.194000 	973.000000 	973.250000 	977.315002 
45.800000 	123.194000 	973.000000 	973.250000 	977.315002 
45.900000 	123.194000 	973.000000 	973.250000 	977.315002 
46.000000 	123.194000 	973.000000 	973.250000 	977.315002 
46.100000 	123.194000 	973.000000 	973.250000 	977.315002 
46.200000 	123.194000 	973.000000 	973.250000 	977.315002 
46.300000 	123.194000 	973.000000 	973.250000 	977.315002 
46.400000 	123.194000 	973.000000 	973.250000 	977.315002 
46.500000 	123.200996 	973.000000 	973.229004 	977.317017 
46.600000 	123.200996 	973.000000 	973.229004 	977.317017 
46.700000 	123.200996 	973.000000 	973.229004 	977.317017 
46.800000 	123.200996 	973.000000 	973.229004 	977.317017 
46.900000 	123.200996 	973.000000 	973.229004 	977.317017 
47.000000 	123.200996 	973.000000 	973.229004 	977.317017 
47.100000 	123.200996 	973.000000 	973.229004 	977.317017 
47.200000 	123.200996 	973.000000 	973.229004 	977.317017 
47.300000 	123.200996 	973.000000 	973.229004 	977.317017 
47.400000 	123.200996 	973.000000 	973.229004 	977.317017 
47.500000 	123.207001 	973.000000 	973.208008 	977.318970 
47.600000 	123.207001 	973.000000 	973.208008 	977.318970 
47.700000 	123.207001 	973.000000 	973.208008 	977.318970 
47.800000 	123.207001 	973.000000 	973.208008 	977.318970 
47.900000 	123.207001 	973.000000 	973.208008 	977.318970 
48.000000 	123.207001 	973.000000 	973.208008 	977.318970 
48.100000 	123.207001 	973.000000 	973.208008 	977.318970 
48.200000 	123.207001 	973.000000 	973.208008 	977.318970 
48.300000 	123.207001 	973.000000 	973.208008 	977.318970 
48.400000 	123.207001 	973.000000 	973.208008 	977.318970 
48.500000 	123.213997 	973.000000 	973.185974 	977.320984 
48.600000 	123.213997 	973.000000 	973.185974 	977.320984 
48.700000 	123.213997 	973.000000 	973.185974 	977.320984 
48.800000 	123.213997 	973.000000 	973.185974 	977.320984 
48.900000 	123.213997 	973.000000 	973.185974 	977.320984 
49.000000 	123.213997 	973.000000 	973.185974 	977.320984 
49.100000 	123.213997 	973.000000 	973.185974 	977.320984 
49.200000 	123.213997 	973.000000 	973.185974 	977.320984 
49.300000 	123.213997 	973.000000 	973.185974 	977.320984 
49.400000 	123.213997 	973.000000 	973.185974 	977.320984 
49.500000 	123.220001 	973.000000 	973.164978 	977.322021 
49.600000 	123.220001 	973.000000 	973.164978 	977.322021 
49.700000 	123.220001 	973.000000 	973.164978 	977.322021 
49.800000 	123.220001 	973.000000 	973.164978 	977.322021 
49.900000 	123.220001 	973.000000 	973.164978 	977.322021 
50.000000 	123.220001 	973.000000 	973.164978 	977.322021 
50.100000 	123.220001 	973.000000 	973.164978 	977.322021 
50.200000 	123.220001 	973.000000 	973.164978 	977.322021 
50.300000 	123.220001 	973.000000 	973.164978 	977.322021 
50.400000 	123.220001 	973.000000 	973.164978 	977.322021 
50.500000 	123.225998 	973.000000 	973.143005 	1006.030029 
50.600000 	123.225998 	973.000000 	973.143005 	1006.030029 
50.700000 	123.225998 	973.000000 	973.143005 	1006.030029 
50.800000 	123.225998 	973.000000 	973.143005 	1006.030029 
50.900000 	123.225998 	973.000000 	973.143005 	1006.030029 
51.000000 	123.225998 	973.000000 	973.143005 	1006.030029 
51.100000 	123.225998 	973.000000 	973.143005 	1006.030029 
51.200000 	123.225998 	973.000000 	973.143005 	1006.030029 
51.300000 	123.225998 	973.000000 	973.143005 	1006.030029 
51.400000 	123.225998 	973.000000 	973.143005 	1006.030029 
51.500000 	123.232002 	973.000000 	973.120972 	1006.030029 
51.600000 	123.232002 	973.000000 	973.120972 	1006.030029 
51.700000 	123.232002 	973.000000 	973.120972 	1006.030029 
51.800000 	123.232002 	973.000000 	973.120972 	1006.030029 
51.900000 	123.232002 	973.000000 	973.120972 	1006.030029 
52.000000 	123.232002 	973.000000 	973.120972 	1006.030029 
52.100000 	123.232002 	973.000000 	973.120972 	1006.030029 
52.200000 	123.232002 	973.000000 	973.120972 	1006.030029 
52.300000 	123.232002 	973.000000 	973.120972 	1006.030029 
52.400000 	123.232002 	973.000000 	973.120972 	1006.030029 
52.500000 	123.237000 	973.000000 	973.098999 	1006.030029 
52.600000 	123.237000 	973.000000 	973.098999 	1006.030029 
52.700000 	123.237000 	973.000000 	973.098999 	1006.030029 
52.800000 	123.237000 	973.000000 	973.098999 	1006.030029 
52.900000 	123.237000 	973.000000 	973.098999 	1006.030029 
53.000000 	123.237000 	973.000000 	973.098999 	1006.030029 
53.100000 	123.237000 	973.000000 	973.098999 	1006.030029 
53.200000 	123.237000 	973.000000 	973.098999 	1006.030029 
53.300000 	123.237000 	973.000000 	973.098999 	1006.030029 
53.400000 	123.237000 	973.000000 	973.098999 	1006.030029 
53.500000 	123.242996 	973.000000 	973.077026 	1006.030029 
53.600000 	123.242996 	973.000000 	973.077026 	1006.030029 
53.700000 	123.242996 	973.000000 	973.077026 	1006.030029 
53.800000 	123.242996 	973.000000 	973.077026 	1006.030029 
53.900000 	123.242996 	973.000000 	973.077026 	1006.030029 
54.000000 	123.242996 	973.000000 	973.077026 	1006.030029 
54.100000 	123.242996 	973.000000 	973.077026 	1006.030029 
54.200000 	123.242996 	973.000000 	973.077026 	1006.030029 
54.300000 	123.242996 	973.000000 	973.077026 	1006.030029 
54.400000 	123.242996 	973.000000 	973.077026 	1006.030029 
54.500000 	123.248001 	973.000000 	973.054016 	1006.030029 
54.600000 	123.248001 	973.000000 	973.054016 	1006.030029 
54.700000 	123.248001 	973.000000 	973.054016 	1006.030029 
54.800000 	123.248001 	973.000000 	973.054016 	1006.030029 
54.900000 	123.248001 	973.000000 	973.054016 	1006.030029 
55.000000 	123.248001 	973.000000 	973.054016 	1006.030029 
55.100000 	123.248001 	973.000000 	973.054016 	1006.030029 
55.200000 	123.248001 	973.000000 	973.054016 	1006.030029 
55.300000 	123.248001 	973.000000 	973.054016 	1006.030029 
55.400000 	123.248001 	973.000000 	973.054016 	1006.030029 
55.500000 	123.253998 	973.000000 	973.031006 	1006.030029 
55.600000 	123.253998 	973.000000 	973.031006 	1006.030029 
55.700000 	123.253998 	973.000000 	973.031006 	1006.030029 
55.800000 	123.253998 	973.000000 	973.031006 	1006.030029 
55.900000 	123.253998 	973.000000 	973.031006 	1006.030029 
56.000000 	123.253998 	973.000000 	973.031006 	1006.030029 
56.100000 	123.253998 	973.000000 	973.031006 	1006.030029 
56.200000 	123.253998 	973.000000 	973.031006 	1006.030029 
56.300000 	123.253998 	973.000000 	973.031006 	1006.030029 
56.400000 	123.253998 	973.000000 	973.031006 	1006.030029 
56.500000 	123.259003 	973.000000 	973.007996 	1006.030029 
56.600000 	123.259003 	973.000000 	973.007996 	1006.030029 
56.700000 	123.259003 	973.000000 	973.007996 	1006.030029 
56.800000 	123.259003 	973.000000 	973.007996 	1006.030029 
56.900000 	123.259003 	973.000000 	973.007996 	1006.030029 
57.000000 	123.259003 	973.000000 	973.007996 	1006.030029 
57.100000 	123.259003 	973.000000 	973.007996 	1006.030029 
57.200000 	123.259003 	973.000000 	973.007996 	1006.030029 
57.300000 	123.259003 	973.000000 	973.007996 	1006.030029 
57.400000 	123.259003 	973.000000 	973.007996 	1006.030029 
57.500000 	123.264000 	973.000000 	972.984985 	1006.030029 
57.600000 	123.264000 	973.000000 	972.984985 	1006.030029 
57.700000 	123.264000 	973.000000 	972.984985 	1006.030029 
57.800000 	123.264000 	973.000000 	972.984985 	1006.030029 
57.900000 	123.264000 	973.000000 	972.984985 	1006.030029 
58.000000 	123.264000 	973.000000 	972.984985 	1006.030029 
58.100000 	123.264000 	973.000000 	972.984985 	1006.030029 
58.200000 	123.264000 	973.000000 	972.984985 	1006.030029 
58.300000 	123.264000 	973.000000 	972.984985 	1006.030029 
58.400000 	123.264000 	973.000000 	972.984985 	1006.030029 
58.500000 	123.268997 	973.000000 	972.961975 	1006.030029 
58.600000 	123.268997 	973.000000 	972.961975 	1006.030029 
58.700000 	123.268997 	973.000000 	972.961975 	1006.030029 
58.800000 	123.268997 	973.000000 	972.961975 	1006.030029 
58.900000 	123.268997 	973.000000 	972.961975 	1006.030029 
59.000000 	123.268997 	973.000000 	972.961975 	1006.030029 
59.100000 	123.268997 	973.000000 	972.961975 	1006.030029 
59.200000 	123.268997 	973.000000 	972.961975 	1006.030029 
59.300000 	123.268997 	973.000000 	972.961975 	1006.030029 
59.400000 	123.268997 	973.000000 	972.961975 	1006.030029 
59.500000 	123.274002 	973.000000 	972.937988 	1006.030029 
59.600000 	123.274002 	973.000000 	972.937988 	1006.030029 
59.700000 	123.274002 	973.000000 	972.937988 	1006.030029 
59.800000 	123.274002 	973.000000 	972.937988 	1006.030029 
59.900000 	123.274002 	973.000000 	972.937988 	1006.030029 
60.000000 	123.274002 	973.000000 	972.937988 	1006.030029 
