0.500000 	88.881302 	326.000000 	348.364014 	333.739014 
0.600000 	88.881302 	326.000000 	348.364014 	333.739014 
0.700000 	88.881302 	326.000000 	348.364014 	333.739014 
0.800000 	88.881302 	326.000000 	348.364014 	333.739014 
0.900000 	88.881302 	326.000000 	348.364014 	333.739014 
1.000000 	88.881302 	326.000000 	348.364014 	333.739014 
1.100000 	88.881302 	326.000000 	348.364014 	333.739014 
1.200000 	88.881302 	326.000000 	348.364014 	333.739014 
1.300000 	88.881302 	326.000000 	348.364014 	333.739014 
1.400000 	88.881302 	326.000000 	348.364014 	333.739014 
1.500000 	98.800400 	326.000000 	336.309998 	335.110992 
1.600000 	98.800400 	326.000000 	336.309998 	335.110992 
1.700000 	98.800400 	326.000000 	336.309998 	335.110992 
1.800000 	98.800400 	326.000000 	336.309998 	335.110992 
1.900000 	98.800400 	326.000000 	336.309998 	335.110992 
2.000000 	98.800400 	326.000000 	336.309998 	335.110992 
2.100000 	98.800400 	326.000000 	336.309998 	335.110992 
2.200000 	98.800400 	326.000000 	336.309998 	335.110992 
2.300000 	98.800400 	326.000000 	336.309998 	335.110992 
2.400000 	98.800400 	326.000000 	336.309998 	335.110992 
2.500000 	109.435997 	326.000000 	331.169006 	335.303009 
2.600000 	109.435997 	326.000000 	331.169006 	335.303009 
2.700000 	109.435997 	326.000000 	331.169006 	335.303009 
2.800000 	109.435997 	326.000000 	331.169006 	335.303009 
2.900000 	109.435997 	326.000000 	331.169006 	335.303009 
3.000000 	109.435997 	326.000000 	331.169006 	335.303009 
3.100000 	109.435997 	326.000000 	331.169006 	335.303009 
3.200000 	109.435997 	326.000000 	331.169006 	335.303009 
3.300000 	109.435997 	326.000000 	331.169006 	335.303009 
3.400000 	109.435997 	326.000000 	331.169006 	335.303009 
3.500000 	114.703003 	326.000000 	328.747986 	335.377991 
3.600000 	114.703003 	326.000000 	328.747986 	335.377991 
3.700000 	114.703003 	326.000000 	328.747986 	335.377991 
3.800000 	114.703003 	326.000000 	328.747986 	335.377991 
3.900000 	114.703003 	326.000000 	328.747986 	335.377991 
4.000000 	114.703003 	326.000000 	328.747986 	335.377991 
4.100000 	114.703003 	326.000000 	328.747986 	335.377991 
4.200000 	114.703003 	326.000000 	328.747986 	335.377991 
4.300000 	114.703003 	326.000000 	328.747986 	335.377991 
4.400000 	114.703003 	326.000000 	328.747986 	335.377991 
4.500000 	117.492996 	326.000000 	327.480011 	335.424011 
4.600000 	117.492996 	326.000000 	327.480011 	335.424011 
4.700000 	117.492996 	326.000000 	327.480011 	335.424011 
4.800000 	117.492996 	326.000000 	327.480011 	335.424011 
4.900000 	117.492996 	326.000000 	327.480011 	335.424011 
5.000000 	117.492996 	326.000000 	327.480011 	335.424011 
5.100000 	117.492996 	326.000000 	327.480011 	335.424011 
5.200000 	117.492996 	326.000000 	327.480011 	335.424011 
5.300000 	117.492996 	326.000000 	327.480011 	335.424011 
5.400000 	117.492996 	326.000000 	327.480011 	335.424011 
5.500000 	119.114998 	326.000000 	326.747986 	335.458008 
5.600000 	119.114998 	326.000000 	326.747986 	335.458008 
5.700000 	119.114998 	326.000000 	326.747986 	335.458008 
5.800000 	119.114998 	326.000000 	326.747986 	335.458008 
5.900000 	119.114998 	326.000000 	326.747986 	335.458008 
6.000000 	119.114998 	326.000000 	326.747986 	335.458008 
6.100000 	119.114998 	326.000000 	326.747986 	335.458008 
6.200000 	119.114998 	326.000000 	326.747986 	335.458008 
6.300000 	119.114998 	326.000000 	326.747986 	335.458008 
6.400000 	119.114998 	326.000000 	326.747986 	335.458008 
6.500000 	120.133003 	326.000000 	326.292999 	335.489014 
6.600000 	120.133003 	326.000000 	326.292999 	335.489014 
6.700000 	120.133003 	326.000000 	326.292999 	335.489014 
6.800000 	120.133003 	326.000000 	326.292999 	335.489014 
6.900000 	120.133003 	326.000000 	326.292999 	335.489014 
7.000000 	120.133003 	326.000000 	326.292999 	335.489014 
7.100000 	120.133003 	326.000000 	326.292999 	335.489014 
7.200000 	120.133003 	326.000000 	326.292999 	335.489014 
7.300000 	120.133003 	326.000000 	326.292999 	335.489014 
7.400000 	120.133003 	326.000000 	326.292999 	335.489014 
7.500000 	120.810997 	326.000000 	325.993011 	335.518005 
7.600000 	120.810997 	326.000000 	325.993011 	335.518005 
7.700000 	120.810997 	326.000000 	325.993011 	335.518005 
7.800000 	120.810997 	326.000000 	325.993011 	335.518005 
7.900000 	120.810997 	326.000000 	325.993011 	335.518005 
8.000000 	120.810997 	326.000000 	325.993011 	335.518005 
8.100000 	120.810997 	326.000000 	325.993011 	335.518005 
8.200000 	120.810997 	326.000000 	325.993011 	335.518005 
8.300000 	120.810997 	326.000000 	325.993011 	335.518005 
8.400000 	120.810997 	326.000000 	325.993011 	335.518005 
8.500000 	121.285004 	326.000000 	325.786011 	335.545990 
8.600000 	121.285004 	326.000000 	325.786011 	335.545990 
8.700000 	121.285004 	326.000000 	325.786011 	335.545990 
8.800000 	121.285004 	326.000000 	325.786011 	335.545990 
8.900000 	121.285004 	326.000000 	325.786011 	335.545990 
9.000000 	121.285004 	326.000000 	325.786011 	335.545990 
9.100000 	121.285004 	326.000000 	325.786011 	335.545990 
9.200000 	121.285004 	326.000000 	325.786011 	335.545990 
9.300000 	121.285004 	326.000000 	325.786011 	335.545990 
9.400000 	121.285004 	326.000000 	325.786011 	335.545990 
9.500000 	121.629997 	326.000000 	325.636993 	335.575012 
9.600000 	121.629997 	326.000000 	325.636993 	335.575012 
9.700000 	121.629997 	326.000000 	325.636993 	335.575012 
9.800000 	121.629997 	326.000000 	325.636993 	335.575012 
9.900000 	121.629997 	326.000000 	325.636993 	335.575012 
10.000000 	121.629997 	326.000000 	325.636993 	335.575012 
10.100000 	121.629997 	326.000000 	325.636993 	335.575012 
10.200000 	121.629997 	326.000000 	325.636993 	335.575012 
10.300000 	121.629997 	326.000000 	325.636993 	335.575012 
10.400000 	121.629997 	326.000000 	325.636993 	335.575012 
10.500000 	121.889000 	326.000000 	325.526001 	335.604004 
10.600000 	121.889000 	326.000000 	325.526001 	335.604004 
10.700000 	121.889000 	326.000000 	325.526001 	335.604004 
10.800000 	121.889000 	326.000000 	325.526001 	335.604004 
10.900000 	121.889000 	326.000000 	325.526001 	335.604004 
11.000000 	121.889000 	326.000000 	325.526001 	335.604004 
11.100000 	121.889000 	326.000000 	325.526001 	335.604004 
11.200000 	121.889000 	326.000000 	325.526001 	335.604004 
11.300000 	121.889000 	326.000000 	325.526001 	335.604004 
11.400000 	121.889000 	326.000000 	325.526001 	335.604004 
11.500000 	122.087997 	326.000000 	325.442993 	335.634003 
11.600000 	122.087997 	326.000000 	325.442993 	335.634003 
11.700000 	122.087997 	326.000000 	325.442993 	335.634003 
11.800000 	122.087997 	326.000000 	325.442993 	335.634003 
11.900000 	122.087997 	326.000000 	325.442993 	335.634003 
12.000000 	122.087997 	326.000000 	325.442993 	335.634003 
12.100000 	122.087997 	326.000000 	325.442993 	335.634003 
12.200000 	122.087997 	326.000000 	325.442993 	335.634003 
12.300000 	122.087997 	326.000000 	325.442993 	335.634003 
12.400000 	122.087997 	326.000000 	325.442993 	335.634003 
12.500000 	122.245003 	326.000000 	325.377991 	335.664001 
12.600000 	122.245003 	326.000000 	325.377991 	335.664001 
12.700000 	122.245003 	326.000000 	325.377991 	335.664001 
12.800000 	122.245003 	326.000000 	325.377991 	335.664001 
12.900000 	122.245003 	326.000000 	325.377991 	335.664001 
13.000000 	122.245003 	326.000000 	325.377991 	335.664001 
13.100000 	122.245003 	326.000000 	325.377991 	335.664001 
13.200000 	122.245003 	326.000000 	325.377991 	335.664001 
13.300000 	122.245003 	326.000000 	325.377991 	335.664001 
13.400000 	122.245003 	326.000000 	325.377991 	335.664001 
13.500000 	122.372002 	326.000000 	325.326996 	335.696014 
13.600000 	122.372002 	326.000000 	325.326996 	335.696014 
13.700000 	122.372002 	326.000000 	325.326996 	335.696014 
13.800000 	122.372002 	326.000000 	325.326996 	335.696014 
13.900000 	122.372002 	326.000000 	325.326996 	335.696014 
14.000000 	122.372002 	326.000000 	325.326996 	335.696014 
14.100000 	122.372002 	326.000000 	325.326996 	335.696014 
14.200000 	122.372002 	326.000000 	325.326996 	335.696014 
14.300000 	122.372002 	326.000000 	325.326996 	335.696014 
14.400000 	122.372002 	326.000000 	325.326996 	335.696014 
14.500000 	122.474998 	326.000000 	325.286011 	335.727997 
14.600000 	122.474998 	326.000000 	325.286011 	335.727997 
14.700000 	122.474998 	326.000000 	325.286011 	335.727997 
14.800000 	122.474998 	326.000000 	325.286011 	335.727997 
14.900000 	122.474998 	326.000000 	325.286011 	335.727997 
15.000000 	122.474998 	326.000000 	325.286011 	335.727997 
15.100000 	122.474998 	326.000000 	325.286011 	335.727997 
15.200000 	122.474998 	326.000000 	325.286011 	335.727997 
15.300000 	122.474998 	326.000000 	325.286011 	335.727997 
15.400000 	122.474998 	326.000000 	325.286011 	335.727997 
15.500000 	122.560997 	326.000000 	325.252014 	335.760986 
15.600000 	122.560997 	326.000000 	325.252014 	335.760986 
15.700000 	122.560997 	326.000000 	325.252014 	335.760986 
15.800000 	122.560997 	326.000000 	325.252014 	335.760986 
15.900000 	122.560997 	326.000000 	325.252014 	335.760986 
16.000000 	122.560997 	326.000000 	325.252014 	335.760986 
16.100000 	122.560997 	326.000000 	325.252014 	335.760986 
16.200000 	122.560997 	326.000000 	325.252014 	335.760986 
16.300000 	122.560997 	326.000000 	325.252014 	335.760986 
16.400000 	122.560997 	326.000000 	325.252014 	335.760986 
16.500000 	122.633003 	326.000000 	325.223999 	335.798004 
16.600000 	122.633003 	326.000000 	325.223999 	335.798004 
16.700000 	122.633003 	326.000000 	325.223999 	335.798004 
16.800000 	122.633003 	326.000000 	325.223999 	335.798004 
16.900000 	122.633003 	326.000000 	325.223999 	335.798004 
17.000000 	122.633003 	326.000000 	325.223999 	335.798004 
17.100000 	122.633003 	326.000000 	325.223999 	335.798004 
17.200000 	122.633003 	326.000000 	325.223999 	335.798004 
17.300000 	122.633003 	326.000000 	325.223999 	335.798004 
17.400000 	122.633003 	326.000000 	325.223999 	335.798004 
17.500000 	122.695000 	326.000000 	325.200989 	335.832001 
17.600000 	122.695000 	326.000000 	325.200989 	335.832001 
17.700000 	122.695000 	326.000000 	325.200989 	335.832001 
17.800000 	122.695000 	326.000000 	325.200989 	335.832001 
17.900000 	122.695000 	326.000000 	325.200989 	335.832001 
18.000000 	122.695000 	326.000000 	325.200989 	335.832001 
18.100000 	122.695000 	326.000000 	325.200989 	335.832001 
18.200000 	122.695000 	326.000000 	325.200989 	335.832001 
18.300000 	122.695000 	326.000000 	325.200989 	335.832001 
18.400000 	122.695000 	326.000000 	325.200989 	335.832001 
18.500000 	122.748001 	326.000000 	325.182007 	335.867004 
18.600000 	122.748001 	326.000000 	325.182007 	335.867004 
18.700000 	122.748001 	326.000000 	325.182007 	335.867004 
18.800000 	122.748001 	326.000000 	325.182007 	335.867004 
18.900000 	122.748001 	326.000000 	325.182007 	335.867004 
19.000000 	122.748001 	326.000000 	325.182007 	335.867004 
19.100000 	122.748001 	326.000000 	325.182007 	335.867004 
19.200000 	122.748001 	326.000000 	325.182007 	335.867004 
19.300000 	122.748001 	326.000000 	325.182007 	335.867004 
19.400000 	122.748001 	326.000000 	325.182007 	335.867004 
19.500000 	122.793999 	326.000000 	325.165009 	335.903015 
19.600000 	122.793999 	326.000000 	325.165009 	335.903015 
19.700000 	122.793999 	326.000000 	325.165009 	335.903015 
19.800000 	122.793999 	326.000000 	325.165009 	335.903015 
19.900000 	122.793999 	326.000000 	325.165009 	335.903015 
20.000000 	122.793999 	326.000000 	325.165009 	335.903015 
20.100000 	122.793999 	326.000000 	325.165009 	335.903015 
20.200000 	122.793999 	326.000000 	325.165009 	335.903015 
20.300000 	122.793999 	326.000000 	325.165009 	335.903015 
20.400000 	122.793999 	326.000000 	325.165009 	335.903015 
20.500000 	122.834999 	326.000000 	325.149994 	335.938995 
20.600000 	122.834999 	326.000000 	325.149994 	335.938995 
20.700000 	122.834999 	326.000000 	325.149994 	335.938995 
20.800000 	122.834999 	326.000000 	325.149994 	335.938995 
20.900000 	122.834999 	326.000000 	325.149994 	335.938995 
21.000000 	122.834999 	326.000000 	325.149994 	335.938995 
21.100000 	122.834999 	326.000000 	325.149994 	335.938995 
21.200000 	122.834999 	326.000000 	325.149994 	335.938995 
21.300000 	122.834999 	326.000000 	325.149994 	335.938995 
21.400000 	122.834999 	326.000000 	325.149994 	335.938995 
21.500000 	122.871002 	326.000000 	325.138000 	335.976013 
21.600000 	122.871002 	326.000000 	325.138000 	335.976013 
21.700000 	122.871002 	326.000000 	325.138000 	335.976013 
21.800000 	122.871002 	326.000000 	325.138000 	335.976013 
21.900000 	122.871002 	326.000000 	325.138000 	335.976013 
22.000000 	122.871002 	326.000000 	325.138000 	335.976013 
22.100000 	122.871002 	326.000000 	325.138000 	335.976013 
22.200000 	122.871002 	326.000000 	325.138000 	335.976013 
22.300000 	122.871002 	326.000000 	325.138000 	335.976013 
22.400000 	122.871002 	326.000000 	325.138000 	335.976013 
22.500000 	122.903000 	326.000000 	325.127014 	336.011993 
22.600000 	122.903000 	326.000000 	325.127014 	336.011993 
22.700000 	122.903000 	326.000000 	325.127014 	336.011993 
22.800000 	122.903000 	326.000000 	325.127014 	336.011993 
22.900000 	122.903000 	326.000000 	325.127014 	336.011993 
23.000000 	122.903000 	326.000000 	325.127014 	336.011993 
23.100000 	122.903000 	326.000000 	325.127014 	336.011993 
23.200000 	122.903000 	326.000000 	325.127014 	336.011993 
23.300000 	122.903000 	326.000000 	325.127014 	336.011993 
23.400000 	122.903000 	326.000000 	325.127014 	336.011993 
23.500000 	122.931999 	326.000000 	325.117004 	336.049988 
23.600000 	122.931999 	326.000000 	325.117004 	336.049988 
23.700000 	122.931999 	326.000000 	325.117004 	336.049988 
23.800000 	122.931999 	326.000000 	325.117004 	336.049988 
23.900000 	122.931999 	326.000000 	325.117004 	336.049988 
24.000000 	122.931999 	326.000000 	325.117004 	336.049988 
24.100000 	122.931999 	326.000000 	325.117004 	336.049988 
24.200000 	122.931999 	326.000000 	325.117004 	336.049988 
24.300000 	122.931999 	326.000000 	325.117004 	336.049988 
24.400000 	122.931999 	326.000000 	325.117004 	336.049988 
24.500000 	122.959000 	326.000000 	325.109009 	336.087006 
24.600000 	122.959000 	326.000000 	325.109009 	336.087006 
24.700000 	122.959000 	326.000000 	325.109009 	336.087006 
24.800000 	122.959000 	326.000000 	325.109009 	336.087006 
24.900000 	122.959000 	326.000000 	325.109009 	336.087006 
25.000000 	122.959000 	326.000000 	325.109009 	336.087006 
25.100000 	122.959000 	326.000000 	325.109009 	336.087006 
25.200000 	122.959000 	326.000000 	325.109009 	336.087006 
25.300000 	122.959000 	326.000000 	325.109009 	336.087006 
25.400000 	122.959000 	326.000000 	325.109009 	336.087006 
25.500000 	122.983002 	326.000000 	325.101013 	336.125000 
25.600000 	122.983002 	326.000000 	325.101013 	336.125000 
25.700000 	122.983002 	326.000000 	325.101013 	336.125000 
25.800000 	122.983002 	326.000000 	325.101013 	336.125000 
25.900000 	122.983002 	326.000000 	325.101013 	336.125000 
26.000000 	122.983002 	326.000000 	325.101013 	336.125000 
26.100000 	122.983002 	326.000000 	325.101013 	336.125000 
26.200000 	122.983002 	326.000000 	325.101013 	336.125000 
26.300000 	122.983002 	326.000000 	325.101013 	336.125000 
26.400000 	122.983002 	326.000000 	325.101013 	336.125000 
26.500000 	123.004997 	326.000000 	325.093994 	336.162994 
26.600000 	123.004997 	326.000000 	325.093994 	336.162994 
26.700000 	123.004997 	326.000000 	325.093994 	336.162994 
26.800000 	123.004997 	326.000000 	325.093994 	336.162994 
26.900000 	123.004997 	326.000000 	325.093994 	336.162994 
27.000000 	123.004997 	326.000000 	325.093994 	336.162994 
27.100000 	123.004997 	326.000000 	325.093994 	336.162994 
27.200000 	123.004997 	326.000000 	325.093994 	336.162994 
27.300000 	123.004997 	326.000000 	325.093994 	336.162994 
27.400000 	123.004997 	326.000000 	325.093994 	336.162994 
27.500000 	123.025002 	326.000000 	325.087006 	336.201996 
27.600000 	123.025002 	326.000000 	325.087006 	336.201996 
27.700000 	123.025002 	326.000000 	325.087006 	336.201996 
27.800000 	123.025002 	326.000000 	325.087006 	336.201996 
27.900000 	123.025002 	326.000000 	325.087006 	336.201996 
28.000000 	123.025002 	326.000000 	325.087006 	336.201996 
28.100000 	123.025002 	326.000000 	325.087006 	336.201996 
28.200000 	123.025002 	326.000000 	325.087006 	336.201996 
28.300000 	123.025002 	326.000000 	325.087006 	336.201996 
28.400000 	123.025002 	326.000000 	325.087006 	336.201996 
28.500000 	123.043999 	326.000000 	325.080994 	336.239990 
28.600000 	123.043999 	326.000000 	325.080994 	336.239990 
28.700000 	123.043999 	326.000000 	325.080994 	336.239990 
28.800000 	123.043999 	326.000000 	325.080994 	336.239990 
28.900000 	123.043999 	326.000000 	325.080994 	336.239990 
29.000000 	123.043999 	326.000000 	325.080994 	336.239990 
29.100000 	123.043999 	326.000000 	325.080994 	336.239990 
29.200000 	123.043999 	326.000000 	325.080994 	336.239990 
29.300000 	123.043999 	326.000000 	325.080994 	336.239990 
29.400000 	123.043999 	326.000000 	325.080994 	336.239990 
29.500000 	123.060997 	326.000000 	325.075989 	336.278992 
29.600000 	123.060997 	326.000000 	325.075989 	336.278992 
29.700000 	123.060997 	326.000000 	325.075989 	336.278992 
29.800000 	123.060997 	326.000000 	325.075989 	336.278992 
29.900000 	123.060997 	326.000000 	325.075989 	336.278992 
30.000000 	123.060997 	326.000000 	325.075989 	336.278992 
30.100000 	123.060997 	326.000000 	325.075989 	336.278992 
30.200000 	123.060997 	326.000000 	325.075989 	336.278992 
30.300000 	123.060997 	326.000000 	325.075989 	336.278992 
30.400000 	123.060997 	326.000000 	325.075989 	336.278992 
30.500000 	123.078003 	326.000000 	325.070007 	336.316986 
30.600000 	123.078003 	326.000000 	325.070007 	336.316986 
30.700000 	123.078003 	326.000000 	325.070007 	336.316986 
30.800000 	123.078003 	326.000000 	325.070007 	336.316986 
30.900000 	123.078003 	326.000000 	325.070007 	336.316986 
31.000000 	123.078003 	326.000000 	325.070007 	336.316986 
31.100000 	123.078003 	326.000000 	325.070007 	336.316986 
31.200000 	123.078003 	326.000000 	325.070007 	336.316986 
31.300000 	123.078003 	326.000000 	325.070007 	336.316986 
31.400000 	123.078003 	326.000000 	325.070007 	336.316986 
31.500000 	123.093002 	326.000000 	325.066010 	336.355988 
31.600000 	123.093002 	326.000000 	325.066010 	336.355988 
31.700000 	123.093002 	326.000000 	325.066010 	336.355988 
31.800000 	123.093002 	326.000000 	325.066010 	336.355988 
31.900000 	123.093002 	326.000000 	325.066010 	336.355988 
32.000000 	123.093002 	326.000000 	325.066010 	336.355988 
32.100000 	123.093002 	326.000000 	325.066010 	336.355988 
32.200000 	123.093002 	326.000000 	325.066010 	336.355988 
32.300000 	123.093002 	326.000000 	325.066010 	336.355988 
32.400000 	123.093002 	326.000000 	325.066010 	336.355988 
32.500000 	123.108002 	326.000000 	325.061005 	336.394989 
32.600000 	123.108002 	326.000000 	325.061005 	336.394989 
32.700000 	123.108002 	326.000000 	325.061005 	336.394989 
32.800000 	123.108002 	326.000000 	325.061005 	336.394989 
32.900000 	123.108002 	326.000000 	325.061005 	336.394989 
33.000000 	123.108002 	326.000000 	325.061005 	336.394989 
33.100000 	123.108002 	326.000000 	325.061005 	336.394989 
33.200000 	123.108002 	326.000000 	325.061005 	336.394989 
33.300000 	123.108002 	326.000000 	325.061005 	336.394989 
33.400000 	123.108002 	326.000000 	325.061005 	336.394989 
33.500000 	123.121002 	326.000000 	325.057007 	336.433014 
33.600000 	123.121002 	326.000000 	325.057007 	336.433014 
33.700000 	123.121002 	326.000000 	325.057007 	336.433014 
33.800000 	123.121002 	326.000000 	325.057007 	336.433014 
33.900000 	123.121002 	326.000000 	325.057007 	336.433014 
34.000000 	123.121002 	326.000000 	325.057007 	336.433014 
34.100000 	123.121002 	326.000000 	325.057007 	336.433014 
34.200000 	123.121002 	326.000000 	325.057007 	336.433014 
34.300000 	123.121002 	326.000000 	325.057007 	336.433014 
34.400000 	123.121002 	326.000000 	325.057007 	336.433014 
34.500000 	123.134003 	326.000000 	325.052002 	336.471985 
34.600000 	123.134003 	326.000000 	325.052002 	336.471985 
34.700000 	123.134003 	326.000000 	325.052002 	336.471985 
34.800000 	123.134003 	326.000000 	325.052002 	336.471985 
34.900000 	123.134003 	326.000000 	325.052002 	336.471985 
35.000000 	123.134003 	326.000000 	325.052002 	336.471985 
35.100000 	123.134003 	326.000000 	325.052002 	336.471985 
35.200000 	123.134003 	326.000000 	325.052002 	336.471985 
35.300000 	123.134003 	326.000000 	325.052002 	336.471985 
35.400000 	123.134003 	326.000000 	325.052002 	336.471985 
35.500000 	123.147003 	326.000000 	325.048004 	336.510010 
35.600000 	123.147003 	326.000000 	325.048004 	336.510010 
35.700000 	123.147003 	326.000000 	325.048004 	336.510010 
35.800000 	123.147003 	326.000000 	325.048004 	336.510010 
35.900000 	123.147003 	326.000000 	325.048004 	336.510010 
36.000000 	123.147003 	326.000000 	325.048004 	336.510010 
36.100000 	123.147003 	326.000000 	325.048004 	336.510010 
36.200000 	123.147003 	326.000000 	325.048004 	336.510010 
36.300000 	123.147003 	326.000000 	325.048004 	336.510010 
36.400000 	123.147003 	326.000000 	325.048004 	336.510010 
36.500000 	123.157997 	326.000000 	325.044006 	336.549011 
36.600000 	123.157997 	326.000000 	325.044006 	336.549011 
36.700000 	123.157997 	326.000000 	325.044006 	336.549011 
36.800000 	123.157997 	326.000000 	325.044006 	336.549011 
36.900000 	123.157997 	326.000000 	325.044006 	336.549011 
37.000000 	123.157997 	326.000000 	325.044006 	336.549011 
37.100000 	123.157997 	326.000000 	325.044006 	336.549011 
37.200000 	123.157997 	326.000000 	325.044006 	336.549011 
37.300000 	123.157997 	326.000000 	325.044006 	336.549011 
37.400000 	123.157997 	326.000000 	325.044006 	336.549011 
37.500000 	123.169998 	326.000000 	325.040009 	336.587006 
37.600000 	123.169998 	326.000000 	325.040009 	336.587006 
37.700000 	123.169998 	326.000000 	325.040009 	336.587006 
37.800000 	123.169998 	326.000000 	325.040009 	336.587006 
37.900000 	123.169998 	326.000000 	325.040009 	336.587006 
38.000000 	123.169998 	326.000000 	325.040009 	336.587006 
38.100000 	123.169998 	326.000000 	325.040009 	336.587006 
38.200000 	123.169998 	326.000000 	325.040009 	336.587006 
38.300000 	123.169998 	326.000000 	325.040009 	336.587006 
38.400000 	123.169998 	326.000000 	325.040009 	336.587006 
38.500000 	123.181000 	326.000000 	325.036011 	336.625000 
38.600000 	123.181000 	326.000000 	325.036011 	336.625000 
38.700000 	123.181000 	326.000000 	325.036011 	336.625000 
38.800000 	123.181000 	326.000000 	325.036011 	336.625000 
38.900000 	123.181000 	326.000000 	325.036011 	336.625000 
39.000000 	123.181000 	326.000000 	325.036011 	336.625000 
39.100000 	123.181000 	326.000000 	325.036011 	336.625000 
39.200000 	123.181000 	326.000000 	325.036011 	336.625000 
39.300000 	123.181000 	326.000000 	325.036011 	336.625000 
39.400000 	123.181000 	326.000000 	325.036011 	336.625000 
39.500000 	123.191002 	326.000000 	325.032990 	336.664001 
39.600000 	123.191002 	326.000000 	325.032990 	336.664001 
39.700000 	123.191002 	326.000000 	325.032990 	336.664001 
39.800000 	123.191002 	326.000000 	325.032990 	336.664001 
39.900000 	123.191002 	326.000000 	325.032990 	336.664001 
40.000000 	123.191002 	326.000000 	325.032990 	336.664001 
40.100000 	123.191002 	326.000000 	325.032990 	336.664001 
40.200000 	123.191002 	326.000000 	325.032990 	336.664001 
40.300000 	123.191002 	326.000000 	325.032990 	336.664001 
40.400000 	123.191002 	326.000000 	325.032990 	336.664001 
40.500000 	123.200996 	326.000000 	325.028992 	336.700989 
40.600000 	123.200996 	326.000000 	325.028992 	336.700989 
40.700000 	123.200996 	326.000000 	325.028992 	336.700989 
40.800000 	123.200996 	326.000000 	325.028992 	336.700989 
40.900000 	123.200996 	326.000000 	325.028992 	336.700989 
41.000000 	123.200996 	326.000000 	325.028992 	336.700989 
41.100000 	123.200996 	326.000000 	325.028992 	336.700989 
41.200000 	123.200996 	326.000000 	325.028992 	336.700989 
41.300000 	123.200996 	326.000000 	325.028992 	336.700989 
41.400000 	123.200996 	326.000000 	325.028992 	336.700989 
41.500000 	123.210999 	326.000000 	325.024994 	336.739014 
41.600000 	123.210999 	326.000000 	325.024994 	336.739014 
41.700000 	123.210999 	326.000000 	325.024994 	336.739014 
41.800000 	123.210999 	326.000000 	325.024994 	336.739014 
41.900000 	123.210999 	326.000000 	325.024994 	336.739014 
42.000000 	123.210999 	326.000000 	325.024994 	336.739014 
42.100000 	123.210999 	326.000000 	325.024994 	336.739014 
42.200000 	123.210999 	326.000000 	325.024994 	336.739014 
42.300000 	123.210999 	326.000000 	325.024994 	336.739014 
42.400000 	123.210999 	326.000000 	325.024994 	336.739014 
42.500000 	123.220001 	326.000000 	325.020996 	336.777008 
42.600000 	123.220001 	326.000000 	325.020996 	336.777008 
42.700000 	123.220001 	326.000000 	325.020996 	336.777008 
42.800000 	123.220001 	326.000000 	325.020996 	336.777008 
42.900000 	123.220001 	326.000000 	325.020996 	336.777008 
43.000000 	123.220001 	326.000000 	325.020996 	336.777008 
43.100000 	123.220001 	326.000000 	325.020996 	336.777008 
43.200000 	123.220001 	326.000000 	325.020996 	336.777008 
43.300000 	123.220001 	326.000000 	325.020996 	336.777008 
43.400000 	123.220001 	326.000000 	325.020996 	336.777008 
43.500000 	123.228996 	326.000000 	325.018005 	336.813995 
43.600000 	123.228996 	326.000000 	325.018005 	336.813995 
43.700000 	123.228996 	326.000000 	325.018005 	336.813995 
43.800000 	123.228996 	326.000000 	325.018005 	336.813995 
43.900000 	123.228996 	326.000000 	325.018005 	336.813995 
44.000000 	123.228996 	326.000000 	325.018005 	336.813995 
44.100000 	123.228996 	326.000000 	325.018005 	336.813995 
44.200000 	123.228996 	326.000000 	325.018005 	336.813995 
44.300000 	123.228996 	326.000000 	325.018005 	336.813995 
44.400000 	123.228996 	326.000000 	325.018005 	336.813995 
44.500000 	123.237999 	326.000000 	325.014008 	336.851013 
44.600000 	123.237999 	326.000000 	325.014008 	336.851013 
44.700000 	123.237999 	326.000000 	325.014008 	336.851013 
44.800000 	123.237999 	326.000000 	325.014008 	336.851013 
44.900000 	123.237999 	326.000000 	325.014008 	336.851013 
45.000000 	123.237999 	326.000000 	325.014008 	336.851013 
45.100000 	123.237999 	326.000000 	325.014008 	336.851013 
45.200000 	123.237999 	326.000000 	325.014008 	336.851013 
45.300000 	123.237999 	326.000000 	325.014008 	336.851013 
45.400000 	123.237999 	326.000000 	325.014008 	336.851013 
45.500000 	123.246002 	326.000000 	325.010010 	336.888000 
45.600000 	123.246002 	326.000000 	325.010010 	336.888000 
45.700000 	123.246002 	326.000000 	325.010010 	336.888000 
45.800000 	123.246002 	326.000000 	325.010010 	336.888000 
45.900000 	123.246002 	326.000000 	325.010010 	336.888000 
46.000000 	123.246002 	326.000000 	325.010010 	336.888000 
46.100000 	123.246002 	326.000000 	325.010010 	336.888000 
46.200000 	123.246002 	326.000000 	325.010010 	336.888000 
46.300000 	123.246002 	326.000000 	325.010010 	336.888000 
46.400000 	123.246002 	326.000000 	325.010010 	336.888000 
46.500000 	123.253998 	326.000000 	325.006989 	336.924988 
46.600000 	123.253998 	326.000000 	325.006989 	336.924988 
46.700000 	123.253998 	326.000000 	325.006989 	336.924988 
46.800000 	123.253998 	326.000000 	325.006989 	336.924988 
46.900000 	123.253998 	326.000000 	325.006989 	336.924988 
47.000000 	123.253998 	326.000000 	325.006989 	336.924988 
47.100000 	123.253998 	326.000000 	325.006989 	336.924988 
47.200000 	123.253998 	326.000000 	325.006989 	336.924988 
47.300000 	123.253998 	326.000000 	325.006989 	336.924988 
47.400000 	123.253998 	326.000000 	325.006989 	336.924988 
47.500000 	123.262001 	326.000000 	325.002991 	336.960999 
47.600000 	123.262001 	326.000000 	325.002991 	336.960999 
47.700000 	123.262001 	326.000000 	325.002991 	336.960999 
47.800000 	123.262001 	326.000000 	325.002991 	336.960999 
47.900000 	123.262001 	326.000000 	325.002991 	336.960999 
48.000000 	123.262001 	326.000000 	325.002991 	336.960999 
48.100000 	123.262001 	326.000000 	325.002991 	336.960999 
48.200000 	123.262001 	326.000000 	325.002991 	336.960999 
48.300000 	123.262001 	326.000000 	325.002991 	336.960999 
48.400000 	123.262001 	326.000000 	325.002991 	336.960999 
48.500000 	123.269997 	326.000000 	324.998993 	336.997009 
48.600000 	123.269997 	326.000000 	324.998993 	336.997009 
48.700000 	123.269997 	326.000000 	324.998993 	336.997009 
48.800000 	123.269997 	326.000000 	324.998993 	336.997009 
48.900000 	123.269997 	326.000000 	324.998993 	336.997009 
49.000000 	123.269997 	326.000000 	324.998993 	336.997009 
49.100000 	123.269997 	326.000000 	324.998993 	336.997009 
49.200000 	123.269997 	326.000000 	324.998993 	336.997009 
49.300000 	123.269997 	326.000000 	324.998993 	336.997009 
49.400000 	123.269997 	326.000000 	324.998993 	336.997009 
49.500000 	123.278000 	326.000000 	324.994995 	337.032990 
49.600000 	123.278000 	326.000000 	324.994995 	337.032990 
49.700000 	123.278000 	326.000000 	324.994995 	337.032990 
49.800000 	123.278000 	326.000000 	324.994995 	337.032990 
49.900000 	123.278000 	326.000000 	324.994995 	337.032990 
50.000000 	123.278000 	326.000000 	324.994995 	337.032990 
50.100000 	123.278000 	326.000000 	324.994995 	337.032990 
50.200000 	123.278000 	326.000000 	324.994995 	337.032990 
50.300000 	123.278000 	326.000000 	324.994995 	337.032990 
50.400000 	123.278000 	326.000000 	324.994995 	337.032990 
50.500000 	123.285004 	326.000000 	324.990997 	1006.030029 
50.600000 	123.285004 	326.000000 	324.990997 	1006.030029 
50.700000 	123.285004 	326.000000 	324.990997 	1006.030029 
50.800000 	123.285004 	326.000000 	324.990997 	1006.030029 
50.900000 	123.285004 	326.000000 	324.990997 	1006.030029 
51.000000 	123.285004 	326.000000 	324.990997 	1006.030029 
51.100000 	123.285004 	326.000000 	324.990997 	1006.030029 
51.200000 	123.285004 	326.000000 	324.990997 	1006.030029 
51.300000 	123.285004 	326.000000 	324.990997 	1006.030029 
51.400000 	123.285004 	326.000000 	324.990997 	1006.030029 
51.500000 	123.292999 	326.000000 	324.987000 	1006.030029 
51.600000 	123.292999 	326.000000 	324.987000 	1006.030029 
51.700000 	123.292999 	326.000000 	324.987000 	1006.030029 
51.800000 	123.292999 	326.000000 	324.987000 	1006.030029 
51.900000 	123.292999 	326.000000 	324.987000 	1006.030029 
52.000000 	123.292999 	326.000000 	324.987000 	1006.030029 
52.100000 	123.292999 	326.000000 	324.987000 	1006.030029 
52.200000 	123.292999 	326.000000 	324.987000 	1006.030029 
52.300000 	123.292999 	326.000000 	324.987000 	1006.030029 
52.400000 	123.292999 	326.000000 	324.987000 	1006.030029 
52.500000 	123.300003 	326.000000 	324.983002 	1006.030029 
52.600000 	123.300003 	326.000000 	324.983002 	1006.030029 
52.700000 	123.300003 	326.000000 	324.983002 	1006.030029 
52.800000 	123.300003 	326.000000 	324.983002 	1006.030029 
52.900000 	123.300003 	326.000000 	324.983002 	1006.030029 
53.000000 	123.300003 	326.000000 	324.983002 	1006.030029 
53.100000 	123.300003 	326.000000 	324.983002 	1006.030029 
53.200000 	123.300003 	326.000000 	324.983002 	1006.030029 
53.300000 	123.300003 	326.000000 	324.983002 	1006.030029 
53.400000 	123.300003 	326.000000 	324.983002 	1006.030029 
53.500000 	123.306999 	326.000000 	324.979004 	1006.030029 
53.600000 	123.306999 	326.000000 	324.979004 	1006.030029 
53.700000 	123.306999 	326.000000 	324.979004 	1006.030029 
53.800000 	123.306999 	326.000000 	324.979004 	1006.030029 
53.900000 	123.306999 	326.000000 	324.979004 	1006.030029 
54.000000 	123.306999 	326.000000 	324.979004 	1006.030029 
54.100000 	123.306999 	326.000000 	324.979004 	1006.030029 
54.200000 	123.306999 	326.000000 	324.979004 	1006.030029 
54.300000 	123.306999 	326.000000 	324.979004 	1006.030029 
54.400000 	123.306999 	326.000000 	324.979004 	1006.030029 
54.500000 	123.313004 	326.000000 	324.975006 	1006.030029 
54.600000 	123.313004 	326.000000 	324.975006 	1006.030029 
54.700000 	123.313004 	326.000000 	324.975006 	1006.030029 
54.800000 	123.313004 	326.000000 	324.975006 	1006.030029 
54.900000 	123.313004 	326.000000 	324.975006 	1006.030029 
55.000000 	123.313004 	326.000000 	324.975006 	1006.030029 
55.100000 	123.313004 	326.000000 	324.975006 	1006.030029 
55.200000 	123.313004 	326.000000 	324.975006 	1006.030029 
55.300000 	123.313004 	326.000000 	324.975006 	1006.030029 
55.400000 	123.313004 	326.000000 	324.975006 	1006.030029 
55.500000 	123.320000 	326.000000 	324.970001 	1006.030029 
55.600000 	123.320000 	326.000000 	324.970001 	1006.030029 
55.700000 	123.320000 	326.000000 	324.970001 	1006.030029 
55.800000 	123.320000 	326.000000 	324.970001 	1006.030029 
55.900000 	123.320000 	326.000000 	324.970001 	1006.030029 
56.000000 	123.320000 	326.000000 	324.970001 	1006.030029 
56.100000 	123.320000 	326.000000 	324.970001 	1006.030029 
56.200000 	123.320000 	326.000000 	324.970001 	1006.030029 
56.300000 	123.320000 	326.000000 	324.970001 	1006.030029 
56.400000 	123.320000 	326.000000 	324.970001 	1006.030029 
56.500000 	123.325996 	326.000000 	324.966003 	1006.030029 
56.600000 	123.325996 	326.000000 	324.966003 	1006.030029 
56.700000 	123.325996 	326.000000 	324.966003 	1006.030029 
56.800000 	123.325996 	326.000000 	324.966003 	1006.030029 
56.900000 	123.325996 	326.000000 	324.966003 	1006.030029 
57.000000 	123.325996 	326.000000 	324.966003 	1006.030029 
57.100000 	123.325996 	326.000000 	324.966003 	1006.030029 
57.200000 	123.325996 	326.000000 	324.966003 	1006.030029 
57.300000 	123.325996 	326.000000 	324.966003 	1006.030029 
57.400000 	123.325996 	326.000000 	324.966003 	1006.030029 
57.500000 	123.333000 	326.000000 	324.962006 	1006.030029 
57.600000 	123.333000 	326.000000 	324.962006 	1006.030029 
57.700000 	123.333000 	326.000000 	324.962006 	1006.030029 
57.800000 	123.333000 	326.000000 	324.962006 	1006.030029 
57.900000 	123.333000 	326.000000 	324.962006 	1006.030029 
58.000000 	123.333000 	326.000000 	324.962006 	1006.030029 
58.100000 	123.333000 	326.000000 	324.962006 	1006.030029 
58.200000 	123.333000 	326.000000 	324.962006 	1006.030029 
58.300000 	123.333000 	326.000000 	324.962006 	1006.030029 
58.400000 	123.333000 	326.000000 	324.962006 	1006.030029 
58.500000 	123.338997 	326.000000 	324.957001 	1006.030029 
58.600000 	123.338997 	326.000000 	324.957001 	1006.030029 
58.700000 	123.338997 	326.000000 	324.957001 	1006.030029 
58.800000 	123.338997 	326.000000 	324.957001 	1006.030029 
58.900000 	123.338997 	326.000000 	324.957001 	1006.030029 
59.000000 	123.338997 	326.000000 	324.957001 	1006.030029 
59.100000 	123.338997 	326.000000 	324.957001 	1006.030029 
59.200000 	123.338997 	326.000000 	324.957001 	1006.030029 
59.300000 	123.338997 	326.000000 	324.957001 	1006.030029 
59.400000 	123.338997 	326.000000 	324.957001 	1006.030029 
59.500000 	123.345001 	326.000000 	324.953003 	1006.030029 
59.600000 	123.345001 	326.000000 	324.953003 	1006.030029 
59.700000 	123.345001 	326.000000 	324.953003 	1006.030029 
59.800000 	123.345001 	326.000000 	324.953003 	1006.030029 
59.900000 	123.345001 	326.000000 	324.953003 	1006.030029 
60.000000 	123.345001 	326.000000 	324.953003 	1006.030029 
