0.500000 	89.389999 	494.000000 	505.136993 	499.412994 
0.600000 	89.389999 	494.000000 	505.136993 	499.412994 
0.700000 	89.389999 	494.000000 	505.136993 	499.412994 
0.800000 	89.389999 	494.000000 	505.136993 	499.412994 
0.900000 	89.389999 	494.000000 	505.136993 	499.412994 
1.000000 	89.389999 	494.000000 	505.136993 	499.412994 
1.100000 	89.389999 	494.000000 	505.136993 	499.412994 
1.200000 	89.389999 	494.000000 	505.136993 	499.412994 
1.300000 	89.389999 	494.000000 	505.136993 	499.412994 
1.400000 	89.389999 	494.000000 	505.136993 	499.412994 
1.500000 	100.153000 	494.000000 	499.416992 	500.307007 
1.600000 	100.153000 	494.000000 	499.416992 	500.307007 
1.700000 	100.153000 	494.000000 	499.416992 	500.307007 
1.800000 	100.153000 	494.000000 	499.416992 	500.307007 
1.900000 	100.153000 	494.000000 	499.416992 	500.307007 
2.000000 	100.153000 	494.000000 	499.416992 	500.307007 
2.100000 	100.153000 	494.000000 	499.416992 	500.307007 
2.200000 	100.153000 	494.000000 	499.416992 	500.307007 
2.300000 	100.153000 	494.000000 	499.416992 	500.307007 
2.400000 	100.153000 	494.000000 	499.416992 	500.307007 
2.500000 	110.406998 	494.000000 	496.523010 	500.364014 
2.600000 	110.406998 	494.000000 	496.523010 	500.364014 
2.700000 	110.406998 	494.000000 	496.523010 	500.364014 
2.800000 	110.406998 	494.000000 	496.523010 	500.364014 
2.900000 	110.406998 	494.000000 	496.523010 	500.364014 
3.000000 	110.406998 	494.000000 	496.523010 	500.364014 
3.100000 	110.406998 	494.000000 	496.523010 	500.364014 
3.200000 	110.406998 	494.000000 	496.523010 	500.364014 
3.300000 	110.406998 	494.000000 	496.523010 	500.364014 
3.400000 	110.406998 	494.000000 	496.523010 	500.364014 
3.500000 	115.346001 	494.000000 	495.165009 	500.382996 
3.600000 	115.346001 	494.000000 	495.165009 	500.382996 
3.700000 	115.346001 	494.000000 	495.165009 	500.382996 
3.800000 	115.346001 	494.000000 	495.165009 	500.382996 
3.900000 	115.346001 	494.000000 	495.165009 	500.382996 
4.000000 	115.346001 	494.000000 	495.165009 	500.382996 
4.100000 	115.346001 	494.000000 	495.165009 	500.382996 
4.200000 	115.346001 	494.000000 	495.165009 	500.382996 
4.300000 	115.346001 	494.000000 	495.165009 	500.382996 
4.400000 	115.346001 	494.000000 	495.165009 	500.382996 
4.500000 	117.930000 	494.000000 	494.460999 	500.398010 
4.600000 	117.930000 	494.000000 	494.460999 	500.398010 
4.700000 	117.930000 	494.000000 	494.460999 	500.398010 
4.800000 	117.930000 	494.000000 	494.460999 	500.398010 
4.900000 	117.930000 	494.000000 	494.460999 	500.398010 
5.000000 	117.930000 	494.000000 	494.460999 	500.398010 
5.100000 	117.930000 	494.000000 	494.460999 	500.398010 
5.200000 	117.930000 	494.000000 	494.460999 	500.398010 
5.300000 	117.930000 	494.000000 	494.460999 	500.398010 
5.400000 	117.930000 	494.000000 	494.460999 	500.398010 
5.500000 	119.421997 	494.000000 	494.059998 	500.411011 
5.600000 	119.421997 	494.000000 	494.059998 	500.411011 
5.700000 	119.421997 	494.000000 	494.059998 	500.411011 
5.800000 	119.421997 	494.000000 	494.059998 	500.411011 
5.900000 	119.421997 	494.000000 	494.059998 	500.411011 
6.000000 	119.421997 	494.000000 	494.059998 	500.411011 
6.100000 	119.421997 	494.000000 	494.059998 	500.411011 
6.200000 	119.421997 	494.000000 	494.059998 	500.411011 
6.300000 	119.421997 	494.000000 	494.059998 	500.411011 
6.400000 	119.421997 	494.000000 	494.059998 	500.411011 
6.500000 	120.356003 	494.000000 	493.812988 	500.424988 
6.600000 	120.356003 	494.000000 	493.812988 	500.424988 
6.700000 	120.356003 	494.000000 	493.812988 	500.424988 
6.800000 	120.356003 	494.000000 	493.812988 	500.424988 
6.900000 	120.356003 	494.000000 	493.812988 	500.424988 
7.000000 	120.356003 	494.000000 	493.812988 	500.424988 
7.100000 	120.356003 	494.000000 	493.812988 	500.424988 
7.200000 	120.356003 	494.000000 	493.812988 	500.424988 
7.300000 	120.356003 	494.000000 	493.812988 	500.424988 
7.400000 	120.356003 	494.000000 	493.812988 	500.424988 
7.500000 	120.976997 	494.000000 	493.651001 	500.438995 
7.600000 	120.976997 	494.000000 	493.651001 	500.438995 
7.700000 	120.976997 	494.000000 	493.651001 	500.438995 
7.800000 	120.976997 	494.000000 	493.651001 	500.438995 
7.900000 	120.976997 	494.000000 	493.651001 	500.438995 
8.000000 	120.976997 	494.000000 	493.651001 	500.438995 
8.100000 	120.976997 	494.000000 	493.651001 	500.438995 
8.200000 	120.976997 	494.000000 	493.651001 	500.438995 
8.300000 	120.976997 	494.000000 	493.651001 	500.438995 
8.400000 	120.976997 	494.000000 	493.651001 	500.438995 
8.500000 	121.411003 	494.000000 	493.540985 	500.453003 
8.600000 	121.411003 	494.000000 	493.540985 	500.453003 
8.700000 	121.411003 	494.000000 	493.540985 	500.453003 
8.800000 	121.411003 	494.000000 	493.540985 	500.453003 
8.900000 	121.411003 	494.000000 	493.540985 	500.453003 
9.000000 	121.411003 	494.000000 	493.540985 	500.453003 
9.100000 	121.411003 	494.000000 	493.540985 	500.453003 
9.200000 	121.411003 	494.000000 	493.540985 	500.453003 
9.300000 	121.411003 	494.000000 	493.540985 	500.453003 
9.400000 	121.411003 	494.000000 	493.540985 	500.453003 
9.500000 	121.725998 	494.000000 	493.462006 	500.468994 
9.600000 	121.725998 	494.000000 	493.462006 	500.468994 
9.700000 	121.725998 	494.000000 	493.462006 	500.468994 
9.800000 	121.725998 	494.000000 	493.462006 	500.468994 
9.900000 	121.725998 	494.000000 	493.462006 	500.468994 
10.000000 	121.725998 	494.000000 	493.462006 	500.468994 
10.100000 	121.725998 	494.000000 	493.462006 	500.468994 
10.200000 	121.725998 	494.000000 	493.462006 	500.468994 
10.300000 	121.725998 	494.000000 	493.462006 	500.468994 
10.400000 	121.725998 	494.000000 	493.462006 	500.468994 
10.500000 	121.962997 	494.000000 	493.404999 	500.484009 
10.600000 	121.962997 	494.000000 	493.404999 	500.484009 
10.700000 	121.962997 	494.000000 	493.404999 	500.484009 
10.800000 	121.962997 	494.000000 	493.404999 	500.484009 
10.900000 	121.962997 	494.000000 	493.404999 	500.484009 
11.000000 	121.962997 	494.000000 	493.404999 	500.484009 
11.100000 	121.962997 	494.000000 	493.404999 	500.484009 
11.200000 	121.962997 	494.000000 	493.404999 	500.484009 
11.300000 	121.962997 	494.000000 	493.404999 	500.484009 
11.400000 	121.962997 	494.000000 	493.404999 	500.484009 
11.500000 	122.144997 	494.000000 	493.360992 	500.503998 
11.600000 	122.144997 	494.000000 	493.360992 	500.503998 
11.700000 	122.144997 	494.000000 	493.360992 	500.503998 
11.800000 	122.144997 	494.000000 	493.360992 	500.503998 
11.900000 	122.144997 	494.000000 	493.360992 	500.503998 
12.000000 	122.144997 	494.000000 	493.360992 	500.503998 
12.100000 	122.144997 	494.000000 	493.360992 	500.503998 
12.200000 	122.144997 	494.000000 	493.360992 	500.503998 
12.300000 	122.144997 	494.000000 	493.360992 	500.503998 
12.400000 	122.144997 	494.000000 	493.360992 	500.503998 
12.500000 	122.289001 	494.000000 	493.328003 	500.520996 
12.600000 	122.289001 	494.000000 	493.328003 	500.520996 
12.700000 	122.289001 	494.000000 	493.328003 	500.520996 
12.800000 	122.289001 	494.000000 	493.328003 	500.520996 
12.900000 	122.289001 	494.000000 	493.328003 	500.520996 
13.000000 	122.289001 	494.000000 	493.328003 	500.520996 
13.100000 	122.289001 	494.000000 	493.328003 	500.520996 
13.200000 	122.289001 	494.000000 	493.328003 	500.520996 
13.300000 	122.289001 	494.000000 	493.328003 	500.520996 
13.400000 	122.289001 	494.000000 	493.328003 	500.520996 
13.500000 	122.403999 	494.000000 	493.302002 	500.539001 
13.600000 	122.403999 	494.000000 	493.302002 	500.539001 
13.700000 	122.403999 	494.000000 	493.302002 	500.539001 
13.800000 	122.403999 	494.000000 	493.302002 	500.539001 
13.900000 	122.403999 	494.000000 	493.302002 	500.539001 
14.000000 	122.403999 	494.000000 	493.302002 	500.539001 
14.100000 	122.403999 	494.000000 	493.302002 	500.539001 
14.200000 	122.403999 	494.000000 	493.302002 	500.539001 
14.300000 	122.403999 	494.000000 	493.302002 	500.539001 
14.400000 	122.403999 	494.000000 	493.302002 	500.539001 
14.500000 	122.499001 	494.000000 	493.281006 	500.557007 
14.600000 	122.499001 	494.000000 	493.281006 	500.557007 
14.700000 	122.499001 	494.000000 	493.281006 	500.557007 
14.800000 	122.499001 	494.000000 	493.281006 	500.557007 
14.900000 	122.499001 	494.000000 	493.281006 	500.557007 
15.000000 	122.499001 	494.000000 	493.281006 	500.557007 
15.100000 	122.499001 	494.000000 	493.281006 	500.557007 
15.200000 	122.499001 	494.000000 	493.281006 	500.557007 
15.300000 	122.499001 	494.000000 	493.281006 	500.557007 
15.400000 	122.499001 	494.000000 	493.281006 	500.557007 
15.500000 	122.578003 	494.000000 	493.264008 	500.575012 
15.600000 	122.578003 	494.000000 	493.264008 	500.575012 
15.700000 	122.578003 	494.000000 	493.264008 	500.575012 
15.800000 	122.578003 	494.000000 	493.264008 	500.575012 
15.900000 	122.578003 	494.000000 	493.264008 	500.575012 
16.000000 	122.578003 	494.000000 	493.264008 	500.575012 
16.100000 	122.578003 	494.000000 	493.264008 	500.575012 
16.200000 	122.578003 	494.000000 	493.264008 	500.575012 
16.300000 	122.578003 	494.000000 	493.264008 	500.575012 
16.400000 	122.578003 	494.000000 	493.264008 	500.575012 
16.500000 	122.643997 	494.000000 	493.250000 	500.593994 
16.600000 	122.643997 	494.000000 	493.250000 	500.593994 
16.700000 	122.643997 	494.000000 	493.250000 	500.593994 
16.800000 	122.643997 	494.000000 	493.250000 	500.593994 
16.900000 	122.643997 	494.000000 	493.250000 	500.593994 
17.000000 	122.643997 	494.000000 	493.250000 	500.593994 
17.100000 	122.643997 	494.000000 	493.250000 	500.593994 
17.200000 	122.643997 	494.000000 	493.250000 	500.593994 
17.300000 	122.643997 	494.000000 	493.250000 	500.593994 
17.400000 	122.643997 	494.000000 	493.250000 	500.593994 
17.500000 	122.699997 	494.000000 	493.239014 	500.613007 
17.600000 	122.699997 	494.000000 	493.239014 	500.613007 
17.700000 	122.699997 	494.000000 	493.239014 	500.613007 
17.800000 	122.699997 	494.000000 	493.239014 	500.613007 
17.900000 	122.699997 	494.000000 	493.239014 	500.613007 
18.000000 	122.699997 	494.000000 	493.239014 	500.613007 
18.100000 	122.699997 	494.000000 	493.239014 	500.613007 
18.200000 	122.699997 	494.000000 	493.239014 	500.613007 
18.300000 	122.699997 	494.000000 	493.239014 	500.613007 
18.400000 	122.699997 	494.000000 	493.239014 	500.613007 
18.500000 	122.749001 	494.000000 	493.229004 	500.632996 
18.600000 	122.749001 	494.000000 	493.229004 	500.632996 
18.700000 	122.749001 	494.000000 	493.229004 	500.632996 
18.800000 	122.749001 	494.000000 	493.229004 	500.632996 
18.900000 	122.749001 	494.000000 	493.229004 	500.632996 
19.000000 	122.749001 	494.000000 	493.229004 	500.632996 
19.100000 	122.749001 	494.000000 	493.229004 	500.632996 
19.200000 	122.749001 	494.000000 	493.229004 	500.632996 
19.300000 	122.749001 	494.000000 	493.229004 	500.632996 
19.400000 	122.749001 	494.000000 	493.229004 	500.632996 
19.500000 	122.791000 	494.000000 	493.220001 	500.653015 
19.600000 	122.791000 	494.000000 	493.220001 	500.653015 
19.700000 	122.791000 	494.000000 	493.220001 	500.653015 
19.800000 	122.791000 	494.000000 	493.220001 	500.653015 
19.900000 	122.791000 	494.000000 	493.220001 	500.653015 
20.000000 	122.791000 	494.000000 	493.220001 	500.653015 
20.100000 	122.791000 	494.000000 	493.220001 	500.653015 
20.200000 	122.791000 	494.000000 	493.220001 	500.653015 
20.300000 	122.791000 	494.000000 	493.220001 	500.653015 
20.400000 	122.791000 	494.000000 	493.220001 	500.653015 
20.500000 	122.828003 	494.000000 	493.213013 	500.673004 
20.600000 	122.828003 	494.000000 	493.213013 	500.673004 
20.700000 	122.828003 	494.000000 	493.213013 	500.673004 
20.800000 	122.828003 	494.000000 	493.213013 	500.673004 
20.900000 	122.828003 	494.000000 	493.213013 	500.673004 
21.000000 	122.828003 	494.000000 	493.213013 	500.673004 
21.100000 	122.828003 	494.000000 	493.213013 	500.673004 
21.200000 	122.828003 	494.000000 	493.213013 	500.673004 
21.300000 	122.828003 	494.000000 	493.213013 	500.673004 
21.400000 	122.828003 	494.000000 	493.213013 	500.673004 
21.500000 	122.862000 	494.000000 	493.207001 	500.692993 
21.600000 	122.862000 	494.000000 	493.207001 	500.692993 
21.700000 	122.862000 	494.000000 	493.207001 	500.692993 
21.800000 	122.862000 	494.000000 	493.207001 	500.692993 
21.900000 	122.862000 	494.000000 	493.207001 	500.692993 
22.000000 	122.862000 	494.000000 	493.207001 	500.692993 
22.100000 	122.862000 	494.000000 	493.207001 	500.692993 
22.200000 	122.862000 	494.000000 	493.207001 	500.692993 
22.300000 	122.862000 	494.000000 	493.207001 	500.692993 
22.400000 	122.862000 	494.000000 	493.207001 	500.692993 
22.500000 	122.890999 	494.000000 	493.200989 	500.713989 
22.600000 	122.890999 	494.000000 	493.200989 	500.713989 
22.700000 	122.890999 	494.000000 	493.200989 	500.713989 
22.800000 	122.890999 	494.000000 	493.200989 	500.713989 
22.900000 	122.890999 	494.000000 	493.200989 	500.713989 
23.000000 	122.890999 	494.000000 	493.200989 	500.713989 
23.100000 	122.890999 	494.000000 	493.200989 	500.713989 
23.200000 	122.890999 	494.000000 	493.200989 	500.713989 
23.300000 	122.890999 	494.000000 	493.200989 	500.713989 
23.400000 	122.890999 	494.000000 	493.200989 	500.713989 
23.500000 	122.917999 	494.000000 	493.196014 	500.734009 
23.600000 	122.917999 	494.000000 	493.196014 	500.734009 
23.700000 	122.917999 	494.000000 	493.196014 	500.734009 
23.800000 	122.917999 	494.000000 	493.196014 	500.734009 
23.900000 	122.917999 	494.000000 	493.196014 	500.734009 
24.000000 	122.917999 	494.000000 	493.196014 	500.734009 
24.100000 	122.917999 	494.000000 	493.196014 	500.734009 
24.200000 	122.917999 	494.000000 	493.196014 	500.734009 
24.300000 	122.917999 	494.000000 	493.196014 	500.734009 
24.400000 	122.917999 	494.000000 	493.196014 	500.734009 
24.500000 	122.942001 	494.000000 	493.191986 	500.755005 
24.600000 	122.942001 	494.000000 	493.191986 	500.755005 
24.700000 	122.942001 	494.000000 	493.191986 	500.755005 
24.800000 	122.942001 	494.000000 	493.191986 	500.755005 
24.900000 	122.942001 	494.000000 	493.191986 	500.755005 
25.000000 	122.942001 	494.000000 	493.191986 	500.755005 
25.100000 	122.942001 	494.000000 	493.191986 	500.755005 
25.200000 	122.942001 	494.000000 	493.191986 	500.755005 
25.300000 	122.942001 	494.000000 	493.191986 	500.755005 
25.400000 	122.942001 	494.000000 	493.191986 	500.755005 
25.500000 	122.963997 	494.000000 	493.187012 	500.776001 
25.600000 	122.963997 	494.000000 	493.187012 	500.776001 
25.700000 	122.963997 	494.000000 	493.187012 	500.776001 
25.800000 	122.963997 	494.000000 	493.187012 	500.776001 
25.900000 	122.963997 	494.000000 	493.187012 	500.776001 
26.000000 	122.963997 	494.000000 	493.187012 	500.776001 
26.100000 	122.963997 	494.000000 	493.187012 	500.776001 
26.200000 	122.963997 	494.000000 	493.187012 	500.776001 
26.300000 	122.963997 	494.000000 	493.187012 	500.776001 
26.400000 	122.963997 	494.000000 	493.187012 	500.776001 
26.500000 	122.984001 	494.000000 	493.183990 	500.796997 
26.600000 	122.984001 	494.000000 	493.183990 	500.796997 
26.700000 	122.984001 	494.000000 	493.183990 	500.796997 
26.800000 	122.984001 	494.000000 	493.183990 	500.796997 
26.900000 	122.984001 	494.000000 	493.183990 	500.796997 
27.000000 	122.984001 	494.000000 	493.183990 	500.796997 
27.100000 	122.984001 	494.000000 	493.183990 	500.796997 
27.200000 	122.984001 	494.000000 	493.183990 	500.796997 
27.300000 	122.984001 	494.000000 	493.183990 	500.796997 
27.400000 	122.984001 	494.000000 	493.183990 	500.796997 
27.500000 	123.001999 	494.000000 	493.179993 	500.816986 
27.600000 	123.001999 	494.000000 	493.179993 	500.816986 
27.700000 	123.001999 	494.000000 	493.179993 	500.816986 
27.800000 	123.001999 	494.000000 	493.179993 	500.816986 
27.900000 	123.001999 	494.000000 	493.179993 	500.816986 
28.000000 	123.001999 	494.000000 	493.179993 	500.816986 
28.100000 	123.001999 	494.000000 	493.179993 	500.816986 
28.200000 	123.001999 	494.000000 	493.179993 	500.816986 
28.300000 	123.001999 	494.000000 	493.179993 	500.816986 
28.400000 	123.001999 	494.000000 	493.179993 	500.816986 
28.500000 	123.018997 	494.000000 	493.175995 	500.838013 
28.600000 	123.018997 	494.000000 	493.175995 	500.838013 
28.700000 	123.018997 	494.000000 	493.175995 	500.838013 
28.800000 	123.018997 	494.000000 	493.175995 	500.838013 
28.900000 	123.018997 	494.000000 	493.175995 	500.838013 
29.000000 	123.018997 	494.000000 	493.175995 	500.838013 
29.100000 	123.018997 	494.000000 	493.175995 	500.838013 
29.200000 	123.018997 	494.000000 	493.175995 	500.838013 
29.300000 	123.018997 	494.000000 	493.175995 	500.838013 
29.400000 	123.018997 	494.000000 	493.175995 	500.838013 
29.500000 	123.035004 	494.000000 	493.173004 	500.859009 
29.600000 	123.035004 	494.000000 	493.173004 	500.859009 
29.700000 	123.035004 	494.000000 	493.173004 	500.859009 
29.800000 	123.035004 	494.000000 	493.173004 	500.859009 
29.900000 	123.035004 	494.000000 	493.173004 	500.859009 
30.000000 	123.035004 	494.000000 	493.173004 	500.859009 
30.100000 	123.035004 	494.000000 	493.173004 	500.859009 
30.200000 	123.035004 	494.000000 	493.173004 	500.859009 
30.300000 	123.035004 	494.000000 	493.173004 	500.859009 
30.400000 	123.035004 	494.000000 	493.173004 	500.859009 
30.500000 	123.050003 	494.000000 	493.170013 	500.880005 
30.600000 	123.050003 	494.000000 	493.170013 	500.880005 
30.700000 	123.050003 	494.000000 	493.170013 	500.880005 
30.800000 	123.050003 	494.000000 	493.170013 	500.880005 
30.900000 	123.050003 	494.000000 	493.170013 	500.880005 
31.000000 	123.050003 	494.000000 	493.170013 	500.880005 
31.100000 	123.050003 	494.000000 	493.170013 	500.880005 
31.200000 	123.050003 	494.000000 	493.170013 	500.880005 
31.300000 	123.050003 	494.000000 	493.170013 	500.880005 
31.400000 	123.050003 	494.000000 	493.170013 	500.880005 
31.500000 	123.064003 	494.000000 	493.165985 	500.901001 
31.600000 	123.064003 	494.000000 	493.165985 	500.901001 
31.700000 	123.064003 	494.000000 	493.165985 	500.901001 
31.800000 	123.064003 	494.000000 	493.165985 	500.901001 
31.900000 	123.064003 	494.000000 	493.165985 	500.901001 
32.000000 	123.064003 	494.000000 	493.165985 	500.901001 
32.100000 	123.064003 	494.000000 	493.165985 	500.901001 
32.200000 	123.064003 	494.000000 	493.165985 	500.901001 
32.300000 	123.064003 	494.000000 	493.165985 	500.901001 
32.400000 	123.064003 	494.000000 	493.165985 	500.901001 
32.500000 	123.078003 	494.000000 	493.162994 	500.921997 
32.600000 	123.078003 	494.000000 	493.162994 	500.921997 
32.700000 	123.078003 	494.000000 	493.162994 	500.921997 
32.800000 	123.078003 	494.000000 	493.162994 	500.921997 
32.900000 	123.078003 	494.000000 	493.162994 	500.921997 
33.000000 	123.078003 	494.000000 	493.162994 	500.921997 
33.100000 	123.078003 	494.000000 	493.162994 	500.921997 
33.200000 	123.078003 	494.000000 	493.162994 	500.921997 
33.300000 	123.078003 	494.000000 	493.162994 	500.921997 
33.400000 	123.078003 	494.000000 	493.162994 	500.921997 
33.500000 	123.089996 	494.000000 	493.160004 	500.942993 
33.600000 	123.089996 	494.000000 	493.160004 	500.942993 
33.700000 	123.089996 	494.000000 	493.160004 	500.942993 
33.800000 	123.089996 	494.000000 	493.160004 	500.942993 
33.900000 	123.089996 	494.000000 	493.160004 	500.942993 
34.000000 	123.089996 	494.000000 	493.160004 	500.942993 
34.100000 	123.089996 	494.000000 	493.160004 	500.942993 
34.200000 	123.089996 	494.000000 	493.160004 	500.942993 
34.300000 	123.089996 	494.000000 	493.160004 	500.942993 
34.400000 	123.089996 	494.000000 	493.160004 	500.942993 
34.500000 	123.101997 	494.000000 	493.157013 	500.963013 
34.600000 	123.101997 	494.000000 	493.157013 	500.963013 
34.700000 	123.101997 	494.000000 	493.157013 	500.963013 
34.800000 	123.101997 	494.000000 	493.157013 	500.963013 
34.900000 	123.101997 	494.000000 	493.157013 	500.963013 
35.000000 	123.101997 	494.000000 	493.157013 	500.963013 
35.100000 	123.101997 	494.000000 	493.157013 	500.963013 
35.200000 	123.101997 	494.000000 	493.157013 	500.963013 
35.300000 	123.101997 	494.000000 	493.157013 	500.963013 
35.400000 	123.101997 	494.000000 	493.157013 	500.963013 
35.500000 	123.112999 	494.000000 	493.153992 	500.984009 
35.600000 	123.112999 	494.000000 	493.153992 	500.984009 
35.700000 	123.112999 	494.000000 	493.153992 	500.984009 
35.800000 	123.112999 	494.000000 	493.153992 	500.984009 
35.900000 	123.112999 	494.000000 	493.153992 	500.984009 
36.000000 	123.112999 	494.000000 	493.153992 	500.984009 
36.100000 	123.112999 	494.000000 	493.153992 	500.984009 
36.200000 	123.112999 	494.000000 	493.153992 	500.984009 
36.300000 	123.112999 	494.000000 	493.153992 	500.984009 
36.400000 	123.112999 	494.000000 	493.153992 	500.984009 
36.500000 	123.124001 	494.000000 	493.149994 	501.003998 
36.600000 	123.124001 	494.000000 	493.149994 	501.003998 
36.700000 	123.124001 	494.000000 	493.149994 	501.003998 
36.800000 	123.124001 	494.000000 	493.149994 	501.003998 
36.900000 	123.124001 	494.000000 	493.149994 	501.003998 
37.000000 	123.124001 	494.000000 	493.149994 	501.003998 
37.100000 	123.124001 	494.000000 	493.149994 	501.003998 
37.200000 	123.124001 	494.000000 	493.149994 	501.003998 
37.300000 	123.124001 	494.000000 	493.149994 	501.003998 
37.400000 	123.124001 	494.000000 	493.149994 	501.003998 
37.500000 	123.134003 	494.000000 	493.147003 	501.023987 
37.600000 	123.134003 	494.000000 	493.147003 	501.023987 
37.700000 	123.134003 	494.000000 	493.147003 	501.023987 
37.800000 	123.134003 	494.000000 	493.147003 	501.023987 
37.900000 	123.134003 	494.000000 	493.147003 	501.023987 
38.000000 	123.134003 	494.000000 	493.147003 	501.023987 
38.100000 	123.134003 	494.000000 	493.147003 	501.023987 
38.200000 	123.134003 	494.000000 	493.147003 	501.023987 
38.300000 	123.134003 	494.000000 	493.147003 	501.023987 
38.400000 	123.134003 	494.000000 	493.147003 	501.023987 
38.500000 	123.143997 	494.000000 	493.144012 	501.044006 
38.600000 	123.143997 	494.000000 	493.144012 	501.044006 
38.700000 	123.143997 	494.000000 	493.144012 	501.044006 
38.800000 	123.143997 	494.000000 	493.144012 	501.044006 
38.900000 	123.143997 	494.000000 	493.144012 	501.044006 
39.000000 	123.143997 	494.000000 	493.144012 	501.044006 
39.100000 	123.143997 	494.000000 	493.144012 	501.044006 
39.200000 	123.143997 	494.000000 	493.144012 	501.044006 
39.300000 	123.143997 	494.000000 	493.144012 	501.044006 
39.400000 	123.143997 	494.000000 	493.144012 	501.044006 
39.500000 	123.153000 	494.000000 	493.140991 	501.063995 
39.600000 	123.153000 	494.000000 	493.140991 	501.063995 
39.700000 	123.153000 	494.000000 	493.140991 	501.063995 
39.800000 	123.153000 	494.000000 	493.140991 	501.063995 
39.900000 	123.153000 	494.000000 	493.140991 	501.063995 
40.000000 	123.153000 	494.000000 	493.140991 	501.063995 
40.100000 	123.153000 	494.000000 	493.140991 	501.063995 
40.200000 	123.153000 	494.000000 	493.140991 	501.063995 
40.300000 	123.153000 	494.000000 	493.140991 	501.063995 
40.400000 	123.153000 	494.000000 	493.140991 	501.063995 
40.500000 	123.163002 	494.000000 	493.136993 	501.084015 
40.600000 	123.163002 	494.000000 	493.136993 	501.084015 
40.700000 	123.163002 	494.000000 	493.136993 	501.084015 
40.800000 	123.163002 	494.000000 	493.136993 	501.084015 
40.900000 	123.163002 	494.000000 	493.136993 	501.084015 
41.000000 	123.163002 	494.000000 	493.136993 	501.084015 
41.100000 	123.163002 	494.000000 	493.136993 	501.084015 
41.200000 	123.163002 	494.000000 	493.136993 	501.084015 
41.300000 	123.163002 	494.000000 	493.136993 	501.084015 
41.400000 	123.163002 	494.000000 	493.136993 	501.084015 
41.500000 	123.170998 	494.000000 	493.134003 	501.102997 
41.600000 	123.170998 	494.000000 	493.134003 	501.102997 
41.700000 	123.170998 	494.000000 	493.134003 	501.102997 
41.800000 	123.170998 	494.000000 	493.134003 	501.102997 
41.900000 	123.170998 	494.000000 	493.134003 	501.102997 
42.000000 	123.170998 	494.000000 	493.134003 	501.102997 
42.100000 	123.170998 	494.000000 	493.134003 	501.102997 
42.200000 	123.170998 	494.000000 	493.134003 	501.102997 
42.300000 	123.170998 	494.000000 	493.134003 	501.102997 
42.400000 	123.170998 	494.000000 	493.134003 	501.102997 
42.500000 	123.180000 	494.000000 	493.130005 	501.122986 
42.600000 	123.180000 	494.000000 	493.130005 	501.122986 
42.700000 	123.180000 	494.000000 	493.130005 	501.122986 
42.800000 	123.180000 	494.000000 	493.130005 	501.122986 
42.900000 	123.180000 	494.000000 	493.130005 	501.122986 
43.000000 	123.180000 	494.000000 	493.130005 	501.122986 
43.100000 	123.180000 	494.000000 	493.130005 	501.122986 
43.200000 	123.180000 	494.000000 	493.130005 	501.122986 
43.300000 	123.180000 	494.000000 	493.130005 	501.122986 
43.400000 	123.180000 	494.000000 	493.130005 	501.122986 
43.500000 	123.188004 	494.000000 	493.126007 	501.141998 
43.600000 	123.188004 	494.000000 	493.126007 	501.141998 
43.700000 	123.188004 	494.000000 	493.126007 	501.141998 
43.800000 	123.188004 	494.000000 	493.126007 	501.141998 
43.900000 	123.188004 	494.000000 	493.126007 	501.141998 
44.000000 	123.188004 	494.000000 	493.126007 	501.141998 
44.100000 	123.188004 	494.000000 	493.126007 	501.141998 
44.200000 	123.188004 	494.000000 	493.126007 	501.141998 
44.300000 	123.188004 	494.000000 	493.126007 	501.141998 
44.400000 	123.188004 	494.000000 	493.126007 	501.141998 
44.500000 	123.195999 	494.000000 	493.122009 	501.161011 
44.600000 	123.195999 	494.000000 	493.122009 	501.161011 
44.700000 	123.195999 	494.000000 	493.122009 	501.161011 
44.800000 	123.195999 	494.000000 	493.122009 	501.161011 
44.900000 	123.195999 	494.000000 	493.122009 	501.161011 
45.000000 	123.195999 	494.000000 	493.122009 	501.161011 
45.100000 	123.195999 	494.000000 	493.122009 	501.161011 
45.200000 	123.195999 	494.000000 	493.122009 	501.161011 
45.300000 	123.195999 	494.000000 	493.122009 	501.161011 
45.400000 	123.195999 	494.000000 	493.122009 	501.161011 
45.500000 	123.204002 	494.000000 	493.118011 	501.178986 
45.600000 	123.204002 	494.000000 	493.118011 	501.178986 
45.700000 	123.204002 	494.000000 	493.118011 	501.178986 
45.800000 	123.204002 	494.000000 	493.118011 	501.178986 
45.900000 	123.204002 	494.000000 	493.118011 	501.178986 
46.000000 	123.204002 	494.000000 	493.118011 	501.178986 
46.100000 	123.204002 	494.000000 	493.118011 	501.178986 
46.200000 	123.204002 	494.000000 	493.118011 	501.178986 
46.300000 	123.204002 	494.000000 	493.118011 	501.178986 
46.400000 	123.204002 	494.000000 	493.118011 	501.178986 
46.500000 	123.210999 	494.000000 	493.114014 	501.197998 
46.600000 	123.210999 	494.000000 	493.114014 	501.197998 
46.700000 	123.210999 	494.000000 	493.114014 	501.197998 
46.800000 	123.210999 	494.000000 	493.114014 	501.197998 
46.900000 	123.210999 	494.000000 	493.114014 	501.197998 
47.000000 	123.210999 	494.000000 	493.114014 	501.197998 
47.100000 	123.210999 	494.000000 	493.114014 	501.197998 
47.200000 	123.210999 	494.000000 	493.114014 	501.197998 
47.300000 	123.210999 	494.000000 	493.114014 	501.197998 
47.400000 	123.210999 	494.000000 	493.114014 	501.197998 
47.500000 	123.218002 	494.000000 	493.109985 	501.216003 
47.600000 	123.218002 	494.000000 	493.109985 	501.216003 
47.700000 	123.218002 	494.000000 	493.109985 	501.216003 
47.800000 	123.218002 	494.000000 	493.109985 	501.216003 
47.900000 	123.218002 	494.000000 	493.109985 	501.216003 
48.000000 	123.218002 	494.000000 	493.109985 	501.216003 
48.100000 	123.218002 	494.000000 	493.109985 	501.216003 
48.200000 	123.218002 	494.000000 	493.109985 	501.216003 
48.300000 	123.218002 	494.000000 	493.109985 	501.216003 
48.400000 	123.218002 	494.000000 	493.109985 	501.216003 
48.500000 	123.224998 	494.000000 	493.105988 	501.234009 
48.600000 	123.224998 	494.000000 	493.105988 	501.234009 
48.700000 	123.224998 	494.000000 	493.105988 	501.234009 
48.800000 	123.224998 	494.000000 	493.105988 	501.234009 
48.900000 	123.224998 	494.000000 	493.105988 	501.234009 
49.000000 	123.224998 	494.000000 	493.105988 	501.234009 
49.100000 	123.224998 	494.000000 	493.105988 	501.234009 
49.200000 	123.224998 	494.000000 	493.105988 	501.234009 
49.300000 	123.224998 	494.000000 	493.105988 	501.234009 
49.400000 	123.224998 	494.000000 	493.105988 	501.234009 
49.500000 	123.232002 	494.000000 	493.101990 	501.252014 
49.600000 	123.232002 	494.000000 	493.101990 	501.252014 
49.700000 	123.232002 	494.000000 	493.101990 	501.252014 
49.800000 	123.232002 	494.000000 	493.101990 	501.252014 
49.900000 	123.232002 	494.000000 	493.101990 	501.252014 
50.000000 	123.232002 	494.000000 	493.101990 	501.252014 
50.100000 	123.232002 	494.000000 	493.101990 	501.252014 
50.200000 	123.232002 	494.000000 	493.101990 	501.252014 
50.300000 	123.232002 	494.000000 	493.101990 	501.252014 
50.400000 	123.232002 	494.000000 	493.101990 	501.252014 
50.500000 	123.238998 	494.000000 	493.096985 	1006.030029 
50.600000 	123.238998 	494.000000 	493.096985 	1006.030029 
50.700000 	123.238998 	494.000000 	493.096985 	1006.030029 
50.800000 	123.238998 	494.000000 	493.096985 	1006.030029 
50.900000 	123.238998 	494.000000 	493.096985 	1006.030029 
51.000000 	123.238998 	494.000000 	493.096985 	1006.030029 
51.100000 	123.238998 	494.000000 	493.096985 	1006.030029 
51.200000 	123.238998 	494.000000 	493.096985 	1006.030029 
51.300000 	123.238998 	494.000000 	493.096985 	1006.030029 
51.400000 	123.238998 	494.000000 	493.096985 	1006.030029 
51.500000 	123.246002 	494.000000 	493.092010 	1006.030029 
51.600000 	123.246002 	494.000000 	493.092010 	1006.030029 
51.700000 	123.246002 	494.000000 	493.092010 	1006.030029 
51.800000 	123.246002 	494.000000 	493.092010 	1006.030029 
51.900000 	123.246002 	494.000000 	493.092010 	1006.030029 
52.000000 	123.246002 	494.000000 	493.092010 	1006.030029 
52.100000 	123.246002 	494.000000 	493.092010 	1006.030029 
52.200000 	123.246002 	494.000000 	493.092010 	1006.030029 
52.300000 	123.246002 	494.000000 	493.092010 	1006.030029 
52.400000 	123.246002 	494.000000 	493.092010 	1006.030029 
52.500000 	123.251999 	494.000000 	493.088013 	1006.030029 
52.600000 	123.251999 	494.000000 	493.088013 	1006.030029 
52.700000 	123.251999 	494.000000 	493.088013 	1006.030029 
52.800000 	123.251999 	494.000000 	493.088013 	1006.030029 
52.900000 	123.251999 	494.000000 	493.088013 	1006.030029 
53.000000 	123.251999 	494.000000 	493.088013 	1006.030029 
53.100000 	123.251999 	494.000000 	493.088013 	1006.030029 
53.200000 	123.251999 	494.000000 	493.088013 	1006.030029 
53.300000 	123.251999 	494.000000 	493.088013 	1006.030029 
53.400000 	123.251999 	494.000000 	493.088013 	1006.030029 
53.500000 	123.259003 	494.000000 	493.083008 	1006.030029 
53.600000 	123.259003 	494.000000 	493.083008 	1006.030029 
53.700000 	123.259003 	494.000000 	493.083008 	1006.030029 
53.800000 	123.259003 	494.000000 	493.083008 	1006.030029 
53.900000 	123.259003 	494.000000 	493.083008 	1006.030029 
54.000000 	123.259003 	494.000000 	493.083008 	1006.030029 
54.100000 	123.259003 	494.000000 	493.083008 	1006.030029 
54.200000 	123.259003 	494.000000 	493.083008 	1006.030029 
54.300000 	123.259003 	494.000000 	493.083008 	1006.030029 
54.400000 	123.259003 	494.000000 	493.083008 	1006.030029 
54.500000 	123.264999 	494.000000 	493.078003 	1006.030029 
54.600000 	123.264999 	494.000000 	493.078003 	1006.030029 
54.700000 	123.264999 	494.000000 	493.078003 	1006.030029 
54.800000 	123.264999 	494.000000 	493.078003 	1006.030029 
54.900000 	123.264999 	494.000000 	493.078003 	1006.030029 
55.000000 	123.264999 	494.000000 	493.078003 	1006.030029 
55.100000 	123.264999 	494.000000 	493.078003 	1006.030029 
55.200000 	123.264999 	494.000000 	493.078003 	1006.030029 
55.300000 	123.264999 	494.000000 	493.078003 	1006.030029 
55.400000 	123.264999 	494.000000 	493.078003 	1006.030029 
55.500000 	123.271004 	494.000000 	493.071991 	1006.030029 
55.600000 	123.271004 	494.000000 	493.071991 	1006.030029 
55.700000 	123.271004 	494.000000 	493.071991 	1006.030029 
55.800000 	123.271004 	494.000000 	493.071991 	1006.030029 
55.900000 	123.271004 	494.000000 	493.071991 	1006.030029 
56.000000 	123.271004 	494.000000 	493.071991 	1006.030029 
56.100000 	123.271004 	494.000000 	493.071991 	1006.030029 
56.200000 	123.271004 	494.000000 	493.071991 	1006.030029 
56.300000 	123.271004 	494.000000 	493.071991 	1006.030029 
56.400000 	123.271004 	494.000000 	493.071991 	1006.030029 
56.500000 	123.277000 	494.000000 	493.066986 	1006.030029 
56.600000 	123.277000 	494.000000 	493.066986 	1006.030029 
56.700000 	123.277000 	494.000000 	493.066986 	1006.030029 
56.800000 	123.277000 	494.000000 	493.066986 	1006.030029 
56.900000 	123.277000 	494.000000 	493.066986 	1006.030029 
57.000000 	123.277000 	494.000000 	493.066986 	1006.030029 
57.100000 	123.277000 	494.000000 	493.066986 	1006.030029 
57.200000 	123.277000 	494.000000 	493.066986 	1006.030029 
57.300000 	123.277000 	494.000000 	493.066986 	1006.030029 
57.400000 	123.277000 	494.000000 	493.066986 	1006.030029 
57.500000 	123.282997 	494.000000 	493.061005 	1006.030029 
57.600000 	123.282997 	494.000000 	493.061005 	1006.030029 
57.700000 	123.282997 	494.000000 	493.061005 	1006.030029 
57.800000 	123.282997 	494.000000 	493.061005 	1006.030029 
57.900000 	123.282997 	494.000000 	493.061005 	1006.030029 
58.000000 	123.282997 	494.000000 	493.061005 	1006.030029 
58.100000 	123.282997 	494.000000 	493.061005 	1006.030029 
58.200000 	123.282997 	494.000000 	493.061005 	1006.030029 
58.300000 	123.282997 	494.000000 	493.061005 	1006.030029 
58.400000 	123.282997 	494.000000 	493.061005 	1006.030029 
58.500000 	123.288002 	494.000000 	493.056000 	1006.030029 
58.600000 	123.288002 	494.000000 	493.056000 	1006.030029 
58.700000 	123.288002 	494.000000 	493.056000 	1006.030029 
58.800000 	123.288002 	494.000000 	493.056000 	1006.030029 
58.900000 	123.288002 	494.000000 	493.056000 	1006.030029 
59.000000 	123.288002 	494.000000 	493.056000 	1006.030029 
59.100000 	123.288002 	494.000000 	493.056000 	1006.030029 
59.200000 	123.288002 	494.000000 	493.056000 	1006.030029 
59.300000 	123.288002 	494.000000 	493.056000 	1006.030029 
59.400000 	123.288002 	494.000000 	493.056000 	1006.030029 
59.500000 	123.293999 	494.000000 	493.049988 	1006.030029 
59.600000 	123.293999 	494.000000 	493.049988 	1006.030029 
59.700000 	123.293999 	494.000000 	493.049988 	1006.030029 
59.800000 	123.293999 	494.000000 	493.049988 	1006.030029 
59.900000 	123.293999 	494.000000 	493.049988 	1006.030029 
60.000000 	123.293999 	494.000000 	493.049988 	1006.030029 
