0.500000 	66.866600 	96.000000 	165.294006 	118.352997 
0.600000 	66.866600 	96.000000 	165.294006 	118.352997 
0.700000 	66.866600 	96.000000 	165.294006 	118.352997 
0.800000 	66.866600 	96.000000 	165.294006 	118.352997 
0.900000 	66.866600 	96.000000 	165.294006 	118.352997 
1.000000 	66.866600 	96.000000 	165.294006 	118.352997 
1.100000 	66.866600 	96.000000 	165.294006 	118.352997 
1.200000 	66.866600 	96.000000 	165.294006 	118.352997 
1.300000 	66.866600 	96.000000 	165.294006 	118.352997 
1.400000 	66.866600 	96.000000 	165.294006 	118.352997 
1.500000 	68.079697 	96.000000 	144.740005 	122.556000 
1.600000 	68.079697 	96.000000 	144.740005 	122.556000 
1.700000 	68.079697 	96.000000 	144.740005 	122.556000 
1.800000 	68.079697 	96.000000 	144.740005 	122.556000 
1.900000 	68.079697 	96.000000 	144.740005 	122.556000 
2.000000 	68.079697 	96.000000 	144.740005 	122.556000 
2.100000 	68.079697 	96.000000 	144.740005 	122.556000 
2.200000 	68.079697 	96.000000 	144.740005 	122.556000 
2.300000 	68.079697 	96.000000 	144.740005 	122.556000 
2.400000 	68.079697 	96.000000 	144.740005 	122.556000 
2.500000 	76.466499 	96.000000 	136.619995 	123.280998 
2.600000 	76.466499 	96.000000 	136.619995 	123.280998 
2.700000 	76.466499 	96.000000 	136.619995 	123.280998 
2.800000 	76.466499 	96.000000 	136.619995 	123.280998 
2.900000 	76.466499 	96.000000 	136.619995 	123.280998 
3.000000 	76.466499 	96.000000 	136.619995 	123.280998 
3.100000 	76.466499 	96.000000 	136.619995 	123.280998 
3.200000 	76.466499 	96.000000 	136.619995 	123.280998 
3.300000 	76.466499 	96.000000 	136.619995 	123.280998 
3.400000 	76.466499 	96.000000 	136.619995 	123.280998 
3.500000 	81.734200 	96.000000 	132.205994 	123.569000 
3.600000 	81.734200 	96.000000 	132.205994 	123.569000 
3.700000 	81.734200 	96.000000 	132.205994 	123.569000 
3.800000 	81.734200 	96.000000 	132.205994 	123.569000 
3.900000 	81.734200 	96.000000 	132.205994 	123.569000 
4.000000 	81.734200 	96.000000 	132.205994 	123.569000 
4.100000 	81.734200 	96.000000 	132.205994 	123.569000 
4.200000 	81.734200 	96.000000 	132.205994 	123.569000 
4.300000 	81.734200 	96.000000 	132.205994 	123.569000 
4.400000 	81.734200 	96.000000 	132.205994 	123.569000 
4.500000 	84.945198 	96.000000 	129.582001 	123.737000 
4.600000 	84.945198 	96.000000 	129.582001 	123.737000 
4.700000 	84.945198 	96.000000 	129.582001 	123.737000 
4.800000 	84.945198 	96.000000 	129.582001 	123.737000 
4.900000 	84.945198 	96.000000 	129.582001 	123.737000 
5.000000 	84.945198 	96.000000 	129.582001 	123.737000 
5.100000 	84.945198 	96.000000 	129.582001 	123.737000 
5.200000 	84.945198 	96.000000 	129.582001 	123.737000 
5.300000 	84.945198 	96.000000 	129.582001 	123.737000 
5.400000 	84.945198 	96.000000 	129.582001 	123.737000 
5.500000 	86.999702 	96.000000 	127.908997 	123.862000 
5.600000 	86.999702 	96.000000 	127.908997 	123.862000 
5.700000 	86.999702 	96.000000 	127.908997 	123.862000 
5.800000 	86.999702 	96.000000 	127.908997 	123.862000 
5.900000 	86.999702 	96.000000 	127.908997 	123.862000 
6.000000 	86.999702 	96.000000 	127.908997 	123.862000 
6.100000 	86.999702 	96.000000 	127.908997 	123.862000 
6.200000 	86.999702 	96.000000 	127.908997 	123.862000 
6.300000 	86.999702 	96.000000 	127.908997 	123.862000 
6.400000 	86.999702 	96.000000 	127.908997 	123.862000 
6.500000 	88.380203 	96.000000 	126.788002 	123.969002 
6.600000 	88.380203 	96.000000 	126.788002 	123.969002 
6.700000 	88.380203 	96.000000 	126.788002 	123.969002 
6.800000 	88.380203 	96.000000 	126.788002 	123.969002 
6.900000 	88.380203 	96.000000 	126.788002 	123.969002 
7.000000 	88.380203 	96.000000 	126.788002 	123.969002 
7.100000 	88.380203 	96.000000 	126.788002 	123.969002 
7.200000 	88.380203 	96.000000 	126.788002 	123.969002 
7.300000 	88.380203 	96.000000 	126.788002 	123.969002 
7.400000 	88.380203 	96.000000 	126.788002 	123.969002 
7.500000 	89.347198 	96.000000 	126.004997 	124.068001 
7.600000 	89.347198 	96.000000 	126.004997 	124.068001 
7.700000 	89.347198 	96.000000 	126.004997 	124.068001 
7.800000 	89.347198 	96.000000 	126.004997 	124.068001 
7.900000 	89.347198 	96.000000 	126.004997 	124.068001 
8.000000 	89.347198 	96.000000 	126.004997 	124.068001 
8.100000 	89.347198 	96.000000 	126.004997 	124.068001 
8.200000 	89.347198 	96.000000 	126.004997 	124.068001 
8.300000 	89.347198 	96.000000 	126.004997 	124.068001 
8.400000 	89.347198 	96.000000 	126.004997 	124.068001 
8.500000 	90.048500 	96.000000 	125.440002 	124.165001 
8.600000 	90.048500 	96.000000 	125.440002 	124.165001 
8.700000 	90.048500 	96.000000 	125.440002 	124.165001 
8.800000 	90.048500 	96.000000 	125.440002 	124.165001 
8.900000 	90.048500 	96.000000 	125.440002 	124.165001 
9.000000 	90.048500 	96.000000 	125.440002 	124.165001 
9.100000 	90.048500 	96.000000 	125.440002 	124.165001 
9.200000 	90.048500 	96.000000 	125.440002 	124.165001 
9.300000 	90.048500 	96.000000 	125.440002 	124.165001 
9.400000 	90.048500 	96.000000 	125.440002 	124.165001 
9.500000 	90.572304 	96.000000 	125.022003 	124.263000 
9.600000 	90.572304 	96.000000 	125.022003 	124.263000 
9.700000 	90.572304 	96.000000 	125.022003 	124.263000 
9.800000 	90.572304 	96.000000 	125.022003 	124.263000 
9.900000 	90.572304 	96.000000 	125.022003 	124.263000 
10.000000 	90.572304 	96.000000 	125.022003 	124.263000 
10.100000 	90.572304 	96.000000 	125.022003 	124.263000 
10.200000 	90.572304 	96.000000 	125.022003 	124.263000 
10.300000 	90.572304 	96.000000 	125.022003 	124.263000 
10.400000 	90.572304 	96.000000 	125.022003 	124.263000 
10.500000 	90.973198 	96.000000 	124.704002 	124.362000 
10.600000 	90.973198 	96.000000 	124.704002 	124.362000 
10.700000 	90.973198 	96.000000 	124.704002 	124.362000 
10.800000 	90.973198 	96.000000 	124.704002 	124.362000 
10.900000 	90.973198 	96.000000 	124.704002 	124.362000 
11.000000 	90.973198 	96.000000 	124.704002 	124.362000 
11.100000 	90.973198 	96.000000 	124.704002 	124.362000 
11.200000 	90.973198 	96.000000 	124.704002 	124.362000 
11.300000 	90.973198 	96.000000 	124.704002 	124.362000 
11.400000 	90.973198 	96.000000 	124.704002 	124.362000 
11.500000 	91.286697 	96.000000 	124.459000 	124.462997 
11.600000 	91.286697 	96.000000 	124.459000 	124.462997 
11.700000 	91.286697 	96.000000 	124.459000 	124.462997 
11.800000 	91.286697 	96.000000 	124.459000 	124.462997 
11.900000 	91.286697 	96.000000 	124.459000 	124.462997 
12.000000 	91.286697 	96.000000 	124.459000 	124.462997 
12.100000 	91.286697 	96.000000 	124.459000 	124.462997 
12.200000 	91.286697 	96.000000 	124.459000 	124.462997 
12.300000 	91.286697 	96.000000 	124.459000 	124.462997 
12.400000 	91.286697 	96.000000 	124.459000 	124.462997 
12.500000 	91.536201 	96.000000 	124.264999 	124.567001 
12.600000 	91.536201 	96.000000 	124.264999 	124.567001 
12.700000 	91.536201 	96.000000 	124.264999 	124.567001 
12.800000 	91.536201 	96.000000 	124.264999 	124.567001 
12.900000 	91.536201 	96.000000 	124.264999 	124.567001 
13.000000 	91.536201 	96.000000 	124.264999 	124.567001 
13.100000 	91.536201 	96.000000 	124.264999 	124.567001 
13.200000 	91.536201 	96.000000 	124.264999 	124.567001 
13.300000 	91.536201 	96.000000 	124.264999 	124.567001 
13.400000 	91.536201 	96.000000 	124.264999 	124.567001 
13.500000 	91.737999 	96.000000 	124.111000 	124.672997 
13.600000 	91.737999 	96.000000 	124.111000 	124.672997 
13.700000 	91.737999 	96.000000 	124.111000 	124.672997 
13.800000 	91.737999 	96.000000 	124.111000 	124.672997 
13.900000 	91.737999 	96.000000 	124.111000 	124.672997 
14.000000 	91.737999 	96.000000 	124.111000 	124.672997 
14.100000 	91.737999 	96.000000 	124.111000 	124.672997 
14.200000 	91.737999 	96.000000 	124.111000 	124.672997 
14.300000 	91.737999 	96.000000 	124.111000 	124.672997 
14.400000 	91.737999 	96.000000 	124.111000 	124.672997 
14.500000 	91.903603 	96.000000 	123.987000 	124.781998 
14.600000 	91.903603 	96.000000 	123.987000 	124.781998 
14.700000 	91.903603 	96.000000 	123.987000 	124.781998 
14.800000 	91.903603 	96.000000 	123.987000 	124.781998 
14.900000 	91.903603 	96.000000 	123.987000 	124.781998 
15.000000 	91.903603 	96.000000 	123.987000 	124.781998 
15.100000 	91.903603 	96.000000 	123.987000 	124.781998 
15.200000 	91.903603 	96.000000 	123.987000 	124.781998 
15.300000 	91.903603 	96.000000 	123.987000 	124.781998 
15.400000 	91.903603 	96.000000 	123.987000 	124.781998 
15.500000 	92.041000 	96.000000 	123.886002 	124.893997 
15.600000 	92.041000 	96.000000 	123.886002 	124.893997 
15.700000 	92.041000 	96.000000 	123.886002 	124.893997 
15.800000 	92.041000 	96.000000 	123.886002 	124.893997 
15.900000 	92.041000 	96.000000 	123.886002 	124.893997 
16.000000 	92.041000 	96.000000 	123.886002 	124.893997 
16.100000 	92.041000 	96.000000 	123.886002 	124.893997 
16.200000 	92.041000 	96.000000 	123.886002 	124.893997 
16.300000 	92.041000 	96.000000 	123.886002 	124.893997 
16.400000 	92.041000 	96.000000 	123.886002 	124.893997 
16.500000 	92.156303 	96.000000 	123.803001 	125.009003 
16.600000 	92.156303 	96.000000 	123.803001 	125.009003 
16.700000 	92.156303 	96.000000 	123.803001 	125.009003 
16.800000 	92.156303 	96.000000 	123.803001 	125.009003 
16.900000 	92.156303 	96.000000 	123.803001 	125.009003 
17.000000 	92.156303 	96.000000 	123.803001 	125.009003 
17.100000 	92.156303 	96.000000 	123.803001 	125.009003 
17.200000 	92.156303 	96.000000 	123.803001 	125.009003 
17.300000 	92.156303 	96.000000 	123.803001 	125.009003 
17.400000 	92.156303 	96.000000 	123.803001 	125.009003 
17.500000 	92.253998 	96.000000 	123.734001 	125.125000 
17.600000 	92.253998 	96.000000 	123.734001 	125.125000 
17.700000 	92.253998 	96.000000 	123.734001 	125.125000 
17.800000 	92.253998 	96.000000 	123.734001 	125.125000 
17.900000 	92.253998 	96.000000 	123.734001 	125.125000 
18.000000 	92.253998 	96.000000 	123.734001 	125.125000 
18.100000 	92.253998 	96.000000 	123.734001 	125.125000 
18.200000 	92.253998 	96.000000 	123.734001 	125.125000 
18.300000 	92.253998 	96.000000 	123.734001 	125.125000 
18.400000 	92.253998 	96.000000 	123.734001 	125.125000 
18.500000 	92.337502 	96.000000 	123.676003 	125.245003 
18.600000 	92.337502 	96.000000 	123.676003 	125.245003 
18.700000 	92.337502 	96.000000 	123.676003 	125.245003 
18.800000 	92.337502 	96.000000 	123.676003 	125.245003 
18.900000 	92.337502 	96.000000 	123.676003 	125.245003 
19.000000 	92.337502 	96.000000 	123.676003 	125.245003 
19.100000 	92.337502 	96.000000 	123.676003 	125.245003 
19.200000 	92.337502 	96.000000 	123.676003 	125.245003 
19.300000 	92.337502 	96.000000 	123.676003 	125.245003 
19.400000 	92.337502 	96.000000 	123.676003 	125.245003 
19.500000 	92.409302 	96.000000 	123.627998 	125.365997 
19.600000 	92.409302 	96.000000 	123.627998 	125.365997 
19.700000 	92.409302 	96.000000 	123.627998 	125.365997 
19.800000 	92.409302 	96.000000 	123.627998 	125.365997 
19.900000 	92.409302 	96.000000 	123.627998 	125.365997 
20.000000 	92.409302 	96.000000 	123.627998 	125.365997 
20.100000 	92.409302 	96.000000 	123.627998 	125.365997 
20.200000 	92.409302 	96.000000 	123.627998 	125.365997 
20.300000 	92.409302 	96.000000 	123.627998 	125.365997 
20.400000 	92.409302 	96.000000 	123.627998 	125.365997 
20.500000 	92.471603 	96.000000 	123.587997 	125.487999 
20.600000 	92.471603 	96.000000 	123.587997 	125.487999 
20.700000 	92.471603 	96.000000 	123.587997 	125.487999 
20.800000 	92.471603 	96.000000 	123.587997 	125.487999 
20.900000 	92.471603 	96.000000 	123.587997 	125.487999 
21.000000 	92.471603 	96.000000 	123.587997 	125.487999 
21.100000 	92.471603 	96.000000 	123.587997 	125.487999 
21.200000 	92.471603 	96.000000 	123.587997 	125.487999 
21.300000 	92.471603 	96.000000 	123.587997 	125.487999 
21.400000 	92.471603 	96.000000 	123.587997 	125.487999 
21.500000 	92.525902 	96.000000 	123.553001 	125.612000 
21.600000 	92.525902 	96.000000 	123.553001 	125.612000 
21.700000 	92.525902 	96.000000 	123.553001 	125.612000 
21.800000 	92.525902 	96.000000 	123.553001 	125.612000 
21.900000 	92.525902 	96.000000 	123.553001 	125.612000 
22.000000 	92.525902 	96.000000 	123.553001 	125.612000 
22.100000 	92.525902 	96.000000 	123.553001 	125.612000 
22.200000 	92.525902 	96.000000 	123.553001 	125.612000 
22.300000 	92.525902 	96.000000 	123.553001 	125.612000 
22.400000 	92.525902 	96.000000 	123.553001 	125.612000 
22.500000 	92.573601 	96.000000 	123.525002 	125.737000 
22.600000 	92.573601 	96.000000 	123.525002 	125.737000 
22.700000 	92.573601 	96.000000 	123.525002 	125.737000 
22.800000 	92.573601 	96.000000 	123.525002 	125.737000 
22.900000 	92.573601 	96.000000 	123.525002 	125.737000 
23.000000 	92.573601 	96.000000 	123.525002 	125.737000 
23.100000 	92.573601 	96.000000 	123.525002 	125.737000 
23.200000 	92.573601 	96.000000 	123.525002 	125.737000 
23.300000 	92.573601 	96.000000 	123.525002 	125.737000 
23.400000 	92.573601 	96.000000 	123.525002 	125.737000 
23.500000 	92.615601 	96.000000 	123.500000 	125.862999 
23.600000 	92.615601 	96.000000 	123.500000 	125.862999 
23.700000 	92.615601 	96.000000 	123.500000 	125.862999 
23.800000 	92.615601 	96.000000 	123.500000 	125.862999 
23.900000 	92.615601 	96.000000 	123.500000 	125.862999 
24.000000 	92.615601 	96.000000 	123.500000 	125.862999 
24.100000 	92.615601 	96.000000 	123.500000 	125.862999 
24.200000 	92.615601 	96.000000 	123.500000 	125.862999 
24.300000 	92.615601 	96.000000 	123.500000 	125.862999 
24.400000 	92.615601 	96.000000 	123.500000 	125.862999 
24.500000 	92.652702 	96.000000 	123.478996 	125.989998 
24.600000 	92.652702 	96.000000 	123.478996 	125.989998 
24.700000 	92.652702 	96.000000 	123.478996 	125.989998 
24.800000 	92.652702 	96.000000 	123.478996 	125.989998 
24.900000 	92.652702 	96.000000 	123.478996 	125.989998 
25.000000 	92.652702 	96.000000 	123.478996 	125.989998 
25.100000 	92.652702 	96.000000 	123.478996 	125.989998 
25.200000 	92.652702 	96.000000 	123.478996 	125.989998 
25.300000 	92.652702 	96.000000 	123.478996 	125.989998 
25.400000 	92.652702 	96.000000 	123.478996 	125.989998 
25.500000 	92.685799 	96.000000 	123.461998 	126.117996 
25.600000 	92.685799 	96.000000 	123.461998 	126.117996 
25.700000 	92.685799 	96.000000 	123.461998 	126.117996 
25.800000 	92.685799 	96.000000 	123.461998 	126.117996 
25.900000 	92.685799 	96.000000 	123.461998 	126.117996 
26.000000 	92.685799 	96.000000 	123.461998 	126.117996 
26.100000 	92.685799 	96.000000 	123.461998 	126.117996 
26.200000 	92.685799 	96.000000 	123.461998 	126.117996 
26.300000 	92.685799 	96.000000 	123.461998 	126.117996 
26.400000 	92.685799 	96.000000 	123.461998 	126.117996 
26.500000 	92.715202 	96.000000 	123.446999 	126.247002 
26.600000 	92.715202 	96.000000 	123.446999 	126.247002 
26.700000 	92.715202 	96.000000 	123.446999 	126.247002 
26.800000 	92.715202 	96.000000 	123.446999 	126.247002 
26.900000 	92.715202 	96.000000 	123.446999 	126.247002 
27.000000 	92.715202 	96.000000 	123.446999 	126.247002 
27.100000 	92.715202 	96.000000 	123.446999 	126.247002 
27.200000 	92.715202 	96.000000 	123.446999 	126.247002 
27.300000 	92.715202 	96.000000 	123.446999 	126.247002 
27.400000 	92.715202 	96.000000 	123.446999 	126.247002 
27.500000 	92.741501 	96.000000 	123.434998 	126.376999 
27.600000 	92.741501 	96.000000 	123.434998 	126.376999 
27.700000 	92.741501 	96.000000 	123.434998 	126.376999 
27.800000 	92.741501 	96.000000 	123.434998 	126.376999 
27.900000 	92.741501 	96.000000 	123.434998 	126.376999 
28.000000 	92.741501 	96.000000 	123.434998 	126.376999 
28.100000 	92.741501 	96.000000 	123.434998 	126.376999 
28.200000 	92.741501 	96.000000 	123.434998 	126.376999 
28.300000 	92.741501 	96.000000 	123.434998 	126.376999 
28.400000 	92.741501 	96.000000 	123.434998 	126.376999 
28.500000 	92.765198 	96.000000 	123.424004 	126.505997 
28.600000 	92.765198 	96.000000 	123.424004 	126.505997 
28.700000 	92.765198 	96.000000 	123.424004 	126.505997 
28.800000 	92.765198 	96.000000 	123.424004 	126.505997 
28.900000 	92.765198 	96.000000 	123.424004 	126.505997 
29.000000 	92.765198 	96.000000 	123.424004 	126.505997 
29.100000 	92.765198 	96.000000 	123.424004 	126.505997 
29.200000 	92.765198 	96.000000 	123.424004 	126.505997 
29.300000 	92.765198 	96.000000 	123.424004 	126.505997 
29.400000 	92.765198 	96.000000 	123.424004 	126.505997 
29.500000 	92.786400 	96.000000 	123.416000 	126.637001 
29.600000 	92.786400 	96.000000 	123.416000 	126.637001 
29.700000 	92.786400 	96.000000 	123.416000 	126.637001 
29.800000 	92.786400 	96.000000 	123.416000 	126.637001 
29.900000 	92.786400 	96.000000 	123.416000 	126.637001 
30.000000 	92.786400 	96.000000 	123.416000 	126.637001 
30.100000 	92.786400 	96.000000 	123.416000 	126.637001 
30.200000 	92.786400 	96.000000 	123.416000 	126.637001 
30.300000 	92.786400 	96.000000 	123.416000 	126.637001 
30.400000 	92.786400 	96.000000 	123.416000 	126.637001 
30.500000 	92.805603 	96.000000 	123.408997 	126.766998 
30.600000 	92.805603 	96.000000 	123.408997 	126.766998 
30.700000 	92.805603 	96.000000 	123.408997 	126.766998 
30.800000 	92.805603 	96.000000 	123.408997 	126.766998 
30.900000 	92.805603 	96.000000 	123.408997 	126.766998 
31.000000 	92.805603 	96.000000 	123.408997 	126.766998 
31.100000 	92.805603 	96.000000 	123.408997 	126.766998 
31.200000 	92.805603 	96.000000 	123.408997 	126.766998 
31.300000 	92.805603 	96.000000 	123.408997 	126.766998 
31.400000 	92.805603 	96.000000 	123.408997 	126.766998 
31.500000 	92.822800 	96.000000 	123.403000 	126.898003 
31.600000 	92.822800 	96.000000 	123.403000 	126.898003 
31.700000 	92.822800 	96.000000 	123.403000 	126.898003 
31.800000 	92.822800 	96.000000 	123.403000 	126.898003 
31.900000 	92.822800 	96.000000 	123.403000 	126.898003 
32.000000 	92.822800 	96.000000 	123.403000 	126.898003 
32.100000 	92.822800 	96.000000 	123.403000 	126.898003 
32.200000 	92.822800 	96.000000 	123.403000 	126.898003 
32.300000 	92.822800 	96.000000 	123.403000 	126.898003 
32.400000 	92.822800 	96.000000 	123.403000 	126.898003 
32.500000 	92.838501 	96.000000 	123.398003 	127.028999 
32.600000 	92.838501 	96.000000 	123.398003 	127.028999 
32.700000 	92.838501 	96.000000 	123.398003 	127.028999 
32.800000 	92.838501 	96.000000 	123.398003 	127.028999 
32.900000 	92.838501 	96.000000 	123.398003 	127.028999 
33.000000 	92.838501 	96.000000 	123.398003 	127.028999 
33.100000 	92.838501 	96.000000 	123.398003 	127.028999 
33.200000 	92.838501 	96.000000 	123.398003 	127.028999 
33.300000 	92.838501 	96.000000 	123.398003 	127.028999 
33.400000 	92.838501 	96.000000 	123.398003 	127.028999 
33.500000 	92.852600 	96.000000 	123.394997 	127.160004 
33.600000 	92.852600 	96.000000 	123.394997 	127.160004 
33.700000 	92.852600 	96.000000 	123.394997 	127.160004 
33.800000 	92.852600 	96.000000 	123.394997 	127.160004 
33.900000 	92.852600 	96.000000 	123.394997 	127.160004 
34.000000 	92.852600 	96.000000 	123.394997 	127.160004 
34.100000 	92.852600 	96.000000 	123.394997 	127.160004 
34.200000 	92.852600 	96.000000 	123.394997 	127.160004 
34.300000 	92.852600 	96.000000 	123.394997 	127.160004 
34.400000 	92.852600 	96.000000 	123.394997 	127.160004 
34.500000 	92.865402 	96.000000 	123.391998 	127.290001 
34.600000 	92.865402 	96.000000 	123.391998 	127.290001 
34.700000 	92.865402 	96.000000 	123.391998 	127.290001 
34.800000 	92.865402 	96.000000 	123.391998 	127.290001 
34.900000 	92.865402 	96.000000 	123.391998 	127.290001 
35.000000 	92.865402 	96.000000 	123.391998 	127.290001 
35.100000 	92.865402 	96.000000 	123.391998 	127.290001 
35.200000 	92.865402 	96.000000 	123.391998 	127.290001 
35.300000 	92.865402 	96.000000 	123.391998 	127.290001 
35.400000 	92.865402 	96.000000 	123.391998 	127.290001 
35.500000 	92.876999 	96.000000 	123.389999 	127.420998 
35.600000 	92.876999 	96.000000 	123.389999 	127.420998 
35.700000 	92.876999 	96.000000 	123.389999 	127.420998 
35.800000 	92.876999 	96.000000 	123.389999 	127.420998 
35.900000 	92.876999 	96.000000 	123.389999 	127.420998 
36.000000 	92.876999 	96.000000 	123.389999 	127.420998 
36.100000 	92.876999 	96.000000 	123.389999 	127.420998 
36.200000 	92.876999 	96.000000 	123.389999 	127.420998 
36.300000 	92.876999 	96.000000 	123.389999 	127.420998 
36.400000 	92.876999 	96.000000 	123.389999 	127.420998 
36.500000 	92.887604 	96.000000 	123.388000 	127.551003 
36.600000 	92.887604 	96.000000 	123.388000 	127.551003 
36.700000 	92.887604 	96.000000 	123.388000 	127.551003 
36.800000 	92.887604 	96.000000 	123.388000 	127.551003 
36.900000 	92.887604 	96.000000 	123.388000 	127.551003 
37.000000 	92.887604 	96.000000 	123.388000 	127.551003 
37.100000 	92.887604 	96.000000 	123.388000 	127.551003 
37.200000 	92.887604 	96.000000 	123.388000 	127.551003 
37.300000 	92.887604 	96.000000 	123.388000 	127.551003 
37.400000 	92.887604 	96.000000 	123.388000 	127.551003 
37.500000 	92.897102 	96.000000 	123.388000 	127.681000 
37.600000 	92.897102 	96.000000 	123.388000 	127.681000 
37.700000 	92.897102 	96.000000 	123.388000 	127.681000 
37.800000 	92.897102 	96.000000 	123.388000 	127.681000 
37.900000 	92.897102 	96.000000 	123.388000 	127.681000 
38.000000 	92.897102 	96.000000 	123.388000 	127.681000 
38.100000 	92.897102 	96.000000 	123.388000 	127.681000 
38.200000 	92.897102 	96.000000 	123.388000 	127.681000 
38.300000 	92.897102 	96.000000 	123.388000 	127.681000 
38.400000 	92.897102 	96.000000 	123.388000 	127.681000 
38.500000 	92.905800 	96.000000 	123.387001 	127.809998 
38.600000 	92.905800 	96.000000 	123.387001 	127.809998 
38.700000 	92.905800 	96.000000 	123.387001 	127.809998 
38.800000 	92.905800 	96.000000 	123.387001 	127.809998 
38.900000 	92.905800 	96.000000 	123.387001 	127.809998 
39.000000 	92.905800 	96.000000 	123.387001 	127.809998 
39.100000 	92.905800 	96.000000 	123.387001 	127.809998 
39.200000 	92.905800 	96.000000 	123.387001 	127.809998 
39.300000 	92.905800 	96.000000 	123.387001 	127.809998 
39.400000 	92.905800 	96.000000 	123.387001 	127.809998 
39.500000 	92.913696 	96.000000 	123.388000 	127.940002 
39.600000 	92.913696 	96.000000 	123.388000 	127.940002 
39.700000 	92.913696 	96.000000 	123.388000 	127.940002 
39.800000 	92.913696 	96.000000 	123.388000 	127.940002 
39.900000 	92.913696 	96.000000 	123.388000 	127.940002 
40.000000 	92.913696 	96.000000 	123.388000 	127.940002 
40.100000 	92.913696 	96.000000 	123.388000 	127.940002 
40.200000 	92.913696 	96.000000 	123.388000 	127.940002 
40.300000 	92.913696 	96.000000 	123.388000 	127.940002 
40.400000 	92.913696 	96.000000 	123.388000 	127.940002 
40.500000 	92.920898 	96.000000 	123.388000 	128.067993 
40.600000 	92.920898 	96.000000 	123.388000 	128.067993 
40.700000 	92.920898 	96.000000 	123.388000 	128.067993 
40.800000 	92.920898 	96.000000 	123.388000 	128.067993 
40.900000 	92.920898 	96.000000 	123.388000 	128.067993 
41.000000 	92.920898 	96.000000 	123.388000 	128.067993 
41.100000 	92.920898 	96.000000 	123.388000 	128.067993 
41.200000 	92.920898 	96.000000 	123.388000 	128.067993 
41.300000 	92.920898 	96.000000 	123.388000 	128.067993 
41.400000 	92.920898 	96.000000 	123.388000 	128.067993 
41.500000 	92.927399 	96.000000 	123.389000 	128.195999 
41.600000 	92.927399 	96.000000 	123.389000 	128.195999 
41.700000 	92.927399 	96.000000 	123.389000 	128.195999 
41.800000 	92.927399 	96.000000 	123.389000 	128.195999 
41.900000 	92.927399 	96.000000 	123.389000 	128.195999 
42.000000 	92.927399 	96.000000 	123.389000 	128.195999 
42.100000 	92.927399 	96.000000 	123.389000 	128.195999 
42.200000 	92.927399 	96.000000 	123.389000 	128.195999 
42.300000 	92.927399 	96.000000 	123.389000 	128.195999 
42.400000 	92.927399 	96.000000 	123.389000 	128.195999 
42.500000 	92.933403 	96.000000 	123.389999 	128.324005 
42.600000 	92.933403 	96.000000 	123.389999 	128.324005 
42.700000 	92.933403 	96.000000 	123.389999 	128.324005 
42.800000 	92.933403 	96.000000 	123.389999 	128.324005 
42.900000 	92.933403 	96.000000 	123.389999 	128.324005 
43.000000 	92.933403 	96.000000 	123.389999 	128.324005 
43.100000 	92.933403 	96.000000 	123.389999 	128.324005 
43.200000 	92.933403 	96.000000 	123.389999 	128.324005 
43.300000 	92.933403 	96.000000 	123.389999 	128.324005 
43.400000 	92.933403 	96.000000 	123.389999 	128.324005 
43.500000 	92.939003 	96.000000 	123.389999 	128.449997 
43.600000 	92.939003 	96.000000 	123.389999 	128.449997 
43.700000 	92.939003 	96.000000 	123.389999 	128.449997 
43.800000 	92.939003 	96.000000 	123.389999 	128.449997 
43.900000 	92.939003 	96.000000 	123.389999 	128.449997 
44.000000 	92.939003 	96.000000 	123.389999 	128.449997 
44.100000 	92.939003 	96.000000 	123.389999 	128.449997 
44.200000 	92.939003 	96.000000 	123.389999 	128.449997 
44.300000 	92.939003 	96.000000 	123.389999 	128.449997 
44.400000 	92.939003 	96.000000 	123.389999 	128.449997 
44.500000 	92.944603 	96.000000 	123.389999 	128.576004 
44.600000 	92.944603 	96.000000 	123.389999 	128.576004 
44.700000 	92.944603 	96.000000 	123.389999 	128.576004 
44.800000 	92.944603 	96.000000 	123.389999 	128.576004 
44.900000 	92.944603 	96.000000 	123.389999 	128.576004 
45.000000 	92.944603 	96.000000 	123.389999 	128.576004 
45.100000 	92.944603 	96.000000 	123.389999 	128.576004 
45.200000 	92.944603 	96.000000 	123.389999 	128.576004 
45.300000 	92.944603 	96.000000 	123.389999 	128.576004 
45.400000 	92.944603 	96.000000 	123.389999 	128.576004 
45.500000 	92.948799 	96.000000 	123.391998 	128.701996 
45.600000 	92.948799 	96.000000 	123.391998 	128.701996 
45.700000 	92.948799 	96.000000 	123.391998 	128.701996 
45.800000 	92.948799 	96.000000 	123.391998 	128.701996 
45.900000 	92.948799 	96.000000 	123.391998 	128.701996 
46.000000 	92.948799 	96.000000 	123.391998 	128.701996 
46.100000 	92.948799 	96.000000 	123.391998 	128.701996 
46.200000 	92.948799 	96.000000 	123.391998 	128.701996 
46.300000 	92.948799 	96.000000 	123.391998 	128.701996 
46.400000 	92.948799 	96.000000 	123.391998 	128.701996 
46.500000 	92.952499 	96.000000 	123.394997 	128.826004 
46.600000 	92.952499 	96.000000 	123.394997 	128.826004 
46.700000 	92.952499 	96.000000 	123.394997 	128.826004 
46.800000 	92.952499 	96.000000 	123.394997 	128.826004 
46.900000 	92.952499 	96.000000 	123.394997 	128.826004 
47.000000 	92.952499 	96.000000 	123.394997 	128.826004 
47.100000 	92.952499 	96.000000 	123.394997 	128.826004 
47.200000 	92.952499 	96.000000 	123.394997 	128.826004 
47.300000 	92.952499 	96.000000 	123.394997 	128.826004 
47.400000 	92.952499 	96.000000 	123.394997 	128.826004 
47.500000 	92.955704 	96.000000 	123.398003 	128.949997 
47.600000 	92.955704 	96.000000 	123.398003 	128.949997 
47.700000 	92.955704 	96.000000 	123.398003 	128.949997 
47.800000 	92.955704 	96.000000 	123.398003 	128.949997 
47.900000 	92.955704 	96.000000 	123.398003 	128.949997 
48.000000 	92.955704 	96.000000 	123.398003 	128.949997 
48.100000 	92.955704 	96.000000 	123.398003 	128.949997 
48.200000 	92.955704 	96.000000 	123.398003 	128.949997 
48.300000 	92.955704 	96.000000 	123.398003 	128.949997 
48.400000 	92.955704 	96.000000 	123.398003 	128.949997 
48.500000 	92.958603 	96.000000 	123.401001 	129.072998 
48.600000 	92.958603 	96.000000 	123.401001 	129.072998 
48.700000 	92.958603 	96.000000 	123.401001 	129.072998 
48.800000 	92.958603 	96.000000 	123.401001 	129.072998 
48.900000 	92.958603 	96.000000 	123.401001 	129.072998 
49.000000 	92.958603 	96.000000 	123.401001 	129.072998 
49.100000 	92.958603 	96.000000 	123.401001 	129.072998 
49.200000 	92.958603 	96.000000 	123.401001 	129.072998 
49.300000 	92.958603 	96.000000 	123.401001 	129.072998 
49.400000 	92.958603 	96.000000 	123.401001 	129.072998 
49.500000 	92.960999 	96.000000 	123.403999 	129.195007 
49.600000 	92.960999 	96.000000 	123.403999 	129.195007 
49.700000 	92.960999 	96.000000 	123.403999 	129.195007 
49.800000 	92.960999 	96.000000 	123.403999 	129.195007 
49.900000 	92.960999 	96.000000 	123.403999 	129.195007 
50.000000 	92.960999 	96.000000 	123.403999 	129.195007 
50.100000 	92.960999 	96.000000 	123.403999 	129.195007 
50.200000 	92.960999 	96.000000 	123.403999 	129.195007 
50.300000 	92.960999 	96.000000 	123.403999 	129.195007 
50.400000 	92.960999 	96.000000 	123.403999 	129.195007 
50.500000 	92.963097 	96.000000 	123.407997 	1006.030029 
50.600000 	92.963097 	96.000000 	123.407997 	1006.030029 
50.700000 	92.963097 	96.000000 	123.407997 	1006.030029 
50.800000 	92.963097 	96.000000 	123.407997 	1006.030029 
50.900000 	92.963097 	96.000000 	123.407997 	1006.030029 
51.000000 	92.963097 	96.000000 	123.407997 	1006.030029 
51.100000 	92.963097 	96.000000 	123.407997 	1006.030029 
51.200000 	92.963097 	96.000000 	123.407997 	1006.030029 
51.300000 	92.963097 	96.000000 	123.407997 	1006.030029 
51.400000 	92.963097 	96.000000 	123.407997 	1006.030029 
51.500000 	92.964798 	96.000000 	123.411003 	1006.030029 
51.600000 	92.964798 	96.000000 	123.411003 	1006.030029 
51.700000 	92.964798 	96.000000 	123.411003 	1006.030029 
51.800000 	92.964798 	96.000000 	123.411003 	1006.030029 
51.900000 	92.964798 	96.000000 	123.411003 	1006.030029 
52.000000 	92.964798 	96.000000 	123.411003 	1006.030029 
52.100000 	92.964798 	96.000000 	123.411003 	1006.030029 
52.200000 	92.964798 	96.000000 	123.411003 	1006.030029 
52.300000 	92.964798 	96.000000 	123.411003 	1006.030029 
52.400000 	92.964798 	96.000000 	123.411003 	1006.030029 
52.500000 	92.966202 	96.000000 	123.415001 	1006.030029 
52.600000 	92.966202 	96.000000 	123.415001 	1006.030029 
52.700000 	92.966202 	96.000000 	123.415001 	1006.030029 
52.800000 	92.966202 	96.000000 	123.415001 	1006.030029 
52.900000 	92.966202 	96.000000 	123.415001 	1006.030029 
53.000000 	92.966202 	96.000000 	123.415001 	1006.030029 
53.100000 	92.966202 	96.000000 	123.415001 	1006.030029 
53.200000 	92.966202 	96.000000 	123.415001 	1006.030029 
53.300000 	92.966202 	96.000000 	123.415001 	1006.030029 
53.400000 	92.966202 	96.000000 	123.415001 	1006.030029 
53.500000 	92.967201 	96.000000 	123.418999 	1006.030029 
53.600000 	92.967201 	96.000000 	123.418999 	1006.030029 
53.700000 	92.967201 	96.000000 	123.418999 	1006.030029 
53.800000 	92.967201 	96.000000 	123.418999 	1006.030029 
53.900000 	92.967201 	96.000000 	123.418999 	1006.030029 
54.000000 	92.967201 	96.000000 	123.418999 	1006.030029 
54.100000 	92.967201 	96.000000 	123.418999 	1006.030029 
54.200000 	92.967201 	96.000000 	123.418999 	1006.030029 
54.300000 	92.967201 	96.000000 	123.418999 	1006.030029 
54.400000 	92.967201 	96.000000 	123.418999 	1006.030029 
54.500000 	92.967903 	96.000000 	123.422997 	1006.030029 
54.600000 	92.967903 	96.000000 	123.422997 	1006.030029 
54.700000 	92.967903 	96.000000 	123.422997 	1006.030029 
54.800000 	92.967903 	96.000000 	123.422997 	1006.030029 
54.900000 	92.967903 	96.000000 	123.422997 	1006.030029 
55.000000 	92.967903 	96.000000 	123.422997 	1006.030029 
55.100000 	92.967903 	96.000000 	123.422997 	1006.030029 
55.200000 	92.967903 	96.000000 	123.422997 	1006.030029 
55.300000 	92.967903 	96.000000 	123.422997 	1006.030029 
55.400000 	92.967903 	96.000000 	123.422997 	1006.030029 
55.500000 	92.968399 	96.000000 	123.427002 	1006.030029 
55.600000 	92.968399 	96.000000 	123.427002 	1006.030029 
55.700000 	92.968399 	96.000000 	123.427002 	1006.030029 
55.800000 	92.968399 	96.000000 	123.427002 	1006.030029 
55.900000 	92.968399 	96.000000 	123.427002 	1006.030029 
56.000000 	92.968399 	96.000000 	123.427002 	1006.030029 
56.100000 	92.968399 	96.000000 	123.427002 	1006.030029 
56.200000 	92.968399 	96.000000 	123.427002 	1006.030029 
56.300000 	92.968399 	96.000000 	123.427002 	1006.030029 
56.400000 	92.968399 	96.000000 	123.427002 	1006.030029 
56.500000 	92.968597 	96.000000 	123.431000 	1006.030029 
56.600000 	92.968597 	96.000000 	123.431000 	1006.030029 
56.700000 	92.968597 	96.000000 	123.431000 	1006.030029 
56.800000 	92.968597 	96.000000 	123.431000 	1006.030029 
56.900000 	92.968597 	96.000000 	123.431000 	1006.030029 
57.000000 	92.968597 	96.000000 	123.431000 	1006.030029 
57.100000 	92.968597 	96.000000 	123.431000 	1006.030029 
57.200000 	92.968597 	96.000000 	123.431000 	1006.030029 
57.300000 	92.968597 	96.000000 	123.431000 	1006.030029 
57.400000 	92.968597 	96.000000 	123.431000 	1006.030029 
57.500000 	92.968498 	96.000000 	123.435997 	1006.030029 
57.600000 	92.968498 	96.000000 	123.435997 	1006.030029 
57.700000 	92.968498 	96.000000 	123.435997 	1006.030029 
57.800000 	92.968498 	96.000000 	123.435997 	1006.030029 
57.900000 	92.968498 	96.000000 	123.435997 	1006.030029 
58.000000 	92.968498 	96.000000 	123.435997 	1006.030029 
58.100000 	92.968498 	96.000000 	123.435997 	1006.030029 
58.200000 	92.968498 	96.000000 	123.435997 	1006.030029 
58.300000 	92.968498 	96.000000 	123.435997 	1006.030029 
58.400000 	92.968498 	96.000000 	123.435997 	1006.030029 
58.500000 	92.968102 	96.000000 	123.440002 	1006.030029 
58.600000 	92.968102 	96.000000 	123.440002 	1006.030029 
58.700000 	92.968102 	96.000000 	123.440002 	1006.030029 
58.800000 	92.968102 	96.000000 	123.440002 	1006.030029 
58.900000 	92.968102 	96.000000 	123.440002 	1006.030029 
59.000000 	92.968102 	96.000000 	123.440002 	1006.030029 
59.100000 	92.968102 	96.000000 	123.440002 	1006.030029 
59.200000 	92.968102 	96.000000 	123.440002 	1006.030029 
59.300000 	92.968102 	96.000000 	123.440002 	1006.030029 
59.400000 	92.968102 	96.000000 	123.440002 	1006.030029 
59.500000 	92.967598 	96.000000 	123.444000 	1006.030029 
59.600000 	92.967598 	96.000000 	123.444000 	1006.030029 
59.700000 	92.967598 	96.000000 	123.444000 	1006.030029 
59.800000 	92.967598 	96.000000 	123.444000 	1006.030029 
59.900000 	92.967598 	96.000000 	123.444000 	1006.030029 
60.000000 	92.967598 	96.000000 	123.444000 	1006.030029 
