0.500000 	89.056503 	397.000000 	414.566986 	404.451996 
0.600000 	89.056503 	397.000000 	414.566986 	404.451996 
0.700000 	89.056503 	397.000000 	414.566986 	404.451996 
0.800000 	89.056503 	397.000000 	414.566986 	404.451996 
0.900000 	89.056503 	397.000000 	414.566986 	404.451996 
1.000000 	89.056503 	397.000000 	414.566986 	404.451996 
1.100000 	89.056503 	397.000000 	414.566986 	404.451996 
1.200000 	89.056503 	397.000000 	414.566986 	404.451996 
1.300000 	89.056503 	397.000000 	414.566986 	404.451996 
1.400000 	89.056503 	397.000000 	414.566986 	404.451996 
1.500000 	99.547897 	397.000000 	404.958008 	404.873993 
1.600000 	99.547897 	397.000000 	404.958008 	404.873993 
1.700000 	99.547897 	397.000000 	404.958008 	404.873993 
1.800000 	99.547897 	397.000000 	404.958008 	404.873993 
1.900000 	99.547897 	397.000000 	404.958008 	404.873993 
2.000000 	99.547897 	397.000000 	404.958008 	404.873993 
2.100000 	99.547897 	397.000000 	404.958008 	404.873993 
2.200000 	99.547897 	397.000000 	404.958008 	404.873993 
2.300000 	99.547897 	397.000000 	404.958008 	404.873993 
2.400000 	99.547897 	397.000000 	404.958008 	404.873993 
2.500000 	109.983002 	397.000000 	400.867004 	404.865997 
2.600000 	109.983002 	397.000000 	400.867004 	404.865997 
2.700000 	109.983002 	397.000000 	400.867004 	404.865997 
2.800000 	109.983002 	397.000000 	400.867004 	404.865997 
2.900000 	109.983002 	397.000000 	400.867004 	404.865997 
3.000000 	109.983002 	397.000000 	400.867004 	404.865997 
3.100000 	109.983002 	397.000000 	400.867004 	404.865997 
3.200000 	109.983002 	397.000000 	400.867004 	404.865997 
3.300000 	109.983002 	397.000000 	400.867004 	404.865997 
3.400000 	109.983002 	397.000000 	400.867004 	404.865997 
3.500000 	115.066002 	397.000000 	398.973999 	404.867004 
3.600000 	115.066002 	397.000000 	398.973999 	404.867004 
3.700000 	115.066002 	397.000000 	398.973999 	404.867004 
3.800000 	115.066002 	397.000000 	398.973999 	404.867004 
3.900000 	115.066002 	397.000000 	398.973999 	404.867004 
4.000000 	115.066002 	397.000000 	398.973999 	404.867004 
4.100000 	115.066002 	397.000000 	398.973999 	404.867004 
4.200000 	115.066002 	397.000000 	398.973999 	404.867004 
4.300000 	115.066002 	397.000000 	398.973999 	404.867004 
4.400000 	115.066002 	397.000000 	398.973999 	404.867004 
4.500000 	117.737000 	397.000000 	397.992004 	404.875000 
4.600000 	117.737000 	397.000000 	397.992004 	404.875000 
4.700000 	117.737000 	397.000000 	397.992004 	404.875000 
4.800000 	117.737000 	397.000000 	397.992004 	404.875000 
4.900000 	117.737000 	397.000000 	397.992004 	404.875000 
5.000000 	117.737000 	397.000000 	397.992004 	404.875000 
5.100000 	117.737000 	397.000000 	397.992004 	404.875000 
5.200000 	117.737000 	397.000000 	397.992004 	404.875000 
5.300000 	117.737000 	397.000000 	397.992004 	404.875000 
5.400000 	117.737000 	397.000000 	397.992004 	404.875000 
5.500000 	119.285004 	397.000000 	397.428986 	404.888000 
5.600000 	119.285004 	397.000000 	397.428986 	404.888000 
5.700000 	119.285004 	397.000000 	397.428986 	404.888000 
5.800000 	119.285004 	397.000000 	397.428986 	404.888000 
5.900000 	119.285004 	397.000000 	397.428986 	404.888000 
6.000000 	119.285004 	397.000000 	397.428986 	404.888000 
6.100000 	119.285004 	397.000000 	397.428986 	404.888000 
6.200000 	119.285004 	397.000000 	397.428986 	404.888000 
6.300000 	119.285004 	397.000000 	397.428986 	404.888000 
6.400000 	119.285004 	397.000000 	397.428986 	404.888000 
6.500000 	120.253998 	397.000000 	397.080994 	404.903015 
6.600000 	120.253998 	397.000000 	397.080994 	404.903015 
6.700000 	120.253998 	397.000000 	397.080994 	404.903015 
6.800000 	120.253998 	397.000000 	397.080994 	404.903015 
6.900000 	120.253998 	397.000000 	397.080994 	404.903015 
7.000000 	120.253998 	397.000000 	397.080994 	404.903015 
7.100000 	120.253998 	397.000000 	397.080994 	404.903015 
7.200000 	120.253998 	397.000000 	397.080994 	404.903015 
7.300000 	120.253998 	397.000000 	397.080994 	404.903015 
7.400000 	120.253998 	397.000000 	397.080994 	404.903015 
7.500000 	120.899002 	397.000000 	396.851990 	404.919006 
7.600000 	120.899002 	397.000000 	396.851990 	404.919006 
7.700000 	120.899002 	397.000000 	396.851990 	404.919006 
7.800000 	120.899002 	397.000000 	396.851990 	404.919006 
7.900000 	120.899002 	397.000000 	396.851990 	404.919006 
8.000000 	120.899002 	397.000000 	396.851990 	404.919006 
8.100000 	120.899002 	397.000000 	396.851990 	404.919006 
8.200000 	120.899002 	397.000000 	396.851990 	404.919006 
8.300000 	120.899002 	397.000000 	396.851990 	404.919006 
8.400000 	120.899002 	397.000000 	396.851990 	404.919006 
8.500000 	121.349998 	397.000000 	396.694000 	404.937012 
8.600000 	121.349998 	397.000000 	396.694000 	404.937012 
8.700000 	121.349998 	397.000000 	396.694000 	404.937012 
8.800000 	121.349998 	397.000000 	396.694000 	404.937012 
8.900000 	121.349998 	397.000000 	396.694000 	404.937012 
9.000000 	121.349998 	397.000000 	396.694000 	404.937012 
9.100000 	121.349998 	397.000000 	396.694000 	404.937012 
9.200000 	121.349998 	397.000000 	396.694000 	404.937012 
9.300000 	121.349998 	397.000000 	396.694000 	404.937012 
9.400000 	121.349998 	397.000000 	396.694000 	404.937012 
9.500000 	121.678001 	397.000000 	396.580994 	404.955994 
9.600000 	121.678001 	397.000000 	396.580994 	404.955994 
9.700000 	121.678001 	397.000000 	396.580994 	404.955994 
9.800000 	121.678001 	397.000000 	396.580994 	404.955994 
9.900000 	121.678001 	397.000000 	396.580994 	404.955994 
10.000000 	121.678001 	397.000000 	396.580994 	404.955994 
10.100000 	121.678001 	397.000000 	396.580994 	404.955994 
10.200000 	121.678001 	397.000000 	396.580994 	404.955994 
10.300000 	121.678001 	397.000000 	396.580994 	404.955994 
10.400000 	121.678001 	397.000000 	396.580994 	404.955994 
10.500000 	121.924004 	397.000000 	396.497986 	404.976990 
10.600000 	121.924004 	397.000000 	396.497986 	404.976990 
10.700000 	121.924004 	397.000000 	396.497986 	404.976990 
10.800000 	121.924004 	397.000000 	396.497986 	404.976990 
10.900000 	121.924004 	397.000000 	396.497986 	404.976990 
11.000000 	121.924004 	397.000000 	396.497986 	404.976990 
11.100000 	121.924004 	397.000000 	396.497986 	404.976990 
11.200000 	121.924004 	397.000000 	396.497986 	404.976990 
11.300000 	121.924004 	397.000000 	396.497986 	404.976990 
11.400000 	121.924004 	397.000000 	396.497986 	404.976990 
11.500000 	122.112999 	397.000000 	396.434998 	404.997986 
11.600000 	122.112999 	397.000000 	396.434998 	404.997986 
11.700000 	122.112999 	397.000000 	396.434998 	404.997986 
11.800000 	122.112999 	397.000000 	396.434998 	404.997986 
11.900000 	122.112999 	397.000000 	396.434998 	404.997986 
12.000000 	122.112999 	397.000000 	396.434998 	404.997986 
12.100000 	122.112999 	397.000000 	396.434998 	404.997986 
12.200000 	122.112999 	397.000000 	396.434998 	404.997986 
12.300000 	122.112999 	397.000000 	396.434998 	404.997986 
12.400000 	122.112999 	397.000000 	396.434998 	404.997986 
12.500000 	122.262001 	397.000000 	396.385986 	405.019989 
12.600000 	122.262001 	397.000000 	396.385986 	405.019989 
12.700000 	122.262001 	397.000000 	396.385986 	405.019989 
12.800000 	122.262001 	397.000000 	396.385986 	405.019989 
12.900000 	122.262001 	397.000000 	396.385986 	405.019989 
13.000000 	122.262001 	397.000000 	396.385986 	405.019989 
13.100000 	122.262001 	397.000000 	396.385986 	405.019989 
13.200000 	122.262001 	397.000000 	396.385986 	405.019989 
13.300000 	122.262001 	397.000000 	396.385986 	405.019989 
13.400000 	122.262001 	397.000000 	396.385986 	405.019989 
13.500000 	122.382004 	397.000000 	396.347992 	405.042999 
13.600000 	122.382004 	397.000000 	396.347992 	405.042999 
13.700000 	122.382004 	397.000000 	396.347992 	405.042999 
13.800000 	122.382004 	397.000000 	396.347992 	405.042999 
13.900000 	122.382004 	397.000000 	396.347992 	405.042999 
14.000000 	122.382004 	397.000000 	396.347992 	405.042999 
14.100000 	122.382004 	397.000000 	396.347992 	405.042999 
14.200000 	122.382004 	397.000000 	396.347992 	405.042999 
14.300000 	122.382004 	397.000000 	396.347992 	405.042999 
14.400000 	122.382004 	397.000000 	396.347992 	405.042999 
14.500000 	122.481003 	397.000000 	396.316986 	405.071014 
14.600000 	122.481003 	397.000000 	396.316986 	405.071014 
14.700000 	122.481003 	397.000000 	396.316986 	405.071014 
14.800000 	122.481003 	397.000000 	396.316986 	405.071014 
14.900000 	122.481003 	397.000000 	396.316986 	405.071014 
15.000000 	122.481003 	397.000000 	396.316986 	405.071014 
15.100000 	122.481003 	397.000000 	396.316986 	405.071014 
15.200000 	122.481003 	397.000000 	396.316986 	405.071014 
15.300000 	122.481003 	397.000000 	396.316986 	405.071014 
15.400000 	122.481003 	397.000000 	396.316986 	405.071014 
15.500000 	122.561996 	397.000000 	396.291992 	405.095001 
15.600000 	122.561996 	397.000000 	396.291992 	405.095001 
15.700000 	122.561996 	397.000000 	396.291992 	405.095001 
15.800000 	122.561996 	397.000000 	396.291992 	405.095001 
15.900000 	122.561996 	397.000000 	396.291992 	405.095001 
16.000000 	122.561996 	397.000000 	396.291992 	405.095001 
16.100000 	122.561996 	397.000000 	396.291992 	405.095001 
16.200000 	122.561996 	397.000000 	396.291992 	405.095001 
16.300000 	122.561996 	397.000000 	396.291992 	405.095001 
16.400000 	122.561996 	397.000000 	396.291992 	405.095001 
16.500000 	122.630997 	397.000000 	396.270996 	405.121002 
16.600000 	122.630997 	397.000000 	396.270996 	405.121002 
16.700000 	122.630997 	397.000000 	396.270996 	405.121002 
16.800000 	122.630997 	397.000000 	396.270996 	405.121002 
16.900000 	122.630997 	397.000000 	396.270996 	405.121002 
17.000000 	122.630997 	397.000000 	396.270996 	405.121002 
17.100000 	122.630997 	397.000000 	396.270996 	405.121002 
17.200000 	122.630997 	397.000000 	396.270996 	405.121002 
17.300000 	122.630997 	397.000000 	396.270996 	405.121002 
17.400000 	122.630997 	397.000000 	396.270996 	405.121002 
17.500000 	122.690002 	397.000000 	396.253998 	405.147003 
17.600000 	122.690002 	397.000000 	396.253998 	405.147003 
17.700000 	122.690002 	397.000000 	396.253998 	405.147003 
17.800000 	122.690002 	397.000000 	396.253998 	405.147003 
17.900000 	122.690002 	397.000000 	396.253998 	405.147003 
18.000000 	122.690002 	397.000000 	396.253998 	405.147003 
18.100000 	122.690002 	397.000000 	396.253998 	405.147003 
18.200000 	122.690002 	397.000000 	396.253998 	405.147003 
18.300000 	122.690002 	397.000000 	396.253998 	405.147003 
18.400000 	122.690002 	397.000000 	396.253998 	405.147003 
18.500000 	122.740997 	397.000000 	396.239014 	405.173004 
18.600000 	122.740997 	397.000000 	396.239014 	405.173004 
18.700000 	122.740997 	397.000000 	396.239014 	405.173004 
18.800000 	122.740997 	397.000000 	396.239014 	405.173004 
18.900000 	122.740997 	397.000000 	396.239014 	405.173004 
19.000000 	122.740997 	397.000000 	396.239014 	405.173004 
19.100000 	122.740997 	397.000000 	396.239014 	405.173004 
19.200000 	122.740997 	397.000000 	396.239014 	405.173004 
19.300000 	122.740997 	397.000000 	396.239014 	405.173004 
19.400000 	122.740997 	397.000000 	396.239014 	405.173004 
19.500000 	122.785004 	397.000000 	396.226990 	405.200012 
19.600000 	122.785004 	397.000000 	396.226990 	405.200012 
19.700000 	122.785004 	397.000000 	396.226990 	405.200012 
19.800000 	122.785004 	397.000000 	396.226990 	405.200012 
19.900000 	122.785004 	397.000000 	396.226990 	405.200012 
20.000000 	122.785004 	397.000000 	396.226990 	405.200012 
20.100000 	122.785004 	397.000000 	396.226990 	405.200012 
20.200000 	122.785004 	397.000000 	396.226990 	405.200012 
20.300000 	122.785004 	397.000000 	396.226990 	405.200012 
20.400000 	122.785004 	397.000000 	396.226990 	405.200012 
20.500000 	122.822998 	397.000000 	396.216003 	405.226990 
20.600000 	122.822998 	397.000000 	396.216003 	405.226990 
20.700000 	122.822998 	397.000000 	396.216003 	405.226990 
20.800000 	122.822998 	397.000000 	396.216003 	405.226990 
20.900000 	122.822998 	397.000000 	396.216003 	405.226990 
21.000000 	122.822998 	397.000000 	396.216003 	405.226990 
21.100000 	122.822998 	397.000000 	396.216003 	405.226990 
21.200000 	122.822998 	397.000000 	396.216003 	405.226990 
21.300000 	122.822998 	397.000000 	396.216003 	405.226990 
21.400000 	122.822998 	397.000000 	396.216003 	405.226990 
21.500000 	122.858002 	397.000000 	396.207001 	405.255005 
21.600000 	122.858002 	397.000000 	396.207001 	405.255005 
21.700000 	122.858002 	397.000000 	396.207001 	405.255005 
21.800000 	122.858002 	397.000000 	396.207001 	405.255005 
21.900000 	122.858002 	397.000000 	396.207001 	405.255005 
22.000000 	122.858002 	397.000000 	396.207001 	405.255005 
22.100000 	122.858002 	397.000000 	396.207001 	405.255005 
22.200000 	122.858002 	397.000000 	396.207001 	405.255005 
22.300000 	122.858002 	397.000000 	396.207001 	405.255005 
22.400000 	122.858002 	397.000000 	396.207001 	405.255005 
22.500000 	122.889000 	397.000000 	396.197998 	405.282990 
22.600000 	122.889000 	397.000000 	396.197998 	405.282990 
22.700000 	122.889000 	397.000000 	396.197998 	405.282990 
22.800000 	122.889000 	397.000000 	396.197998 	405.282990 
22.900000 	122.889000 	397.000000 	396.197998 	405.282990 
23.000000 	122.889000 	397.000000 	396.197998 	405.282990 
23.100000 	122.889000 	397.000000 	396.197998 	405.282990 
23.200000 	122.889000 	397.000000 	396.197998 	405.282990 
23.300000 	122.889000 	397.000000 	396.197998 	405.282990 
23.400000 	122.889000 	397.000000 	396.197998 	405.282990 
23.500000 	122.916000 	397.000000 	396.191010 	405.311005 
23.600000 	122.916000 	397.000000 	396.191010 	405.311005 
23.700000 	122.916000 	397.000000 	396.191010 	405.311005 
23.800000 	122.916000 	397.000000 	396.191010 	405.311005 
23.900000 	122.916000 	397.000000 	396.191010 	405.311005 
24.000000 	122.916000 	397.000000 	396.191010 	405.311005 
24.100000 	122.916000 	397.000000 	396.191010 	405.311005 
24.200000 	122.916000 	397.000000 	396.191010 	405.311005 
24.300000 	122.916000 	397.000000 	396.191010 	405.311005 
24.400000 	122.916000 	397.000000 	396.191010 	405.311005 
24.500000 	122.941002 	397.000000 	396.183990 	405.338989 
24.600000 	122.941002 	397.000000 	396.183990 	405.338989 
24.700000 	122.941002 	397.000000 	396.183990 	405.338989 
24.800000 	122.941002 	397.000000 	396.183990 	405.338989 
24.900000 	122.941002 	397.000000 	396.183990 	405.338989 
25.000000 	122.941002 	397.000000 	396.183990 	405.338989 
25.100000 	122.941002 	397.000000 	396.183990 	405.338989 
25.200000 	122.941002 	397.000000 	396.183990 	405.338989 
25.300000 	122.941002 	397.000000 	396.183990 	405.338989 
25.400000 	122.941002 	397.000000 	396.183990 	405.338989 
25.500000 	122.963997 	397.000000 	396.178009 	405.368011 
25.600000 	122.963997 	397.000000 	396.178009 	405.368011 
25.700000 	122.963997 	397.000000 	396.178009 	405.368011 
25.800000 	122.963997 	397.000000 	396.178009 	405.368011 
25.900000 	122.963997 	397.000000 	396.178009 	405.368011 
26.000000 	122.963997 	397.000000 	396.178009 	405.368011 
26.100000 	122.963997 	397.000000 	396.178009 	405.368011 
26.200000 	122.963997 	397.000000 	396.178009 	405.368011 
26.300000 	122.963997 	397.000000 	396.178009 	405.368011 
26.400000 	122.963997 	397.000000 	396.178009 	405.368011 
26.500000 	122.985001 	397.000000 	396.173004 	405.397003 
26.600000 	122.985001 	397.000000 	396.173004 	405.397003 
26.700000 	122.985001 	397.000000 	396.173004 	405.397003 
26.800000 	122.985001 	397.000000 	396.173004 	405.397003 
26.900000 	122.985001 	397.000000 	396.173004 	405.397003 
27.000000 	122.985001 	397.000000 	396.173004 	405.397003 
27.100000 	122.985001 	397.000000 	396.173004 	405.397003 
27.200000 	122.985001 	397.000000 	396.173004 	405.397003 
27.300000 	122.985001 	397.000000 	396.173004 	405.397003 
27.400000 	122.985001 	397.000000 	396.173004 	405.397003 
27.500000 	123.004997 	397.000000 	396.167999 	405.424988 
27.600000 	123.004997 	397.000000 	396.167999 	405.424988 
27.700000 	123.004997 	397.000000 	396.167999 	405.424988 
27.800000 	123.004997 	397.000000 	396.167999 	405.424988 
27.900000 	123.004997 	397.000000 	396.167999 	405.424988 
28.000000 	123.004997 	397.000000 	396.167999 	405.424988 
28.100000 	123.004997 	397.000000 	396.167999 	405.424988 
28.200000 	123.004997 	397.000000 	396.167999 	405.424988 
28.300000 	123.004997 	397.000000 	396.167999 	405.424988 
28.400000 	123.004997 	397.000000 	396.167999 	405.424988 
28.500000 	123.022003 	397.000000 	396.162994 	405.454010 
28.600000 	123.022003 	397.000000 	396.162994 	405.454010 
28.700000 	123.022003 	397.000000 	396.162994 	405.454010 
28.800000 	123.022003 	397.000000 	396.162994 	405.454010 
28.900000 	123.022003 	397.000000 	396.162994 	405.454010 
29.000000 	123.022003 	397.000000 	396.162994 	405.454010 
29.100000 	123.022003 	397.000000 	396.162994 	405.454010 
29.200000 	123.022003 	397.000000 	396.162994 	405.454010 
29.300000 	123.022003 	397.000000 	396.162994 	405.454010 
29.400000 	123.022003 	397.000000 	396.162994 	405.454010 
29.500000 	123.039001 	397.000000 	396.157990 	405.483002 
29.600000 	123.039001 	397.000000 	396.157990 	405.483002 
29.700000 	123.039001 	397.000000 	396.157990 	405.483002 
29.800000 	123.039001 	397.000000 	396.157990 	405.483002 
29.900000 	123.039001 	397.000000 	396.157990 	405.483002 
30.000000 	123.039001 	397.000000 	396.157990 	405.483002 
30.100000 	123.039001 	397.000000 	396.157990 	405.483002 
30.200000 	123.039001 	397.000000 	396.157990 	405.483002 
30.300000 	123.039001 	397.000000 	396.157990 	405.483002 
30.400000 	123.039001 	397.000000 	396.157990 	405.483002 
30.500000 	123.055000 	397.000000 	396.153992 	405.511993 
30.600000 	123.055000 	397.000000 	396.153992 	405.511993 
30.700000 	123.055000 	397.000000 	396.153992 	405.511993 
30.800000 	123.055000 	397.000000 	396.153992 	405.511993 
30.900000 	123.055000 	397.000000 	396.153992 	405.511993 
31.000000 	123.055000 	397.000000 	396.153992 	405.511993 
31.100000 	123.055000 	397.000000 	396.153992 	405.511993 
31.200000 	123.055000 	397.000000 	396.153992 	405.511993 
31.300000 	123.055000 	397.000000 	396.153992 	405.511993 
31.400000 	123.055000 	397.000000 	396.153992 	405.511993 
31.500000 	123.069000 	397.000000 	396.149994 	405.541992 
31.600000 	123.069000 	397.000000 	396.149994 	405.541992 
31.700000 	123.069000 	397.000000 	396.149994 	405.541992 
31.800000 	123.069000 	397.000000 	396.149994 	405.541992 
31.900000 	123.069000 	397.000000 	396.149994 	405.541992 
32.000000 	123.069000 	397.000000 	396.149994 	405.541992 
32.100000 	123.069000 	397.000000 	396.149994 	405.541992 
32.200000 	123.069000 	397.000000 	396.149994 	405.541992 
32.300000 	123.069000 	397.000000 	396.149994 	405.541992 
32.400000 	123.069000 	397.000000 	396.149994 	405.541992 
32.500000 	123.083000 	397.000000 	396.145996 	405.571014 
32.600000 	123.083000 	397.000000 	396.145996 	405.571014 
32.700000 	123.083000 	397.000000 	396.145996 	405.571014 
32.800000 	123.083000 	397.000000 	396.145996 	405.571014 
32.900000 	123.083000 	397.000000 	396.145996 	405.571014 
33.000000 	123.083000 	397.000000 	396.145996 	405.571014 
33.100000 	123.083000 	397.000000 	396.145996 	405.571014 
33.200000 	123.083000 	397.000000 	396.145996 	405.571014 
33.300000 	123.083000 	397.000000 	396.145996 	405.571014 
33.400000 	123.083000 	397.000000 	396.145996 	405.571014 
33.500000 	123.096001 	397.000000 	396.141998 	405.600006 
33.600000 	123.096001 	397.000000 	396.141998 	405.600006 
33.700000 	123.096001 	397.000000 	396.141998 	405.600006 
33.800000 	123.096001 	397.000000 	396.141998 	405.600006 
33.900000 	123.096001 	397.000000 	396.141998 	405.600006 
34.000000 	123.096001 	397.000000 	396.141998 	405.600006 
34.100000 	123.096001 	397.000000 	396.141998 	405.600006 
34.200000 	123.096001 	397.000000 	396.141998 	405.600006 
34.300000 	123.096001 	397.000000 	396.141998 	405.600006 
34.400000 	123.096001 	397.000000 	396.141998 	405.600006 
34.500000 	123.109001 	397.000000 	396.139008 	405.628998 
34.600000 	123.109001 	397.000000 	396.139008 	405.628998 
34.700000 	123.109001 	397.000000 	396.139008 	405.628998 
34.800000 	123.109001 	397.000000 	396.139008 	405.628998 
34.900000 	123.109001 	397.000000 	396.139008 	405.628998 
35.000000 	123.109001 	397.000000 	396.139008 	405.628998 
35.100000 	123.109001 	397.000000 	396.139008 	405.628998 
35.200000 	123.109001 	397.000000 	396.139008 	405.628998 
35.300000 	123.109001 	397.000000 	396.139008 	405.628998 
35.400000 	123.109001 	397.000000 	396.139008 	405.628998 
35.500000 	123.120003 	397.000000 	396.135010 	405.657013 
35.600000 	123.120003 	397.000000 	396.135010 	405.657013 
35.700000 	123.120003 	397.000000 	396.135010 	405.657013 
35.800000 	123.120003 	397.000000 	396.135010 	405.657013 
35.900000 	123.120003 	397.000000 	396.135010 	405.657013 
36.000000 	123.120003 	397.000000 	396.135010 	405.657013 
36.100000 	123.120003 	397.000000 	396.135010 	405.657013 
36.200000 	123.120003 	397.000000 	396.135010 	405.657013 
36.300000 	123.120003 	397.000000 	396.135010 	405.657013 
36.400000 	123.120003 	397.000000 	396.135010 	405.657013 
36.500000 	123.132004 	397.000000 	396.131989 	405.686005 
36.600000 	123.132004 	397.000000 	396.131989 	405.686005 
36.700000 	123.132004 	397.000000 	396.131989 	405.686005 
36.800000 	123.132004 	397.000000 	396.131989 	405.686005 
36.900000 	123.132004 	397.000000 	396.131989 	405.686005 
37.000000 	123.132004 	397.000000 	396.131989 	405.686005 
37.100000 	123.132004 	397.000000 	396.131989 	405.686005 
37.200000 	123.132004 	397.000000 	396.131989 	405.686005 
37.300000 	123.132004 	397.000000 	396.131989 	405.686005 
37.400000 	123.132004 	397.000000 	396.131989 	405.686005 
37.500000 	123.141998 	397.000000 	396.127991 	405.714996 
37.600000 	123.141998 	397.000000 	396.127991 	405.714996 
37.700000 	123.141998 	397.000000 	396.127991 	405.714996 
37.800000 	123.141998 	397.000000 	396.127991 	405.714996 
37.900000 	123.141998 	397.000000 	396.127991 	405.714996 
38.000000 	123.141998 	397.000000 	396.127991 	405.714996 
38.100000 	123.141998 	397.000000 	396.127991 	405.714996 
38.200000 	123.141998 	397.000000 	396.127991 	405.714996 
38.300000 	123.141998 	397.000000 	396.127991 	405.714996 
38.400000 	123.141998 	397.000000 	396.127991 	405.714996 
38.500000 	123.153000 	397.000000 	396.123993 	405.743011 
38.600000 	123.153000 	397.000000 	396.123993 	405.743011 
38.700000 	123.153000 	397.000000 	396.123993 	405.743011 
38.800000 	123.153000 	397.000000 	396.123993 	405.743011 
38.900000 	123.153000 	397.000000 	396.123993 	405.743011 
39.000000 	123.153000 	397.000000 	396.123993 	405.743011 
39.100000 	123.153000 	397.000000 	396.123993 	405.743011 
39.200000 	123.153000 	397.000000 	396.123993 	405.743011 
39.300000 	123.153000 	397.000000 	396.123993 	405.743011 
39.400000 	123.153000 	397.000000 	396.123993 	405.743011 
39.500000 	123.163002 	397.000000 	396.121002 	405.772003 
39.600000 	123.163002 	397.000000 	396.121002 	405.772003 
39.700000 	123.163002 	397.000000 	396.121002 	405.772003 
39.800000 	123.163002 	397.000000 	396.121002 	405.772003 
39.900000 	123.163002 	397.000000 	396.121002 	405.772003 
40.000000 	123.163002 	397.000000 	396.121002 	405.772003 
40.100000 	123.163002 	397.000000 	396.121002 	405.772003 
40.200000 	123.163002 	397.000000 	396.121002 	405.772003 
40.300000 	123.163002 	397.000000 	396.121002 	405.772003 
40.400000 	123.163002 	397.000000 	396.121002 	405.772003 
40.500000 	123.171997 	397.000000 	396.117004 	405.799988 
40.600000 	123.171997 	397.000000 	396.117004 	405.799988 
40.700000 	123.171997 	397.000000 	396.117004 	405.799988 
40.800000 	123.171997 	397.000000 	396.117004 	405.799988 
40.900000 	123.171997 	397.000000 	396.117004 	405.799988 
41.000000 	123.171997 	397.000000 	396.117004 	405.799988 
41.100000 	123.171997 	397.000000 	396.117004 	405.799988 
41.200000 	123.171997 	397.000000 	396.117004 	405.799988 
41.300000 	123.171997 	397.000000 	396.117004 	405.799988 
41.400000 	123.171997 	397.000000 	396.117004 	405.799988 
41.500000 	123.181000 	397.000000 	396.114014 	405.828003 
41.600000 	123.181000 	397.000000 	396.114014 	405.828003 
41.700000 	123.181000 	397.000000 	396.114014 	405.828003 
41.800000 	123.181000 	397.000000 	396.114014 	405.828003 
41.900000 	123.181000 	397.000000 	396.114014 	405.828003 
42.000000 	123.181000 	397.000000 	396.114014 	405.828003 
42.100000 	123.181000 	397.000000 	396.114014 	405.828003 
42.200000 	123.181000 	397.000000 	396.114014 	405.828003 
42.300000 	123.181000 	397.000000 	396.114014 	405.828003 
42.400000 	123.181000 	397.000000 	396.114014 	405.828003 
42.500000 	123.190002 	397.000000 	396.109985 	405.855988 
42.600000 	123.190002 	397.000000 	396.109985 	405.855988 
42.700000 	123.190002 	397.000000 	396.109985 	405.855988 
42.800000 	123.190002 	397.000000 	396.109985 	405.855988 
42.900000 	123.190002 	397.000000 	396.109985 	405.855988 
43.000000 	123.190002 	397.000000 	396.109985 	405.855988 
43.100000 	123.190002 	397.000000 	396.109985 	405.855988 
43.200000 	123.190002 	397.000000 	396.109985 	405.855988 
43.300000 	123.190002 	397.000000 	396.109985 	405.855988 
43.400000 	123.190002 	397.000000 	396.109985 	405.855988 
43.500000 	123.198997 	397.000000 	396.105988 	405.882996 
43.600000 	123.198997 	397.000000 	396.105988 	405.882996 
43.700000 	123.198997 	397.000000 	396.105988 	405.882996 
43.800000 	123.198997 	397.000000 	396.105988 	405.882996 
43.900000 	123.198997 	397.000000 	396.105988 	405.882996 
44.000000 	123.198997 	397.000000 	396.105988 	405.882996 
44.100000 	123.198997 	397.000000 	396.105988 	405.882996 
44.200000 	123.198997 	397.000000 	396.105988 	405.882996 
44.300000 	123.198997 	397.000000 	396.105988 	405.882996 
44.400000 	123.198997 	397.000000 	396.105988 	405.882996 
44.500000 	123.207001 	397.000000 	396.102997 	405.911011 
44.600000 	123.207001 	397.000000 	396.102997 	405.911011 
44.700000 	123.207001 	397.000000 	396.102997 	405.911011 
44.800000 	123.207001 	397.000000 	396.102997 	405.911011 
44.900000 	123.207001 	397.000000 	396.102997 	405.911011 
45.000000 	123.207001 	397.000000 	396.102997 	405.911011 
45.100000 	123.207001 	397.000000 	396.102997 	405.911011 
45.200000 	123.207001 	397.000000 	396.102997 	405.911011 
45.300000 	123.207001 	397.000000 	396.102997 	405.911011 
45.400000 	123.207001 	397.000000 	396.102997 	405.911011 
45.500000 	123.214996 	397.000000 	396.098999 	405.937988 
45.600000 	123.214996 	397.000000 	396.098999 	405.937988 
45.700000 	123.214996 	397.000000 	396.098999 	405.937988 
45.800000 	123.214996 	397.000000 	396.098999 	405.937988 
45.900000 	123.214996 	397.000000 	396.098999 	405.937988 
46.000000 	123.214996 	397.000000 	396.098999 	405.937988 
46.100000 	123.214996 	397.000000 	396.098999 	405.937988 
46.200000 	123.214996 	397.000000 	396.098999 	405.937988 
46.300000 	123.214996 	397.000000 	396.098999 	405.937988 
46.400000 	123.214996 	397.000000 	396.098999 	405.937988 
46.500000 	123.223000 	397.000000 	396.095001 	405.964996 
46.600000 	123.223000 	397.000000 	396.095001 	405.964996 
46.700000 	123.223000 	397.000000 	396.095001 	405.964996 
46.800000 	123.223000 	397.000000 	396.095001 	405.964996 
46.900000 	123.223000 	397.000000 	396.095001 	405.964996 
47.000000 	123.223000 	397.000000 	396.095001 	405.964996 
47.100000 	123.223000 	397.000000 	396.095001 	405.964996 
47.200000 	123.223000 	397.000000 	396.095001 	405.964996 
47.300000 	123.223000 	397.000000 	396.095001 	405.964996 
47.400000 	123.223000 	397.000000 	396.095001 	405.964996 
47.500000 	123.231003 	397.000000 	396.091003 	405.992004 
47.600000 	123.231003 	397.000000 	396.091003 	405.992004 
47.700000 	123.231003 	397.000000 	396.091003 	405.992004 
47.800000 	123.231003 	397.000000 	396.091003 	405.992004 
47.900000 	123.231003 	397.000000 	396.091003 	405.992004 
48.000000 	123.231003 	397.000000 	396.091003 	405.992004 
48.100000 	123.231003 	397.000000 	396.091003 	405.992004 
48.200000 	123.231003 	397.000000 	396.091003 	405.992004 
48.300000 	123.231003 	397.000000 	396.091003 	405.992004 
48.400000 	123.231003 	397.000000 	396.091003 	405.992004 
48.500000 	123.237999 	397.000000 	396.087006 	406.018005 
48.600000 	123.237999 	397.000000 	396.087006 	406.018005 
48.700000 	123.237999 	397.000000 	396.087006 	406.018005 
48.800000 	123.237999 	397.000000 	396.087006 	406.018005 
48.900000 	123.237999 	397.000000 	396.087006 	406.018005 
49.000000 	123.237999 	397.000000 	396.087006 	406.018005 
49.100000 	123.237999 	397.000000 	396.087006 	406.018005 
49.200000 	123.237999 	397.000000 	396.087006 	406.018005 
49.300000 	123.237999 	397.000000 	396.087006 	406.018005 
49.400000 	123.237999 	397.000000 	396.087006 	406.018005 
49.500000 	123.246002 	397.000000 	396.083008 	406.044006 
49.600000 	123.246002 	397.000000 	396.083008 	406.044006 
49.700000 	123.246002 	397.000000 	396.083008 	406.044006 
49.800000 	123.246002 	397.000000 	396.083008 	406.044006 
49.900000 	123.246002 	397.000000 	396.083008 	406.044006 
50.000000 	123.246002 	397.000000 	396.083008 	406.044006 
50.100000 	123.246002 	397.000000 	396.083008 	406.044006 
50.200000 	123.246002 	397.000000 	396.083008 	406.044006 
50.300000 	123.246002 	397.000000 	396.083008 	406.044006 
50.400000 	123.246002 	397.000000 	396.083008 	406.044006 
50.500000 	123.252998 	397.000000 	396.079010 	1006.030029 
50.600000 	123.252998 	397.000000 	396.079010 	1006.030029 
50.700000 	123.252998 	397.000000 	396.079010 	1006.030029 
50.800000 	123.252998 	397.000000 	396.079010 	1006.030029 
50.900000 	123.252998 	397.000000 	396.079010 	1006.030029 
51.000000 	123.252998 	397.000000 	396.079010 	1006.030029 
51.100000 	123.252998 	397.000000 	396.079010 	1006.030029 
51.200000 	123.252998 	397.000000 	396.079010 	1006.030029 
51.300000 	123.252998 	397.000000 	396.079010 	1006.030029 
51.400000 	123.252998 	397.000000 	396.079010 	1006.030029 
51.500000 	123.260002 	397.000000 	396.075012 	1006.030029 
51.600000 	123.260002 	397.000000 	396.075012 	1006.030029 
51.700000 	123.260002 	397.000000 	396.075012 	1006.030029 
51.800000 	123.260002 	397.000000 	396.075012 	1006.030029 
51.900000 	123.260002 	397.000000 	396.075012 	1006.030029 
52.000000 	123.260002 	397.000000 	396.075012 	1006.030029 
52.100000 	123.260002 	397.000000 	396.075012 	1006.030029 
52.200000 	123.260002 	397.000000 	396.075012 	1006.030029 
52.300000 	123.260002 	397.000000 	396.075012 	1006.030029 
52.400000 	123.260002 	397.000000 	396.075012 	1006.030029 
52.500000 	123.265999 	397.000000 	396.070007 	1006.030029 
52.600000 	123.265999 	397.000000 	396.070007 	1006.030029 
52.700000 	123.265999 	397.000000 	396.070007 	1006.030029 
52.800000 	123.265999 	397.000000 	396.070007 	1006.030029 
52.900000 	123.265999 	397.000000 	396.070007 	1006.030029 
53.000000 	123.265999 	397.000000 	396.070007 	1006.030029 
53.100000 	123.265999 	397.000000 	396.070007 	1006.030029 
53.200000 	123.265999 	397.000000 	396.070007 	1006.030029 
53.300000 	123.265999 	397.000000 	396.070007 	1006.030029 
53.400000 	123.265999 	397.000000 	396.070007 	1006.030029 
53.500000 	123.273003 	397.000000 	396.066010 	1006.030029 
53.600000 	123.273003 	397.000000 	396.066010 	1006.030029 
53.700000 	123.273003 	397.000000 	396.066010 	1006.030029 
53.800000 	123.273003 	397.000000 	396.066010 	1006.030029 
53.900000 	123.273003 	397.000000 	396.066010 	1006.030029 
54.000000 	123.273003 	397.000000 	396.066010 	1006.030029 
54.100000 	123.273003 	397.000000 	396.066010 	1006.030029 
54.200000 	123.273003 	397.000000 	396.066010 	1006.030029 
54.300000 	123.273003 	397.000000 	396.066010 	1006.030029 
54.400000 	123.273003 	397.000000 	396.066010 	1006.030029 
54.500000 	123.279999 	397.000000 	396.061005 	1006.030029 
54.600000 	123.279999 	397.000000 	396.061005 	1006.030029 
54.700000 	123.279999 	397.000000 	396.061005 	1006.030029 
54.800000 	123.279999 	397.000000 	396.061005 	1006.030029 
54.900000 	123.279999 	397.000000 	396.061005 	1006.030029 
55.000000 	123.279999 	397.000000 	396.061005 	1006.030029 
55.100000 	123.279999 	397.000000 	396.061005 	1006.030029 
55.200000 	123.279999 	397.000000 	396.061005 	1006.030029 
55.300000 	123.279999 	397.000000 	396.061005 	1006.030029 
55.400000 	123.279999 	397.000000 	396.061005 	1006.030029 
55.500000 	123.286003 	397.000000 	396.057007 	1006.030029 
55.600000 	123.286003 	397.000000 	396.057007 	1006.030029 
55.700000 	123.286003 	397.000000 	396.057007 	1006.030029 
55.800000 	123.286003 	397.000000 	396.057007 	1006.030029 
55.900000 	123.286003 	397.000000 	396.057007 	1006.030029 
56.000000 	123.286003 	397.000000 	396.057007 	1006.030029 
56.100000 	123.286003 	397.000000 	396.057007 	1006.030029 
56.200000 	123.286003 	397.000000 	396.057007 	1006.030029 
56.300000 	123.286003 	397.000000 	396.057007 	1006.030029 
56.400000 	123.286003 	397.000000 	396.057007 	1006.030029 
56.500000 	123.292000 	397.000000 	396.052002 	1006.030029 
56.600000 	123.292000 	397.000000 	396.052002 	1006.030029 
56.700000 	123.292000 	397.000000 	396.052002 	1006.030029 
56.800000 	123.292000 	397.000000 	396.052002 	1006.030029 
56.900000 	123.292000 	397.000000 	396.052002 	1006.030029 
57.000000 	123.292000 	397.000000 	396.052002 	1006.030029 
57.100000 	123.292000 	397.000000 	396.052002 	1006.030029 
57.200000 	123.292000 	397.000000 	396.052002 	1006.030029 
57.300000 	123.292000 	397.000000 	396.052002 	1006.030029 
57.400000 	123.292000 	397.000000 	396.052002 	1006.030029 
57.500000 	123.297997 	397.000000 	396.046997 	1006.030029 
57.600000 	123.297997 	397.000000 	396.046997 	1006.030029 
57.700000 	123.297997 	397.000000 	396.046997 	1006.030029 
57.800000 	123.297997 	397.000000 	396.046997 	1006.030029 
57.900000 	123.297997 	397.000000 	396.046997 	1006.030029 
58.000000 	123.297997 	397.000000 	396.046997 	1006.030029 
58.100000 	123.297997 	397.000000 	396.046997 	1006.030029 
58.200000 	123.297997 	397.000000 	396.046997 	1006.030029 
58.300000 	123.297997 	397.000000 	396.046997 	1006.030029 
58.400000 	123.297997 	397.000000 	396.046997 	1006.030029 
58.500000 	123.304001 	397.000000 	396.041992 	1006.030029 
58.600000 	123.304001 	397.000000 	396.041992 	1006.030029 
58.700000 	123.304001 	397.000000 	396.041992 	1006.030029 
58.800000 	123.304001 	397.000000 	396.041992 	1006.030029 
58.900000 	123.304001 	397.000000 	396.041992 	1006.030029 
59.000000 	123.304001 	397.000000 	396.041992 	1006.030029 
59.100000 	123.304001 	397.000000 	396.041992 	1006.030029 
59.200000 	123.304001 	397.000000 	396.041992 	1006.030029 
59.300000 	123.304001 	397.000000 	396.041992 	1006.030029 
59.400000 	123.304001 	397.000000 	396.041992 	1006.030029 
59.500000 	123.309998 	397.000000 	396.036987 	1006.030029 
59.600000 	123.309998 	397.000000 	396.036987 	1006.030029 
59.700000 	123.309998 	397.000000 	396.036987 	1006.030029 
59.800000 	123.309998 	397.000000 	396.036987 	1006.030029 
59.900000 	123.309998 	397.000000 	396.036987 	1006.030029 
60.000000 	123.309998 	397.000000 	396.036987 	1006.030029 
