0.500000 	89.033897 	392.000000 	409.954987 	399.578003 
0.600000 	89.033897 	392.000000 	409.954987 	399.578003 
0.700000 	89.033897 	392.000000 	409.954987 	399.578003 
0.800000 	89.033897 	392.000000 	409.954987 	399.578003 
0.900000 	89.033897 	392.000000 	409.954987 	399.578003 
1.000000 	89.033897 	392.000000 	409.954987 	399.578003 
1.100000 	89.033897 	392.000000 	409.954987 	399.578003 
1.200000 	89.033897 	392.000000 	409.954987 	399.578003 
1.300000 	89.033897 	392.000000 	409.954987 	399.578003 
1.400000 	89.033897 	392.000000 	409.954987 	399.578003 
1.500000 	99.504601 	392.000000 	400.118988 	399.975006 
1.600000 	99.504601 	392.000000 	400.118988 	399.975006 
1.700000 	99.504601 	392.000000 	400.118988 	399.975006 
1.800000 	99.504601 	392.000000 	400.118988 	399.975006 
1.900000 	99.504601 	392.000000 	400.118988 	399.975006 
2.000000 	99.504601 	392.000000 	400.118988 	399.975006 
2.100000 	99.504601 	392.000000 	400.118988 	399.975006 
2.200000 	99.504601 	392.000000 	400.118988 	399.975006 
2.300000 	99.504601 	392.000000 	400.118988 	399.975006 
2.400000 	99.504601 	392.000000 	400.118988 	399.975006 
2.500000 	109.953003 	392.000000 	395.951996 	399.963989 
2.600000 	109.953003 	392.000000 	395.951996 	399.963989 
2.700000 	109.953003 	392.000000 	395.951996 	399.963989 
2.800000 	109.953003 	392.000000 	395.951996 	399.963989 
2.900000 	109.953003 	392.000000 	395.951996 	399.963989 
3.000000 	109.953003 	392.000000 	395.951996 	399.963989 
3.100000 	109.953003 	392.000000 	395.951996 	399.963989 
3.200000 	109.953003 	392.000000 	395.951996 	399.963989 
3.300000 	109.953003 	392.000000 	395.951996 	399.963989 
3.400000 	109.953003 	392.000000 	395.951996 	399.963989 
3.500000 	115.044998 	392.000000 	394.023987 	399.963013 
3.600000 	115.044998 	392.000000 	394.023987 	399.963013 
3.700000 	115.044998 	392.000000 	394.023987 	399.963013 
3.800000 	115.044998 	392.000000 	394.023987 	399.963013 
3.900000 	115.044998 	392.000000 	394.023987 	399.963013 
4.000000 	115.044998 	392.000000 	394.023987 	399.963013 
4.100000 	115.044998 	392.000000 	394.023987 	399.963013 
4.200000 	115.044998 	392.000000 	394.023987 	399.963013 
4.300000 	115.044998 	392.000000 	394.023987 	399.963013 
4.400000 	115.044998 	392.000000 	394.023987 	399.963013 
4.500000 	117.723000 	392.000000 	393.023987 	399.971008 
4.600000 	117.723000 	392.000000 	393.023987 	399.971008 
4.700000 	117.723000 	392.000000 	393.023987 	399.971008 
4.800000 	117.723000 	392.000000 	393.023987 	399.971008 
4.900000 	117.723000 	392.000000 	393.023987 	399.971008 
5.000000 	117.723000 	392.000000 	393.023987 	399.971008 
5.100000 	117.723000 	392.000000 	393.023987 	399.971008 
5.200000 	117.723000 	392.000000 	393.023987 	399.971008 
5.300000 	117.723000 	392.000000 	393.023987 	399.971008 
5.400000 	117.723000 	392.000000 	393.023987 	399.971008 
5.500000 	119.275002 	392.000000 	392.450012 	399.983002 
5.600000 	119.275002 	392.000000 	392.450012 	399.983002 
5.700000 	119.275002 	392.000000 	392.450012 	399.983002 
5.800000 	119.275002 	392.000000 	392.450012 	399.983002 
5.900000 	119.275002 	392.000000 	392.450012 	399.983002 
6.000000 	119.275002 	392.000000 	392.450012 	399.983002 
6.100000 	119.275002 	392.000000 	392.450012 	399.983002 
6.200000 	119.275002 	392.000000 	392.450012 	399.983002 
6.300000 	119.275002 	392.000000 	392.450012 	399.983002 
6.400000 	119.275002 	392.000000 	392.450012 	399.983002 
6.500000 	120.247002 	392.000000 	392.095001 	399.997986 
6.600000 	120.247002 	392.000000 	392.095001 	399.997986 
6.700000 	120.247002 	392.000000 	392.095001 	399.997986 
6.800000 	120.247002 	392.000000 	392.095001 	399.997986 
6.900000 	120.247002 	392.000000 	392.095001 	399.997986 
7.000000 	120.247002 	392.000000 	392.095001 	399.997986 
7.100000 	120.247002 	392.000000 	392.095001 	399.997986 
7.200000 	120.247002 	392.000000 	392.095001 	399.997986 
7.300000 	120.247002 	392.000000 	392.095001 	399.997986 
7.400000 	120.247002 	392.000000 	392.095001 	399.997986 
7.500000 	120.893997 	392.000000 	391.862000 	400.015015 
7.600000 	120.893997 	392.000000 	391.862000 	400.015015 
7.700000 	120.893997 	392.000000 	391.862000 	400.015015 
7.800000 	120.893997 	392.000000 	391.862000 	400.015015 
7.900000 	120.893997 	392.000000 	391.862000 	400.015015 
8.000000 	120.893997 	392.000000 	391.862000 	400.015015 
8.100000 	120.893997 	392.000000 	391.862000 	400.015015 
8.200000 	120.893997 	392.000000 	391.862000 	400.015015 
8.300000 	120.893997 	392.000000 	391.862000 	400.015015 
8.400000 	120.893997 	392.000000 	391.862000 	400.015015 
8.500000 	121.346001 	392.000000 	391.700989 	400.032990 
8.600000 	121.346001 	392.000000 	391.700989 	400.032990 
8.700000 	121.346001 	392.000000 	391.700989 	400.032990 
8.800000 	121.346001 	392.000000 	391.700989 	400.032990 
8.900000 	121.346001 	392.000000 	391.700989 	400.032990 
9.000000 	121.346001 	392.000000 	391.700989 	400.032990 
9.100000 	121.346001 	392.000000 	391.700989 	400.032990 
9.200000 	121.346001 	392.000000 	391.700989 	400.032990 
9.300000 	121.346001 	392.000000 	391.700989 	400.032990 
9.400000 	121.346001 	392.000000 	391.700989 	400.032990 
9.500000 	121.674004 	392.000000 	391.585999 	400.053009 
9.600000 	121.674004 	392.000000 	391.585999 	400.053009 
9.700000 	121.674004 	392.000000 	391.585999 	400.053009 
9.800000 	121.674004 	392.000000 	391.585999 	400.053009 
9.900000 	121.674004 	392.000000 	391.585999 	400.053009 
10.000000 	121.674004 	392.000000 	391.585999 	400.053009 
10.100000 	121.674004 	392.000000 	391.585999 	400.053009 
10.200000 	121.674004 	392.000000 	391.585999 	400.053009 
10.300000 	121.674004 	392.000000 	391.585999 	400.053009 
10.400000 	121.674004 	392.000000 	391.585999 	400.053009 
10.500000 	121.920998 	392.000000 	391.501007 	400.072998 
10.600000 	121.920998 	392.000000 	391.501007 	400.072998 
10.700000 	121.920998 	392.000000 	391.501007 	400.072998 
10.800000 	121.920998 	392.000000 	391.501007 	400.072998 
10.900000 	121.920998 	392.000000 	391.501007 	400.072998 
11.000000 	121.920998 	392.000000 	391.501007 	400.072998 
11.100000 	121.920998 	392.000000 	391.501007 	400.072998 
11.200000 	121.920998 	392.000000 	391.501007 	400.072998 
11.300000 	121.920998 	392.000000 	391.501007 	400.072998 
11.400000 	121.920998 	392.000000 	391.501007 	400.072998 
11.500000 	122.111000 	392.000000 	391.437012 	400.095001 
11.600000 	122.111000 	392.000000 	391.437012 	400.095001 
11.700000 	122.111000 	392.000000 	391.437012 	400.095001 
11.800000 	122.111000 	392.000000 	391.437012 	400.095001 
11.900000 	122.111000 	392.000000 	391.437012 	400.095001 
12.000000 	122.111000 	392.000000 	391.437012 	400.095001 
12.100000 	122.111000 	392.000000 	391.437012 	400.095001 
12.200000 	122.111000 	392.000000 	391.437012 	400.095001 
12.300000 	122.111000 	392.000000 	391.437012 	400.095001 
12.400000 	122.111000 	392.000000 	391.437012 	400.095001 
12.500000 	122.261002 	392.000000 	391.386993 	400.118011 
12.600000 	122.261002 	392.000000 	391.386993 	400.118011 
12.700000 	122.261002 	392.000000 	391.386993 	400.118011 
12.800000 	122.261002 	392.000000 	391.386993 	400.118011 
12.900000 	122.261002 	392.000000 	391.386993 	400.118011 
13.000000 	122.261002 	392.000000 	391.386993 	400.118011 
13.100000 	122.261002 	392.000000 	391.386993 	400.118011 
13.200000 	122.261002 	392.000000 	391.386993 	400.118011 
13.300000 	122.261002 	392.000000 	391.386993 	400.118011 
13.400000 	122.261002 	392.000000 	391.386993 	400.118011 
13.500000 	122.380997 	392.000000 	391.347992 	400.140991 
13.600000 	122.380997 	392.000000 	391.347992 	400.140991 
13.700000 	122.380997 	392.000000 	391.347992 	400.140991 
13.800000 	122.380997 	392.000000 	391.347992 	400.140991 
13.900000 	122.380997 	392.000000 	391.347992 	400.140991 
14.000000 	122.380997 	392.000000 	391.347992 	400.140991 
14.100000 	122.380997 	392.000000 	391.347992 	400.140991 
14.200000 	122.380997 	392.000000 	391.347992 	400.140991 
14.300000 	122.380997 	392.000000 	391.347992 	400.140991 
14.400000 	122.380997 	392.000000 	391.347992 	400.140991 
14.500000 	122.480003 	392.000000 	391.316986 	400.169006 
14.600000 	122.480003 	392.000000 	391.316986 	400.169006 
14.700000 	122.480003 	392.000000 	391.316986 	400.169006 
14.800000 	122.480003 	392.000000 	391.316986 	400.169006 
14.900000 	122.480003 	392.000000 	391.316986 	400.169006 
15.000000 	122.480003 	392.000000 	391.316986 	400.169006 
15.100000 	122.480003 	392.000000 	391.316986 	400.169006 
15.200000 	122.480003 	392.000000 	391.316986 	400.169006 
15.300000 	122.480003 	392.000000 	391.316986 	400.169006 
15.400000 	122.480003 	392.000000 	391.316986 	400.169006 
15.500000 	122.561996 	392.000000 	391.290985 	400.194000 
15.600000 	122.561996 	392.000000 	391.290985 	400.194000 
15.700000 	122.561996 	392.000000 	391.290985 	400.194000 
15.800000 	122.561996 	392.000000 	391.290985 	400.194000 
15.900000 	122.561996 	392.000000 	391.290985 	400.194000 
16.000000 	122.561996 	392.000000 	391.290985 	400.194000 
16.100000 	122.561996 	392.000000 	391.290985 	400.194000 
16.200000 	122.561996 	392.000000 	391.290985 	400.194000 
16.300000 	122.561996 	392.000000 	391.290985 	400.194000 
16.400000 	122.561996 	392.000000 	391.290985 	400.194000 
16.500000 	122.630997 	392.000000 	391.269989 	400.220001 
16.600000 	122.630997 	392.000000 	391.269989 	400.220001 
16.700000 	122.630997 	392.000000 	391.269989 	400.220001 
16.800000 	122.630997 	392.000000 	391.269989 	400.220001 
16.900000 	122.630997 	392.000000 	391.269989 	400.220001 
17.000000 	122.630997 	392.000000 	391.269989 	400.220001 
17.100000 	122.630997 	392.000000 	391.269989 	400.220001 
17.200000 	122.630997 	392.000000 	391.269989 	400.220001 
17.300000 	122.630997 	392.000000 	391.269989 	400.220001 
17.400000 	122.630997 	392.000000 	391.269989 	400.220001 
17.500000 	122.689003 	392.000000 	391.252014 	400.246002 
17.600000 	122.689003 	392.000000 	391.252014 	400.246002 
17.700000 	122.689003 	392.000000 	391.252014 	400.246002 
17.800000 	122.689003 	392.000000 	391.252014 	400.246002 
17.900000 	122.689003 	392.000000 	391.252014 	400.246002 
18.000000 	122.689003 	392.000000 	391.252014 	400.246002 
18.100000 	122.689003 	392.000000 	391.252014 	400.246002 
18.200000 	122.689003 	392.000000 	391.252014 	400.246002 
18.300000 	122.689003 	392.000000 	391.252014 	400.246002 
18.400000 	122.689003 	392.000000 	391.252014 	400.246002 
18.500000 	122.739998 	392.000000 	391.237000 	400.273010 
18.600000 	122.739998 	392.000000 	391.237000 	400.273010 
18.700000 	122.739998 	392.000000 	391.237000 	400.273010 
18.800000 	122.739998 	392.000000 	391.237000 	400.273010 
18.900000 	122.739998 	392.000000 	391.237000 	400.273010 
19.000000 	122.739998 	392.000000 	391.237000 	400.273010 
19.100000 	122.739998 	392.000000 	391.237000 	400.273010 
19.200000 	122.739998 	392.000000 	391.237000 	400.273010 
19.300000 	122.739998 	392.000000 	391.237000 	400.273010 
19.400000 	122.739998 	392.000000 	391.237000 	400.273010 
19.500000 	122.783997 	392.000000 	391.223999 	400.299988 
19.600000 	122.783997 	392.000000 	391.223999 	400.299988 
19.700000 	122.783997 	392.000000 	391.223999 	400.299988 
19.800000 	122.783997 	392.000000 	391.223999 	400.299988 
19.900000 	122.783997 	392.000000 	391.223999 	400.299988 
20.000000 	122.783997 	392.000000 	391.223999 	400.299988 
20.100000 	122.783997 	392.000000 	391.223999 	400.299988 
20.200000 	122.783997 	392.000000 	391.223999 	400.299988 
20.300000 	122.783997 	392.000000 	391.223999 	400.299988 
20.400000 	122.783997 	392.000000 	391.223999 	400.299988 
20.500000 	122.822998 	392.000000 	391.213013 	400.328003 
20.600000 	122.822998 	392.000000 	391.213013 	400.328003 
20.700000 	122.822998 	392.000000 	391.213013 	400.328003 
20.800000 	122.822998 	392.000000 	391.213013 	400.328003 
20.900000 	122.822998 	392.000000 	391.213013 	400.328003 
21.000000 	122.822998 	392.000000 	391.213013 	400.328003 
21.100000 	122.822998 	392.000000 	391.213013 	400.328003 
21.200000 	122.822998 	392.000000 	391.213013 	400.328003 
21.300000 	122.822998 	392.000000 	391.213013 	400.328003 
21.400000 	122.822998 	392.000000 	391.213013 	400.328003 
21.500000 	122.858002 	392.000000 	391.204010 	400.355988 
21.600000 	122.858002 	392.000000 	391.204010 	400.355988 
21.700000 	122.858002 	392.000000 	391.204010 	400.355988 
21.800000 	122.858002 	392.000000 	391.204010 	400.355988 
21.900000 	122.858002 	392.000000 	391.204010 	400.355988 
22.000000 	122.858002 	392.000000 	391.204010 	400.355988 
22.100000 	122.858002 	392.000000 	391.204010 	400.355988 
22.200000 	122.858002 	392.000000 	391.204010 	400.355988 
22.300000 	122.858002 	392.000000 	391.204010 	400.355988 
22.400000 	122.858002 	392.000000 	391.204010 	400.355988 
22.500000 	122.889000 	392.000000 	391.195007 	400.385010 
22.600000 	122.889000 	392.000000 	391.195007 	400.385010 
22.700000 	122.889000 	392.000000 	391.195007 	400.385010 
22.800000 	122.889000 	392.000000 	391.195007 	400.385010 
22.900000 	122.889000 	392.000000 	391.195007 	400.385010 
23.000000 	122.889000 	392.000000 	391.195007 	400.385010 
23.100000 	122.889000 	392.000000 	391.195007 	400.385010 
23.200000 	122.889000 	392.000000 	391.195007 	400.385010 
23.300000 	122.889000 	392.000000 	391.195007 	400.385010 
23.400000 	122.889000 	392.000000 	391.195007 	400.385010 
23.500000 	122.916000 	392.000000 	391.187988 	400.412994 
23.600000 	122.916000 	392.000000 	391.187988 	400.412994 
23.700000 	122.916000 	392.000000 	391.187988 	400.412994 
23.800000 	122.916000 	392.000000 	391.187988 	400.412994 
23.900000 	122.916000 	392.000000 	391.187988 	400.412994 
24.000000 	122.916000 	392.000000 	391.187988 	400.412994 
24.100000 	122.916000 	392.000000 	391.187988 	400.412994 
24.200000 	122.916000 	392.000000 	391.187988 	400.412994 
24.300000 	122.916000 	392.000000 	391.187988 	400.412994 
24.400000 	122.916000 	392.000000 	391.187988 	400.412994 
24.500000 	122.941002 	392.000000 	391.181000 	400.441986 
24.600000 	122.941002 	392.000000 	391.181000 	400.441986 
24.700000 	122.941002 	392.000000 	391.181000 	400.441986 
24.800000 	122.941002 	392.000000 	391.181000 	400.441986 
24.900000 	122.941002 	392.000000 	391.181000 	400.441986 
25.000000 	122.941002 	392.000000 	391.181000 	400.441986 
25.100000 	122.941002 	392.000000 	391.181000 	400.441986 
25.200000 	122.941002 	392.000000 	391.181000 	400.441986 
25.300000 	122.941002 	392.000000 	391.181000 	400.441986 
25.400000 	122.941002 	392.000000 	391.181000 	400.441986 
25.500000 	122.963997 	392.000000 	391.174988 	400.471008 
25.600000 	122.963997 	392.000000 	391.174988 	400.471008 
25.700000 	122.963997 	392.000000 	391.174988 	400.471008 
25.800000 	122.963997 	392.000000 	391.174988 	400.471008 
25.900000 	122.963997 	392.000000 	391.174988 	400.471008 
26.000000 	122.963997 	392.000000 	391.174988 	400.471008 
26.100000 	122.963997 	392.000000 	391.174988 	400.471008 
26.200000 	122.963997 	392.000000 	391.174988 	400.471008 
26.300000 	122.963997 	392.000000 	391.174988 	400.471008 
26.400000 	122.963997 	392.000000 	391.174988 	400.471008 
26.500000 	122.985001 	392.000000 	391.169006 	400.500000 
26.600000 	122.985001 	392.000000 	391.169006 	400.500000 
26.700000 	122.985001 	392.000000 	391.169006 	400.500000 
26.800000 	122.985001 	392.000000 	391.169006 	400.500000 
26.900000 	122.985001 	392.000000 	391.169006 	400.500000 
27.000000 	122.985001 	392.000000 	391.169006 	400.500000 
27.100000 	122.985001 	392.000000 	391.169006 	400.500000 
27.200000 	122.985001 	392.000000 	391.169006 	400.500000 
27.300000 	122.985001 	392.000000 	391.169006 	400.500000 
27.400000 	122.985001 	392.000000 	391.169006 	400.500000 
27.500000 	123.004997 	392.000000 	391.164001 	400.529999 
27.600000 	123.004997 	392.000000 	391.164001 	400.529999 
27.700000 	123.004997 	392.000000 	391.164001 	400.529999 
27.800000 	123.004997 	392.000000 	391.164001 	400.529999 
27.900000 	123.004997 	392.000000 	391.164001 	400.529999 
28.000000 	123.004997 	392.000000 	391.164001 	400.529999 
28.100000 	123.004997 	392.000000 	391.164001 	400.529999 
28.200000 	123.004997 	392.000000 	391.164001 	400.529999 
28.300000 	123.004997 	392.000000 	391.164001 	400.529999 
28.400000 	123.004997 	392.000000 	391.164001 	400.529999 
28.500000 	123.023003 	392.000000 	391.158997 	400.558990 
28.600000 	123.023003 	392.000000 	391.158997 	400.558990 
28.700000 	123.023003 	392.000000 	391.158997 	400.558990 
28.800000 	123.023003 	392.000000 	391.158997 	400.558990 
28.900000 	123.023003 	392.000000 	391.158997 	400.558990 
29.000000 	123.023003 	392.000000 	391.158997 	400.558990 
29.100000 	123.023003 	392.000000 	391.158997 	400.558990 
29.200000 	123.023003 	392.000000 	391.158997 	400.558990 
29.300000 	123.023003 	392.000000 	391.158997 	400.558990 
29.400000 	123.023003 	392.000000 	391.158997 	400.558990 
29.500000 	123.040001 	392.000000 	391.154999 	400.588989 
29.600000 	123.040001 	392.000000 	391.154999 	400.588989 
29.700000 	123.040001 	392.000000 	391.154999 	400.588989 
29.800000 	123.040001 	392.000000 	391.154999 	400.588989 
29.900000 	123.040001 	392.000000 	391.154999 	400.588989 
30.000000 	123.040001 	392.000000 	391.154999 	400.588989 
30.100000 	123.040001 	392.000000 	391.154999 	400.588989 
30.200000 	123.040001 	392.000000 	391.154999 	400.588989 
30.300000 	123.040001 	392.000000 	391.154999 	400.588989 
30.400000 	123.040001 	392.000000 	391.154999 	400.588989 
30.500000 	123.055000 	392.000000 	391.151001 	400.618988 
30.600000 	123.055000 	392.000000 	391.151001 	400.618988 
30.700000 	123.055000 	392.000000 	391.151001 	400.618988 
30.800000 	123.055000 	392.000000 	391.151001 	400.618988 
30.900000 	123.055000 	392.000000 	391.151001 	400.618988 
31.000000 	123.055000 	392.000000 	391.151001 	400.618988 
31.100000 	123.055000 	392.000000 	391.151001 	400.618988 
31.200000 	123.055000 	392.000000 	391.151001 	400.618988 
31.300000 	123.055000 	392.000000 	391.151001 	400.618988 
31.400000 	123.055000 	392.000000 	391.151001 	400.618988 
31.500000 	123.070000 	392.000000 	391.145996 	400.648010 
31.600000 	123.070000 	392.000000 	391.145996 	400.648010 
31.700000 	123.070000 	392.000000 	391.145996 	400.648010 
31.800000 	123.070000 	392.000000 	391.145996 	400.648010 
31.900000 	123.070000 	392.000000 	391.145996 	400.648010 
32.000000 	123.070000 	392.000000 	391.145996 	400.648010 
32.100000 	123.070000 	392.000000 	391.145996 	400.648010 
32.200000 	123.070000 	392.000000 	391.145996 	400.648010 
32.300000 	123.070000 	392.000000 	391.145996 	400.648010 
32.400000 	123.070000 	392.000000 	391.145996 	400.648010 
32.500000 	123.084000 	392.000000 	391.141998 	400.678009 
32.600000 	123.084000 	392.000000 	391.141998 	400.678009 
32.700000 	123.084000 	392.000000 	391.141998 	400.678009 
32.800000 	123.084000 	392.000000 	391.141998 	400.678009 
32.900000 	123.084000 	392.000000 	391.141998 	400.678009 
33.000000 	123.084000 	392.000000 	391.141998 	400.678009 
33.100000 	123.084000 	392.000000 	391.141998 	400.678009 
33.200000 	123.084000 	392.000000 	391.141998 	400.678009 
33.300000 	123.084000 	392.000000 	391.141998 	400.678009 
33.400000 	123.084000 	392.000000 	391.141998 	400.678009 
33.500000 	123.097000 	392.000000 	391.139008 	400.707001 
33.600000 	123.097000 	392.000000 	391.139008 	400.707001 
33.700000 	123.097000 	392.000000 	391.139008 	400.707001 
33.800000 	123.097000 	392.000000 	391.139008 	400.707001 
33.900000 	123.097000 	392.000000 	391.139008 	400.707001 
34.000000 	123.097000 	392.000000 	391.139008 	400.707001 
34.100000 	123.097000 	392.000000 	391.139008 	400.707001 
34.200000 	123.097000 	392.000000 	391.139008 	400.707001 
34.300000 	123.097000 	392.000000 	391.139008 	400.707001 
34.400000 	123.097000 	392.000000 	391.139008 	400.707001 
34.500000 	123.109001 	392.000000 	391.135010 	400.737000 
34.600000 	123.109001 	392.000000 	391.135010 	400.737000 
34.700000 	123.109001 	392.000000 	391.135010 	400.737000 
34.800000 	123.109001 	392.000000 	391.135010 	400.737000 
34.900000 	123.109001 	392.000000 	391.135010 	400.737000 
35.000000 	123.109001 	392.000000 	391.135010 	400.737000 
35.100000 	123.109001 	392.000000 	391.135010 	400.737000 
35.200000 	123.109001 	392.000000 	391.135010 	400.737000 
35.300000 	123.109001 	392.000000 	391.135010 	400.737000 
35.400000 	123.109001 	392.000000 	391.135010 	400.737000 
35.500000 	123.121002 	392.000000 	391.131012 	400.765991 
35.600000 	123.121002 	392.000000 	391.131012 	400.765991 
35.700000 	123.121002 	392.000000 	391.131012 	400.765991 
35.800000 	123.121002 	392.000000 	391.131012 	400.765991 
35.900000 	123.121002 	392.000000 	391.131012 	400.765991 
36.000000 	123.121002 	392.000000 	391.131012 	400.765991 
36.100000 	123.121002 	392.000000 	391.131012 	400.765991 
36.200000 	123.121002 	392.000000 	391.131012 	400.765991 
36.300000 	123.121002 	392.000000 	391.131012 	400.765991 
36.400000 	123.121002 	392.000000 	391.131012 	400.765991 
36.500000 	123.132004 	392.000000 	391.127991 	400.795990 
36.600000 	123.132004 	392.000000 	391.127991 	400.795990 
36.700000 	123.132004 	392.000000 	391.127991 	400.795990 
36.800000 	123.132004 	392.000000 	391.127991 	400.795990 
36.900000 	123.132004 	392.000000 	391.127991 	400.795990 
37.000000 	123.132004 	392.000000 	391.127991 	400.795990 
37.100000 	123.132004 	392.000000 	391.127991 	400.795990 
37.200000 	123.132004 	392.000000 	391.127991 	400.795990 
37.300000 	123.132004 	392.000000 	391.127991 	400.795990 
37.400000 	123.132004 	392.000000 	391.127991 	400.795990 
37.500000 	123.142998 	392.000000 	391.123993 	400.825012 
37.600000 	123.142998 	392.000000 	391.123993 	400.825012 
37.700000 	123.142998 	392.000000 	391.123993 	400.825012 
37.800000 	123.142998 	392.000000 	391.123993 	400.825012 
37.900000 	123.142998 	392.000000 	391.123993 	400.825012 
38.000000 	123.142998 	392.000000 	391.123993 	400.825012 
38.100000 	123.142998 	392.000000 	391.123993 	400.825012 
38.200000 	123.142998 	392.000000 	391.123993 	400.825012 
38.300000 	123.142998 	392.000000 	391.123993 	400.825012 
38.400000 	123.142998 	392.000000 	391.123993 	400.825012 
38.500000 	123.153999 	392.000000 	391.121002 	400.854004 
38.600000 	123.153999 	392.000000 	391.121002 	400.854004 
38.700000 	123.153999 	392.000000 	391.121002 	400.854004 
38.800000 	123.153999 	392.000000 	391.121002 	400.854004 
38.900000 	123.153999 	392.000000 	391.121002 	400.854004 
39.000000 	123.153999 	392.000000 	391.121002 	400.854004 
39.100000 	123.153999 	392.000000 	391.121002 	400.854004 
39.200000 	123.153999 	392.000000 	391.121002 	400.854004 
39.300000 	123.153999 	392.000000 	391.121002 	400.854004 
39.400000 	123.153999 	392.000000 	391.121002 	400.854004 
39.500000 	123.164001 	392.000000 	391.117004 	400.882996 
39.600000 	123.164001 	392.000000 	391.117004 	400.882996 
39.700000 	123.164001 	392.000000 	391.117004 	400.882996 
39.800000 	123.164001 	392.000000 	391.117004 	400.882996 
39.900000 	123.164001 	392.000000 	391.117004 	400.882996 
40.000000 	123.164001 	392.000000 	391.117004 	400.882996 
40.100000 	123.164001 	392.000000 	391.117004 	400.882996 
40.200000 	123.164001 	392.000000 	391.117004 	400.882996 
40.300000 	123.164001 	392.000000 	391.117004 	400.882996 
40.400000 	123.164001 	392.000000 	391.117004 	400.882996 
40.500000 	123.172997 	392.000000 	391.113007 	400.911987 
40.600000 	123.172997 	392.000000 	391.113007 	400.911987 
40.700000 	123.172997 	392.000000 	391.113007 	400.911987 
40.800000 	123.172997 	392.000000 	391.113007 	400.911987 
40.900000 	123.172997 	392.000000 	391.113007 	400.911987 
41.000000 	123.172997 	392.000000 	391.113007 	400.911987 
41.100000 	123.172997 	392.000000 	391.113007 	400.911987 
41.200000 	123.172997 	392.000000 	391.113007 	400.911987 
41.300000 	123.172997 	392.000000 	391.113007 	400.911987 
41.400000 	123.172997 	392.000000 	391.113007 	400.911987 
41.500000 	123.181999 	392.000000 	391.109985 	400.940002 
41.600000 	123.181999 	392.000000 	391.109985 	400.940002 
41.700000 	123.181999 	392.000000 	391.109985 	400.940002 
41.800000 	123.181999 	392.000000 	391.109985 	400.940002 
41.900000 	123.181999 	392.000000 	391.109985 	400.940002 
42.000000 	123.181999 	392.000000 	391.109985 	400.940002 
42.100000 	123.181999 	392.000000 	391.109985 	400.940002 
42.200000 	123.181999 	392.000000 	391.109985 	400.940002 
42.300000 	123.181999 	392.000000 	391.109985 	400.940002 
42.400000 	123.181999 	392.000000 	391.109985 	400.940002 
42.500000 	123.191002 	392.000000 	391.105988 	400.968994 
42.600000 	123.191002 	392.000000 	391.105988 	400.968994 
42.700000 	123.191002 	392.000000 	391.105988 	400.968994 
42.800000 	123.191002 	392.000000 	391.105988 	400.968994 
42.900000 	123.191002 	392.000000 	391.105988 	400.968994 
43.000000 	123.191002 	392.000000 	391.105988 	400.968994 
43.100000 	123.191002 	392.000000 	391.105988 	400.968994 
43.200000 	123.191002 	392.000000 	391.105988 	400.968994 
43.300000 	123.191002 	392.000000 	391.105988 	400.968994 
43.400000 	123.191002 	392.000000 	391.105988 	400.968994 
43.500000 	123.199997 	392.000000 	391.102997 	400.997009 
43.600000 	123.199997 	392.000000 	391.102997 	400.997009 
43.700000 	123.199997 	392.000000 	391.102997 	400.997009 
43.800000 	123.199997 	392.000000 	391.102997 	400.997009 
43.900000 	123.199997 	392.000000 	391.102997 	400.997009 
44.000000 	123.199997 	392.000000 	391.102997 	400.997009 
44.100000 	123.199997 	392.000000 	391.102997 	400.997009 
44.200000 	123.199997 	392.000000 	391.102997 	400.997009 
44.300000 	123.199997 	392.000000 	391.102997 	400.997009 
44.400000 	123.199997 	392.000000 	391.102997 	400.997009 
44.500000 	123.208000 	392.000000 	391.098999 	401.024994 
44.600000 	123.208000 	392.000000 	391.098999 	401.024994 
44.700000 	123.208000 	392.000000 	391.098999 	401.024994 
44.800000 	123.208000 	392.000000 	391.098999 	401.024994 
44.900000 	123.208000 	392.000000 	391.098999 	401.024994 
45.000000 	123.208000 	392.000000 	391.098999 	401.024994 
45.100000 	123.208000 	392.000000 	391.098999 	401.024994 
45.200000 	123.208000 	392.000000 	391.098999 	401.024994 
45.300000 	123.208000 	392.000000 	391.098999 	401.024994 
45.400000 	123.208000 	392.000000 	391.098999 	401.024994 
45.500000 	123.216003 	392.000000 	391.095001 	401.052002 
45.600000 	123.216003 	392.000000 	391.095001 	401.052002 
45.700000 	123.216003 	392.000000 	391.095001 	401.052002 
45.800000 	123.216003 	392.000000 	391.095001 	401.052002 
45.900000 	123.216003 	392.000000 	391.095001 	401.052002 
46.000000 	123.216003 	392.000000 	391.095001 	401.052002 
46.100000 	123.216003 	392.000000 	391.095001 	401.052002 
46.200000 	123.216003 	392.000000 	391.095001 	401.052002 
46.300000 	123.216003 	392.000000 	391.095001 	401.052002 
46.400000 	123.216003 	392.000000 	391.095001 	401.052002 
46.500000 	123.223999 	392.000000 	391.091003 	401.079987 
46.600000 	123.223999 	392.000000 	391.091003 	401.079987 
46.700000 	123.223999 	392.000000 	391.091003 	401.079987 
46.800000 	123.223999 	392.000000 	391.091003 	401.079987 
46.900000 	123.223999 	392.000000 	391.091003 	401.079987 
47.000000 	123.223999 	392.000000 	391.091003 	401.079987 
47.100000 	123.223999 	392.000000 	391.091003 	401.079987 
47.200000 	123.223999 	392.000000 	391.091003 	401.079987 
47.300000 	123.223999 	392.000000 	391.091003 	401.079987 
47.400000 	123.223999 	392.000000 	391.091003 	401.079987 
47.500000 	123.232002 	392.000000 	391.087006 	401.106995 
47.600000 	123.232002 	392.000000 	391.087006 	401.106995 
47.700000 	123.232002 	392.000000 	391.087006 	401.106995 
47.800000 	123.232002 	392.000000 	391.087006 	401.106995 
47.900000 	123.232002 	392.000000 	391.087006 	401.106995 
48.000000 	123.232002 	392.000000 	391.087006 	401.106995 
48.100000 	123.232002 	392.000000 	391.087006 	401.106995 
48.200000 	123.232002 	392.000000 	391.087006 	401.106995 
48.300000 	123.232002 	392.000000 	391.087006 	401.106995 
48.400000 	123.232002 	392.000000 	391.087006 	401.106995 
48.500000 	123.238998 	392.000000 	391.083008 	401.134003 
48.600000 	123.238998 	392.000000 	391.083008 	401.134003 
48.700000 	123.238998 	392.000000 	391.083008 	401.134003 
48.800000 	123.238998 	392.000000 	391.083008 	401.134003 
48.900000 	123.238998 	392.000000 	391.083008 	401.134003 
49.000000 	123.238998 	392.000000 	391.083008 	401.134003 
49.100000 	123.238998 	392.000000 	391.083008 	401.134003 
49.200000 	123.238998 	392.000000 	391.083008 	401.134003 
49.300000 	123.238998 	392.000000 	391.083008 	401.134003 
49.400000 	123.238998 	392.000000 	391.083008 	401.134003 
49.500000 	123.247002 	392.000000 	391.079010 	401.161011 
49.600000 	123.247002 	392.000000 	391.079010 	401.161011 
49.700000 	123.247002 	392.000000 	391.079010 	401.161011 
49.800000 	123.247002 	392.000000 	391.079010 	401.161011 
49.900000 	123.247002 	392.000000 	391.079010 	401.161011 
50.000000 	123.247002 	392.000000 	391.079010 	401.161011 
50.100000 	123.247002 	392.000000 	391.079010 	401.161011 
50.200000 	123.247002 	392.000000 	391.079010 	401.161011 
50.300000 	123.247002 	392.000000 	391.079010 	401.161011 
50.400000 	123.247002 	392.000000 	391.079010 	401.161011 
50.500000 	123.253998 	392.000000 	391.075012 	1006.030029 
50.600000 	123.253998 	392.000000 	391.075012 	1006.030029 
50.700000 	123.253998 	392.000000 	391.075012 	1006.030029 
50.800000 	123.253998 	392.000000 	391.075012 	1006.030029 
50.900000 	123.253998 	392.000000 	391.075012 	1006.030029 
51.000000 	123.253998 	392.000000 	391.075012 	1006.030029 
51.100000 	123.253998 	392.000000 	391.075012 	1006.030029 
51.200000 	123.253998 	392.000000 	391.075012 	1006.030029 
51.300000 	123.253998 	392.000000 	391.075012 	1006.030029 
51.400000 	123.253998 	392.000000 	391.075012 	1006.030029 
51.500000 	123.261002 	392.000000 	391.071014 	1006.030029 
51.600000 	123.261002 	392.000000 	391.071014 	1006.030029 
51.700000 	123.261002 	392.000000 	391.071014 	1006.030029 
51.800000 	123.261002 	392.000000 	391.071014 	1006.030029 
51.900000 	123.261002 	392.000000 	391.071014 	1006.030029 
52.000000 	123.261002 	392.000000 	391.071014 	1006.030029 
52.100000 	123.261002 	392.000000 	391.071014 	1006.030029 
52.200000 	123.261002 	392.000000 	391.071014 	1006.030029 
52.300000 	123.261002 	392.000000 	391.071014 	1006.030029 
52.400000 	123.261002 	392.000000 	391.071014 	1006.030029 
52.500000 	123.267998 	392.000000 	391.066986 	1006.030029 
52.600000 	123.267998 	392.000000 	391.066986 	1006.030029 
52.700000 	123.267998 	392.000000 	391.066986 	1006.030029 
52.800000 	123.267998 	392.000000 	391.066986 	1006.030029 
52.900000 	123.267998 	392.000000 	391.066986 	1006.030029 
53.000000 	123.267998 	392.000000 	391.066986 	1006.030029 
53.100000 	123.267998 	392.000000 	391.066986 	1006.030029 
53.200000 	123.267998 	392.000000 	391.066986 	1006.030029 
53.300000 	123.267998 	392.000000 	391.066986 	1006.030029 
53.400000 	123.267998 	392.000000 	391.066986 	1006.030029 
53.500000 	123.274002 	392.000000 	391.062012 	1006.030029 
53.600000 	123.274002 	392.000000 	391.062012 	1006.030029 
53.700000 	123.274002 	392.000000 	391.062012 	1006.030029 
53.800000 	123.274002 	392.000000 	391.062012 	1006.030029 
53.900000 	123.274002 	392.000000 	391.062012 	1006.030029 
54.000000 	123.274002 	392.000000 	391.062012 	1006.030029 
54.100000 	123.274002 	392.000000 	391.062012 	1006.030029 
54.200000 	123.274002 	392.000000 	391.062012 	1006.030029 
54.300000 	123.274002 	392.000000 	391.062012 	1006.030029 
54.400000 	123.274002 	392.000000 	391.062012 	1006.030029 
54.500000 	123.280998 	392.000000 	391.058014 	1006.030029 
54.600000 	123.280998 	392.000000 	391.058014 	1006.030029 
54.700000 	123.280998 	392.000000 	391.058014 	1006.030029 
54.800000 	123.280998 	392.000000 	391.058014 	1006.030029 
54.900000 	123.280998 	392.000000 	391.058014 	1006.030029 
55.000000 	123.280998 	392.000000 	391.058014 	1006.030029 
55.100000 	123.280998 	392.000000 	391.058014 	1006.030029 
55.200000 	123.280998 	392.000000 	391.058014 	1006.030029 
55.300000 	123.280998 	392.000000 	391.058014 	1006.030029 
55.400000 	123.280998 	392.000000 	391.058014 	1006.030029 
55.500000 	123.287003 	392.000000 	391.053009 	1006.030029 
55.600000 	123.287003 	392.000000 	391.053009 	1006.030029 
55.700000 	123.287003 	392.000000 	391.053009 	1006.030029 
55.800000 	123.287003 	392.000000 	391.053009 	1006.030029 
55.900000 	123.287003 	392.000000 	391.053009 	1006.030029 
56.000000 	123.287003 	392.000000 	391.053009 	1006.030029 
56.100000 	123.287003 	392.000000 	391.053009 	1006.030029 
56.200000 	123.287003 	392.000000 	391.053009 	1006.030029 
56.300000 	123.287003 	392.000000 	391.053009 	1006.030029 
56.400000 	123.287003 	392.000000 	391.053009 	1006.030029 
56.500000 	123.292999 	392.000000 	391.048004 	1006.030029 
56.600000 	123.292999 	392.000000 	391.048004 	1006.030029 
56.700000 	123.292999 	392.000000 	391.048004 	1006.030029 
56.800000 	123.292999 	392.000000 	391.048004 	1006.030029 
56.900000 	123.292999 	392.000000 	391.048004 	1006.030029 
57.000000 	123.292999 	392.000000 	391.048004 	1006.030029 
57.100000 	123.292999 	392.000000 	391.048004 	1006.030029 
57.200000 	123.292999 	392.000000 	391.048004 	1006.030029 
57.300000 	123.292999 	392.000000 	391.048004 	1006.030029 
57.400000 	123.292999 	392.000000 	391.048004 	1006.030029 
57.500000 	123.300003 	392.000000 	391.042999 	1006.030029 
57.600000 	123.300003 	392.000000 	391.042999 	1006.030029 
57.700000 	123.300003 	392.000000 	391.042999 	1006.030029 
57.800000 	123.300003 	392.000000 	391.042999 	1006.030029 
57.900000 	123.300003 	392.000000 	391.042999 	1006.030029 
58.000000 	123.300003 	392.000000 	391.042999 	1006.030029 
58.100000 	123.300003 	392.000000 	391.042999 	1006.030029 
58.200000 	123.300003 	392.000000 	391.042999 	1006.030029 
58.300000 	123.300003 	392.000000 	391.042999 	1006.030029 
58.400000 	123.300003 	392.000000 	391.042999 	1006.030029 
58.500000 	123.306000 	392.000000 	391.037994 	1006.030029 
58.600000 	123.306000 	392.000000 	391.037994 	1006.030029 
58.700000 	123.306000 	392.000000 	391.037994 	1006.030029 
58.800000 	123.306000 	392.000000 	391.037994 	1006.030029 
58.900000 	123.306000 	392.000000 	391.037994 	1006.030029 
59.000000 	123.306000 	392.000000 	391.037994 	1006.030029 
59.100000 	123.306000 	392.000000 	391.037994 	1006.030029 
59.200000 	123.306000 	392.000000 	391.037994 	1006.030029 
59.300000 	123.306000 	392.000000 	391.037994 	1006.030029 
59.400000 	123.306000 	392.000000 	391.037994 	1006.030029 
59.500000 	123.310997 	392.000000 	391.032990 	1006.030029 
59.600000 	123.310997 	392.000000 	391.032990 	1006.030029 
59.700000 	123.310997 	392.000000 	391.032990 	1006.030029 
59.800000 	123.310997 	392.000000 	391.032990 	1006.030029 
59.900000 	123.310997 	392.000000 	391.032990 	1006.030029 
60.000000 	123.310997 	392.000000 	391.032990 	1006.030029 
