0.500000 	70.945000 	112.000000 	173.365997 	131.490997 
0.600000 	70.945000 	112.000000 	173.365997 	131.490997 
0.700000 	70.945000 	112.000000 	173.365997 	131.490997 
0.800000 	70.945000 	112.000000 	173.365997 	131.490997 
0.900000 	70.945000 	112.000000 	173.365997 	131.490997 
1.000000 	70.945000 	112.000000 	173.365997 	131.490997 
1.100000 	70.945000 	112.000000 	173.365997 	131.490997 
1.200000 	70.945000 	112.000000 	173.365997 	131.490997 
1.300000 	70.945000 	112.000000 	173.365997 	131.490997 
1.400000 	70.945000 	112.000000 	173.365997 	131.490997 
1.500000 	75.239998 	112.000000 	152.507004 	135.429993 
1.600000 	75.239998 	112.000000 	152.507004 	135.429993 
1.700000 	75.239998 	112.000000 	152.507004 	135.429993 
1.800000 	75.239998 	112.000000 	152.507004 	135.429993 
1.900000 	75.239998 	112.000000 	152.507004 	135.429993 
2.000000 	75.239998 	112.000000 	152.507004 	135.429993 
2.100000 	75.239998 	112.000000 	152.507004 	135.429993 
2.200000 	75.239998 	112.000000 	152.507004 	135.429993 
2.300000 	75.239998 	112.000000 	152.507004 	135.429993 
2.400000 	75.239998 	112.000000 	152.507004 	135.429993 
2.500000 	85.628700 	112.000000 	143.210999 	136.115005 
2.600000 	85.628700 	112.000000 	143.210999 	136.115005 
2.700000 	85.628700 	112.000000 	143.210999 	136.115005 
2.800000 	85.628700 	112.000000 	143.210999 	136.115005 
2.900000 	85.628700 	112.000000 	143.210999 	136.115005 
3.000000 	85.628700 	112.000000 	143.210999 	136.115005 
3.100000 	85.628700 	112.000000 	143.210999 	136.115005 
3.200000 	85.628700 	112.000000 	143.210999 	136.115005 
3.300000 	85.628700 	112.000000 	143.210999 	136.115005 
3.400000 	85.628700 	112.000000 	143.210999 	136.115005 
3.500000 	92.226700 	112.000000 	137.774002 	136.386993 
3.600000 	92.226700 	112.000000 	137.774002 	136.386993 
3.700000 	92.226700 	112.000000 	137.774002 	136.386993 
3.800000 	92.226700 	112.000000 	137.774002 	136.386993 
3.900000 	92.226700 	112.000000 	137.774002 	136.386993 
4.000000 	92.226700 	112.000000 	137.774002 	136.386993 
4.100000 	92.226700 	112.000000 	137.774002 	136.386993 
4.200000 	92.226700 	112.000000 	137.774002 	136.386993 
4.300000 	92.226700 	112.000000 	137.774002 	136.386993 
4.400000 	92.226700 	112.000000 	137.774002 	136.386993 
4.500000 	96.426201 	112.000000 	134.307007 	136.544998 
4.600000 	96.426201 	112.000000 	134.307007 	136.544998 
4.700000 	96.426201 	112.000000 	134.307007 	136.544998 
4.800000 	96.426201 	112.000000 	134.307007 	136.544998 
4.900000 	96.426201 	112.000000 	134.307007 	136.544998 
5.000000 	96.426201 	112.000000 	134.307007 	136.544998 
5.100000 	96.426201 	112.000000 	134.307007 	136.544998 
5.200000 	96.426201 	112.000000 	134.307007 	136.544998 
5.300000 	96.426201 	112.000000 	134.307007 	136.544998 
5.400000 	96.426201 	112.000000 	134.307007 	136.544998 
5.500000 	99.251999 	112.000000 	131.938995 	136.660995 
5.600000 	99.251999 	112.000000 	131.938995 	136.660995 
5.700000 	99.251999 	112.000000 	131.938995 	136.660995 
5.800000 	99.251999 	112.000000 	131.938995 	136.660995 
5.900000 	99.251999 	112.000000 	131.938995 	136.660995 
6.000000 	99.251999 	112.000000 	131.938995 	136.660995 
6.100000 	99.251999 	112.000000 	131.938995 	136.660995 
6.200000 	99.251999 	112.000000 	131.938995 	136.660995 
6.300000 	99.251999 	112.000000 	131.938995 	136.660995 
6.400000 	99.251999 	112.000000 	131.938995 	136.660995 
6.500000 	101.249001 	112.000000 	130.246002 	136.759995 
6.600000 	101.249001 	112.000000 	130.246002 	136.759995 
6.700000 	101.249001 	112.000000 	130.246002 	136.759995 
6.800000 	101.249001 	112.000000 	130.246002 	136.759995 
6.900000 	101.249001 	112.000000 	130.246002 	136.759995 
7.000000 	101.249001 	112.000000 	130.246002 	136.759995 
7.100000 	101.249001 	112.000000 	130.246002 	136.759995 
7.200000 	101.249001 	112.000000 	130.246002 	136.759995 
7.300000 	101.249001 	112.000000 	130.246002 	136.759995 
7.400000 	101.249001 	112.000000 	130.246002 	136.759995 
7.500000 	102.716003 	112.000000 	128.992004 	136.852005 
7.600000 	102.716003 	112.000000 	128.992004 	136.852005 
7.700000 	102.716003 	112.000000 	128.992004 	136.852005 
7.800000 	102.716003 	112.000000 	128.992004 	136.852005 
7.900000 	102.716003 	112.000000 	128.992004 	136.852005 
8.000000 	102.716003 	112.000000 	128.992004 	136.852005 
8.100000 	102.716003 	112.000000 	128.992004 	136.852005 
8.200000 	102.716003 	112.000000 	128.992004 	136.852005 
8.300000 	102.716003 	112.000000 	128.992004 	136.852005 
8.400000 	102.716003 	112.000000 	128.992004 	136.852005 
8.500000 	103.827003 	112.000000 	128.035995 	136.942001 
8.600000 	103.827003 	112.000000 	128.035995 	136.942001 
8.700000 	103.827003 	112.000000 	128.035995 	136.942001 
8.800000 	103.827003 	112.000000 	128.035995 	136.942001 
8.900000 	103.827003 	112.000000 	128.035995 	136.942001 
9.000000 	103.827003 	112.000000 	128.035995 	136.942001 
9.100000 	103.827003 	112.000000 	128.035995 	136.942001 
9.200000 	103.827003 	112.000000 	128.035995 	136.942001 
9.300000 	103.827003 	112.000000 	128.035995 	136.942001 
9.400000 	103.827003 	112.000000 	128.035995 	136.942001 
9.500000 	104.690002 	112.000000 	127.291000 	137.031006 
9.600000 	104.690002 	112.000000 	127.291000 	137.031006 
9.700000 	104.690002 	112.000000 	127.291000 	137.031006 
9.800000 	104.690002 	112.000000 	127.291000 	137.031006 
9.900000 	104.690002 	112.000000 	127.291000 	137.031006 
10.000000 	104.690002 	112.000000 	127.291000 	137.031006 
10.100000 	104.690002 	112.000000 	127.291000 	137.031006 
10.200000 	104.690002 	112.000000 	127.291000 	137.031006 
10.300000 	104.690002 	112.000000 	127.291000 	137.031006 
10.400000 	104.690002 	112.000000 	127.291000 	137.031006 
10.500000 	105.373001 	112.000000 	126.699997 	137.121994 
10.600000 	105.373001 	112.000000 	126.699997 	137.121994 
10.700000 	105.373001 	112.000000 	126.699997 	137.121994 
10.800000 	105.373001 	112.000000 	126.699997 	137.121994 
10.900000 	105.373001 	112.000000 	126.699997 	137.121994 
11.000000 	105.373001 	112.000000 	126.699997 	137.121994 
11.100000 	105.373001 	112.000000 	126.699997 	137.121994 
11.200000 	105.373001 	112.000000 	126.699997 	137.121994 
11.300000 	105.373001 	112.000000 	126.699997 	137.121994 
11.400000 	105.373001 	112.000000 	126.699997 	137.121994 
11.500000 	105.922997 	112.000000 	126.223999 	137.214996 
11.600000 	105.922997 	112.000000 	126.223999 	137.214996 
11.700000 	105.922997 	112.000000 	126.223999 	137.214996 
11.800000 	105.922997 	112.000000 	126.223999 	137.214996 
11.900000 	105.922997 	112.000000 	126.223999 	137.214996 
12.000000 	105.922997 	112.000000 	126.223999 	137.214996 
12.100000 	105.922997 	112.000000 	126.223999 	137.214996 
12.200000 	105.922997 	112.000000 	126.223999 	137.214996 
12.300000 	105.922997 	112.000000 	126.223999 	137.214996 
12.400000 	105.922997 	112.000000 	126.223999 	137.214996 
12.500000 	106.373001 	112.000000 	125.835999 	137.311005 
12.600000 	106.373001 	112.000000 	125.835999 	137.311005 
12.700000 	106.373001 	112.000000 	125.835999 	137.311005 
12.800000 	106.373001 	112.000000 	125.835999 	137.311005 
12.900000 	106.373001 	112.000000 	125.835999 	137.311005 
13.000000 	106.373001 	112.000000 	125.835999 	137.311005 
13.100000 	106.373001 	112.000000 	125.835999 	137.311005 
13.200000 	106.373001 	112.000000 	125.835999 	137.311005 
13.300000 	106.373001 	112.000000 	125.835999 	137.311005 
13.400000 	106.373001 	112.000000 	125.835999 	137.311005 
13.500000 	106.745003 	112.000000 	125.514999 	137.408005 
13.600000 	106.745003 	112.000000 	125.514999 	137.408005 
13.700000 	106.745003 	112.000000 	125.514999 	137.408005 
13.800000 	106.745003 	112.000000 	125.514999 	137.408005 
13.900000 	106.745003 	112.000000 	125.514999 	137.408005 
14.000000 	106.745003 	112.000000 	125.514999 	137.408005 
14.100000 	106.745003 	112.000000 	125.514999 	137.408005 
14.200000 	106.745003 	112.000000 	125.514999 	137.408005 
14.300000 	106.745003 	112.000000 	125.514999 	137.408005 
14.400000 	106.745003 	112.000000 	125.514999 	137.408005 
14.500000 	107.056999 	112.000000 	125.248001 	137.509003 
14.600000 	107.056999 	112.000000 	125.248001 	137.509003 
14.700000 	107.056999 	112.000000 	125.248001 	137.509003 
14.800000 	107.056999 	112.000000 	125.248001 	137.509003 
14.900000 	107.056999 	112.000000 	125.248001 	137.509003 
15.000000 	107.056999 	112.000000 	125.248001 	137.509003 
15.100000 	107.056999 	112.000000 	125.248001 	137.509003 
15.200000 	107.056999 	112.000000 	125.248001 	137.509003 
15.300000 	107.056999 	112.000000 	125.248001 	137.509003 
15.400000 	107.056999 	112.000000 	125.248001 	137.509003 
15.500000 	107.320000 	112.000000 	125.023003 	137.610992 
15.600000 	107.320000 	112.000000 	125.023003 	137.610992 
15.700000 	107.320000 	112.000000 	125.023003 	137.610992 
15.800000 	107.320000 	112.000000 	125.023003 	137.610992 
15.900000 	107.320000 	112.000000 	125.023003 	137.610992 
16.000000 	107.320000 	112.000000 	125.023003 	137.610992 
16.100000 	107.320000 	112.000000 	125.023003 	137.610992 
16.200000 	107.320000 	112.000000 	125.023003 	137.610992 
16.300000 	107.320000 	112.000000 	125.023003 	137.610992 
16.400000 	107.320000 	112.000000 	125.023003 	137.610992 
16.500000 	107.542999 	112.000000 	124.833000 	137.716003 
16.600000 	107.542999 	112.000000 	124.833000 	137.716003 
16.700000 	107.542999 	112.000000 	124.833000 	137.716003 
16.800000 	107.542999 	112.000000 	124.833000 	137.716003 
16.900000 	107.542999 	112.000000 	124.833000 	137.716003 
17.000000 	107.542999 	112.000000 	124.833000 	137.716003 
17.100000 	107.542999 	112.000000 	124.833000 	137.716003 
17.200000 	107.542999 	112.000000 	124.833000 	137.716003 
17.300000 	107.542999 	112.000000 	124.833000 	137.716003 
17.400000 	107.542999 	112.000000 	124.833000 	137.716003 
17.500000 	107.736000 	112.000000 	124.670998 	137.822998 
17.600000 	107.736000 	112.000000 	124.670998 	137.822998 
17.700000 	107.736000 	112.000000 	124.670998 	137.822998 
17.800000 	107.736000 	112.000000 	124.670998 	137.822998 
17.900000 	107.736000 	112.000000 	124.670998 	137.822998 
18.000000 	107.736000 	112.000000 	124.670998 	137.822998 
18.100000 	107.736000 	112.000000 	124.670998 	137.822998 
18.200000 	107.736000 	112.000000 	124.670998 	137.822998 
18.300000 	107.736000 	112.000000 	124.670998 	137.822998 
18.400000 	107.736000 	112.000000 	124.670998 	137.822998 
18.500000 	107.902000 	112.000000 	124.531998 	137.932999 
18.600000 	107.902000 	112.000000 	124.531998 	137.932999 
18.700000 	107.902000 	112.000000 	124.531998 	137.932999 
18.800000 	107.902000 	112.000000 	124.531998 	137.932999 
18.900000 	107.902000 	112.000000 	124.531998 	137.932999 
19.000000 	107.902000 	112.000000 	124.531998 	137.932999 
19.100000 	107.902000 	112.000000 	124.531998 	137.932999 
19.200000 	107.902000 	112.000000 	124.531998 	137.932999 
19.300000 	107.902000 	112.000000 	124.531998 	137.932999 
19.400000 	107.902000 	112.000000 	124.531998 	137.932999 
19.500000 	108.045998 	112.000000 	124.412003 	138.044006 
19.600000 	108.045998 	112.000000 	124.412003 	138.044006 
19.700000 	108.045998 	112.000000 	124.412003 	138.044006 
19.800000 	108.045998 	112.000000 	124.412003 	138.044006 
19.900000 	108.045998 	112.000000 	124.412003 	138.044006 
20.000000 	108.045998 	112.000000 	124.412003 	138.044006 
20.100000 	108.045998 	112.000000 	124.412003 	138.044006 
20.200000 	108.045998 	112.000000 	124.412003 	138.044006 
20.300000 	108.045998 	112.000000 	124.412003 	138.044006 
20.400000 	108.045998 	112.000000 	124.412003 	138.044006 
20.500000 	108.171997 	112.000000 	124.307999 	138.156006 
20.600000 	108.171997 	112.000000 	124.307999 	138.156006 
20.700000 	108.171997 	112.000000 	124.307999 	138.156006 
20.800000 	108.171997 	112.000000 	124.307999 	138.156006 
20.900000 	108.171997 	112.000000 	124.307999 	138.156006 
21.000000 	108.171997 	112.000000 	124.307999 	138.156006 
21.100000 	108.171997 	112.000000 	124.307999 	138.156006 
21.200000 	108.171997 	112.000000 	124.307999 	138.156006 
21.300000 	108.171997 	112.000000 	124.307999 	138.156006 
21.400000 	108.171997 	112.000000 	124.307999 	138.156006 
21.500000 	108.282997 	112.000000 	124.218002 	138.270004 
21.600000 	108.282997 	112.000000 	124.218002 	138.270004 
21.700000 	108.282997 	112.000000 	124.218002 	138.270004 
21.800000 	108.282997 	112.000000 	124.218002 	138.270004 
21.900000 	108.282997 	112.000000 	124.218002 	138.270004 
22.000000 	108.282997 	112.000000 	124.218002 	138.270004 
22.100000 	108.282997 	112.000000 	124.218002 	138.270004 
22.200000 	108.282997 	112.000000 	124.218002 	138.270004 
22.300000 	108.282997 	112.000000 	124.218002 	138.270004 
22.400000 	108.282997 	112.000000 	124.218002 	138.270004 
22.500000 	108.382004 	112.000000 	124.139000 	138.384995 
22.600000 	108.382004 	112.000000 	124.139000 	138.384995 
22.700000 	108.382004 	112.000000 	124.139000 	138.384995 
22.800000 	108.382004 	112.000000 	124.139000 	138.384995 
22.900000 	108.382004 	112.000000 	124.139000 	138.384995 
23.000000 	108.382004 	112.000000 	124.139000 	138.384995 
23.100000 	108.382004 	112.000000 	124.139000 	138.384995 
23.200000 	108.382004 	112.000000 	124.139000 	138.384995 
23.300000 	108.382004 	112.000000 	124.139000 	138.384995 
23.400000 	108.382004 	112.000000 	124.139000 	138.384995 
23.500000 	108.469002 	112.000000 	124.070000 	138.501007 
23.600000 	108.469002 	112.000000 	124.070000 	138.501007 
23.700000 	108.469002 	112.000000 	124.070000 	138.501007 
23.800000 	108.469002 	112.000000 	124.070000 	138.501007 
23.900000 	108.469002 	112.000000 	124.070000 	138.501007 
24.000000 	108.469002 	112.000000 	124.070000 	138.501007 
24.100000 	108.469002 	112.000000 	124.070000 	138.501007 
24.200000 	108.469002 	112.000000 	124.070000 	138.501007 
24.300000 	108.469002 	112.000000 	124.070000 	138.501007 
24.400000 	108.469002 	112.000000 	124.070000 	138.501007 
24.500000 	108.545998 	112.000000 	124.009003 	138.617004 
24.600000 	108.545998 	112.000000 	124.009003 	138.617004 
24.700000 	108.545998 	112.000000 	124.009003 	138.617004 
24.800000 	108.545998 	112.000000 	124.009003 	138.617004 
24.900000 	108.545998 	112.000000 	124.009003 	138.617004 
25.000000 	108.545998 	112.000000 	124.009003 	138.617004 
25.100000 	108.545998 	112.000000 	124.009003 	138.617004 
25.200000 	108.545998 	112.000000 	124.009003 	138.617004 
25.300000 	108.545998 	112.000000 	124.009003 	138.617004 
25.400000 	108.545998 	112.000000 	124.009003 	138.617004 
25.500000 	108.614998 	112.000000 	123.955002 	138.735001 
25.600000 	108.614998 	112.000000 	123.955002 	138.735001 
25.700000 	108.614998 	112.000000 	123.955002 	138.735001 
25.800000 	108.614998 	112.000000 	123.955002 	138.735001 
25.900000 	108.614998 	112.000000 	123.955002 	138.735001 
26.000000 	108.614998 	112.000000 	123.955002 	138.735001 
26.100000 	108.614998 	112.000000 	123.955002 	138.735001 
26.200000 	108.614998 	112.000000 	123.955002 	138.735001 
26.300000 	108.614998 	112.000000 	123.955002 	138.735001 
26.400000 	108.614998 	112.000000 	123.955002 	138.735001 
26.500000 	108.678001 	112.000000 	123.907997 	138.852997 
26.600000 	108.678001 	112.000000 	123.907997 	138.852997 
26.700000 	108.678001 	112.000000 	123.907997 	138.852997 
26.800000 	108.678001 	112.000000 	123.907997 	138.852997 
26.900000 	108.678001 	112.000000 	123.907997 	138.852997 
27.000000 	108.678001 	112.000000 	123.907997 	138.852997 
27.100000 	108.678001 	112.000000 	123.907997 	138.852997 
27.200000 	108.678001 	112.000000 	123.907997 	138.852997 
27.300000 	108.678001 	112.000000 	123.907997 	138.852997 
27.400000 	108.678001 	112.000000 	123.907997 	138.852997 
27.500000 	108.734001 	112.000000 	123.865997 	138.972000 
27.600000 	108.734001 	112.000000 	123.865997 	138.972000 
27.700000 	108.734001 	112.000000 	123.865997 	138.972000 
27.800000 	108.734001 	112.000000 	123.865997 	138.972000 
27.900000 	108.734001 	112.000000 	123.865997 	138.972000 
28.000000 	108.734001 	112.000000 	123.865997 	138.972000 
28.100000 	108.734001 	112.000000 	123.865997 	138.972000 
28.200000 	108.734001 	112.000000 	123.865997 	138.972000 
28.300000 	108.734001 	112.000000 	123.865997 	138.972000 
28.400000 	108.734001 	112.000000 	123.865997 	138.972000 
28.500000 	108.783997 	112.000000 	123.829002 	139.091995 
28.600000 	108.783997 	112.000000 	123.829002 	139.091995 
28.700000 	108.783997 	112.000000 	123.829002 	139.091995 
28.800000 	108.783997 	112.000000 	123.829002 	139.091995 
28.900000 	108.783997 	112.000000 	123.829002 	139.091995 
29.000000 	108.783997 	112.000000 	123.829002 	139.091995 
29.100000 	108.783997 	112.000000 	123.829002 	139.091995 
29.200000 	108.783997 	112.000000 	123.829002 	139.091995 
29.300000 	108.783997 	112.000000 	123.829002 	139.091995 
29.400000 	108.783997 	112.000000 	123.829002 	139.091995 
29.500000 	108.830002 	112.000000 	123.795998 	139.212006 
29.600000 	108.830002 	112.000000 	123.795998 	139.212006 
29.700000 	108.830002 	112.000000 	123.795998 	139.212006 
29.800000 	108.830002 	112.000000 	123.795998 	139.212006 
29.900000 	108.830002 	112.000000 	123.795998 	139.212006 
30.000000 	108.830002 	112.000000 	123.795998 	139.212006 
30.100000 	108.830002 	112.000000 	123.795998 	139.212006 
30.200000 	108.830002 	112.000000 	123.795998 	139.212006 
30.300000 	108.830002 	112.000000 	123.795998 	139.212006 
30.400000 	108.830002 	112.000000 	123.795998 	139.212006 
30.500000 	108.871002 	112.000000 	123.765999 	139.332001 
30.600000 	108.871002 	112.000000 	123.765999 	139.332001 
30.700000 	108.871002 	112.000000 	123.765999 	139.332001 
30.800000 	108.871002 	112.000000 	123.765999 	139.332001 
30.900000 	108.871002 	112.000000 	123.765999 	139.332001 
31.000000 	108.871002 	112.000000 	123.765999 	139.332001 
31.100000 	108.871002 	112.000000 	123.765999 	139.332001 
31.200000 	108.871002 	112.000000 	123.765999 	139.332001 
31.300000 	108.871002 	112.000000 	123.765999 	139.332001 
31.400000 	108.871002 	112.000000 	123.765999 	139.332001 
31.500000 	108.908997 	112.000000 	123.739998 	139.451996 
31.600000 	108.908997 	112.000000 	123.739998 	139.451996 
31.700000 	108.908997 	112.000000 	123.739998 	139.451996 
31.800000 	108.908997 	112.000000 	123.739998 	139.451996 
31.900000 	108.908997 	112.000000 	123.739998 	139.451996 
32.000000 	108.908997 	112.000000 	123.739998 	139.451996 
32.100000 	108.908997 	112.000000 	123.739998 	139.451996 
32.200000 	108.908997 	112.000000 	123.739998 	139.451996 
32.300000 	108.908997 	112.000000 	123.739998 	139.451996 
32.400000 	108.908997 	112.000000 	123.739998 	139.451996 
32.500000 	108.944000 	112.000000 	123.717003 	139.572006 
32.600000 	108.944000 	112.000000 	123.717003 	139.572006 
32.700000 	108.944000 	112.000000 	123.717003 	139.572006 
32.800000 	108.944000 	112.000000 	123.717003 	139.572006 
32.900000 	108.944000 	112.000000 	123.717003 	139.572006 
33.000000 	108.944000 	112.000000 	123.717003 	139.572006 
33.100000 	108.944000 	112.000000 	123.717003 	139.572006 
33.200000 	108.944000 	112.000000 	123.717003 	139.572006 
33.300000 	108.944000 	112.000000 	123.717003 	139.572006 
33.400000 	108.944000 	112.000000 	123.717003 	139.572006 
33.500000 	108.974998 	112.000000 	123.695999 	139.692993 
33.600000 	108.974998 	112.000000 	123.695999 	139.692993 
33.700000 	108.974998 	112.000000 	123.695999 	139.692993 
33.800000 	108.974998 	112.000000 	123.695999 	139.692993 
33.900000 	108.974998 	112.000000 	123.695999 	139.692993 
34.000000 	108.974998 	112.000000 	123.695999 	139.692993 
34.100000 	108.974998 	112.000000 	123.695999 	139.692993 
34.200000 	108.974998 	112.000000 	123.695999 	139.692993 
34.300000 	108.974998 	112.000000 	123.695999 	139.692993 
34.400000 	108.974998 	112.000000 	123.695999 	139.692993 
34.500000 	109.003998 	112.000000 	123.678001 	139.813004 
34.600000 	109.003998 	112.000000 	123.678001 	139.813004 
34.700000 	109.003998 	112.000000 	123.678001 	139.813004 
34.800000 	109.003998 	112.000000 	123.678001 	139.813004 
34.900000 	109.003998 	112.000000 	123.678001 	139.813004 
35.000000 	109.003998 	112.000000 	123.678001 	139.813004 
35.100000 	109.003998 	112.000000 	123.678001 	139.813004 
35.200000 	109.003998 	112.000000 	123.678001 	139.813004 
35.300000 	109.003998 	112.000000 	123.678001 	139.813004 
35.400000 	109.003998 	112.000000 	123.678001 	139.813004 
35.500000 	109.029999 	112.000000 	123.661003 	139.932999 
35.600000 	109.029999 	112.000000 	123.661003 	139.932999 
35.700000 	109.029999 	112.000000 	123.661003 	139.932999 
35.800000 	109.029999 	112.000000 	123.661003 	139.932999 
35.900000 	109.029999 	112.000000 	123.661003 	139.932999 
36.000000 	109.029999 	112.000000 	123.661003 	139.932999 
36.100000 	109.029999 	112.000000 	123.661003 	139.932999 
36.200000 	109.029999 	112.000000 	123.661003 	139.932999 
36.300000 	109.029999 	112.000000 	123.661003 	139.932999 
36.400000 	109.029999 	112.000000 	123.661003 	139.932999 
36.500000 	109.054001 	112.000000 	123.646004 	140.052994 
36.600000 	109.054001 	112.000000 	123.646004 	140.052994 
36.700000 	109.054001 	112.000000 	123.646004 	140.052994 
36.800000 	109.054001 	112.000000 	123.646004 	140.052994 
36.900000 	109.054001 	112.000000 	123.646004 	140.052994 
37.000000 	109.054001 	112.000000 	123.646004 	140.052994 
37.100000 	109.054001 	112.000000 	123.646004 	140.052994 
37.200000 	109.054001 	112.000000 	123.646004 	140.052994 
37.300000 	109.054001 	112.000000 	123.646004 	140.052994 
37.400000 	109.054001 	112.000000 	123.646004 	140.052994 
37.500000 	109.075996 	112.000000 	123.633003 	140.173004 
37.600000 	109.075996 	112.000000 	123.633003 	140.173004 
37.700000 	109.075996 	112.000000 	123.633003 	140.173004 
37.800000 	109.075996 	112.000000 	123.633003 	140.173004 
37.900000 	109.075996 	112.000000 	123.633003 	140.173004 
38.000000 	109.075996 	112.000000 	123.633003 	140.173004 
38.100000 	109.075996 	112.000000 	123.633003 	140.173004 
38.200000 	109.075996 	112.000000 	123.633003 	140.173004 
38.300000 	109.075996 	112.000000 	123.633003 	140.173004 
38.400000 	109.075996 	112.000000 	123.633003 	140.173004 
38.500000 	109.096001 	112.000000 	123.622002 	140.292007 
38.600000 	109.096001 	112.000000 	123.622002 	140.292007 
38.700000 	109.096001 	112.000000 	123.622002 	140.292007 
38.800000 	109.096001 	112.000000 	123.622002 	140.292007 
38.900000 	109.096001 	112.000000 	123.622002 	140.292007 
39.000000 	109.096001 	112.000000 	123.622002 	140.292007 
39.100000 	109.096001 	112.000000 	123.622002 	140.292007 
39.200000 	109.096001 	112.000000 	123.622002 	140.292007 
39.300000 	109.096001 	112.000000 	123.622002 	140.292007 
39.400000 	109.096001 	112.000000 	123.622002 	140.292007 
39.500000 	109.114998 	112.000000 	123.611000 	140.410995 
39.600000 	109.114998 	112.000000 	123.611000 	140.410995 
39.700000 	109.114998 	112.000000 	123.611000 	140.410995 
39.800000 	109.114998 	112.000000 	123.611000 	140.410995 
39.900000 	109.114998 	112.000000 	123.611000 	140.410995 
40.000000 	109.114998 	112.000000 	123.611000 	140.410995 
40.100000 	109.114998 	112.000000 	123.611000 	140.410995 
40.200000 	109.114998 	112.000000 	123.611000 	140.410995 
40.300000 	109.114998 	112.000000 	123.611000 	140.410995 
40.400000 	109.114998 	112.000000 	123.611000 	140.410995 
40.500000 	109.132004 	112.000000 	123.601997 	140.529999 
40.600000 	109.132004 	112.000000 	123.601997 	140.529999 
40.700000 	109.132004 	112.000000 	123.601997 	140.529999 
40.800000 	109.132004 	112.000000 	123.601997 	140.529999 
40.900000 	109.132004 	112.000000 	123.601997 	140.529999 
41.000000 	109.132004 	112.000000 	123.601997 	140.529999 
41.100000 	109.132004 	112.000000 	123.601997 	140.529999 
41.200000 	109.132004 	112.000000 	123.601997 	140.529999 
41.300000 	109.132004 	112.000000 	123.601997 	140.529999 
41.400000 	109.132004 	112.000000 	123.601997 	140.529999 
41.500000 	109.148003 	112.000000 	123.594002 	140.647995 
41.600000 	109.148003 	112.000000 	123.594002 	140.647995 
41.700000 	109.148003 	112.000000 	123.594002 	140.647995 
41.800000 	109.148003 	112.000000 	123.594002 	140.647995 
41.900000 	109.148003 	112.000000 	123.594002 	140.647995 
42.000000 	109.148003 	112.000000 	123.594002 	140.647995 
42.100000 	109.148003 	112.000000 	123.594002 	140.647995 
42.200000 	109.148003 	112.000000 	123.594002 	140.647995 
42.300000 	109.148003 	112.000000 	123.594002 	140.647995 
42.400000 	109.148003 	112.000000 	123.594002 	140.647995 
42.500000 	109.163002 	112.000000 	123.585999 	140.764999 
42.600000 	109.163002 	112.000000 	123.585999 	140.764999 
42.700000 	109.163002 	112.000000 	123.585999 	140.764999 
42.800000 	109.163002 	112.000000 	123.585999 	140.764999 
42.900000 	109.163002 	112.000000 	123.585999 	140.764999 
43.000000 	109.163002 	112.000000 	123.585999 	140.764999 
43.100000 	109.163002 	112.000000 	123.585999 	140.764999 
43.200000 	109.163002 	112.000000 	123.585999 	140.764999 
43.300000 	109.163002 	112.000000 	123.585999 	140.764999 
43.400000 	109.163002 	112.000000 	123.585999 	140.764999 
43.500000 	109.176003 	112.000000 	123.580002 	140.882004 
43.600000 	109.176003 	112.000000 	123.580002 	140.882004 
43.700000 	109.176003 	112.000000 	123.580002 	140.882004 
43.800000 	109.176003 	112.000000 	123.580002 	140.882004 
43.900000 	109.176003 	112.000000 	123.580002 	140.882004 
44.000000 	109.176003 	112.000000 	123.580002 	140.882004 
44.100000 	109.176003 	112.000000 	123.580002 	140.882004 
44.200000 	109.176003 	112.000000 	123.580002 	140.882004 
44.300000 	109.176003 	112.000000 	123.580002 	140.882004 
44.400000 	109.176003 	112.000000 	123.580002 	140.882004 
44.500000 	109.189003 	112.000000 	123.573997 	140.998001 
44.600000 	109.189003 	112.000000 	123.573997 	140.998001 
44.700000 	109.189003 	112.000000 	123.573997 	140.998001 
44.800000 	109.189003 	112.000000 	123.573997 	140.998001 
44.900000 	109.189003 	112.000000 	123.573997 	140.998001 
45.000000 	109.189003 	112.000000 	123.573997 	140.998001 
45.100000 	109.189003 	112.000000 	123.573997 	140.998001 
45.200000 	109.189003 	112.000000 	123.573997 	140.998001 
45.300000 	109.189003 	112.000000 	123.573997 	140.998001 
45.400000 	109.189003 	112.000000 	123.573997 	140.998001 
45.500000 	109.199997 	112.000000 	123.569000 	141.113998 
45.600000 	109.199997 	112.000000 	123.569000 	141.113998 
45.700000 	109.199997 	112.000000 	123.569000 	141.113998 
45.800000 	109.199997 	112.000000 	123.569000 	141.113998 
45.900000 	109.199997 	112.000000 	123.569000 	141.113998 
46.000000 	109.199997 	112.000000 	123.569000 	141.113998 
46.100000 	109.199997 	112.000000 	123.569000 	141.113998 
46.200000 	109.199997 	112.000000 	123.569000 	141.113998 
46.300000 	109.199997 	112.000000 	123.569000 	141.113998 
46.400000 	109.199997 	112.000000 	123.569000 	141.113998 
46.500000 	109.210999 	112.000000 	123.565002 	141.229004 
46.600000 	109.210999 	112.000000 	123.565002 	141.229004 
46.700000 	109.210999 	112.000000 	123.565002 	141.229004 
46.800000 	109.210999 	112.000000 	123.565002 	141.229004 
46.900000 	109.210999 	112.000000 	123.565002 	141.229004 
47.000000 	109.210999 	112.000000 	123.565002 	141.229004 
47.100000 	109.210999 	112.000000 	123.565002 	141.229004 
47.200000 	109.210999 	112.000000 	123.565002 	141.229004 
47.300000 	109.210999 	112.000000 	123.565002 	141.229004 
47.400000 	109.210999 	112.000000 	123.565002 	141.229004 
47.500000 	109.220001 	112.000000 	123.560997 	141.343002 
47.600000 	109.220001 	112.000000 	123.560997 	141.343002 
47.700000 	109.220001 	112.000000 	123.560997 	141.343002 
47.800000 	109.220001 	112.000000 	123.560997 	141.343002 
47.900000 	109.220001 	112.000000 	123.560997 	141.343002 
48.000000 	109.220001 	112.000000 	123.560997 	141.343002 
48.100000 	109.220001 	112.000000 	123.560997 	141.343002 
48.200000 	109.220001 	112.000000 	123.560997 	141.343002 
48.300000 	109.220001 	112.000000 	123.560997 	141.343002 
48.400000 	109.220001 	112.000000 	123.560997 	141.343002 
48.500000 	109.230003 	112.000000 	123.556999 	141.457001 
48.600000 	109.230003 	112.000000 	123.556999 	141.457001 
48.700000 	109.230003 	112.000000 	123.556999 	141.457001 
48.800000 	109.230003 	112.000000 	123.556999 	141.457001 
48.900000 	109.230003 	112.000000 	123.556999 	141.457001 
49.000000 	109.230003 	112.000000 	123.556999 	141.457001 
49.100000 	109.230003 	112.000000 	123.556999 	141.457001 
49.200000 	109.230003 	112.000000 	123.556999 	141.457001 
49.300000 	109.230003 	112.000000 	123.556999 	141.457001 
49.400000 	109.230003 	112.000000 	123.556999 	141.457001 
49.500000 	109.237999 	112.000000 	123.553001 	141.569000 
49.600000 	109.237999 	112.000000 	123.553001 	141.569000 
49.700000 	109.237999 	112.000000 	123.553001 	141.569000 
49.800000 	109.237999 	112.000000 	123.553001 	141.569000 
49.900000 	109.237999 	112.000000 	123.553001 	141.569000 
50.000000 	109.237999 	112.000000 	123.553001 	141.569000 
50.100000 	109.237999 	112.000000 	123.553001 	141.569000 
50.200000 	109.237999 	112.000000 	123.553001 	141.569000 
50.300000 	109.237999 	112.000000 	123.553001 	141.569000 
50.400000 	109.237999 	112.000000 	123.553001 	141.569000 
50.500000 	109.246002 	112.000000 	123.550003 	1006.030029 
50.600000 	109.246002 	112.000000 	123.550003 	1006.030029 
50.700000 	109.246002 	112.000000 	123.550003 	1006.030029 
50.800000 	109.246002 	112.000000 	123.550003 	1006.030029 
50.900000 	109.246002 	112.000000 	123.550003 	1006.030029 
51.000000 	109.246002 	112.000000 	123.550003 	1006.030029 
51.100000 	109.246002 	112.000000 	123.550003 	1006.030029 
51.200000 	109.246002 	112.000000 	123.550003 	1006.030029 
51.300000 	109.246002 	112.000000 	123.550003 	1006.030029 
51.400000 	109.246002 	112.000000 	123.550003 	1006.030029 
51.500000 	109.253998 	112.000000 	123.544998 	1006.030029 
51.600000 	109.253998 	112.000000 	123.544998 	1006.030029 
51.700000 	109.253998 	112.000000 	123.544998 	1006.030029 
51.800000 	109.253998 	112.000000 	123.544998 	1006.030029 
51.900000 	109.253998 	112.000000 	123.544998 	1006.030029 
52.000000 	109.253998 	112.000000 	123.544998 	1006.030029 
52.100000 	109.253998 	112.000000 	123.544998 	1006.030029 
52.200000 	109.253998 	112.000000 	123.544998 	1006.030029 
52.300000 	109.253998 	112.000000 	123.544998 	1006.030029 
52.400000 	109.253998 	112.000000 	123.544998 	1006.030029 
52.500000 	109.261002 	112.000000 	123.541000 	1006.030029 
52.600000 	109.261002 	112.000000 	123.541000 	1006.030029 
52.700000 	109.261002 	112.000000 	123.541000 	1006.030029 
52.800000 	109.261002 	112.000000 	123.541000 	1006.030029 
52.900000 	109.261002 	112.000000 	123.541000 	1006.030029 
53.000000 	109.261002 	112.000000 	123.541000 	1006.030029 
53.100000 	109.261002 	112.000000 	123.541000 	1006.030029 
53.200000 	109.261002 	112.000000 	123.541000 	1006.030029 
53.300000 	109.261002 	112.000000 	123.541000 	1006.030029 
53.400000 	109.261002 	112.000000 	123.541000 	1006.030029 
53.500000 	109.266998 	112.000000 	123.540001 	1006.030029 
53.600000 	109.266998 	112.000000 	123.540001 	1006.030029 
53.700000 	109.266998 	112.000000 	123.540001 	1006.030029 
53.800000 	109.266998 	112.000000 	123.540001 	1006.030029 
53.900000 	109.266998 	112.000000 	123.540001 	1006.030029 
54.000000 	109.266998 	112.000000 	123.540001 	1006.030029 
54.100000 	109.266998 	112.000000 	123.540001 	1006.030029 
54.200000 	109.266998 	112.000000 	123.540001 	1006.030029 
54.300000 	109.266998 	112.000000 	123.540001 	1006.030029 
54.400000 	109.266998 	112.000000 	123.540001 	1006.030029 
54.500000 	109.273003 	112.000000 	123.540001 	1006.030029 
54.600000 	109.273003 	112.000000 	123.540001 	1006.030029 
54.700000 	109.273003 	112.000000 	123.540001 	1006.030029 
54.800000 	109.273003 	112.000000 	123.540001 	1006.030029 
54.900000 	109.273003 	112.000000 	123.540001 	1006.030029 
55.000000 	109.273003 	112.000000 	123.540001 	1006.030029 
55.100000 	109.273003 	112.000000 	123.540001 	1006.030029 
55.200000 	109.273003 	112.000000 	123.540001 	1006.030029 
55.300000 	109.273003 	112.000000 	123.540001 	1006.030029 
55.400000 	109.273003 	112.000000 	123.540001 	1006.030029 
55.500000 	109.277000 	112.000000 	123.539001 	1006.030029 
55.600000 	109.277000 	112.000000 	123.539001 	1006.030029 
55.700000 	109.277000 	112.000000 	123.539001 	1006.030029 
55.800000 	109.277000 	112.000000 	123.539001 	1006.030029 
55.900000 	109.277000 	112.000000 	123.539001 	1006.030029 
56.000000 	109.277000 	112.000000 	123.539001 	1006.030029 
56.100000 	109.277000 	112.000000 	123.539001 	1006.030029 
56.200000 	109.277000 	112.000000 	123.539001 	1006.030029 
56.300000 	109.277000 	112.000000 	123.539001 	1006.030029 
56.400000 	109.277000 	112.000000 	123.539001 	1006.030029 
56.500000 	109.281998 	112.000000 	123.539001 	1006.030029 
56.600000 	109.281998 	112.000000 	123.539001 	1006.030029 
56.700000 	109.281998 	112.000000 	123.539001 	1006.030029 
56.800000 	109.281998 	112.000000 	123.539001 	1006.030029 
56.900000 	109.281998 	112.000000 	123.539001 	1006.030029 
57.000000 	109.281998 	112.000000 	123.539001 	1006.030029 
57.100000 	109.281998 	112.000000 	123.539001 	1006.030029 
57.200000 	109.281998 	112.000000 	123.539001 	1006.030029 
57.300000 	109.281998 	112.000000 	123.539001 	1006.030029 
57.400000 	109.281998 	112.000000 	123.539001 	1006.030029 
57.500000 	109.286003 	112.000000 	123.539001 	1006.030029 
57.600000 	109.286003 	112.000000 	123.539001 	1006.030029 
57.700000 	109.286003 	112.000000 	123.539001 	1006.030029 
57.800000 	109.286003 	112.000000 	123.539001 	1006.030029 
57.900000 	109.286003 	112.000000 	123.539001 	1006.030029 
58.000000 	109.286003 	112.000000 	123.539001 	1006.030029 
58.100000 	109.286003 	112.000000 	123.539001 	1006.030029 
58.200000 	109.286003 	112.000000 	123.539001 	1006.030029 
58.300000 	109.286003 	112.000000 	123.539001 	1006.030029 
58.400000 	109.286003 	112.000000 	123.539001 	1006.030029 
58.500000 	109.289001 	112.000000 	123.540001 	1006.030029 
58.600000 	109.289001 	112.000000 	123.540001 	1006.030029 
58.700000 	109.289001 	112.000000 	123.540001 	1006.030029 
58.800000 	109.289001 	112.000000 	123.540001 	1006.030029 
58.900000 	109.289001 	112.000000 	123.540001 	1006.030029 
59.000000 	109.289001 	112.000000 	123.540001 	1006.030029 
59.100000 	109.289001 	112.000000 	123.540001 	1006.030029 
59.200000 	109.289001 	112.000000 	123.540001 	1006.030029 
59.300000 	109.289001 	112.000000 	123.540001 	1006.030029 
59.400000 	109.289001 	112.000000 	123.540001 	1006.030029 
59.500000 	109.292000 	112.000000 	123.541000 	1006.030029 
59.600000 	109.292000 	112.000000 	123.541000 	1006.030029 
59.700000 	109.292000 	112.000000 	123.541000 	1006.030029 
59.800000 	109.292000 	112.000000 	123.541000 	1006.030029 
59.900000 	109.292000 	112.000000 	123.541000 	1006.030029 
60.000000 	109.292000 	112.000000 	123.541000 	1006.030029 
