0.500000 	89.233597 	441.000000 	455.440002 	447.441010 
0.600000 	89.233597 	441.000000 	455.440002 	447.441010 
0.700000 	89.233597 	441.000000 	455.440002 	447.441010 
0.800000 	89.233597 	441.000000 	455.440002 	447.441010 
0.900000 	89.233597 	441.000000 	455.440002 	447.441010 
1.000000 	89.233597 	441.000000 	455.440002 	447.441010 
1.100000 	89.233597 	441.000000 	455.440002 	447.441010 
1.200000 	89.233597 	441.000000 	455.440002 	447.441010 
1.300000 	89.233597 	441.000000 	455.440002 	447.441010 
1.400000 	89.233597 	441.000000 	455.440002 	447.441010 
1.500000 	99.870697 	441.000000 	447.695007 	448.080994 
1.600000 	99.870697 	441.000000 	447.695007 	448.080994 
1.700000 	99.870697 	441.000000 	447.695007 	448.080994 
1.800000 	99.870697 	441.000000 	447.695007 	448.080994 
1.900000 	99.870697 	441.000000 	447.695007 	448.080994 
2.000000 	99.870697 	441.000000 	447.695007 	448.080994 
2.100000 	99.870697 	441.000000 	447.695007 	448.080994 
2.200000 	99.870697 	441.000000 	447.695007 	448.080994 
2.300000 	99.870697 	441.000000 	447.695007 	448.080994 
2.400000 	99.870697 	441.000000 	447.695007 	448.080994 
2.500000 	110.209999 	441.000000 	444.200012 	448.104004 
2.600000 	110.209999 	441.000000 	444.200012 	448.104004 
2.700000 	110.209999 	441.000000 	444.200012 	448.104004 
2.800000 	110.209999 	441.000000 	444.200012 	448.104004 
2.900000 	110.209999 	441.000000 	444.200012 	448.104004 
3.000000 	110.209999 	441.000000 	444.200012 	448.104004 
3.100000 	110.209999 	441.000000 	444.200012 	448.104004 
3.200000 	110.209999 	441.000000 	444.200012 	448.104004 
3.300000 	110.209999 	441.000000 	444.200012 	448.104004 
3.400000 	110.209999 	441.000000 	444.200012 	448.104004 
3.500000 	115.216003 	441.000000 	442.576996 	448.114014 
3.600000 	115.216003 	441.000000 	442.576996 	448.114014 
3.700000 	115.216003 	441.000000 	442.576996 	448.114014 
3.800000 	115.216003 	441.000000 	442.576996 	448.114014 
3.900000 	115.216003 	441.000000 	442.576996 	448.114014 
4.000000 	115.216003 	441.000000 	442.576996 	448.114014 
4.100000 	115.216003 	441.000000 	442.576996 	448.114014 
4.200000 	115.216003 	441.000000 	442.576996 	448.114014 
4.300000 	115.216003 	441.000000 	442.576996 	448.114014 
4.400000 	115.216003 	441.000000 	442.576996 	448.114014 
4.500000 	117.839996 	441.000000 	441.735992 	448.125000 
4.600000 	117.839996 	441.000000 	441.735992 	448.125000 
4.700000 	117.839996 	441.000000 	441.735992 	448.125000 
4.800000 	117.839996 	441.000000 	441.735992 	448.125000 
4.900000 	117.839996 	441.000000 	441.735992 	448.125000 
5.000000 	117.839996 	441.000000 	441.735992 	448.125000 
5.100000 	117.839996 	441.000000 	441.735992 	448.125000 
5.200000 	117.839996 	441.000000 	441.735992 	448.125000 
5.300000 	117.839996 	441.000000 	441.735992 	448.125000 
5.400000 	117.839996 	441.000000 	441.735992 	448.125000 
5.500000 	119.358002 	441.000000 	441.255005 	448.138000 
5.600000 	119.358002 	441.000000 	441.255005 	448.138000 
5.700000 	119.358002 	441.000000 	441.255005 	448.138000 
5.800000 	119.358002 	441.000000 	441.255005 	448.138000 
5.900000 	119.358002 	441.000000 	441.255005 	448.138000 
6.000000 	119.358002 	441.000000 	441.255005 	448.138000 
6.100000 	119.358002 	441.000000 	441.255005 	448.138000 
6.200000 	119.358002 	441.000000 	441.255005 	448.138000 
6.300000 	119.358002 	441.000000 	441.255005 	448.138000 
6.400000 	119.358002 	441.000000 	441.255005 	448.138000 
6.500000 	120.307999 	441.000000 	440.958008 	448.152008 
6.600000 	120.307999 	441.000000 	440.958008 	448.152008 
6.700000 	120.307999 	441.000000 	440.958008 	448.152008 
6.800000 	120.307999 	441.000000 	440.958008 	448.152008 
6.900000 	120.307999 	441.000000 	440.958008 	448.152008 
7.000000 	120.307999 	441.000000 	440.958008 	448.152008 
7.100000 	120.307999 	441.000000 	440.958008 	448.152008 
7.200000 	120.307999 	441.000000 	440.958008 	448.152008 
7.300000 	120.307999 	441.000000 	440.958008 	448.152008 
7.400000 	120.307999 	441.000000 	440.958008 	448.152008 
7.500000 	120.941002 	441.000000 	440.764008 	448.167999 
7.600000 	120.941002 	441.000000 	440.764008 	448.167999 
7.700000 	120.941002 	441.000000 	440.764008 	448.167999 
7.800000 	120.941002 	441.000000 	440.764008 	448.167999 
7.900000 	120.941002 	441.000000 	440.764008 	448.167999 
8.000000 	120.941002 	441.000000 	440.764008 	448.167999 
8.100000 	120.941002 	441.000000 	440.764008 	448.167999 
8.200000 	120.941002 	441.000000 	440.764008 	448.167999 
8.300000 	120.941002 	441.000000 	440.764008 	448.167999 
8.400000 	120.941002 	441.000000 	440.764008 	448.167999 
8.500000 	121.382004 	441.000000 	440.630005 	448.183990 
8.600000 	121.382004 	441.000000 	440.630005 	448.183990 
8.700000 	121.382004 	441.000000 	440.630005 	448.183990 
8.800000 	121.382004 	441.000000 	440.630005 	448.183990 
8.900000 	121.382004 	441.000000 	440.630005 	448.183990 
9.000000 	121.382004 	441.000000 	440.630005 	448.183990 
9.100000 	121.382004 	441.000000 	440.630005 	448.183990 
9.200000 	121.382004 	441.000000 	440.630005 	448.183990 
9.300000 	121.382004 	441.000000 	440.630005 	448.183990 
9.400000 	121.382004 	441.000000 	440.630005 	448.183990 
9.500000 	121.703003 	441.000000 	440.533997 	448.200989 
9.600000 	121.703003 	441.000000 	440.533997 	448.200989 
9.700000 	121.703003 	441.000000 	440.533997 	448.200989 
9.800000 	121.703003 	441.000000 	440.533997 	448.200989 
9.900000 	121.703003 	441.000000 	440.533997 	448.200989 
10.000000 	121.703003 	441.000000 	440.533997 	448.200989 
10.100000 	121.703003 	441.000000 	440.533997 	448.200989 
10.200000 	121.703003 	441.000000 	440.533997 	448.200989 
10.300000 	121.703003 	441.000000 	440.533997 	448.200989 
10.400000 	121.703003 	441.000000 	440.533997 	448.200989 
10.500000 	121.944000 	441.000000 	440.463989 	448.218994 
10.600000 	121.944000 	441.000000 	440.463989 	448.218994 
10.700000 	121.944000 	441.000000 	440.463989 	448.218994 
10.800000 	121.944000 	441.000000 	440.463989 	448.218994 
10.900000 	121.944000 	441.000000 	440.463989 	448.218994 
11.000000 	121.944000 	441.000000 	440.463989 	448.218994 
11.100000 	121.944000 	441.000000 	440.463989 	448.218994 
11.200000 	121.944000 	441.000000 	440.463989 	448.218994 
11.300000 	121.944000 	441.000000 	440.463989 	448.218994 
11.400000 	121.944000 	441.000000 	440.463989 	448.218994 
11.500000 	122.129997 	441.000000 	440.411011 	448.237000 
11.600000 	122.129997 	441.000000 	440.411011 	448.237000 
11.700000 	122.129997 	441.000000 	440.411011 	448.237000 
11.800000 	122.129997 	441.000000 	440.411011 	448.237000 
11.900000 	122.129997 	441.000000 	440.411011 	448.237000 
12.000000 	122.129997 	441.000000 	440.411011 	448.237000 
12.100000 	122.129997 	441.000000 	440.411011 	448.237000 
12.200000 	122.129997 	441.000000 	440.411011 	448.237000 
12.300000 	122.129997 	441.000000 	440.411011 	448.237000 
12.400000 	122.129997 	441.000000 	440.411011 	448.237000 
12.500000 	122.276001 	441.000000 	440.369995 	448.256989 
12.600000 	122.276001 	441.000000 	440.369995 	448.256989 
12.700000 	122.276001 	441.000000 	440.369995 	448.256989 
12.800000 	122.276001 	441.000000 	440.369995 	448.256989 
12.900000 	122.276001 	441.000000 	440.369995 	448.256989 
13.000000 	122.276001 	441.000000 	440.369995 	448.256989 
13.100000 	122.276001 	441.000000 	440.369995 	448.256989 
13.200000 	122.276001 	441.000000 	440.369995 	448.256989 
13.300000 	122.276001 	441.000000 	440.369995 	448.256989 
13.400000 	122.276001 	441.000000 	440.369995 	448.256989 
13.500000 	122.393997 	441.000000 	440.338013 	448.281006 
13.600000 	122.393997 	441.000000 	440.338013 	448.281006 
13.700000 	122.393997 	441.000000 	440.338013 	448.281006 
13.800000 	122.393997 	441.000000 	440.338013 	448.281006 
13.900000 	122.393997 	441.000000 	440.338013 	448.281006 
14.000000 	122.393997 	441.000000 	440.338013 	448.281006 
14.100000 	122.393997 	441.000000 	440.338013 	448.281006 
14.200000 	122.393997 	441.000000 	440.338013 	448.281006 
14.300000 	122.393997 	441.000000 	440.338013 	448.281006 
14.400000 	122.393997 	441.000000 	440.338013 	448.281006 
14.500000 	122.489998 	441.000000 	440.312012 	448.302002 
14.600000 	122.489998 	441.000000 	440.312012 	448.302002 
14.700000 	122.489998 	441.000000 	440.312012 	448.302002 
14.800000 	122.489998 	441.000000 	440.312012 	448.302002 
14.900000 	122.489998 	441.000000 	440.312012 	448.302002 
15.000000 	122.489998 	441.000000 	440.312012 	448.302002 
15.100000 	122.489998 	441.000000 	440.312012 	448.302002 
15.200000 	122.489998 	441.000000 	440.312012 	448.302002 
15.300000 	122.489998 	441.000000 	440.312012 	448.302002 
15.400000 	122.489998 	441.000000 	440.312012 	448.302002 
15.500000 	122.570000 	441.000000 	440.290985 	448.322998 
15.600000 	122.570000 	441.000000 	440.290985 	448.322998 
15.700000 	122.570000 	441.000000 	440.290985 	448.322998 
15.800000 	122.570000 	441.000000 	440.290985 	448.322998 
15.900000 	122.570000 	441.000000 	440.290985 	448.322998 
16.000000 	122.570000 	441.000000 	440.290985 	448.322998 
16.100000 	122.570000 	441.000000 	440.290985 	448.322998 
16.200000 	122.570000 	441.000000 	440.290985 	448.322998 
16.300000 	122.570000 	441.000000 	440.290985 	448.322998 
16.400000 	122.570000 	441.000000 	440.290985 	448.322998 
16.500000 	122.637001 	441.000000 	440.273010 	448.345001 
16.600000 	122.637001 	441.000000 	440.273010 	448.345001 
16.700000 	122.637001 	441.000000 	440.273010 	448.345001 
16.800000 	122.637001 	441.000000 	440.273010 	448.345001 
16.900000 	122.637001 	441.000000 	440.273010 	448.345001 
17.000000 	122.637001 	441.000000 	440.273010 	448.345001 
17.100000 	122.637001 	441.000000 	440.273010 	448.345001 
17.200000 	122.637001 	441.000000 	440.273010 	448.345001 
17.300000 	122.637001 	441.000000 	440.273010 	448.345001 
17.400000 	122.637001 	441.000000 	440.273010 	448.345001 
17.500000 	122.695000 	441.000000 	440.259003 	448.368011 
17.600000 	122.695000 	441.000000 	440.259003 	448.368011 
17.700000 	122.695000 	441.000000 	440.259003 	448.368011 
17.800000 	122.695000 	441.000000 	440.259003 	448.368011 
17.900000 	122.695000 	441.000000 	440.259003 	448.368011 
18.000000 	122.695000 	441.000000 	440.259003 	448.368011 
18.100000 	122.695000 	441.000000 	440.259003 	448.368011 
18.200000 	122.695000 	441.000000 	440.259003 	448.368011 
18.300000 	122.695000 	441.000000 	440.259003 	448.368011 
18.400000 	122.695000 	441.000000 	440.259003 	448.368011 
18.500000 	122.744003 	441.000000 	440.247009 	448.390991 
18.600000 	122.744003 	441.000000 	440.247009 	448.390991 
18.700000 	122.744003 	441.000000 	440.247009 	448.390991 
18.800000 	122.744003 	441.000000 	440.247009 	448.390991 
18.900000 	122.744003 	441.000000 	440.247009 	448.390991 
19.000000 	122.744003 	441.000000 	440.247009 	448.390991 
19.100000 	122.744003 	441.000000 	440.247009 	448.390991 
19.200000 	122.744003 	441.000000 	440.247009 	448.390991 
19.300000 	122.744003 	441.000000 	440.247009 	448.390991 
19.400000 	122.744003 	441.000000 	440.247009 	448.390991 
19.500000 	122.788002 	441.000000 	440.235992 	448.414001 
19.600000 	122.788002 	441.000000 	440.235992 	448.414001 
19.700000 	122.788002 	441.000000 	440.235992 	448.414001 
19.800000 	122.788002 	441.000000 	440.235992 	448.414001 
19.900000 	122.788002 	441.000000 	440.235992 	448.414001 
20.000000 	122.788002 	441.000000 	440.235992 	448.414001 
20.100000 	122.788002 	441.000000 	440.235992 	448.414001 
20.200000 	122.788002 	441.000000 	440.235992 	448.414001 
20.300000 	122.788002 	441.000000 	440.235992 	448.414001 
20.400000 	122.788002 	441.000000 	440.235992 	448.414001 
20.500000 	122.824997 	441.000000 	440.226990 	448.437012 
20.600000 	122.824997 	441.000000 	440.226990 	448.437012 
20.700000 	122.824997 	441.000000 	440.226990 	448.437012 
20.800000 	122.824997 	441.000000 	440.226990 	448.437012 
20.900000 	122.824997 	441.000000 	440.226990 	448.437012 
21.000000 	122.824997 	441.000000 	440.226990 	448.437012 
21.100000 	122.824997 	441.000000 	440.226990 	448.437012 
21.200000 	122.824997 	441.000000 	440.226990 	448.437012 
21.300000 	122.824997 	441.000000 	440.226990 	448.437012 
21.400000 	122.824997 	441.000000 	440.226990 	448.437012 
21.500000 	122.859001 	441.000000 	440.218994 	448.460999 
21.600000 	122.859001 	441.000000 	440.218994 	448.460999 
21.700000 	122.859001 	441.000000 	440.218994 	448.460999 
21.800000 	122.859001 	441.000000 	440.218994 	448.460999 
21.900000 	122.859001 	441.000000 	440.218994 	448.460999 
22.000000 	122.859001 	441.000000 	440.218994 	448.460999 
22.100000 	122.859001 	441.000000 	440.218994 	448.460999 
22.200000 	122.859001 	441.000000 	440.218994 	448.460999 
22.300000 	122.859001 	441.000000 	440.218994 	448.460999 
22.400000 	122.859001 	441.000000 	440.218994 	448.460999 
22.500000 	122.889000 	441.000000 	440.212006 	448.484985 
22.600000 	122.889000 	441.000000 	440.212006 	448.484985 
22.700000 	122.889000 	441.000000 	440.212006 	448.484985 
22.800000 	122.889000 	441.000000 	440.212006 	448.484985 
22.900000 	122.889000 	441.000000 	440.212006 	448.484985 
23.000000 	122.889000 	441.000000 	440.212006 	448.484985 
23.100000 	122.889000 	441.000000 	440.212006 	448.484985 
23.200000 	122.889000 	441.000000 	440.212006 	448.484985 
23.300000 	122.889000 	441.000000 	440.212006 	448.484985 
23.400000 	122.889000 	441.000000 	440.212006 	448.484985 
23.500000 	122.916000 	441.000000 	440.205994 	448.509003 
23.600000 	122.916000 	441.000000 	440.205994 	448.509003 
23.700000 	122.916000 	441.000000 	440.205994 	448.509003 
23.800000 	122.916000 	441.000000 	440.205994 	448.509003 
23.900000 	122.916000 	441.000000 	440.205994 	448.509003 
24.000000 	122.916000 	441.000000 	440.205994 	448.509003 
24.100000 	122.916000 	441.000000 	440.205994 	448.509003 
24.200000 	122.916000 	441.000000 	440.205994 	448.509003 
24.300000 	122.916000 	441.000000 	440.205994 	448.509003 
24.400000 	122.916000 	441.000000 	440.205994 	448.509003 
24.500000 	122.941002 	441.000000 	440.200989 	448.533997 
24.600000 	122.941002 	441.000000 	440.200989 	448.533997 
24.700000 	122.941002 	441.000000 	440.200989 	448.533997 
24.800000 	122.941002 	441.000000 	440.200989 	448.533997 
24.900000 	122.941002 	441.000000 	440.200989 	448.533997 
25.000000 	122.941002 	441.000000 	440.200989 	448.533997 
25.100000 	122.941002 	441.000000 	440.200989 	448.533997 
25.200000 	122.941002 	441.000000 	440.200989 	448.533997 
25.300000 	122.941002 	441.000000 	440.200989 	448.533997 
25.400000 	122.941002 	441.000000 	440.200989 	448.533997 
25.500000 	122.962997 	441.000000 	440.195007 	448.558014 
25.600000 	122.962997 	441.000000 	440.195007 	448.558014 
25.700000 	122.962997 	441.000000 	440.195007 	448.558014 
25.800000 	122.962997 	441.000000 	440.195007 	448.558014 
25.900000 	122.962997 	441.000000 	440.195007 	448.558014 
26.000000 	122.962997 	441.000000 	440.195007 	448.558014 
26.100000 	122.962997 	441.000000 	440.195007 	448.558014 
26.200000 	122.962997 	441.000000 	440.195007 	448.558014 
26.300000 	122.962997 	441.000000 	440.195007 	448.558014 
26.400000 	122.962997 	441.000000 	440.195007 	448.558014 
26.500000 	122.984001 	441.000000 	440.191010 	448.583008 
26.600000 	122.984001 	441.000000 	440.191010 	448.583008 
26.700000 	122.984001 	441.000000 	440.191010 	448.583008 
26.800000 	122.984001 	441.000000 	440.191010 	448.583008 
26.900000 	122.984001 	441.000000 	440.191010 	448.583008 
27.000000 	122.984001 	441.000000 	440.191010 	448.583008 
27.100000 	122.984001 	441.000000 	440.191010 	448.583008 
27.200000 	122.984001 	441.000000 	440.191010 	448.583008 
27.300000 	122.984001 	441.000000 	440.191010 	448.583008 
27.400000 	122.984001 	441.000000 	440.191010 	448.583008 
27.500000 	123.002998 	441.000000 	440.186005 	448.608002 
27.600000 	123.002998 	441.000000 	440.186005 	448.608002 
27.700000 	123.002998 	441.000000 	440.186005 	448.608002 
27.800000 	123.002998 	441.000000 	440.186005 	448.608002 
27.900000 	123.002998 	441.000000 	440.186005 	448.608002 
28.000000 	123.002998 	441.000000 	440.186005 	448.608002 
28.100000 	123.002998 	441.000000 	440.186005 	448.608002 
28.200000 	123.002998 	441.000000 	440.186005 	448.608002 
28.300000 	123.002998 	441.000000 	440.186005 	448.608002 
28.400000 	123.002998 	441.000000 	440.186005 	448.608002 
28.500000 	123.019997 	441.000000 	440.182007 	448.632996 
28.600000 	123.019997 	441.000000 	440.182007 	448.632996 
28.700000 	123.019997 	441.000000 	440.182007 	448.632996 
28.800000 	123.019997 	441.000000 	440.182007 	448.632996 
28.900000 	123.019997 	441.000000 	440.182007 	448.632996 
29.000000 	123.019997 	441.000000 	440.182007 	448.632996 
29.100000 	123.019997 	441.000000 	440.182007 	448.632996 
29.200000 	123.019997 	441.000000 	440.182007 	448.632996 
29.300000 	123.019997 	441.000000 	440.182007 	448.632996 
29.400000 	123.019997 	441.000000 	440.182007 	448.632996 
29.500000 	123.037003 	441.000000 	440.178009 	448.657990 
29.600000 	123.037003 	441.000000 	440.178009 	448.657990 
29.700000 	123.037003 	441.000000 	440.178009 	448.657990 
29.800000 	123.037003 	441.000000 	440.178009 	448.657990 
29.900000 	123.037003 	441.000000 	440.178009 	448.657990 
30.000000 	123.037003 	441.000000 	440.178009 	448.657990 
30.100000 	123.037003 	441.000000 	440.178009 	448.657990 
30.200000 	123.037003 	441.000000 	440.178009 	448.657990 
30.300000 	123.037003 	441.000000 	440.178009 	448.657990 
30.400000 	123.037003 	441.000000 	440.178009 	448.657990 
30.500000 	123.052002 	441.000000 	440.174011 	448.682007 
30.600000 	123.052002 	441.000000 	440.174011 	448.682007 
30.700000 	123.052002 	441.000000 	440.174011 	448.682007 
30.800000 	123.052002 	441.000000 	440.174011 	448.682007 
30.900000 	123.052002 	441.000000 	440.174011 	448.682007 
31.000000 	123.052002 	441.000000 	440.174011 	448.682007 
31.100000 	123.052002 	441.000000 	440.174011 	448.682007 
31.200000 	123.052002 	441.000000 	440.174011 	448.682007 
31.300000 	123.052002 	441.000000 	440.174011 	448.682007 
31.400000 	123.052002 	441.000000 	440.174011 	448.682007 
31.500000 	123.066002 	441.000000 	440.170990 	448.707001 
31.600000 	123.066002 	441.000000 	440.170990 	448.707001 
31.700000 	123.066002 	441.000000 	440.170990 	448.707001 
31.800000 	123.066002 	441.000000 	440.170990 	448.707001 
31.900000 	123.066002 	441.000000 	440.170990 	448.707001 
32.000000 	123.066002 	441.000000 	440.170990 	448.707001 
32.100000 	123.066002 	441.000000 	440.170990 	448.707001 
32.200000 	123.066002 	441.000000 	440.170990 	448.707001 
32.300000 	123.066002 	441.000000 	440.170990 	448.707001 
32.400000 	123.066002 	441.000000 	440.170990 	448.707001 
32.500000 	123.080002 	441.000000 	440.166992 	448.731995 
32.600000 	123.080002 	441.000000 	440.166992 	448.731995 
32.700000 	123.080002 	441.000000 	440.166992 	448.731995 
32.800000 	123.080002 	441.000000 	440.166992 	448.731995 
32.900000 	123.080002 	441.000000 	440.166992 	448.731995 
33.000000 	123.080002 	441.000000 	440.166992 	448.731995 
33.100000 	123.080002 	441.000000 	440.166992 	448.731995 
33.200000 	123.080002 	441.000000 	440.166992 	448.731995 
33.300000 	123.080002 	441.000000 	440.166992 	448.731995 
33.400000 	123.080002 	441.000000 	440.166992 	448.731995 
33.500000 	123.092003 	441.000000 	440.164001 	448.756989 
33.600000 	123.092003 	441.000000 	440.164001 	448.756989 
33.700000 	123.092003 	441.000000 	440.164001 	448.756989 
33.800000 	123.092003 	441.000000 	440.164001 	448.756989 
33.900000 	123.092003 	441.000000 	440.164001 	448.756989 
34.000000 	123.092003 	441.000000 	440.164001 	448.756989 
34.100000 	123.092003 	441.000000 	440.164001 	448.756989 
34.200000 	123.092003 	441.000000 	440.164001 	448.756989 
34.300000 	123.092003 	441.000000 	440.164001 	448.756989 
34.400000 	123.092003 	441.000000 	440.164001 	448.756989 
34.500000 	123.105003 	441.000000 	440.160004 	448.781006 
34.600000 	123.105003 	441.000000 	440.160004 	448.781006 
34.700000 	123.105003 	441.000000 	440.160004 	448.781006 
34.800000 	123.105003 	441.000000 	440.160004 	448.781006 
34.900000 	123.105003 	441.000000 	440.160004 	448.781006 
35.000000 	123.105003 	441.000000 	440.160004 	448.781006 
35.100000 	123.105003 	441.000000 	440.160004 	448.781006 
35.200000 	123.105003 	441.000000 	440.160004 	448.781006 
35.300000 	123.105003 	441.000000 	440.160004 	448.781006 
35.400000 	123.105003 	441.000000 	440.160004 	448.781006 
35.500000 	123.115997 	441.000000 	440.157013 	448.806000 
35.600000 	123.115997 	441.000000 	440.157013 	448.806000 
35.700000 	123.115997 	441.000000 	440.157013 	448.806000 
35.800000 	123.115997 	441.000000 	440.157013 	448.806000 
35.900000 	123.115997 	441.000000 	440.157013 	448.806000 
36.000000 	123.115997 	441.000000 	440.157013 	448.806000 
36.100000 	123.115997 	441.000000 	440.157013 	448.806000 
36.200000 	123.115997 	441.000000 	440.157013 	448.806000 
36.300000 	123.115997 	441.000000 	440.157013 	448.806000 
36.400000 	123.115997 	441.000000 	440.157013 	448.806000 
36.500000 	123.126999 	441.000000 	440.153992 	448.829987 
36.600000 	123.126999 	441.000000 	440.153992 	448.829987 
36.700000 	123.126999 	441.000000 	440.153992 	448.829987 
36.800000 	123.126999 	441.000000 	440.153992 	448.829987 
36.900000 	123.126999 	441.000000 	440.153992 	448.829987 
37.000000 	123.126999 	441.000000 	440.153992 	448.829987 
37.100000 	123.126999 	441.000000 	440.153992 	448.829987 
37.200000 	123.126999 	441.000000 	440.153992 	448.829987 
37.300000 	123.126999 	441.000000 	440.153992 	448.829987 
37.400000 	123.126999 	441.000000 	440.153992 	448.829987 
37.500000 	123.138000 	441.000000 	440.149994 	448.855011 
37.600000 	123.138000 	441.000000 	440.149994 	448.855011 
37.700000 	123.138000 	441.000000 	440.149994 	448.855011 
37.800000 	123.138000 	441.000000 	440.149994 	448.855011 
37.900000 	123.138000 	441.000000 	440.149994 	448.855011 
38.000000 	123.138000 	441.000000 	440.149994 	448.855011 
38.100000 	123.138000 	441.000000 	440.149994 	448.855011 
38.200000 	123.138000 	441.000000 	440.149994 	448.855011 
38.300000 	123.138000 	441.000000 	440.149994 	448.855011 
38.400000 	123.138000 	441.000000 	440.149994 	448.855011 
38.500000 	123.148003 	441.000000 	440.147003 	448.878998 
38.600000 	123.148003 	441.000000 	440.147003 	448.878998 
38.700000 	123.148003 	441.000000 	440.147003 	448.878998 
38.800000 	123.148003 	441.000000 	440.147003 	448.878998 
38.900000 	123.148003 	441.000000 	440.147003 	448.878998 
39.000000 	123.148003 	441.000000 	440.147003 	448.878998 
39.100000 	123.148003 	441.000000 	440.147003 	448.878998 
39.200000 	123.148003 	441.000000 	440.147003 	448.878998 
39.300000 	123.148003 	441.000000 	440.147003 	448.878998 
39.400000 	123.148003 	441.000000 	440.147003 	448.878998 
39.500000 	123.156998 	441.000000 	440.143005 	448.903015 
39.600000 	123.156998 	441.000000 	440.143005 	448.903015 
39.700000 	123.156998 	441.000000 	440.143005 	448.903015 
39.800000 	123.156998 	441.000000 	440.143005 	448.903015 
39.900000 	123.156998 	441.000000 	440.143005 	448.903015 
40.000000 	123.156998 	441.000000 	440.143005 	448.903015 
40.100000 	123.156998 	441.000000 	440.143005 	448.903015 
40.200000 	123.156998 	441.000000 	440.143005 	448.903015 
40.300000 	123.156998 	441.000000 	440.143005 	448.903015 
40.400000 	123.156998 	441.000000 	440.143005 	448.903015 
40.500000 	123.167000 	441.000000 	440.140015 	448.927002 
40.600000 	123.167000 	441.000000 	440.140015 	448.927002 
40.700000 	123.167000 	441.000000 	440.140015 	448.927002 
40.800000 	123.167000 	441.000000 	440.140015 	448.927002 
40.900000 	123.167000 	441.000000 	440.140015 	448.927002 
41.000000 	123.167000 	441.000000 	440.140015 	448.927002 
41.100000 	123.167000 	441.000000 	440.140015 	448.927002 
41.200000 	123.167000 	441.000000 	440.140015 	448.927002 
41.300000 	123.167000 	441.000000 	440.140015 	448.927002 
41.400000 	123.167000 	441.000000 	440.140015 	448.927002 
41.500000 	123.176003 	441.000000 	440.135986 	448.950989 
41.600000 	123.176003 	441.000000 	440.135986 	448.950989 
41.700000 	123.176003 	441.000000 	440.135986 	448.950989 
41.800000 	123.176003 	441.000000 	440.135986 	448.950989 
41.900000 	123.176003 	441.000000 	440.135986 	448.950989 
42.000000 	123.176003 	441.000000 	440.135986 	448.950989 
42.100000 	123.176003 	441.000000 	440.135986 	448.950989 
42.200000 	123.176003 	441.000000 	440.135986 	448.950989 
42.300000 	123.176003 	441.000000 	440.135986 	448.950989 
42.400000 	123.176003 	441.000000 	440.135986 	448.950989 
42.500000 	123.183998 	441.000000 	440.132996 	448.973999 
42.600000 	123.183998 	441.000000 	440.132996 	448.973999 
42.700000 	123.183998 	441.000000 	440.132996 	448.973999 
42.800000 	123.183998 	441.000000 	440.132996 	448.973999 
42.900000 	123.183998 	441.000000 	440.132996 	448.973999 
43.000000 	123.183998 	441.000000 	440.132996 	448.973999 
43.100000 	123.183998 	441.000000 	440.132996 	448.973999 
43.200000 	123.183998 	441.000000 	440.132996 	448.973999 
43.300000 	123.183998 	441.000000 	440.132996 	448.973999 
43.400000 	123.183998 	441.000000 	440.132996 	448.973999 
43.500000 	123.193001 	441.000000 	440.128998 	448.997009 
43.600000 	123.193001 	441.000000 	440.128998 	448.997009 
43.700000 	123.193001 	441.000000 	440.128998 	448.997009 
43.800000 	123.193001 	441.000000 	440.128998 	448.997009 
43.900000 	123.193001 	441.000000 	440.128998 	448.997009 
44.000000 	123.193001 	441.000000 	440.128998 	448.997009 
44.100000 	123.193001 	441.000000 	440.128998 	448.997009 
44.200000 	123.193001 	441.000000 	440.128998 	448.997009 
44.300000 	123.193001 	441.000000 	440.128998 	448.997009 
44.400000 	123.193001 	441.000000 	440.128998 	448.997009 
44.500000 	123.200996 	441.000000 	440.125000 	449.019989 
44.600000 	123.200996 	441.000000 	440.125000 	449.019989 
44.700000 	123.200996 	441.000000 	440.125000 	449.019989 
44.800000 	123.200996 	441.000000 	440.125000 	449.019989 
44.900000 	123.200996 	441.000000 	440.125000 	449.019989 
45.000000 	123.200996 	441.000000 	440.125000 	449.019989 
45.100000 	123.200996 	441.000000 	440.125000 	449.019989 
45.200000 	123.200996 	441.000000 	440.125000 	449.019989 
45.300000 	123.200996 	441.000000 	440.125000 	449.019989 
45.400000 	123.200996 	441.000000 	440.125000 	449.019989 
45.500000 	123.209000 	441.000000 	440.121002 	449.042999 
45.600000 	123.209000 	441.000000 	440.121002 	449.042999 
45.700000 	123.209000 	441.000000 	440.121002 	449.042999 
45.800000 	123.209000 	441.000000 	440.121002 	449.042999 
45.900000 	123.209000 	441.000000 	440.121002 	449.042999 
46.000000 	123.209000 	441.000000 	440.121002 	449.042999 
46.100000 	123.209000 	441.000000 	440.121002 	449.042999 
46.200000 	123.209000 	441.000000 	440.121002 	449.042999 
46.300000 	123.209000 	441.000000 	440.121002 	449.042999 
46.400000 	123.209000 	441.000000 	440.121002 	449.042999 
46.500000 	123.216003 	441.000000 	440.117004 	449.066010 
46.600000 	123.216003 	441.000000 	440.117004 	449.066010 
46.700000 	123.216003 	441.000000 	440.117004 	449.066010 
46.800000 	123.216003 	441.000000 	440.117004 	449.066010 
46.900000 	123.216003 	441.000000 	440.117004 	449.066010 
47.000000 	123.216003 	441.000000 	440.117004 	449.066010 
47.100000 	123.216003 	441.000000 	440.117004 	449.066010 
47.200000 	123.216003 	441.000000 	440.117004 	449.066010 
47.300000 	123.216003 	441.000000 	440.117004 	449.066010 
47.400000 	123.216003 	441.000000 	440.117004 	449.066010 
47.500000 	123.223999 	441.000000 	440.113007 	449.088013 
47.600000 	123.223999 	441.000000 	440.113007 	449.088013 
47.700000 	123.223999 	441.000000 	440.113007 	449.088013 
47.800000 	123.223999 	441.000000 	440.113007 	449.088013 
47.900000 	123.223999 	441.000000 	440.113007 	449.088013 
48.000000 	123.223999 	441.000000 	440.113007 	449.088013 
48.100000 	123.223999 	441.000000 	440.113007 	449.088013 
48.200000 	123.223999 	441.000000 	440.113007 	449.088013 
48.300000 	123.223999 	441.000000 	440.113007 	449.088013 
48.400000 	123.223999 	441.000000 	440.113007 	449.088013 
48.500000 	123.231003 	441.000000 	440.109009 	449.109985 
48.600000 	123.231003 	441.000000 	440.109009 	449.109985 
48.700000 	123.231003 	441.000000 	440.109009 	449.109985 
48.800000 	123.231003 	441.000000 	440.109009 	449.109985 
48.900000 	123.231003 	441.000000 	440.109009 	449.109985 
49.000000 	123.231003 	441.000000 	440.109009 	449.109985 
49.100000 	123.231003 	441.000000 	440.109009 	449.109985 
49.200000 	123.231003 	441.000000 	440.109009 	449.109985 
49.300000 	123.231003 	441.000000 	440.109009 	449.109985 
49.400000 	123.231003 	441.000000 	440.109009 	449.109985 
49.500000 	123.237999 	441.000000 	440.105011 	449.131989 
49.600000 	123.237999 	441.000000 	440.105011 	449.131989 
49.700000 	123.237999 	441.000000 	440.105011 	449.131989 
49.800000 	123.237999 	441.000000 	440.105011 	449.131989 
49.900000 	123.237999 	441.000000 	440.105011 	449.131989 
50.000000 	123.237999 	441.000000 	440.105011 	449.131989 
50.100000 	123.237999 	441.000000 	440.105011 	449.131989 
50.200000 	123.237999 	441.000000 	440.105011 	449.131989 
50.300000 	123.237999 	441.000000 	440.105011 	449.131989 
50.400000 	123.237999 	441.000000 	440.105011 	449.131989 
50.500000 	123.245003 	441.000000 	440.101013 	1006.030029 
50.600000 	123.245003 	441.000000 	440.101013 	1006.030029 
50.700000 	123.245003 	441.000000 	440.101013 	1006.030029 
50.800000 	123.245003 	441.000000 	440.101013 	1006.030029 
50.900000 	123.245003 	441.000000 	440.101013 	1006.030029 
51.000000 	123.245003 	441.000000 	440.101013 	1006.030029 
51.100000 	123.245003 	441.000000 	440.101013 	1006.030029 
51.200000 	123.245003 	441.000000 	440.101013 	1006.030029 
51.300000 	123.245003 	441.000000 	440.101013 	1006.030029 
51.400000 	123.245003 	441.000000 	440.101013 	1006.030029 
51.500000 	123.251999 	441.000000 	440.096008 	1006.030029 
51.600000 	123.251999 	441.000000 	440.096008 	1006.030029 
51.700000 	123.251999 	441.000000 	440.096008 	1006.030029 
51.800000 	123.251999 	441.000000 	440.096008 	1006.030029 
51.900000 	123.251999 	441.000000 	440.096008 	1006.030029 
52.000000 	123.251999 	441.000000 	440.096008 	1006.030029 
52.100000 	123.251999 	441.000000 	440.096008 	1006.030029 
52.200000 	123.251999 	441.000000 	440.096008 	1006.030029 
52.300000 	123.251999 	441.000000 	440.096008 	1006.030029 
52.400000 	123.251999 	441.000000 	440.096008 	1006.030029 
52.500000 	123.259003 	441.000000 	440.092010 	1006.030029 
52.600000 	123.259003 	441.000000 	440.092010 	1006.030029 
52.700000 	123.259003 	441.000000 	440.092010 	1006.030029 
52.800000 	123.259003 	441.000000 	440.092010 	1006.030029 
52.900000 	123.259003 	441.000000 	440.092010 	1006.030029 
53.000000 	123.259003 	441.000000 	440.092010 	1006.030029 
53.100000 	123.259003 	441.000000 	440.092010 	1006.030029 
53.200000 	123.259003 	441.000000 	440.092010 	1006.030029 
53.300000 	123.259003 	441.000000 	440.092010 	1006.030029 
53.400000 	123.259003 	441.000000 	440.092010 	1006.030029 
53.500000 	123.264999 	441.000000 	440.087006 	1006.030029 
53.600000 	123.264999 	441.000000 	440.087006 	1006.030029 
53.700000 	123.264999 	441.000000 	440.087006 	1006.030029 
53.800000 	123.264999 	441.000000 	440.087006 	1006.030029 
53.900000 	123.264999 	441.000000 	440.087006 	1006.030029 
54.000000 	123.264999 	441.000000 	440.087006 	1006.030029 
54.100000 	123.264999 	441.000000 	440.087006 	1006.030029 
54.200000 	123.264999 	441.000000 	440.087006 	1006.030029 
54.300000 	123.264999 	441.000000 	440.087006 	1006.030029 
54.400000 	123.264999 	441.000000 	440.087006 	1006.030029 
54.500000 	123.271004 	441.000000 	440.082001 	1006.030029 
54.600000 	123.271004 	441.000000 	440.082001 	1006.030029 
54.700000 	123.271004 	441.000000 	440.082001 	1006.030029 
54.800000 	123.271004 	441.000000 	440.082001 	1006.030029 
54.900000 	123.271004 	441.000000 	440.082001 	1006.030029 
55.000000 	123.271004 	441.000000 	440.082001 	1006.030029 
55.100000 	123.271004 	441.000000 	440.082001 	1006.030029 
55.200000 	123.271004 	441.000000 	440.082001 	1006.030029 
55.300000 	123.271004 	441.000000 	440.082001 	1006.030029 
55.400000 	123.271004 	441.000000 	440.082001 	1006.030029 
55.500000 	123.278000 	441.000000 	440.076996 	1006.030029 
55.600000 	123.278000 	441.000000 	440.076996 	1006.030029 
55.700000 	123.278000 	441.000000 	440.076996 	1006.030029 
55.800000 	123.278000 	441.000000 	440.076996 	1006.030029 
55.900000 	123.278000 	441.000000 	440.076996 	1006.030029 
56.000000 	123.278000 	441.000000 	440.076996 	1006.030029 
56.100000 	123.278000 	441.000000 	440.076996 	1006.030029 
56.200000 	123.278000 	441.000000 	440.076996 	1006.030029 
56.300000 	123.278000 	441.000000 	440.076996 	1006.030029 
56.400000 	123.278000 	441.000000 	440.076996 	1006.030029 
56.500000 	123.283997 	441.000000 	440.071991 	1006.030029 
56.600000 	123.283997 	441.000000 	440.071991 	1006.030029 
56.700000 	123.283997 	441.000000 	440.071991 	1006.030029 
56.800000 	123.283997 	441.000000 	440.071991 	1006.030029 
56.900000 	123.283997 	441.000000 	440.071991 	1006.030029 
57.000000 	123.283997 	441.000000 	440.071991 	1006.030029 
57.100000 	123.283997 	441.000000 	440.071991 	1006.030029 
57.200000 	123.283997 	441.000000 	440.071991 	1006.030029 
57.300000 	123.283997 	441.000000 	440.071991 	1006.030029 
57.400000 	123.283997 	441.000000 	440.071991 	1006.030029 
57.500000 	123.290001 	441.000000 	440.066986 	1006.030029 
57.600000 	123.290001 	441.000000 	440.066986 	1006.030029 
57.700000 	123.290001 	441.000000 	440.066986 	1006.030029 
57.800000 	123.290001 	441.000000 	440.066986 	1006.030029 
57.900000 	123.290001 	441.000000 	440.066986 	1006.030029 
58.000000 	123.290001 	441.000000 	440.066986 	1006.030029 
58.100000 	123.290001 	441.000000 	440.066986 	1006.030029 
58.200000 	123.290001 	441.000000 	440.066986 	1006.030029 
58.300000 	123.290001 	441.000000 	440.066986 	1006.030029 
58.400000 	123.290001 	441.000000 	440.066986 	1006.030029 
58.500000 	123.295998 	441.000000 	440.062012 	1006.030029 
58.600000 	123.295998 	441.000000 	440.062012 	1006.030029 
58.700000 	123.295998 	441.000000 	440.062012 	1006.030029 
58.800000 	123.295998 	441.000000 	440.062012 	1006.030029 
58.900000 	123.295998 	441.000000 	440.062012 	1006.030029 
59.000000 	123.295998 	441.000000 	440.062012 	1006.030029 
59.100000 	123.295998 	441.000000 	440.062012 	1006.030029 
59.200000 	123.295998 	441.000000 	440.062012 	1006.030029 
59.300000 	123.295998 	441.000000 	440.062012 	1006.030029 
59.400000 	123.295998 	441.000000 	440.062012 	1006.030029 
59.500000 	123.301003 	441.000000 	440.057007 	1006.030029 
59.600000 	123.301003 	441.000000 	440.057007 	1006.030029 
59.700000 	123.301003 	441.000000 	440.057007 	1006.030029 
59.800000 	123.301003 	441.000000 	440.057007 	1006.030029 
59.900000 	123.301003 	441.000000 	440.057007 	1006.030029 
60.000000 	123.301003 	441.000000 	440.057007 	1006.030029 
