0.500000 	88.891998 	360.000000 	380.656006 	368.458008 
0.600000 	88.891998 	360.000000 	380.656006 	368.458008 
0.700000 	88.891998 	360.000000 	380.656006 	368.458008 
0.800000 	88.891998 	360.000000 	380.656006 	368.458008 
0.900000 	88.891998 	360.000000 	380.656006 	368.458008 
1.000000 	88.891998 	360.000000 	380.656006 	368.458008 
1.100000 	88.891998 	360.000000 	380.656006 	368.458008 
1.200000 	88.891998 	360.000000 	380.656006 	368.458008 
1.300000 	88.891998 	360.000000 	380.656006 	368.458008 
1.400000 	88.891998 	360.000000 	380.656006 	368.458008 
1.500000 	99.190903 	360.000000 	369.263000 	368.683014 
1.600000 	99.190903 	360.000000 	369.263000 	368.683014 
1.700000 	99.190903 	360.000000 	369.263000 	368.683014 
1.800000 	99.190903 	360.000000 	369.263000 	368.683014 
1.900000 	99.190903 	360.000000 	369.263000 	368.683014 
2.000000 	99.190903 	360.000000 	369.263000 	368.683014 
2.100000 	99.190903 	360.000000 	369.263000 	368.683014 
2.200000 	99.190903 	360.000000 	369.263000 	368.683014 
2.300000 	99.190903 	360.000000 	369.263000 	368.683014 
2.400000 	99.190903 	360.000000 	369.263000 	368.683014 
2.500000 	109.727997 	360.000000 	364.562988 	368.647003 
2.600000 	109.727997 	360.000000 	364.562988 	368.647003 
2.700000 	109.727997 	360.000000 	364.562988 	368.647003 
2.800000 	109.727997 	360.000000 	364.562988 	368.647003 
2.900000 	109.727997 	360.000000 	364.562988 	368.647003 
3.000000 	109.727997 	360.000000 	364.562988 	368.647003 
3.100000 	109.727997 	360.000000 	364.562988 	368.647003 
3.200000 	109.727997 	360.000000 	364.562988 	368.647003 
3.300000 	109.727997 	360.000000 	364.562988 	368.647003 
3.400000 	109.727997 	360.000000 	364.562988 	368.647003 
3.500000 	114.896004 	360.000000 	362.385010 	368.639008 
3.600000 	114.896004 	360.000000 	362.385010 	368.639008 
3.700000 	114.896004 	360.000000 	362.385010 	368.639008 
3.800000 	114.896004 	360.000000 	362.385010 	368.639008 
3.900000 	114.896004 	360.000000 	362.385010 	368.639008 
4.000000 	114.896004 	360.000000 	362.385010 	368.639008 
4.100000 	114.896004 	360.000000 	362.385010 	368.639008 
4.200000 	114.896004 	360.000000 	362.385010 	368.639008 
4.300000 	114.896004 	360.000000 	362.385010 	368.639008 
4.400000 	114.896004 	360.000000 	362.385010 	368.639008 
4.500000 	117.622002 	360.000000 	361.252991 	368.644989 
4.600000 	117.622002 	360.000000 	361.252991 	368.644989 
4.700000 	117.622002 	360.000000 	361.252991 	368.644989 
4.800000 	117.622002 	360.000000 	361.252991 	368.644989 
4.900000 	117.622002 	360.000000 	361.252991 	368.644989 
5.000000 	117.622002 	360.000000 	361.252991 	368.644989 
5.100000 	117.622002 	360.000000 	361.252991 	368.644989 
5.200000 	117.622002 	360.000000 	361.252991 	368.644989 
5.300000 	117.622002 	360.000000 	361.252991 	368.644989 
5.400000 	117.622002 	360.000000 	361.252991 	368.644989 
5.500000 	119.203003 	360.000000 	360.601990 	368.656006 
5.600000 	119.203003 	360.000000 	360.601990 	368.656006 
5.700000 	119.203003 	360.000000 	360.601990 	368.656006 
5.800000 	119.203003 	360.000000 	360.601990 	368.656006 
5.900000 	119.203003 	360.000000 	360.601990 	368.656006 
6.000000 	119.203003 	360.000000 	360.601990 	368.656006 
6.100000 	119.203003 	360.000000 	360.601990 	368.656006 
6.200000 	119.203003 	360.000000 	360.601990 	368.656006 
6.300000 	119.203003 	360.000000 	360.601990 	368.656006 
6.400000 	119.203003 	360.000000 	360.601990 	368.656006 
6.500000 	120.194000 	360.000000 	360.199005 	368.671997 
6.600000 	120.194000 	360.000000 	360.199005 	368.671997 
6.700000 	120.194000 	360.000000 	360.199005 	368.671997 
6.800000 	120.194000 	360.000000 	360.199005 	368.671997 
6.900000 	120.194000 	360.000000 	360.199005 	368.671997 
7.000000 	120.194000 	360.000000 	360.199005 	368.671997 
7.100000 	120.194000 	360.000000 	360.199005 	368.671997 
7.200000 	120.194000 	360.000000 	360.199005 	368.671997 
7.300000 	120.194000 	360.000000 	360.199005 	368.671997 
7.400000 	120.194000 	360.000000 	360.199005 	368.671997 
7.500000 	120.853996 	360.000000 	359.933014 	368.690002 
7.600000 	120.853996 	360.000000 	359.933014 	368.690002 
7.700000 	120.853996 	360.000000 	359.933014 	368.690002 
7.800000 	120.853996 	360.000000 	359.933014 	368.690002 
7.900000 	120.853996 	360.000000 	359.933014 	368.690002 
8.000000 	120.853996 	360.000000 	359.933014 	368.690002 
8.100000 	120.853996 	360.000000 	359.933014 	368.690002 
8.200000 	120.853996 	360.000000 	359.933014 	368.690002 
8.300000 	120.853996 	360.000000 	359.933014 	368.690002 
8.400000 	120.853996 	360.000000 	359.933014 	368.690002 
8.500000 	121.316002 	360.000000 	359.750000 	368.709991 
8.600000 	121.316002 	360.000000 	359.750000 	368.709991 
8.700000 	121.316002 	360.000000 	359.750000 	368.709991 
8.800000 	121.316002 	360.000000 	359.750000 	368.709991 
8.900000 	121.316002 	360.000000 	359.750000 	368.709991 
9.000000 	121.316002 	360.000000 	359.750000 	368.709991 
9.100000 	121.316002 	360.000000 	359.750000 	368.709991 
9.200000 	121.316002 	360.000000 	359.750000 	368.709991 
9.300000 	121.316002 	360.000000 	359.750000 	368.709991 
9.400000 	121.316002 	360.000000 	359.750000 	368.709991 
9.500000 	121.651001 	360.000000 	359.618988 	368.730988 
9.600000 	121.651001 	360.000000 	359.618988 	368.730988 
9.700000 	121.651001 	360.000000 	359.618988 	368.730988 
9.800000 	121.651001 	360.000000 	359.618988 	368.730988 
9.900000 	121.651001 	360.000000 	359.618988 	368.730988 
10.000000 	121.651001 	360.000000 	359.618988 	368.730988 
10.100000 	121.651001 	360.000000 	359.618988 	368.730988 
10.200000 	121.651001 	360.000000 	359.618988 	368.730988 
10.300000 	121.651001 	360.000000 	359.618988 	368.730988 
10.400000 	121.651001 	360.000000 	359.618988 	368.730988 
10.500000 	121.903000 	360.000000 	359.520996 	368.753998 
10.600000 	121.903000 	360.000000 	359.520996 	368.753998 
10.700000 	121.903000 	360.000000 	359.520996 	368.753998 
10.800000 	121.903000 	360.000000 	359.520996 	368.753998 
10.900000 	121.903000 	360.000000 	359.520996 	368.753998 
11.000000 	121.903000 	360.000000 	359.520996 	368.753998 
11.100000 	121.903000 	360.000000 	359.520996 	368.753998 
11.200000 	121.903000 	360.000000 	359.520996 	368.753998 
11.300000 	121.903000 	360.000000 	359.520996 	368.753998 
11.400000 	121.903000 	360.000000 	359.520996 	368.753998 
11.500000 	122.097000 	360.000000 	359.447998 	368.778015 
11.600000 	122.097000 	360.000000 	359.447998 	368.778015 
11.700000 	122.097000 	360.000000 	359.447998 	368.778015 
11.800000 	122.097000 	360.000000 	359.447998 	368.778015 
11.900000 	122.097000 	360.000000 	359.447998 	368.778015 
12.000000 	122.097000 	360.000000 	359.447998 	368.778015 
12.100000 	122.097000 	360.000000 	359.447998 	368.778015 
12.200000 	122.097000 	360.000000 	359.447998 	368.778015 
12.300000 	122.097000 	360.000000 	359.447998 	368.778015 
12.400000 	122.097000 	360.000000 	359.447998 	368.778015 
12.500000 	122.250000 	360.000000 	359.390991 	368.803986 
12.600000 	122.250000 	360.000000 	359.390991 	368.803986 
12.700000 	122.250000 	360.000000 	359.390991 	368.803986 
12.800000 	122.250000 	360.000000 	359.390991 	368.803986 
12.900000 	122.250000 	360.000000 	359.390991 	368.803986 
13.000000 	122.250000 	360.000000 	359.390991 	368.803986 
13.100000 	122.250000 	360.000000 	359.390991 	368.803986 
13.200000 	122.250000 	360.000000 	359.390991 	368.803986 
13.300000 	122.250000 	360.000000 	359.390991 	368.803986 
13.400000 	122.250000 	360.000000 	359.390991 	368.803986 
13.500000 	122.373001 	360.000000 	359.346008 	368.829987 
13.600000 	122.373001 	360.000000 	359.346008 	368.829987 
13.700000 	122.373001 	360.000000 	359.346008 	368.829987 
13.800000 	122.373001 	360.000000 	359.346008 	368.829987 
13.900000 	122.373001 	360.000000 	359.346008 	368.829987 
14.000000 	122.373001 	360.000000 	359.346008 	368.829987 
14.100000 	122.373001 	360.000000 	359.346008 	368.829987 
14.200000 	122.373001 	360.000000 	359.346008 	368.829987 
14.300000 	122.373001 	360.000000 	359.346008 	368.829987 
14.400000 	122.373001 	360.000000 	359.346008 	368.829987 
14.500000 	122.473000 	360.000000 	359.309998 	368.856995 
14.600000 	122.473000 	360.000000 	359.309998 	368.856995 
14.700000 	122.473000 	360.000000 	359.309998 	368.856995 
14.800000 	122.473000 	360.000000 	359.309998 	368.856995 
14.900000 	122.473000 	360.000000 	359.309998 	368.856995 
15.000000 	122.473000 	360.000000 	359.309998 	368.856995 
15.100000 	122.473000 	360.000000 	359.309998 	368.856995 
15.200000 	122.473000 	360.000000 	359.309998 	368.856995 
15.300000 	122.473000 	360.000000 	359.309998 	368.856995 
15.400000 	122.473000 	360.000000 	359.309998 	368.856995 
15.500000 	122.556999 	360.000000 	359.279999 	368.888000 
15.600000 	122.556999 	360.000000 	359.279999 	368.888000 
15.700000 	122.556999 	360.000000 	359.279999 	368.888000 
15.800000 	122.556999 	360.000000 	359.279999 	368.888000 
15.900000 	122.556999 	360.000000 	359.279999 	368.888000 
16.000000 	122.556999 	360.000000 	359.279999 	368.888000 
16.100000 	122.556999 	360.000000 	359.279999 	368.888000 
16.200000 	122.556999 	360.000000 	359.279999 	368.888000 
16.300000 	122.556999 	360.000000 	359.279999 	368.888000 
16.400000 	122.556999 	360.000000 	359.279999 	368.888000 
16.500000 	122.626999 	360.000000 	359.256012 	368.916992 
16.600000 	122.626999 	360.000000 	359.256012 	368.916992 
16.700000 	122.626999 	360.000000 	359.256012 	368.916992 
16.800000 	122.626999 	360.000000 	359.256012 	368.916992 
16.900000 	122.626999 	360.000000 	359.256012 	368.916992 
17.000000 	122.626999 	360.000000 	359.256012 	368.916992 
17.100000 	122.626999 	360.000000 	359.256012 	368.916992 
17.200000 	122.626999 	360.000000 	359.256012 	368.916992 
17.300000 	122.626999 	360.000000 	359.256012 	368.916992 
17.400000 	122.626999 	360.000000 	359.256012 	368.916992 
17.500000 	122.686996 	360.000000 	359.235992 	368.946991 
17.600000 	122.686996 	360.000000 	359.235992 	368.946991 
17.700000 	122.686996 	360.000000 	359.235992 	368.946991 
17.800000 	122.686996 	360.000000 	359.235992 	368.946991 
17.900000 	122.686996 	360.000000 	359.235992 	368.946991 
18.000000 	122.686996 	360.000000 	359.235992 	368.946991 
18.100000 	122.686996 	360.000000 	359.235992 	368.946991 
18.200000 	122.686996 	360.000000 	359.235992 	368.946991 
18.300000 	122.686996 	360.000000 	359.235992 	368.946991 
18.400000 	122.686996 	360.000000 	359.235992 	368.946991 
18.500000 	122.738998 	360.000000 	359.217987 	368.976990 
18.600000 	122.738998 	360.000000 	359.217987 	368.976990 
18.700000 	122.738998 	360.000000 	359.217987 	368.976990 
18.800000 	122.738998 	360.000000 	359.217987 	368.976990 
18.900000 	122.738998 	360.000000 	359.217987 	368.976990 
19.000000 	122.738998 	360.000000 	359.217987 	368.976990 
19.100000 	122.738998 	360.000000 	359.217987 	368.976990 
19.200000 	122.738998 	360.000000 	359.217987 	368.976990 
19.300000 	122.738998 	360.000000 	359.217987 	368.976990 
19.400000 	122.738998 	360.000000 	359.217987 	368.976990 
19.500000 	122.783997 	360.000000 	359.204010 	369.007996 
19.600000 	122.783997 	360.000000 	359.204010 	369.007996 
19.700000 	122.783997 	360.000000 	359.204010 	369.007996 
19.800000 	122.783997 	360.000000 	359.204010 	369.007996 
19.900000 	122.783997 	360.000000 	359.204010 	369.007996 
20.000000 	122.783997 	360.000000 	359.204010 	369.007996 
20.100000 	122.783997 	360.000000 	359.204010 	369.007996 
20.200000 	122.783997 	360.000000 	359.204010 	369.007996 
20.300000 	122.783997 	360.000000 	359.204010 	369.007996 
20.400000 	122.783997 	360.000000 	359.204010 	369.007996 
20.500000 	122.823997 	360.000000 	359.191010 	369.039001 
20.600000 	122.823997 	360.000000 	359.191010 	369.039001 
20.700000 	122.823997 	360.000000 	359.191010 	369.039001 
20.800000 	122.823997 	360.000000 	359.191010 	369.039001 
20.900000 	122.823997 	360.000000 	359.191010 	369.039001 
21.000000 	122.823997 	360.000000 	359.191010 	369.039001 
21.100000 	122.823997 	360.000000 	359.191010 	369.039001 
21.200000 	122.823997 	360.000000 	359.191010 	369.039001 
21.300000 	122.823997 	360.000000 	359.191010 	369.039001 
21.400000 	122.823997 	360.000000 	359.191010 	369.039001 
21.500000 	122.859001 	360.000000 	359.179993 	369.070007 
21.600000 	122.859001 	360.000000 	359.179993 	369.070007 
21.700000 	122.859001 	360.000000 	359.179993 	369.070007 
21.800000 	122.859001 	360.000000 	359.179993 	369.070007 
21.900000 	122.859001 	360.000000 	359.179993 	369.070007 
22.000000 	122.859001 	360.000000 	359.179993 	369.070007 
22.100000 	122.859001 	360.000000 	359.179993 	369.070007 
22.200000 	122.859001 	360.000000 	359.179993 	369.070007 
22.300000 	122.859001 	360.000000 	359.179993 	369.070007 
22.400000 	122.859001 	360.000000 	359.179993 	369.070007 
22.500000 	122.890999 	360.000000 	359.170013 	369.101990 
22.600000 	122.890999 	360.000000 	359.170013 	369.101990 
22.700000 	122.890999 	360.000000 	359.170013 	369.101990 
22.800000 	122.890999 	360.000000 	359.170013 	369.101990 
22.900000 	122.890999 	360.000000 	359.170013 	369.101990 
23.000000 	122.890999 	360.000000 	359.170013 	369.101990 
23.100000 	122.890999 	360.000000 	359.170013 	369.101990 
23.200000 	122.890999 	360.000000 	359.170013 	369.101990 
23.300000 	122.890999 	360.000000 	359.170013 	369.101990 
23.400000 	122.890999 	360.000000 	359.170013 	369.101990 
23.500000 	122.918999 	360.000000 	359.161987 	369.135010 
23.600000 	122.918999 	360.000000 	359.161987 	369.135010 
23.700000 	122.918999 	360.000000 	359.161987 	369.135010 
23.800000 	122.918999 	360.000000 	359.161987 	369.135010 
23.900000 	122.918999 	360.000000 	359.161987 	369.135010 
24.000000 	122.918999 	360.000000 	359.161987 	369.135010 
24.100000 	122.918999 	360.000000 	359.161987 	369.135010 
24.200000 	122.918999 	360.000000 	359.161987 	369.135010 
24.300000 	122.918999 	360.000000 	359.161987 	369.135010 
24.400000 	122.918999 	360.000000 	359.161987 	369.135010 
24.500000 	122.945000 	360.000000 	359.153992 	369.166992 
24.600000 	122.945000 	360.000000 	359.153992 	369.166992 
24.700000 	122.945000 	360.000000 	359.153992 	369.166992 
24.800000 	122.945000 	360.000000 	359.153992 	369.166992 
24.900000 	122.945000 	360.000000 	359.153992 	369.166992 
25.000000 	122.945000 	360.000000 	359.153992 	369.166992 
25.100000 	122.945000 	360.000000 	359.153992 	369.166992 
25.200000 	122.945000 	360.000000 	359.153992 	369.166992 
25.300000 	122.945000 	360.000000 	359.153992 	369.166992 
25.400000 	122.945000 	360.000000 	359.153992 	369.166992 
25.500000 	122.968002 	360.000000 	359.147003 	369.200012 
25.600000 	122.968002 	360.000000 	359.147003 	369.200012 
25.700000 	122.968002 	360.000000 	359.147003 	369.200012 
25.800000 	122.968002 	360.000000 	359.147003 	369.200012 
25.900000 	122.968002 	360.000000 	359.147003 	369.200012 
26.000000 	122.968002 	360.000000 	359.147003 	369.200012 
26.100000 	122.968002 	360.000000 	359.147003 	369.200012 
26.200000 	122.968002 	360.000000 	359.147003 	369.200012 
26.300000 	122.968002 	360.000000 	359.147003 	369.200012 
26.400000 	122.968002 	360.000000 	359.147003 	369.200012 
26.500000 	122.988998 	360.000000 	359.140991 	369.233002 
26.600000 	122.988998 	360.000000 	359.140991 	369.233002 
26.700000 	122.988998 	360.000000 	359.140991 	369.233002 
26.800000 	122.988998 	360.000000 	359.140991 	369.233002 
26.900000 	122.988998 	360.000000 	359.140991 	369.233002 
27.000000 	122.988998 	360.000000 	359.140991 	369.233002 
27.100000 	122.988998 	360.000000 	359.140991 	369.233002 
27.200000 	122.988998 	360.000000 	359.140991 	369.233002 
27.300000 	122.988998 	360.000000 	359.140991 	369.233002 
27.400000 	122.988998 	360.000000 	359.140991 	369.233002 
27.500000 	123.009003 	360.000000 	359.135010 	369.265991 
27.600000 	123.009003 	360.000000 	359.135010 	369.265991 
27.700000 	123.009003 	360.000000 	359.135010 	369.265991 
27.800000 	123.009003 	360.000000 	359.135010 	369.265991 
27.900000 	123.009003 	360.000000 	359.135010 	369.265991 
28.000000 	123.009003 	360.000000 	359.135010 	369.265991 
28.100000 	123.009003 	360.000000 	359.135010 	369.265991 
28.200000 	123.009003 	360.000000 	359.135010 	369.265991 
28.300000 	123.009003 	360.000000 	359.135010 	369.265991 
28.400000 	123.009003 	360.000000 	359.135010 	369.265991 
28.500000 	123.028000 	360.000000 	359.130005 	369.299988 
28.600000 	123.028000 	360.000000 	359.130005 	369.299988 
28.700000 	123.028000 	360.000000 	359.130005 	369.299988 
28.800000 	123.028000 	360.000000 	359.130005 	369.299988 
28.900000 	123.028000 	360.000000 	359.130005 	369.299988 
29.000000 	123.028000 	360.000000 	359.130005 	369.299988 
29.100000 	123.028000 	360.000000 	359.130005 	369.299988 
29.200000 	123.028000 	360.000000 	359.130005 	369.299988 
29.300000 	123.028000 	360.000000 	359.130005 	369.299988 
29.400000 	123.028000 	360.000000 	359.130005 	369.299988 
29.500000 	123.044998 	360.000000 	359.125000 	369.333008 
29.600000 	123.044998 	360.000000 	359.125000 	369.333008 
29.700000 	123.044998 	360.000000 	359.125000 	369.333008 
29.800000 	123.044998 	360.000000 	359.125000 	369.333008 
29.900000 	123.044998 	360.000000 	359.125000 	369.333008 
30.000000 	123.044998 	360.000000 	359.125000 	369.333008 
30.100000 	123.044998 	360.000000 	359.125000 	369.333008 
30.200000 	123.044998 	360.000000 	359.125000 	369.333008 
30.300000 	123.044998 	360.000000 	359.125000 	369.333008 
30.400000 	123.044998 	360.000000 	359.125000 	369.333008 
30.500000 	123.060997 	360.000000 	359.119995 	369.365997 
30.600000 	123.060997 	360.000000 	359.119995 	369.365997 
30.700000 	123.060997 	360.000000 	359.119995 	369.365997 
30.800000 	123.060997 	360.000000 	359.119995 	369.365997 
30.900000 	123.060997 	360.000000 	359.119995 	369.365997 
31.000000 	123.060997 	360.000000 	359.119995 	369.365997 
31.100000 	123.060997 	360.000000 	359.119995 	369.365997 
31.200000 	123.060997 	360.000000 	359.119995 	369.365997 
31.300000 	123.060997 	360.000000 	359.119995 	369.365997 
31.400000 	123.060997 	360.000000 	359.119995 	369.365997 
31.500000 	123.075996 	360.000000 	359.114990 	369.399994 
31.600000 	123.075996 	360.000000 	359.114990 	369.399994 
31.700000 	123.075996 	360.000000 	359.114990 	369.399994 
31.800000 	123.075996 	360.000000 	359.114990 	369.399994 
31.900000 	123.075996 	360.000000 	359.114990 	369.399994 
32.000000 	123.075996 	360.000000 	359.114990 	369.399994 
32.100000 	123.075996 	360.000000 	359.114990 	369.399994 
32.200000 	123.075996 	360.000000 	359.114990 	369.399994 
32.300000 	123.075996 	360.000000 	359.114990 	369.399994 
32.400000 	123.075996 	360.000000 	359.114990 	369.399994 
32.500000 	123.089996 	360.000000 	359.110992 	369.433014 
32.600000 	123.089996 	360.000000 	359.110992 	369.433014 
32.700000 	123.089996 	360.000000 	359.110992 	369.433014 
32.800000 	123.089996 	360.000000 	359.110992 	369.433014 
32.900000 	123.089996 	360.000000 	359.110992 	369.433014 
33.000000 	123.089996 	360.000000 	359.110992 	369.433014 
33.100000 	123.089996 	360.000000 	359.110992 	369.433014 
33.200000 	123.089996 	360.000000 	359.110992 	369.433014 
33.300000 	123.089996 	360.000000 	359.110992 	369.433014 
33.400000 	123.089996 	360.000000 	359.110992 	369.433014 
33.500000 	123.102997 	360.000000 	359.106995 	369.467010 
33.600000 	123.102997 	360.000000 	359.106995 	369.467010 
33.700000 	123.102997 	360.000000 	359.106995 	369.467010 
33.800000 	123.102997 	360.000000 	359.106995 	369.467010 
33.900000 	123.102997 	360.000000 	359.106995 	369.467010 
34.000000 	123.102997 	360.000000 	359.106995 	369.467010 
34.100000 	123.102997 	360.000000 	359.106995 	369.467010 
34.200000 	123.102997 	360.000000 	359.106995 	369.467010 
34.300000 	123.102997 	360.000000 	359.106995 	369.467010 
34.400000 	123.102997 	360.000000 	359.106995 	369.467010 
34.500000 	123.115997 	360.000000 	359.102997 	369.500000 
34.600000 	123.115997 	360.000000 	359.102997 	369.500000 
34.700000 	123.115997 	360.000000 	359.102997 	369.500000 
34.800000 	123.115997 	360.000000 	359.102997 	369.500000 
34.900000 	123.115997 	360.000000 	359.102997 	369.500000 
35.000000 	123.115997 	360.000000 	359.102997 	369.500000 
35.100000 	123.115997 	360.000000 	359.102997 	369.500000 
35.200000 	123.115997 	360.000000 	359.102997 	369.500000 
35.300000 	123.115997 	360.000000 	359.102997 	369.500000 
35.400000 	123.115997 	360.000000 	359.102997 	369.500000 
35.500000 	123.127998 	360.000000 	359.098999 	369.533997 
35.600000 	123.127998 	360.000000 	359.098999 	369.533997 
35.700000 	123.127998 	360.000000 	359.098999 	369.533997 
35.800000 	123.127998 	360.000000 	359.098999 	369.533997 
35.900000 	123.127998 	360.000000 	359.098999 	369.533997 
36.000000 	123.127998 	360.000000 	359.098999 	369.533997 
36.100000 	123.127998 	360.000000 	359.098999 	369.533997 
36.200000 	123.127998 	360.000000 	359.098999 	369.533997 
36.300000 	123.127998 	360.000000 	359.098999 	369.533997 
36.400000 	123.127998 	360.000000 	359.098999 	369.533997 
36.500000 	123.139000 	360.000000 	359.095001 	369.566986 
36.600000 	123.139000 	360.000000 	359.095001 	369.566986 
36.700000 	123.139000 	360.000000 	359.095001 	369.566986 
36.800000 	123.139000 	360.000000 	359.095001 	369.566986 
36.900000 	123.139000 	360.000000 	359.095001 	369.566986 
37.000000 	123.139000 	360.000000 	359.095001 	369.566986 
37.100000 	123.139000 	360.000000 	359.095001 	369.566986 
37.200000 	123.139000 	360.000000 	359.095001 	369.566986 
37.300000 	123.139000 	360.000000 	359.095001 	369.566986 
37.400000 	123.139000 	360.000000 	359.095001 	369.566986 
37.500000 	123.151001 	360.000000 	359.092010 	369.600006 
37.600000 	123.151001 	360.000000 	359.092010 	369.600006 
37.700000 	123.151001 	360.000000 	359.092010 	369.600006 
37.800000 	123.151001 	360.000000 	359.092010 	369.600006 
37.900000 	123.151001 	360.000000 	359.092010 	369.600006 
38.000000 	123.151001 	360.000000 	359.092010 	369.600006 
38.100000 	123.151001 	360.000000 	359.092010 	369.600006 
38.200000 	123.151001 	360.000000 	359.092010 	369.600006 
38.300000 	123.151001 	360.000000 	359.092010 	369.600006 
38.400000 	123.151001 	360.000000 	359.092010 	369.600006 
38.500000 	123.161003 	360.000000 	359.088013 	369.632996 
38.600000 	123.161003 	360.000000 	359.088013 	369.632996 
38.700000 	123.161003 	360.000000 	359.088013 	369.632996 
38.800000 	123.161003 	360.000000 	359.088013 	369.632996 
38.900000 	123.161003 	360.000000 	359.088013 	369.632996 
39.000000 	123.161003 	360.000000 	359.088013 	369.632996 
39.100000 	123.161003 	360.000000 	359.088013 	369.632996 
39.200000 	123.161003 	360.000000 	359.088013 	369.632996 
39.300000 	123.161003 	360.000000 	359.088013 	369.632996 
39.400000 	123.161003 	360.000000 	359.088013 	369.632996 
39.500000 	123.170998 	360.000000 	359.084015 	369.665985 
39.600000 	123.170998 	360.000000 	359.084015 	369.665985 
39.700000 	123.170998 	360.000000 	359.084015 	369.665985 
39.800000 	123.170998 	360.000000 	359.084015 	369.665985 
39.900000 	123.170998 	360.000000 	359.084015 	369.665985 
40.000000 	123.170998 	360.000000 	359.084015 	369.665985 
40.100000 	123.170998 	360.000000 	359.084015 	369.665985 
40.200000 	123.170998 	360.000000 	359.084015 	369.665985 
40.300000 	123.170998 	360.000000 	359.084015 	369.665985 
40.400000 	123.170998 	360.000000 	359.084015 	369.665985 
40.500000 	123.181000 	360.000000 	359.080994 	369.699005 
40.600000 	123.181000 	360.000000 	359.080994 	369.699005 
40.700000 	123.181000 	360.000000 	359.080994 	369.699005 
40.800000 	123.181000 	360.000000 	359.080994 	369.699005 
40.900000 	123.181000 	360.000000 	359.080994 	369.699005 
41.000000 	123.181000 	360.000000 	359.080994 	369.699005 
41.100000 	123.181000 	360.000000 	359.080994 	369.699005 
41.200000 	123.181000 	360.000000 	359.080994 	369.699005 
41.300000 	123.181000 	360.000000 	359.080994 	369.699005 
41.400000 	123.181000 	360.000000 	359.080994 	369.699005 
41.500000 	123.190002 	360.000000 	359.076996 	369.730988 
41.600000 	123.190002 	360.000000 	359.076996 	369.730988 
41.700000 	123.190002 	360.000000 	359.076996 	369.730988 
41.800000 	123.190002 	360.000000 	359.076996 	369.730988 
41.900000 	123.190002 	360.000000 	359.076996 	369.730988 
42.000000 	123.190002 	360.000000 	359.076996 	369.730988 
42.100000 	123.190002 	360.000000 	359.076996 	369.730988 
42.200000 	123.190002 	360.000000 	359.076996 	369.730988 
42.300000 	123.190002 	360.000000 	359.076996 	369.730988 
42.400000 	123.190002 	360.000000 	359.076996 	369.730988 
42.500000 	123.198997 	360.000000 	359.072998 	369.764008 
42.600000 	123.198997 	360.000000 	359.072998 	369.764008 
42.700000 	123.198997 	360.000000 	359.072998 	369.764008 
42.800000 	123.198997 	360.000000 	359.072998 	369.764008 
42.900000 	123.198997 	360.000000 	359.072998 	369.764008 
43.000000 	123.198997 	360.000000 	359.072998 	369.764008 
43.100000 	123.198997 	360.000000 	359.072998 	369.764008 
43.200000 	123.198997 	360.000000 	359.072998 	369.764008 
43.300000 	123.198997 	360.000000 	359.072998 	369.764008 
43.400000 	123.198997 	360.000000 	359.072998 	369.764008 
43.500000 	123.208000 	360.000000 	359.070007 	369.795990 
43.600000 	123.208000 	360.000000 	359.070007 	369.795990 
43.700000 	123.208000 	360.000000 	359.070007 	369.795990 
43.800000 	123.208000 	360.000000 	359.070007 	369.795990 
43.900000 	123.208000 	360.000000 	359.070007 	369.795990 
44.000000 	123.208000 	360.000000 	359.070007 	369.795990 
44.100000 	123.208000 	360.000000 	359.070007 	369.795990 
44.200000 	123.208000 	360.000000 	359.070007 	369.795990 
44.300000 	123.208000 	360.000000 	359.070007 	369.795990 
44.400000 	123.208000 	360.000000 	359.070007 	369.795990 
44.500000 	123.217003 	360.000000 	359.066010 	369.828003 
44.600000 	123.217003 	360.000000 	359.066010 	369.828003 
44.700000 	123.217003 	360.000000 	359.066010 	369.828003 
44.800000 	123.217003 	360.000000 	359.066010 	369.828003 
44.900000 	123.217003 	360.000000 	359.066010 	369.828003 
45.000000 	123.217003 	360.000000 	359.066010 	369.828003 
45.100000 	123.217003 	360.000000 	359.066010 	369.828003 
45.200000 	123.217003 	360.000000 	359.066010 	369.828003 
45.300000 	123.217003 	360.000000 	359.066010 	369.828003 
45.400000 	123.217003 	360.000000 	359.066010 	369.828003 
45.500000 	123.224998 	360.000000 	359.062012 	369.859985 
45.600000 	123.224998 	360.000000 	359.062012 	369.859985 
45.700000 	123.224998 	360.000000 	359.062012 	369.859985 
45.800000 	123.224998 	360.000000 	359.062012 	369.859985 
45.900000 	123.224998 	360.000000 	359.062012 	369.859985 
46.000000 	123.224998 	360.000000 	359.062012 	369.859985 
46.100000 	123.224998 	360.000000 	359.062012 	369.859985 
46.200000 	123.224998 	360.000000 	359.062012 	369.859985 
46.300000 	123.224998 	360.000000 	359.062012 	369.859985 
46.400000 	123.224998 	360.000000 	359.062012 	369.859985 
46.500000 	123.233002 	360.000000 	359.058014 	369.890991 
46.600000 	123.233002 	360.000000 	359.058014 	369.890991 
46.700000 	123.233002 	360.000000 	359.058014 	369.890991 
46.800000 	123.233002 	360.000000 	359.058014 	369.890991 
46.900000 	123.233002 	360.000000 	359.058014 	369.890991 
47.000000 	123.233002 	360.000000 	359.058014 	369.890991 
47.100000 	123.233002 	360.000000 	359.058014 	369.890991 
47.200000 	123.233002 	360.000000 	359.058014 	369.890991 
47.300000 	123.233002 	360.000000 	359.058014 	369.890991 
47.400000 	123.233002 	360.000000 	359.058014 	369.890991 
47.500000 	123.240997 	360.000000 	359.053986 	369.921997 
47.600000 	123.240997 	360.000000 	359.053986 	369.921997 
47.700000 	123.240997 	360.000000 	359.053986 	369.921997 
47.800000 	123.240997 	360.000000 	359.053986 	369.921997 
47.900000 	123.240997 	360.000000 	359.053986 	369.921997 
48.000000 	123.240997 	360.000000 	359.053986 	369.921997 
48.100000 	123.240997 	360.000000 	359.053986 	369.921997 
48.200000 	123.240997 	360.000000 	359.053986 	369.921997 
48.300000 	123.240997 	360.000000 	359.053986 	369.921997 
48.400000 	123.240997 	360.000000 	359.053986 	369.921997 
48.500000 	123.249001 	360.000000 	359.050995 	369.953003 
48.600000 	123.249001 	360.000000 	359.050995 	369.953003 
48.700000 	123.249001 	360.000000 	359.050995 	369.953003 
48.800000 	123.249001 	360.000000 	359.050995 	369.953003 
48.900000 	123.249001 	360.000000 	359.050995 	369.953003 
49.000000 	123.249001 	360.000000 	359.050995 	369.953003 
49.100000 	123.249001 	360.000000 	359.050995 	369.953003 
49.200000 	123.249001 	360.000000 	359.050995 	369.953003 
49.300000 	123.249001 	360.000000 	359.050995 	369.953003 
49.400000 	123.249001 	360.000000 	359.050995 	369.953003 
49.500000 	123.255997 	360.000000 	359.046997 	369.984009 
49.600000 	123.255997 	360.000000 	359.046997 	369.984009 
49.700000 	123.255997 	360.000000 	359.046997 	369.984009 
49.800000 	123.255997 	360.000000 	359.046997 	369.984009 
49.900000 	123.255997 	360.000000 	359.046997 	369.984009 
50.000000 	123.255997 	360.000000 	359.046997 	369.984009 
50.100000 	123.255997 	360.000000 	359.046997 	369.984009 
50.200000 	123.255997 	360.000000 	359.046997 	369.984009 
50.300000 	123.255997 	360.000000 	359.046997 	369.984009 
50.400000 	123.255997 	360.000000 	359.046997 	369.984009 
50.500000 	123.263000 	360.000000 	359.042999 	1006.030029 
50.600000 	123.263000 	360.000000 	359.042999 	1006.030029 
50.700000 	123.263000 	360.000000 	359.042999 	1006.030029 
50.800000 	123.263000 	360.000000 	359.042999 	1006.030029 
50.900000 	123.263000 	360.000000 	359.042999 	1006.030029 
51.000000 	123.263000 	360.000000 	359.042999 	1006.030029 
51.100000 	123.263000 	360.000000 	359.042999 	1006.030029 
51.200000 	123.263000 	360.000000 	359.042999 	1006.030029 
51.300000 	123.263000 	360.000000 	359.042999 	1006.030029 
51.400000 	123.263000 	360.000000 	359.042999 	1006.030029 
51.500000 	123.269997 	360.000000 	359.037994 	1006.030029 
51.600000 	123.269997 	360.000000 	359.037994 	1006.030029 
51.700000 	123.269997 	360.000000 	359.037994 	1006.030029 
51.800000 	123.269997 	360.000000 	359.037994 	1006.030029 
51.900000 	123.269997 	360.000000 	359.037994 	1006.030029 
52.000000 	123.269997 	360.000000 	359.037994 	1006.030029 
52.100000 	123.269997 	360.000000 	359.037994 	1006.030029 
52.200000 	123.269997 	360.000000 	359.037994 	1006.030029 
52.300000 	123.269997 	360.000000 	359.037994 	1006.030029 
52.400000 	123.269997 	360.000000 	359.037994 	1006.030029 
52.500000 	123.277000 	360.000000 	359.033997 	1006.030029 
52.600000 	123.277000 	360.000000 	359.033997 	1006.030029 
52.700000 	123.277000 	360.000000 	359.033997 	1006.030029 
52.800000 	123.277000 	360.000000 	359.033997 	1006.030029 
52.900000 	123.277000 	360.000000 	359.033997 	1006.030029 
53.000000 	123.277000 	360.000000 	359.033997 	1006.030029 
53.100000 	123.277000 	360.000000 	359.033997 	1006.030029 
53.200000 	123.277000 	360.000000 	359.033997 	1006.030029 
53.300000 	123.277000 	360.000000 	359.033997 	1006.030029 
53.400000 	123.277000 	360.000000 	359.033997 	1006.030029 
53.500000 	123.283997 	360.000000 	359.029999 	1006.030029 
53.600000 	123.283997 	360.000000 	359.029999 	1006.030029 
53.700000 	123.283997 	360.000000 	359.029999 	1006.030029 
53.800000 	123.283997 	360.000000 	359.029999 	1006.030029 
53.900000 	123.283997 	360.000000 	359.029999 	1006.030029 
54.000000 	123.283997 	360.000000 	359.029999 	1006.030029 
54.100000 	123.283997 	360.000000 	359.029999 	1006.030029 
54.200000 	123.283997 	360.000000 	359.029999 	1006.030029 
54.300000 	123.283997 	360.000000 	359.029999 	1006.030029 
54.400000 	123.283997 	360.000000 	359.029999 	1006.030029 
54.500000 	123.291000 	360.000000 	359.026001 	1006.030029 
54.600000 	123.291000 	360.000000 	359.026001 	1006.030029 
54.700000 	123.291000 	360.000000 	359.026001 	1006.030029 
54.800000 	123.291000 	360.000000 	359.026001 	1006.030029 
54.900000 	123.291000 	360.000000 	359.026001 	1006.030029 
55.000000 	123.291000 	360.000000 	359.026001 	1006.030029 
55.100000 	123.291000 	360.000000 	359.026001 	1006.030029 
55.200000 	123.291000 	360.000000 	359.026001 	1006.030029 
55.300000 	123.291000 	360.000000 	359.026001 	1006.030029 
55.400000 	123.291000 	360.000000 	359.026001 	1006.030029 
55.500000 	123.296997 	360.000000 	359.020996 	1006.030029 
55.600000 	123.296997 	360.000000 	359.020996 	1006.030029 
55.700000 	123.296997 	360.000000 	359.020996 	1006.030029 
55.800000 	123.296997 	360.000000 	359.020996 	1006.030029 
55.900000 	123.296997 	360.000000 	359.020996 	1006.030029 
56.000000 	123.296997 	360.000000 	359.020996 	1006.030029 
56.100000 	123.296997 	360.000000 	359.020996 	1006.030029 
56.200000 	123.296997 	360.000000 	359.020996 	1006.030029 
56.300000 	123.296997 	360.000000 	359.020996 	1006.030029 
56.400000 	123.296997 	360.000000 	359.020996 	1006.030029 
56.500000 	123.304001 	360.000000 	359.016998 	1006.030029 
56.600000 	123.304001 	360.000000 	359.016998 	1006.030029 
56.700000 	123.304001 	360.000000 	359.016998 	1006.030029 
56.800000 	123.304001 	360.000000 	359.016998 	1006.030029 
56.900000 	123.304001 	360.000000 	359.016998 	1006.030029 
57.000000 	123.304001 	360.000000 	359.016998 	1006.030029 
57.100000 	123.304001 	360.000000 	359.016998 	1006.030029 
57.200000 	123.304001 	360.000000 	359.016998 	1006.030029 
57.300000 	123.304001 	360.000000 	359.016998 	1006.030029 
57.400000 	123.304001 	360.000000 	359.016998 	1006.030029 
57.500000 	123.309998 	360.000000 	359.011993 	1006.030029 
57.600000 	123.309998 	360.000000 	359.011993 	1006.030029 
57.700000 	123.309998 	360.000000 	359.011993 	1006.030029 
57.800000 	123.309998 	360.000000 	359.011993 	1006.030029 
57.900000 	123.309998 	360.000000 	359.011993 	1006.030029 
58.000000 	123.309998 	360.000000 	359.011993 	1006.030029 
58.100000 	123.309998 	360.000000 	359.011993 	1006.030029 
58.200000 	123.309998 	360.000000 	359.011993 	1006.030029 
58.300000 	123.309998 	360.000000 	359.011993 	1006.030029 
58.400000 	123.309998 	360.000000 	359.011993 	1006.030029 
58.500000 	123.316002 	360.000000 	359.006989 	1006.030029 
58.600000 	123.316002 	360.000000 	359.006989 	1006.030029 
58.700000 	123.316002 	360.000000 	359.006989 	1006.030029 
58.800000 	123.316002 	360.000000 	359.006989 	1006.030029 
58.900000 	123.316002 	360.000000 	359.006989 	1006.030029 
59.000000 	123.316002 	360.000000 	359.006989 	1006.030029 
59.100000 	123.316002 	360.000000 	359.006989 	1006.030029 
59.200000 	123.316002 	360.000000 	359.006989 	1006.030029 
59.300000 	123.316002 	360.000000 	359.006989 	1006.030029 
59.400000 	123.316002 	360.000000 	359.006989 	1006.030029 
59.500000 	123.321999 	360.000000 	359.002014 	1006.030029 
59.600000 	123.321999 	360.000000 	359.002014 	1006.030029 
59.700000 	123.321999 	360.000000 	359.002014 	1006.030029 
59.800000 	123.321999 	360.000000 	359.002014 	1006.030029 
59.900000 	123.321999 	360.000000 	359.002014 	1006.030029 
60.000000 	123.321999 	360.000000 	359.002014 	1006.030029 
