0.500000 	74.659500 	129.000000 	183.231995 	146.018005 
0.600000 	74.659500 	129.000000 	183.231995 	146.018005 
0.700000 	74.659500 	129.000000 	183.231995 	146.018005 
0.800000 	74.659500 	129.000000 	183.231995 	146.018005 
0.900000 	74.659500 	129.000000 	183.231995 	146.018005 
1.000000 	74.659500 	129.000000 	183.231995 	146.018005 
1.100000 	74.659500 	129.000000 	183.231995 	146.018005 
1.200000 	74.659500 	129.000000 	183.231995 	146.018005 
1.300000 	74.659500 	129.000000 	183.231995 	146.018005 
1.400000 	74.659500 	129.000000 	183.231995 	146.018005 
1.500000 	81.198097 	129.000000 	162.572006 	149.755997 
1.600000 	81.198097 	129.000000 	162.572006 	149.755997 
1.700000 	81.198097 	129.000000 	162.572006 	149.755997 
1.800000 	81.198097 	129.000000 	162.572006 	149.755997 
1.900000 	81.198097 	129.000000 	162.572006 	149.755997 
2.000000 	81.198097 	129.000000 	162.572006 	149.755997 
2.100000 	81.198097 	129.000000 	162.572006 	149.755997 
2.200000 	81.198097 	129.000000 	162.572006 	149.755997 
2.300000 	81.198097 	129.000000 	162.572006 	149.755997 
2.400000 	81.198097 	129.000000 	162.572006 	149.755997 
2.500000 	92.906197 	129.000000 	152.673004 	150.410995 
2.600000 	92.906197 	129.000000 	152.673004 	150.410995 
2.700000 	92.906197 	129.000000 	152.673004 	150.410995 
2.800000 	92.906197 	129.000000 	152.673004 	150.410995 
2.900000 	92.906197 	129.000000 	152.673004 	150.410995 
3.000000 	92.906197 	129.000000 	152.673004 	150.410995 
3.100000 	92.906197 	129.000000 	152.673004 	150.410995 
3.200000 	92.906197 	129.000000 	152.673004 	150.410995 
3.300000 	92.906197 	129.000000 	152.673004 	150.410995 
3.400000 	92.906197 	129.000000 	152.673004 	150.410995 
3.500000 	100.283997 	129.000000 	146.712006 	150.671005 
3.600000 	100.283997 	129.000000 	146.712006 	150.671005 
3.700000 	100.283997 	129.000000 	146.712006 	150.671005 
3.800000 	100.283997 	129.000000 	146.712006 	150.671005 
3.900000 	100.283997 	129.000000 	146.712006 	150.671005 
4.000000 	100.283997 	129.000000 	146.712006 	150.671005 
4.100000 	100.283997 	129.000000 	146.712006 	150.671005 
4.200000 	100.283997 	129.000000 	146.712006 	150.671005 
4.300000 	100.283997 	129.000000 	146.712006 	150.671005 
4.400000 	100.283997 	129.000000 	146.712006 	150.671005 
4.500000 	105.028999 	129.000000 	142.834000 	150.820999 
4.600000 	105.028999 	129.000000 	142.834000 	150.820999 
4.700000 	105.028999 	129.000000 	142.834000 	150.820999 
4.800000 	105.028999 	129.000000 	142.834000 	150.820999 
4.900000 	105.028999 	129.000000 	142.834000 	150.820999 
5.000000 	105.028999 	129.000000 	142.834000 	150.820999 
5.100000 	105.028999 	129.000000 	142.834000 	150.820999 
5.200000 	105.028999 	129.000000 	142.834000 	150.820999 
5.300000 	105.028999 	129.000000 	142.834000 	150.820999 
5.400000 	105.028999 	129.000000 	142.834000 	150.820999 
5.500000 	108.278999 	129.000000 	140.112000 	150.929993 
5.600000 	108.278999 	129.000000 	140.112000 	150.929993 
5.700000 	108.278999 	129.000000 	140.112000 	150.929993 
5.800000 	108.278999 	129.000000 	140.112000 	150.929993 
5.900000 	108.278999 	129.000000 	140.112000 	150.929993 
6.000000 	108.278999 	129.000000 	140.112000 	150.929993 
6.100000 	108.278999 	129.000000 	140.112000 	150.929993 
6.200000 	108.278999 	129.000000 	140.112000 	150.929993 
6.300000 	108.278999 	129.000000 	140.112000 	150.929993 
6.400000 	108.278999 	129.000000 	140.112000 	150.929993 
6.500000 	110.626999 	129.000000 	138.108994 	151.022003 
6.600000 	110.626999 	129.000000 	138.108994 	151.022003 
6.700000 	110.626999 	129.000000 	138.108994 	151.022003 
6.800000 	110.626999 	129.000000 	138.108994 	151.022003 
6.900000 	110.626999 	129.000000 	138.108994 	151.022003 
7.000000 	110.626999 	129.000000 	138.108994 	151.022003 
7.100000 	110.626999 	129.000000 	138.108994 	151.022003 
7.200000 	110.626999 	129.000000 	138.108994 	151.022003 
7.300000 	110.626999 	129.000000 	138.108994 	151.022003 
7.400000 	110.626999 	129.000000 	138.108994 	151.022003 
7.500000 	112.396004 	129.000000 	136.578995 	151.106995 
7.600000 	112.396004 	129.000000 	136.578995 	151.106995 
7.700000 	112.396004 	129.000000 	136.578995 	151.106995 
7.800000 	112.396004 	129.000000 	136.578995 	151.106995 
7.900000 	112.396004 	129.000000 	136.578995 	151.106995 
8.000000 	112.396004 	129.000000 	136.578995 	151.106995 
8.100000 	112.396004 	129.000000 	136.578995 	151.106995 
8.200000 	112.396004 	129.000000 	136.578995 	151.106995 
8.300000 	112.396004 	129.000000 	136.578995 	151.106995 
8.400000 	112.396004 	129.000000 	136.578995 	151.106995 
8.500000 	113.772003 	129.000000 	135.373993 	151.188995 
8.600000 	113.772003 	129.000000 	135.373993 	151.188995 
8.700000 	113.772003 	129.000000 	135.373993 	151.188995 
8.800000 	113.772003 	129.000000 	135.373993 	151.188995 
8.900000 	113.772003 	129.000000 	135.373993 	151.188995 
9.000000 	113.772003 	129.000000 	135.373993 	151.188995 
9.100000 	113.772003 	129.000000 	135.373993 	151.188995 
9.200000 	113.772003 	129.000000 	135.373993 	151.188995 
9.300000 	113.772003 	129.000000 	135.373993 	151.188995 
9.400000 	113.772003 	129.000000 	135.373993 	151.188995 
9.500000 	114.873001 	129.000000 	134.404007 	151.272003 
9.600000 	114.873001 	129.000000 	134.404007 	151.272003 
9.700000 	114.873001 	129.000000 	134.404007 	151.272003 
9.800000 	114.873001 	129.000000 	134.404007 	151.272003 
9.900000 	114.873001 	129.000000 	134.404007 	151.272003 
10.000000 	114.873001 	129.000000 	134.404007 	151.272003 
10.100000 	114.873001 	129.000000 	134.404007 	151.272003 
10.200000 	114.873001 	129.000000 	134.404007 	151.272003 
10.300000 	114.873001 	129.000000 	134.404007 	151.272003 
10.400000 	114.873001 	129.000000 	134.404007 	151.272003 
10.500000 	115.771004 	129.000000 	133.606003 	151.354996 
10.600000 	115.771004 	129.000000 	133.606003 	151.354996 
10.700000 	115.771004 	129.000000 	133.606003 	151.354996 
10.800000 	115.771004 	129.000000 	133.606003 	151.354996 
10.900000 	115.771004 	129.000000 	133.606003 	151.354996 
11.000000 	115.771004 	129.000000 	133.606003 	151.354996 
11.100000 	115.771004 	129.000000 	133.606003 	151.354996 
11.200000 	115.771004 	129.000000 	133.606003 	151.354996 
11.300000 	115.771004 	129.000000 	133.606003 	151.354996 
11.400000 	115.771004 	129.000000 	133.606003 	151.354996 
11.500000 	116.517998 	129.000000 	132.940002 	151.440002 
11.600000 	116.517998 	129.000000 	132.940002 	151.440002 
11.700000 	116.517998 	129.000000 	132.940002 	151.440002 
11.800000 	116.517998 	129.000000 	132.940002 	151.440002 
11.900000 	116.517998 	129.000000 	132.940002 	151.440002 
12.000000 	116.517998 	129.000000 	132.940002 	151.440002 
12.100000 	116.517998 	129.000000 	132.940002 	151.440002 
12.200000 	116.517998 	129.000000 	132.940002 	151.440002 
12.300000 	116.517998 	129.000000 	132.940002 	151.440002 
12.400000 	116.517998 	129.000000 	132.940002 	151.440002 
12.500000 	117.147003 	129.000000 	132.376007 	151.526993 
12.600000 	117.147003 	129.000000 	132.376007 	151.526993 
12.700000 	117.147003 	129.000000 	132.376007 	151.526993 
12.800000 	117.147003 	129.000000 	132.376007 	151.526993 
12.900000 	117.147003 	129.000000 	132.376007 	151.526993 
13.000000 	117.147003 	129.000000 	132.376007 	151.526993 
13.100000 	117.147003 	129.000000 	132.376007 	151.526993 
13.200000 	117.147003 	129.000000 	132.376007 	151.526993 
13.300000 	117.147003 	129.000000 	132.376007 	151.526993 
13.400000 	117.147003 	129.000000 	132.376007 	151.526993 
13.500000 	117.684998 	129.000000 	131.893005 	151.617004 
13.600000 	117.684998 	129.000000 	131.893005 	151.617004 
13.700000 	117.684998 	129.000000 	131.893005 	151.617004 
13.800000 	117.684998 	129.000000 	131.893005 	151.617004 
13.900000 	117.684998 	129.000000 	131.893005 	151.617004 
14.000000 	117.684998 	129.000000 	131.893005 	151.617004 
14.100000 	117.684998 	129.000000 	131.893005 	151.617004 
14.200000 	117.684998 	129.000000 	131.893005 	151.617004 
14.300000 	117.684998 	129.000000 	131.893005 	151.617004 
14.400000 	117.684998 	129.000000 	131.893005 	151.617004 
14.500000 	118.150002 	129.000000 	131.475998 	151.707993 
14.600000 	118.150002 	129.000000 	131.475998 	151.707993 
14.700000 	118.150002 	129.000000 	131.475998 	151.707993 
14.800000 	118.150002 	129.000000 	131.475998 	151.707993 
14.900000 	118.150002 	129.000000 	131.475998 	151.707993 
15.000000 	118.150002 	129.000000 	131.475998 	151.707993 
15.100000 	118.150002 	129.000000 	131.475998 	151.707993 
15.200000 	118.150002 	129.000000 	131.475998 	151.707993 
15.300000 	118.150002 	129.000000 	131.475998 	151.707993 
15.400000 	118.150002 	129.000000 	131.475998 	151.707993 
15.500000 	118.554001 	129.000000 	131.110992 	151.802002 
15.600000 	118.554001 	129.000000 	131.110992 	151.802002 
15.700000 	118.554001 	129.000000 	131.110992 	151.802002 
15.800000 	118.554001 	129.000000 	131.110992 	151.802002 
15.900000 	118.554001 	129.000000 	131.110992 	151.802002 
16.000000 	118.554001 	129.000000 	131.110992 	151.802002 
16.100000 	118.554001 	129.000000 	131.110992 	151.802002 
16.200000 	118.554001 	129.000000 	131.110992 	151.802002 
16.300000 	118.554001 	129.000000 	131.110992 	151.802002 
16.400000 	118.554001 	129.000000 	131.110992 	151.802002 
16.500000 	118.910004 	129.000000 	130.791000 	151.897995 
16.600000 	118.910004 	129.000000 	130.791000 	151.897995 
16.700000 	118.910004 	129.000000 	130.791000 	151.897995 
16.800000 	118.910004 	129.000000 	130.791000 	151.897995 
16.900000 	118.910004 	129.000000 	130.791000 	151.897995 
17.000000 	118.910004 	129.000000 	130.791000 	151.897995 
17.100000 	118.910004 	129.000000 	130.791000 	151.897995 
17.200000 	118.910004 	129.000000 	130.791000 	151.897995 
17.300000 	118.910004 	129.000000 	130.791000 	151.897995 
17.400000 	118.910004 	129.000000 	130.791000 	151.897995 
17.500000 	119.224998 	129.000000 	130.507004 	151.996002 
17.600000 	119.224998 	129.000000 	130.507004 	151.996002 
17.700000 	119.224998 	129.000000 	130.507004 	151.996002 
17.800000 	119.224998 	129.000000 	130.507004 	151.996002 
17.900000 	119.224998 	129.000000 	130.507004 	151.996002 
18.000000 	119.224998 	129.000000 	130.507004 	151.996002 
18.100000 	119.224998 	129.000000 	130.507004 	151.996002 
18.200000 	119.224998 	129.000000 	130.507004 	151.996002 
18.300000 	119.224998 	129.000000 	130.507004 	151.996002 
18.400000 	119.224998 	129.000000 	130.507004 	151.996002 
18.500000 	119.505997 	129.000000 	130.253998 	152.095993 
18.600000 	119.505997 	129.000000 	130.253998 	152.095993 
18.700000 	119.505997 	129.000000 	130.253998 	152.095993 
18.800000 	119.505997 	129.000000 	130.253998 	152.095993 
18.900000 	119.505997 	129.000000 	130.253998 	152.095993 
19.000000 	119.505997 	129.000000 	130.253998 	152.095993 
19.100000 	119.505997 	129.000000 	130.253998 	152.095993 
19.200000 	119.505997 	129.000000 	130.253998 	152.095993 
19.300000 	119.505997 	129.000000 	130.253998 	152.095993 
19.400000 	119.505997 	129.000000 	130.253998 	152.095993 
19.500000 	119.758003 	129.000000 	130.028000 	152.197006 
19.600000 	119.758003 	129.000000 	130.028000 	152.197006 
19.700000 	119.758003 	129.000000 	130.028000 	152.197006 
19.800000 	119.758003 	129.000000 	130.028000 	152.197006 
19.900000 	119.758003 	129.000000 	130.028000 	152.197006 
20.000000 	119.758003 	129.000000 	130.028000 	152.197006 
20.100000 	119.758003 	129.000000 	130.028000 	152.197006 
20.200000 	119.758003 	129.000000 	130.028000 	152.197006 
20.300000 	119.758003 	129.000000 	130.028000 	152.197006 
20.400000 	119.758003 	129.000000 	130.028000 	152.197006 
20.500000 	119.984001 	129.000000 	129.824005 	152.300003 
20.600000 	119.984001 	129.000000 	129.824005 	152.300003 
20.700000 	119.984001 	129.000000 	129.824005 	152.300003 
20.800000 	119.984001 	129.000000 	129.824005 	152.300003 
20.900000 	119.984001 	129.000000 	129.824005 	152.300003 
21.000000 	119.984001 	129.000000 	129.824005 	152.300003 
21.100000 	119.984001 	129.000000 	129.824005 	152.300003 
21.200000 	119.984001 	129.000000 	129.824005 	152.300003 
21.300000 	119.984001 	129.000000 	129.824005 	152.300003 
21.400000 	119.984001 	129.000000 	129.824005 	152.300003 
21.500000 	120.190002 	129.000000 	129.639999 	152.403000 
21.600000 	120.190002 	129.000000 	129.639999 	152.403000 
21.700000 	120.190002 	129.000000 	129.639999 	152.403000 
21.800000 	120.190002 	129.000000 	129.639999 	152.403000 
21.900000 	120.190002 	129.000000 	129.639999 	152.403000 
22.000000 	120.190002 	129.000000 	129.639999 	152.403000 
22.100000 	120.190002 	129.000000 	129.639999 	152.403000 
22.200000 	120.190002 	129.000000 	129.639999 	152.403000 
22.300000 	120.190002 	129.000000 	129.639999 	152.403000 
22.400000 	120.190002 	129.000000 	129.639999 	152.403000 
22.500000 	120.376999 	129.000000 	129.473007 	152.507996 
22.600000 	120.376999 	129.000000 	129.473007 	152.507996 
22.700000 	120.376999 	129.000000 	129.473007 	152.507996 
22.800000 	120.376999 	129.000000 	129.473007 	152.507996 
22.900000 	120.376999 	129.000000 	129.473007 	152.507996 
23.000000 	120.376999 	129.000000 	129.473007 	152.507996 
23.100000 	120.376999 	129.000000 	129.473007 	152.507996 
23.200000 	120.376999 	129.000000 	129.473007 	152.507996 
23.300000 	120.376999 	129.000000 	129.473007 	152.507996 
23.400000 	120.376999 	129.000000 	129.473007 	152.507996 
23.500000 	120.546997 	129.000000 	129.320007 	152.613998 
23.600000 	120.546997 	129.000000 	129.320007 	152.613998 
23.700000 	120.546997 	129.000000 	129.320007 	152.613998 
23.800000 	120.546997 	129.000000 	129.320007 	152.613998 
23.900000 	120.546997 	129.000000 	129.320007 	152.613998 
24.000000 	120.546997 	129.000000 	129.320007 	152.613998 
24.100000 	120.546997 	129.000000 	129.320007 	152.613998 
24.200000 	120.546997 	129.000000 	129.320007 	152.613998 
24.300000 	120.546997 	129.000000 	129.320007 	152.613998 
24.400000 	120.546997 	129.000000 	129.320007 	152.613998 
24.500000 	120.703003 	129.000000 	129.181000 	152.720993 
24.600000 	120.703003 	129.000000 	129.181000 	152.720993 
24.700000 	120.703003 	129.000000 	129.181000 	152.720993 
24.800000 	120.703003 	129.000000 	129.181000 	152.720993 
24.900000 	120.703003 	129.000000 	129.181000 	152.720993 
25.000000 	120.703003 	129.000000 	129.181000 	152.720993 
25.100000 	120.703003 	129.000000 	129.181000 	152.720993 
25.200000 	120.703003 	129.000000 	129.181000 	152.720993 
25.300000 	120.703003 	129.000000 	129.181000 	152.720993 
25.400000 	120.703003 	129.000000 	129.181000 	152.720993 
25.500000 	120.847000 	129.000000 	129.052994 	152.828003 
25.600000 	120.847000 	129.000000 	129.052994 	152.828003 
25.700000 	120.847000 	129.000000 	129.052994 	152.828003 
25.800000 	120.847000 	129.000000 	129.052994 	152.828003 
25.900000 	120.847000 	129.000000 	129.052994 	152.828003 
26.000000 	120.847000 	129.000000 	129.052994 	152.828003 
26.100000 	120.847000 	129.000000 	129.052994 	152.828003 
26.200000 	120.847000 	129.000000 	129.052994 	152.828003 
26.300000 	120.847000 	129.000000 	129.052994 	152.828003 
26.400000 	120.847000 	129.000000 	129.052994 	152.828003 
26.500000 	120.980003 	129.000000 	128.934998 	152.936005 
26.600000 	120.980003 	129.000000 	128.934998 	152.936005 
26.700000 	120.980003 	129.000000 	128.934998 	152.936005 
26.800000 	120.980003 	129.000000 	128.934998 	152.936005 
26.900000 	120.980003 	129.000000 	128.934998 	152.936005 
27.000000 	120.980003 	129.000000 	128.934998 	152.936005 
27.100000 	120.980003 	129.000000 	128.934998 	152.936005 
27.200000 	120.980003 	129.000000 	128.934998 	152.936005 
27.300000 	120.980003 	129.000000 	128.934998 	152.936005 
27.400000 	120.980003 	129.000000 	128.934998 	152.936005 
27.500000 	121.102997 	129.000000 	128.826004 	153.044998 
27.600000 	121.102997 	129.000000 	128.826004 	153.044998 
27.700000 	121.102997 	129.000000 	128.826004 	153.044998 
27.800000 	121.102997 	129.000000 	128.826004 	153.044998 
27.900000 	121.102997 	129.000000 	128.826004 	153.044998 
28.000000 	121.102997 	129.000000 	128.826004 	153.044998 
28.100000 	121.102997 	129.000000 	128.826004 	153.044998 
28.200000 	121.102997 	129.000000 	128.826004 	153.044998 
28.300000 	121.102997 	129.000000 	128.826004 	153.044998 
28.400000 	121.102997 	129.000000 	128.826004 	153.044998 
28.500000 	121.217003 	129.000000 	128.725998 	153.154007 
28.600000 	121.217003 	129.000000 	128.725998 	153.154007 
28.700000 	121.217003 	129.000000 	128.725998 	153.154007 
28.800000 	121.217003 	129.000000 	128.725998 	153.154007 
28.900000 	121.217003 	129.000000 	128.725998 	153.154007 
29.000000 	121.217003 	129.000000 	128.725998 	153.154007 
29.100000 	121.217003 	129.000000 	128.725998 	153.154007 
29.200000 	121.217003 	129.000000 	128.725998 	153.154007 
29.300000 	121.217003 	129.000000 	128.725998 	153.154007 
29.400000 	121.217003 	129.000000 	128.725998 	153.154007 
29.500000 	121.322998 	129.000000 	128.632996 	153.264008 
29.600000 	121.322998 	129.000000 	128.632996 	153.264008 
29.700000 	121.322998 	129.000000 	128.632996 	153.264008 
29.800000 	121.322998 	129.000000 	128.632996 	153.264008 
29.900000 	121.322998 	129.000000 	128.632996 	153.264008 
30.000000 	121.322998 	129.000000 	128.632996 	153.264008 
30.100000 	121.322998 	129.000000 	128.632996 	153.264008 
30.200000 	121.322998 	129.000000 	128.632996 	153.264008 
30.300000 	121.322998 	129.000000 	128.632996 	153.264008 
30.400000 	121.322998 	129.000000 	128.632996 	153.264008 
30.500000 	121.421997 	129.000000 	128.546005 	153.373001 
30.600000 	121.421997 	129.000000 	128.546005 	153.373001 
30.700000 	121.421997 	129.000000 	128.546005 	153.373001 
30.800000 	121.421997 	129.000000 	128.546005 	153.373001 
30.900000 	121.421997 	129.000000 	128.546005 	153.373001 
31.000000 	121.421997 	129.000000 	128.546005 	153.373001 
31.100000 	121.421997 	129.000000 	128.546005 	153.373001 
31.200000 	121.421997 	129.000000 	128.546005 	153.373001 
31.300000 	121.421997 	129.000000 	128.546005 	153.373001 
31.400000 	121.421997 	129.000000 	128.546005 	153.373001 
31.500000 	121.514000 	129.000000 	128.464996 	153.483002 
31.600000 	121.514000 	129.000000 	128.464996 	153.483002 
31.700000 	121.514000 	129.000000 	128.464996 	153.483002 
31.800000 	121.514000 	129.000000 	128.464996 	153.483002 
31.900000 	121.514000 	129.000000 	128.464996 	153.483002 
32.000000 	121.514000 	129.000000 	128.464996 	153.483002 
32.100000 	121.514000 	129.000000 	128.464996 	153.483002 
32.200000 	121.514000 	129.000000 	128.464996 	153.483002 
32.300000 	121.514000 	129.000000 	128.464996 	153.483002 
32.400000 	121.514000 	129.000000 	128.464996 	153.483002 
32.500000 	121.600998 	129.000000 	128.389008 	153.593002 
32.600000 	121.600998 	129.000000 	128.389008 	153.593002 
32.700000 	121.600998 	129.000000 	128.389008 	153.593002 
32.800000 	121.600998 	129.000000 	128.389008 	153.593002 
32.900000 	121.600998 	129.000000 	128.389008 	153.593002 
33.000000 	121.600998 	129.000000 	128.389008 	153.593002 
33.100000 	121.600998 	129.000000 	128.389008 	153.593002 
33.200000 	121.600998 	129.000000 	128.389008 	153.593002 
33.300000 	121.600998 	129.000000 	128.389008 	153.593002 
33.400000 	121.600998 	129.000000 	128.389008 	153.593002 
33.500000 	121.681999 	129.000000 	128.319000 	153.703995 
33.600000 	121.681999 	129.000000 	128.319000 	153.703995 
33.700000 	121.681999 	129.000000 	128.319000 	153.703995 
33.800000 	121.681999 	129.000000 	128.319000 	153.703995 
33.900000 	121.681999 	129.000000 	128.319000 	153.703995 
34.000000 	121.681999 	129.000000 	128.319000 	153.703995 
34.100000 	121.681999 	129.000000 	128.319000 	153.703995 
34.200000 	121.681999 	129.000000 	128.319000 	153.703995 
34.300000 	121.681999 	129.000000 	128.319000 	153.703995 
34.400000 	121.681999 	129.000000 	128.319000 	153.703995 
34.500000 	121.759003 	129.000000 	128.251999 	153.813995 
34.600000 	121.759003 	129.000000 	128.251999 	153.813995 
34.700000 	121.759003 	129.000000 	128.251999 	153.813995 
34.800000 	121.759003 	129.000000 	128.251999 	153.813995 
34.900000 	121.759003 	129.000000 	128.251999 	153.813995 
35.000000 	121.759003 	129.000000 	128.251999 	153.813995 
35.100000 	121.759003 	129.000000 	128.251999 	153.813995 
35.200000 	121.759003 	129.000000 	128.251999 	153.813995 
35.300000 	121.759003 	129.000000 	128.251999 	153.813995 
35.400000 	121.759003 	129.000000 	128.251999 	153.813995 
35.500000 	121.831001 	129.000000 	128.190002 	153.923004 
35.600000 	121.831001 	129.000000 	128.190002 	153.923004 
35.700000 	121.831001 	129.000000 	128.190002 	153.923004 
35.800000 	121.831001 	129.000000 	128.190002 	153.923004 
35.900000 	121.831001 	129.000000 	128.190002 	153.923004 
36.000000 	121.831001 	129.000000 	128.190002 	153.923004 
36.100000 	121.831001 	129.000000 	128.190002 	153.923004 
36.200000 	121.831001 	129.000000 	128.190002 	153.923004 
36.300000 	121.831001 	129.000000 	128.190002 	153.923004 
36.400000 	121.831001 	129.000000 	128.190002 	153.923004 
36.500000 	121.899002 	129.000000 	128.130997 	154.033005 
36.600000 	121.899002 	129.000000 	128.130997 	154.033005 
36.700000 	121.899002 	129.000000 	128.130997 	154.033005 
36.800000 	121.899002 	129.000000 	128.130997 	154.033005 
36.900000 	121.899002 	129.000000 	128.130997 	154.033005 
37.000000 	121.899002 	129.000000 	128.130997 	154.033005 
37.100000 	121.899002 	129.000000 	128.130997 	154.033005 
37.200000 	121.899002 	129.000000 	128.130997 	154.033005 
37.300000 	121.899002 	129.000000 	128.130997 	154.033005 
37.400000 	121.899002 	129.000000 	128.130997 	154.033005 
37.500000 	121.963997 	129.000000 	128.076004 	154.143005 
37.600000 	121.963997 	129.000000 	128.076004 	154.143005 
37.700000 	121.963997 	129.000000 	128.076004 	154.143005 
37.800000 	121.963997 	129.000000 	128.076004 	154.143005 
37.900000 	121.963997 	129.000000 	128.076004 	154.143005 
38.000000 	121.963997 	129.000000 	128.076004 	154.143005 
38.100000 	121.963997 	129.000000 	128.076004 	154.143005 
38.200000 	121.963997 	129.000000 	128.076004 	154.143005 
38.300000 	121.963997 	129.000000 	128.076004 	154.143005 
38.400000 	121.963997 	129.000000 	128.076004 	154.143005 
38.500000 	122.025002 	129.000000 	128.022995 	154.251999 
38.600000 	122.025002 	129.000000 	128.022995 	154.251999 
38.700000 	122.025002 	129.000000 	128.022995 	154.251999 
38.800000 	122.025002 	129.000000 	128.022995 	154.251999 
38.900000 	122.025002 	129.000000 	128.022995 	154.251999 
39.000000 	122.025002 	129.000000 	128.022995 	154.251999 
39.100000 	122.025002 	129.000000 	128.022995 	154.251999 
39.200000 	122.025002 	129.000000 	128.022995 	154.251999 
39.300000 	122.025002 	129.000000 	128.022995 	154.251999 
39.400000 	122.025002 	129.000000 	128.022995 	154.251999 
39.500000 	122.083000 	129.000000 	127.973999 	154.360992 
39.600000 	122.083000 	129.000000 	127.973999 	154.360992 
39.700000 	122.083000 	129.000000 	127.973999 	154.360992 
39.800000 	122.083000 	129.000000 	127.973999 	154.360992 
39.900000 	122.083000 	129.000000 	127.973999 	154.360992 
40.000000 	122.083000 	129.000000 	127.973999 	154.360992 
40.100000 	122.083000 	129.000000 	127.973999 	154.360992 
40.200000 	122.083000 	129.000000 	127.973999 	154.360992 
40.300000 	122.083000 	129.000000 	127.973999 	154.360992 
40.400000 	122.083000 	129.000000 	127.973999 	154.360992 
40.500000 	122.137001 	129.000000 	127.927002 	154.468994 
40.600000 	122.137001 	129.000000 	127.927002 	154.468994 
40.700000 	122.137001 	129.000000 	127.927002 	154.468994 
40.800000 	122.137001 	129.000000 	127.927002 	154.468994 
40.900000 	122.137001 	129.000000 	127.927002 	154.468994 
41.000000 	122.137001 	129.000000 	127.927002 	154.468994 
41.100000 	122.137001 	129.000000 	127.927002 	154.468994 
41.200000 	122.137001 	129.000000 	127.927002 	154.468994 
41.300000 	122.137001 	129.000000 	127.927002 	154.468994 
41.400000 	122.137001 	129.000000 	127.927002 	154.468994 
41.500000 	122.190002 	129.000000 	127.882004 	154.576996 
41.600000 	122.190002 	129.000000 	127.882004 	154.576996 
41.700000 	122.190002 	129.000000 	127.882004 	154.576996 
41.800000 	122.190002 	129.000000 	127.882004 	154.576996 
41.900000 	122.190002 	129.000000 	127.882004 	154.576996 
42.000000 	122.190002 	129.000000 	127.882004 	154.576996 
42.100000 	122.190002 	129.000000 	127.882004 	154.576996 
42.200000 	122.190002 	129.000000 	127.882004 	154.576996 
42.300000 	122.190002 	129.000000 	127.882004 	154.576996 
42.400000 	122.190002 	129.000000 	127.882004 	154.576996 
42.500000 	122.238998 	129.000000 	127.839996 	154.684998 
42.600000 	122.238998 	129.000000 	127.839996 	154.684998 
42.700000 	122.238998 	129.000000 	127.839996 	154.684998 
42.800000 	122.238998 	129.000000 	127.839996 	154.684998 
42.900000 	122.238998 	129.000000 	127.839996 	154.684998 
43.000000 	122.238998 	129.000000 	127.839996 	154.684998 
43.100000 	122.238998 	129.000000 	127.839996 	154.684998 
43.200000 	122.238998 	129.000000 	127.839996 	154.684998 
43.300000 	122.238998 	129.000000 	127.839996 	154.684998 
43.400000 	122.238998 	129.000000 	127.839996 	154.684998 
43.500000 	122.287003 	129.000000 	127.799004 	154.792007 
43.600000 	122.287003 	129.000000 	127.799004 	154.792007 
43.700000 	122.287003 	129.000000 	127.799004 	154.792007 
43.800000 	122.287003 	129.000000 	127.799004 	154.792007 
43.900000 	122.287003 	129.000000 	127.799004 	154.792007 
44.000000 	122.287003 	129.000000 	127.799004 	154.792007 
44.100000 	122.287003 	129.000000 	127.799004 	154.792007 
44.200000 	122.287003 	129.000000 	127.799004 	154.792007 
44.300000 	122.287003 	129.000000 	127.799004 	154.792007 
44.400000 	122.287003 	129.000000 	127.799004 	154.792007 
44.500000 	122.332001 	129.000000 	127.761002 	154.899002 
44.600000 	122.332001 	129.000000 	127.761002 	154.899002 
44.700000 	122.332001 	129.000000 	127.761002 	154.899002 
44.800000 	122.332001 	129.000000 	127.761002 	154.899002 
44.900000 	122.332001 	129.000000 	127.761002 	154.899002 
45.000000 	122.332001 	129.000000 	127.761002 	154.899002 
45.100000 	122.332001 	129.000000 	127.761002 	154.899002 
45.200000 	122.332001 	129.000000 	127.761002 	154.899002 
45.300000 	122.332001 	129.000000 	127.761002 	154.899002 
45.400000 	122.332001 	129.000000 	127.761002 	154.899002 
45.500000 	122.375000 	129.000000 	127.723999 	155.005005 
45.600000 	122.375000 	129.000000 	127.723999 	155.005005 
45.700000 	122.375000 	129.000000 	127.723999 	155.005005 
45.800000 	122.375000 	129.000000 	127.723999 	155.005005 
45.900000 	122.375000 	129.000000 	127.723999 	155.005005 
46.000000 	122.375000 	129.000000 	127.723999 	155.005005 
46.100000 	122.375000 	129.000000 	127.723999 	155.005005 
46.200000 	122.375000 	129.000000 	127.723999 	155.005005 
46.300000 	122.375000 	129.000000 	127.723999 	155.005005 
46.400000 	122.375000 	129.000000 	127.723999 	155.005005 
46.500000 	122.417000 	129.000000 	127.689003 	155.110001 
46.600000 	122.417000 	129.000000 	127.689003 	155.110001 
46.700000 	122.417000 	129.000000 	127.689003 	155.110001 
46.800000 	122.417000 	129.000000 	127.689003 	155.110001 
46.900000 	122.417000 	129.000000 	127.689003 	155.110001 
47.000000 	122.417000 	129.000000 	127.689003 	155.110001 
47.100000 	122.417000 	129.000000 	127.689003 	155.110001 
47.200000 	122.417000 	129.000000 	127.689003 	155.110001 
47.300000 	122.417000 	129.000000 	127.689003 	155.110001 
47.400000 	122.417000 	129.000000 	127.689003 	155.110001 
47.500000 	122.456001 	129.000000 	127.655998 	155.214996 
47.600000 	122.456001 	129.000000 	127.655998 	155.214996 
47.700000 	122.456001 	129.000000 	127.655998 	155.214996 
47.800000 	122.456001 	129.000000 	127.655998 	155.214996 
47.900000 	122.456001 	129.000000 	127.655998 	155.214996 
48.000000 	122.456001 	129.000000 	127.655998 	155.214996 
48.100000 	122.456001 	129.000000 	127.655998 	155.214996 
48.200000 	122.456001 	129.000000 	127.655998 	155.214996 
48.300000 	122.456001 	129.000000 	127.655998 	155.214996 
48.400000 	122.456001 	129.000000 	127.655998 	155.214996 
48.500000 	122.494003 	129.000000 	127.624001 	155.319000 
48.600000 	122.494003 	129.000000 	127.624001 	155.319000 
48.700000 	122.494003 	129.000000 	127.624001 	155.319000 
48.800000 	122.494003 	129.000000 	127.624001 	155.319000 
48.900000 	122.494003 	129.000000 	127.624001 	155.319000 
49.000000 	122.494003 	129.000000 	127.624001 	155.319000 
49.100000 	122.494003 	129.000000 	127.624001 	155.319000 
49.200000 	122.494003 	129.000000 	127.624001 	155.319000 
49.300000 	122.494003 	129.000000 	127.624001 	155.319000 
49.400000 	122.494003 	129.000000 	127.624001 	155.319000 
49.500000 	122.529999 	129.000000 	127.593002 	155.421997 
49.600000 	122.529999 	129.000000 	127.593002 	155.421997 
49.700000 	122.529999 	129.000000 	127.593002 	155.421997 
49.800000 	122.529999 	129.000000 	127.593002 	155.421997 
49.900000 	122.529999 	129.000000 	127.593002 	155.421997 
50.000000 	122.529999 	129.000000 	127.593002 	155.421997 
50.100000 	122.529999 	129.000000 	127.593002 	155.421997 
50.200000 	122.529999 	129.000000 	127.593002 	155.421997 
50.300000 	122.529999 	129.000000 	127.593002 	155.421997 
50.400000 	122.529999 	129.000000 	127.593002 	155.421997 
50.500000 	122.565002 	129.000000 	127.563004 	1006.030029 
50.600000 	122.565002 	129.000000 	127.563004 	1006.030029 
50.700000 	122.565002 	129.000000 	127.563004 	1006.030029 
50.800000 	122.565002 	129.000000 	127.563004 	1006.030029 
50.900000 	122.565002 	129.000000 	127.563004 	1006.030029 
51.000000 	122.565002 	129.000000 	127.563004 	1006.030029 
51.100000 	122.565002 	129.000000 	127.563004 	1006.030029 
51.200000 	122.565002 	129.000000 	127.563004 	1006.030029 
51.300000 	122.565002 	129.000000 	127.563004 	1006.030029 
51.400000 	122.565002 	129.000000 	127.563004 	1006.030029 
51.500000 	122.598000 	129.000000 	127.535004 	1006.030029 
51.600000 	122.598000 	129.000000 	127.535004 	1006.030029 
51.700000 	122.598000 	129.000000 	127.535004 	1006.030029 
51.800000 	122.598000 	129.000000 	127.535004 	1006.030029 
51.900000 	122.598000 	129.000000 	127.535004 	1006.030029 
52.000000 	122.598000 	129.000000 	127.535004 	1006.030029 
52.100000 	122.598000 	129.000000 	127.535004 	1006.030029 
52.200000 	122.598000 	129.000000 	127.535004 	1006.030029 
52.300000 	122.598000 	129.000000 	127.535004 	1006.030029 
52.400000 	122.598000 	129.000000 	127.535004 	1006.030029 
52.500000 	122.629997 	129.000000 	127.508003 	1006.030029 
52.600000 	122.629997 	129.000000 	127.508003 	1006.030029 
52.700000 	122.629997 	129.000000 	127.508003 	1006.030029 
52.800000 	122.629997 	129.000000 	127.508003 	1006.030029 
52.900000 	122.629997 	129.000000 	127.508003 	1006.030029 
53.000000 	122.629997 	129.000000 	127.508003 	1006.030029 
53.100000 	122.629997 	129.000000 	127.508003 	1006.030029 
53.200000 	122.629997 	129.000000 	127.508003 	1006.030029 
53.300000 	122.629997 	129.000000 	127.508003 	1006.030029 
53.400000 	122.629997 	129.000000 	127.508003 	1006.030029 
53.500000 	122.661003 	129.000000 	127.481003 	1006.030029 
53.600000 	122.661003 	129.000000 	127.481003 	1006.030029 
53.700000 	122.661003 	129.000000 	127.481003 	1006.030029 
53.800000 	122.661003 	129.000000 	127.481003 	1006.030029 
53.900000 	122.661003 	129.000000 	127.481003 	1006.030029 
54.000000 	122.661003 	129.000000 	127.481003 	1006.030029 
54.100000 	122.661003 	129.000000 	127.481003 	1006.030029 
54.200000 	122.661003 	129.000000 	127.481003 	1006.030029 
54.300000 	122.661003 	129.000000 	127.481003 	1006.030029 
54.400000 	122.661003 	129.000000 	127.481003 	1006.030029 
54.500000 	122.690002 	129.000000 	127.456001 	1006.030029 
54.600000 	122.690002 	129.000000 	127.456001 	1006.030029 
54.700000 	122.690002 	129.000000 	127.456001 	1006.030029 
54.800000 	122.690002 	129.000000 	127.456001 	1006.030029 
54.900000 	122.690002 	129.000000 	127.456001 	1006.030029 
55.000000 	122.690002 	129.000000 	127.456001 	1006.030029 
55.100000 	122.690002 	129.000000 	127.456001 	1006.030029 
55.200000 	122.690002 	129.000000 	127.456001 	1006.030029 
55.300000 	122.690002 	129.000000 	127.456001 	1006.030029 
55.400000 	122.690002 	129.000000 	127.456001 	1006.030029 
55.500000 	122.718002 	129.000000 	127.431999 	1006.030029 
55.600000 	122.718002 	129.000000 	127.431999 	1006.030029 
55.700000 	122.718002 	129.000000 	127.431999 	1006.030029 
55.800000 	122.718002 	129.000000 	127.431999 	1006.030029 
55.900000 	122.718002 	129.000000 	127.431999 	1006.030029 
56.000000 	122.718002 	129.000000 	127.431999 	1006.030029 
56.100000 	122.718002 	129.000000 	127.431999 	1006.030029 
56.200000 	122.718002 	129.000000 	127.431999 	1006.030029 
56.300000 	122.718002 	129.000000 	127.431999 	1006.030029 
56.400000 	122.718002 	129.000000 	127.431999 	1006.030029 
56.500000 	122.745003 	129.000000 	127.408997 	1006.030029 
56.600000 	122.745003 	129.000000 	127.408997 	1006.030029 
56.700000 	122.745003 	129.000000 	127.408997 	1006.030029 
56.800000 	122.745003 	129.000000 	127.408997 	1006.030029 
56.900000 	122.745003 	129.000000 	127.408997 	1006.030029 
57.000000 	122.745003 	129.000000 	127.408997 	1006.030029 
57.100000 	122.745003 	129.000000 	127.408997 	1006.030029 
57.200000 	122.745003 	129.000000 	127.408997 	1006.030029 
57.300000 	122.745003 	129.000000 	127.408997 	1006.030029 
57.400000 	122.745003 	129.000000 	127.408997 	1006.030029 
57.500000 	122.769997 	129.000000 	127.387001 	1006.030029 
57.600000 	122.769997 	129.000000 	127.387001 	1006.030029 
57.700000 	122.769997 	129.000000 	127.387001 	1006.030029 
57.800000 	122.769997 	129.000000 	127.387001 	1006.030029 
57.900000 	122.769997 	129.000000 	127.387001 	1006.030029 
58.000000 	122.769997 	129.000000 	127.387001 	1006.030029 
58.100000 	122.769997 	129.000000 	127.387001 	1006.030029 
58.200000 	122.769997 	129.000000 	127.387001 	1006.030029 
58.300000 	122.769997 	129.000000 	127.387001 	1006.030029 
58.400000 	122.769997 	129.000000 	127.387001 	1006.030029 
58.500000 	122.793999 	129.000000 	127.364998 	1006.030029 
58.600000 	122.793999 	129.000000 	127.364998 	1006.030029 
58.700000 	122.793999 	129.000000 	127.364998 	1006.030029 
58.800000 	122.793999 	129.000000 	127.364998 	1006.030029 
58.900000 	122.793999 	129.000000 	127.364998 	1006.030029 
59.000000 	122.793999 	129.000000 	127.364998 	1006.030029 
59.100000 	122.793999 	129.000000 	127.364998 	1006.030029 
59.200000 	122.793999 	129.000000 	127.364998 	1006.030029 
59.300000 	122.793999 	129.000000 	127.364998 	1006.030029 
59.400000 	122.793999 	129.000000 	127.364998 	1006.030029 
59.500000 	122.813004 	129.000000 	127.346001 	1006.030029 
59.600000 	122.813004 	129.000000 	127.346001 	1006.030029 
59.700000 	122.813004 	129.000000 	127.346001 	1006.030029 
59.800000 	122.813004 	129.000000 	127.346001 	1006.030029 
59.900000 	122.813004 	129.000000 	127.346001 	1006.030029 
60.000000 	122.813004 	129.000000 	127.346001 	1006.030029 
