0.500000 	89.537804 	573.000000 	579.374023 	577.153992 
0.600000 	89.537804 	573.000000 	579.374023 	577.153992 
0.700000 	89.537804 	573.000000 	579.374023 	577.153992 
0.800000 	89.537804 	573.000000 	579.374023 	577.153992 
0.900000 	89.537804 	573.000000 	579.374023 	577.153992 
1.000000 	89.537804 	573.000000 	579.374023 	577.153992 
1.100000 	89.537804 	573.000000 	579.374023 	577.153992 
1.200000 	89.537804 	573.000000 	579.374023 	577.153992 
1.300000 	89.537804 	573.000000 	579.374023 	577.153992 
1.400000 	89.537804 	573.000000 	579.374023 	577.153992 
1.500000 	100.440002 	573.000000 	576.664978 	578.435974 
1.600000 	100.440002 	573.000000 	576.664978 	578.435974 
1.700000 	100.440002 	573.000000 	576.664978 	578.435974 
1.800000 	100.440002 	573.000000 	576.664978 	578.435974 
1.900000 	100.440002 	573.000000 	576.664978 	578.435974 
2.000000 	100.440002 	573.000000 	576.664978 	578.435974 
2.100000 	100.440002 	573.000000 	576.664978 	578.435974 
2.200000 	100.440002 	573.000000 	576.664978 	578.435974 
2.300000 	100.440002 	573.000000 	576.664978 	578.435974 
2.400000 	100.440002 	573.000000 	576.664978 	578.435974 
2.500000 	110.605003 	573.000000 	574.570007 	578.533020 
2.600000 	110.605003 	573.000000 	574.570007 	578.533020 
2.700000 	110.605003 	573.000000 	574.570007 	578.533020 
2.800000 	110.605003 	573.000000 	574.570007 	578.533020 
2.900000 	110.605003 	573.000000 	574.570007 	578.533020 
3.000000 	110.605003 	573.000000 	574.570007 	578.533020 
3.100000 	110.605003 	573.000000 	574.570007 	578.533020 
3.200000 	110.605003 	573.000000 	574.570007 	578.533020 
3.300000 	110.605003 	573.000000 	574.570007 	578.533020 
3.400000 	110.605003 	573.000000 	574.570007 	578.533020 
3.500000 	115.476997 	573.000000 	573.551025 	578.560974 
3.600000 	115.476997 	573.000000 	573.551025 	578.560974 
3.700000 	115.476997 	573.000000 	573.551025 	578.560974 
3.800000 	115.476997 	573.000000 	573.551025 	578.560974 
3.900000 	115.476997 	573.000000 	573.551025 	578.560974 
4.000000 	115.476997 	573.000000 	573.551025 	578.560974 
4.100000 	115.476997 	573.000000 	573.551025 	578.560974 
4.200000 	115.476997 	573.000000 	573.551025 	578.560974 
4.300000 	115.476997 	573.000000 	573.551025 	578.560974 
4.400000 	115.476997 	573.000000 	573.551025 	578.560974 
4.500000 	118.019997 	573.000000 	573.021973 	578.577026 
4.600000 	118.019997 	573.000000 	573.021973 	578.577026 
4.700000 	118.019997 	573.000000 	573.021973 	578.577026 
4.800000 	118.019997 	573.000000 	573.021973 	578.577026 
4.900000 	118.019997 	573.000000 	573.021973 	578.577026 
5.000000 	118.019997 	573.000000 	573.021973 	578.577026 
5.100000 	118.019997 	573.000000 	573.021973 	578.577026 
5.200000 	118.019997 	573.000000 	573.021973 	578.577026 
5.300000 	118.019997 	573.000000 	573.021973 	578.577026 
5.400000 	118.019997 	573.000000 	573.021973 	578.577026 
5.500000 	119.487999 	573.000000 	572.721008 	578.590027 
5.600000 	119.487999 	573.000000 	572.721008 	578.590027 
5.700000 	119.487999 	573.000000 	572.721008 	578.590027 
5.800000 	119.487999 	573.000000 	572.721008 	578.590027 
5.900000 	119.487999 	573.000000 	572.721008 	578.590027 
6.000000 	119.487999 	573.000000 	572.721008 	578.590027 
6.100000 	119.487999 	573.000000 	572.721008 	578.590027 
6.200000 	119.487999 	573.000000 	572.721008 	578.590027 
6.300000 	119.487999 	573.000000 	572.721008 	578.590027 
6.400000 	119.487999 	573.000000 	572.721008 	578.590027 
6.500000 	120.404999 	573.000000 	572.538025 	578.603027 
6.600000 	120.404999 	573.000000 	572.538025 	578.603027 
6.700000 	120.404999 	573.000000 	572.538025 	578.603027 
6.800000 	120.404999 	573.000000 	572.538025 	578.603027 
6.900000 	120.404999 	573.000000 	572.538025 	578.603027 
7.000000 	120.404999 	573.000000 	572.538025 	578.603027 
7.100000 	120.404999 	573.000000 	572.538025 	578.603027 
7.200000 	120.404999 	573.000000 	572.538025 	578.603027 
7.300000 	120.404999 	573.000000 	572.538025 	578.603027 
7.400000 	120.404999 	573.000000 	572.538025 	578.603027 
7.500000 	121.014999 	573.000000 	572.419006 	578.617981 
7.600000 	121.014999 	573.000000 	572.419006 	578.617981 
7.700000 	121.014999 	573.000000 	572.419006 	578.617981 
7.800000 	121.014999 	573.000000 	572.419006 	578.617981 
7.900000 	121.014999 	573.000000 	572.419006 	578.617981 
8.000000 	121.014999 	573.000000 	572.419006 	578.617981 
8.100000 	121.014999 	573.000000 	572.419006 	578.617981 
8.200000 	121.014999 	573.000000 	572.419006 	578.617981 
8.300000 	121.014999 	573.000000 	572.419006 	578.617981 
8.400000 	121.014999 	573.000000 	572.419006 	578.617981 
8.500000 	121.441002 	573.000000 	572.338013 	578.630981 
8.600000 	121.441002 	573.000000 	572.338013 	578.630981 
8.700000 	121.441002 	573.000000 	572.338013 	578.630981 
8.800000 	121.441002 	573.000000 	572.338013 	578.630981 
8.900000 	121.441002 	573.000000 	572.338013 	578.630981 
9.000000 	121.441002 	573.000000 	572.338013 	578.630981 
9.100000 	121.441002 	573.000000 	572.338013 	578.630981 
9.200000 	121.441002 	573.000000 	572.338013 	578.630981 
9.300000 	121.441002 	573.000000 	572.338013 	578.630981 
9.400000 	121.441002 	573.000000 	572.338013 	578.630981 
9.500000 	121.750999 	573.000000 	572.281982 	578.643982 
9.600000 	121.750999 	573.000000 	572.281982 	578.643982 
9.700000 	121.750999 	573.000000 	572.281982 	578.643982 
9.800000 	121.750999 	573.000000 	572.281982 	578.643982 
9.900000 	121.750999 	573.000000 	572.281982 	578.643982 
10.000000 	121.750999 	573.000000 	572.281982 	578.643982 
10.100000 	121.750999 	573.000000 	572.281982 	578.643982 
10.200000 	121.750999 	573.000000 	572.281982 	578.643982 
10.300000 	121.750999 	573.000000 	572.281982 	578.643982 
10.400000 	121.750999 	573.000000 	572.281982 	578.643982 
10.500000 	121.983002 	573.000000 	572.241028 	578.656982 
10.600000 	121.983002 	573.000000 	572.241028 	578.656982 
10.700000 	121.983002 	573.000000 	572.241028 	578.656982 
10.800000 	121.983002 	573.000000 	572.241028 	578.656982 
10.900000 	121.983002 	573.000000 	572.241028 	578.656982 
11.000000 	121.983002 	573.000000 	572.241028 	578.656982 
11.100000 	121.983002 	573.000000 	572.241028 	578.656982 
11.200000 	121.983002 	573.000000 	572.241028 	578.656982 
11.300000 	121.983002 	573.000000 	572.241028 	578.656982 
11.400000 	121.983002 	573.000000 	572.241028 	578.656982 
11.500000 	122.162003 	573.000000 	572.210999 	578.669983 
11.600000 	122.162003 	573.000000 	572.210999 	578.669983 
11.700000 	122.162003 	573.000000 	572.210999 	578.669983 
11.800000 	122.162003 	573.000000 	572.210999 	578.669983 
11.900000 	122.162003 	573.000000 	572.210999 	578.669983 
12.000000 	122.162003 	573.000000 	572.210999 	578.669983 
12.100000 	122.162003 	573.000000 	572.210999 	578.669983 
12.200000 	122.162003 	573.000000 	572.210999 	578.669983 
12.300000 	122.162003 	573.000000 	572.210999 	578.669983 
12.400000 	122.162003 	573.000000 	572.210999 	578.669983 
12.500000 	122.303001 	573.000000 	572.187988 	578.684021 
12.600000 	122.303001 	573.000000 	572.187988 	578.684021 
12.700000 	122.303001 	573.000000 	572.187988 	578.684021 
12.800000 	122.303001 	573.000000 	572.187988 	578.684021 
12.900000 	122.303001 	573.000000 	572.187988 	578.684021 
13.000000 	122.303001 	573.000000 	572.187988 	578.684021 
13.100000 	122.303001 	573.000000 	572.187988 	578.684021 
13.200000 	122.303001 	573.000000 	572.187988 	578.684021 
13.300000 	122.303001 	573.000000 	572.187988 	578.684021 
13.400000 	122.303001 	573.000000 	572.187988 	578.684021 
13.500000 	122.417000 	573.000000 	572.169983 	578.698975 
13.600000 	122.417000 	573.000000 	572.169983 	578.698975 
13.700000 	122.417000 	573.000000 	572.169983 	578.698975 
13.800000 	122.417000 	573.000000 	572.169983 	578.698975 
13.900000 	122.417000 	573.000000 	572.169983 	578.698975 
14.000000 	122.417000 	573.000000 	572.169983 	578.698975 
14.100000 	122.417000 	573.000000 	572.169983 	578.698975 
14.200000 	122.417000 	573.000000 	572.169983 	578.698975 
14.300000 	122.417000 	573.000000 	572.169983 	578.698975 
14.400000 	122.417000 	573.000000 	572.169983 	578.698975 
14.500000 	122.509003 	573.000000 	572.156006 	578.713013 
14.600000 	122.509003 	573.000000 	572.156006 	578.713013 
14.700000 	122.509003 	573.000000 	572.156006 	578.713013 
14.800000 	122.509003 	573.000000 	572.156006 	578.713013 
14.900000 	122.509003 	573.000000 	572.156006 	578.713013 
15.000000 	122.509003 	573.000000 	572.156006 	578.713013 
15.100000 	122.509003 	573.000000 	572.156006 	578.713013 
15.200000 	122.509003 	573.000000 	572.156006 	578.713013 
15.300000 	122.509003 	573.000000 	572.156006 	578.713013 
15.400000 	122.509003 	573.000000 	572.156006 	578.713013 
15.500000 	122.586998 	573.000000 	572.145020 	578.728027 
15.600000 	122.586998 	573.000000 	572.145020 	578.728027 
15.700000 	122.586998 	573.000000 	572.145020 	578.728027 
15.800000 	122.586998 	573.000000 	572.145020 	578.728027 
15.900000 	122.586998 	573.000000 	572.145020 	578.728027 
16.000000 	122.586998 	573.000000 	572.145020 	578.728027 
16.100000 	122.586998 	573.000000 	572.145020 	578.728027 
16.200000 	122.586998 	573.000000 	572.145020 	578.728027 
16.300000 	122.586998 	573.000000 	572.145020 	578.728027 
16.400000 	122.586998 	573.000000 	572.145020 	578.728027 
16.500000 	122.652000 	573.000000 	572.135986 	578.744019 
16.600000 	122.652000 	573.000000 	572.135986 	578.744019 
16.700000 	122.652000 	573.000000 	572.135986 	578.744019 
16.800000 	122.652000 	573.000000 	572.135986 	578.744019 
16.900000 	122.652000 	573.000000 	572.135986 	578.744019 
17.000000 	122.652000 	573.000000 	572.135986 	578.744019 
17.100000 	122.652000 	573.000000 	572.135986 	578.744019 
17.200000 	122.652000 	573.000000 	572.135986 	578.744019 
17.300000 	122.652000 	573.000000 	572.135986 	578.744019 
17.400000 	122.652000 	573.000000 	572.135986 	578.744019 
17.500000 	122.707001 	573.000000 	572.129028 	578.758972 
17.600000 	122.707001 	573.000000 	572.129028 	578.758972 
17.700000 	122.707001 	573.000000 	572.129028 	578.758972 
17.800000 	122.707001 	573.000000 	572.129028 	578.758972 
17.900000 	122.707001 	573.000000 	572.129028 	578.758972 
18.000000 	122.707001 	573.000000 	572.129028 	578.758972 
18.100000 	122.707001 	573.000000 	572.129028 	578.758972 
18.200000 	122.707001 	573.000000 	572.129028 	578.758972 
18.300000 	122.707001 	573.000000 	572.129028 	578.758972 
18.400000 	122.707001 	573.000000 	572.129028 	578.758972 
18.500000 	122.754997 	573.000000 	572.122009 	578.775024 
18.600000 	122.754997 	573.000000 	572.122009 	578.775024 
18.700000 	122.754997 	573.000000 	572.122009 	578.775024 
18.800000 	122.754997 	573.000000 	572.122009 	578.775024 
18.900000 	122.754997 	573.000000 	572.122009 	578.775024 
19.000000 	122.754997 	573.000000 	572.122009 	578.775024 
19.100000 	122.754997 	573.000000 	572.122009 	578.775024 
19.200000 	122.754997 	573.000000 	572.122009 	578.775024 
19.300000 	122.754997 	573.000000 	572.122009 	578.775024 
19.400000 	122.754997 	573.000000 	572.122009 	578.775024 
19.500000 	122.795998 	573.000000 	572.117004 	578.791016 
19.600000 	122.795998 	573.000000 	572.117004 	578.791016 
19.700000 	122.795998 	573.000000 	572.117004 	578.791016 
19.800000 	122.795998 	573.000000 	572.117004 	578.791016 
19.900000 	122.795998 	573.000000 	572.117004 	578.791016 
20.000000 	122.795998 	573.000000 	572.117004 	578.791016 
20.100000 	122.795998 	573.000000 	572.117004 	578.791016 
20.200000 	122.795998 	573.000000 	572.117004 	578.791016 
20.300000 	122.795998 	573.000000 	572.117004 	578.791016 
20.400000 	122.795998 	573.000000 	572.117004 	578.791016 
20.500000 	122.833000 	573.000000 	572.112000 	578.807007 
20.600000 	122.833000 	573.000000 	572.112000 	578.807007 
20.700000 	122.833000 	573.000000 	572.112000 	578.807007 
20.800000 	122.833000 	573.000000 	572.112000 	578.807007 
20.900000 	122.833000 	573.000000 	572.112000 	578.807007 
21.000000 	122.833000 	573.000000 	572.112000 	578.807007 
21.100000 	122.833000 	573.000000 	572.112000 	578.807007 
21.200000 	122.833000 	573.000000 	572.112000 	578.807007 
21.300000 	122.833000 	573.000000 	572.112000 	578.807007 
21.400000 	122.833000 	573.000000 	572.112000 	578.807007 
21.500000 	122.864998 	573.000000 	572.107971 	578.822998 
21.600000 	122.864998 	573.000000 	572.107971 	578.822998 
21.700000 	122.864998 	573.000000 	572.107971 	578.822998 
21.800000 	122.864998 	573.000000 	572.107971 	578.822998 
21.900000 	122.864998 	573.000000 	572.107971 	578.822998 
22.000000 	122.864998 	573.000000 	572.107971 	578.822998 
22.100000 	122.864998 	573.000000 	572.107971 	578.822998 
22.200000 	122.864998 	573.000000 	572.107971 	578.822998 
22.300000 	122.864998 	573.000000 	572.107971 	578.822998 
22.400000 	122.864998 	573.000000 	572.107971 	578.822998 
22.500000 	122.893997 	573.000000 	572.104980 	578.840027 
22.600000 	122.893997 	573.000000 	572.104980 	578.840027 
22.700000 	122.893997 	573.000000 	572.104980 	578.840027 
22.800000 	122.893997 	573.000000 	572.104980 	578.840027 
22.900000 	122.893997 	573.000000 	572.104980 	578.840027 
23.000000 	122.893997 	573.000000 	572.104980 	578.840027 
23.100000 	122.893997 	573.000000 	572.104980 	578.840027 
23.200000 	122.893997 	573.000000 	572.104980 	578.840027 
23.300000 	122.893997 	573.000000 	572.104980 	578.840027 
23.400000 	122.893997 	573.000000 	572.104980 	578.840027 
23.500000 	122.919998 	573.000000 	572.101013 	578.856018 
23.600000 	122.919998 	573.000000 	572.101013 	578.856018 
23.700000 	122.919998 	573.000000 	572.101013 	578.856018 
23.800000 	122.919998 	573.000000 	572.101013 	578.856018 
23.900000 	122.919998 	573.000000 	572.101013 	578.856018 
24.000000 	122.919998 	573.000000 	572.101013 	578.856018 
24.100000 	122.919998 	573.000000 	572.101013 	578.856018 
24.200000 	122.919998 	573.000000 	572.101013 	578.856018 
24.300000 	122.919998 	573.000000 	572.101013 	578.856018 
24.400000 	122.919998 	573.000000 	572.101013 	578.856018 
24.500000 	122.944000 	573.000000 	572.098022 	578.872986 
24.600000 	122.944000 	573.000000 	572.098022 	578.872986 
24.700000 	122.944000 	573.000000 	572.098022 	578.872986 
24.800000 	122.944000 	573.000000 	572.098022 	578.872986 
24.900000 	122.944000 	573.000000 	572.098022 	578.872986 
25.000000 	122.944000 	573.000000 	572.098022 	578.872986 
25.100000 	122.944000 	573.000000 	572.098022 	578.872986 
25.200000 	122.944000 	573.000000 	572.098022 	578.872986 
25.300000 	122.944000 	573.000000 	572.098022 	578.872986 
25.400000 	122.944000 	573.000000 	572.098022 	578.872986 
25.500000 	122.964996 	573.000000 	572.096008 	578.888977 
25.600000 	122.964996 	573.000000 	572.096008 	578.888977 
25.700000 	122.964996 	573.000000 	572.096008 	578.888977 
25.800000 	122.964996 	573.000000 	572.096008 	578.888977 
25.900000 	122.964996 	573.000000 	572.096008 	578.888977 
26.000000 	122.964996 	573.000000 	572.096008 	578.888977 
26.100000 	122.964996 	573.000000 	572.096008 	578.888977 
26.200000 	122.964996 	573.000000 	572.096008 	578.888977 
26.300000 	122.964996 	573.000000 	572.096008 	578.888977 
26.400000 	122.964996 	573.000000 	572.096008 	578.888977 
26.500000 	122.985001 	573.000000 	572.093018 	578.906006 
26.600000 	122.985001 	573.000000 	572.093018 	578.906006 
26.700000 	122.985001 	573.000000 	572.093018 	578.906006 
26.800000 	122.985001 	573.000000 	572.093018 	578.906006 
26.900000 	122.985001 	573.000000 	572.093018 	578.906006 
27.000000 	122.985001 	573.000000 	572.093018 	578.906006 
27.100000 	122.985001 	573.000000 	572.093018 	578.906006 
27.200000 	122.985001 	573.000000 	572.093018 	578.906006 
27.300000 	122.985001 	573.000000 	572.093018 	578.906006 
27.400000 	122.985001 	573.000000 	572.093018 	578.906006 
27.500000 	123.002998 	573.000000 	572.090027 	578.921997 
27.600000 	123.002998 	573.000000 	572.090027 	578.921997 
27.700000 	123.002998 	573.000000 	572.090027 	578.921997 
27.800000 	123.002998 	573.000000 	572.090027 	578.921997 
27.900000 	123.002998 	573.000000 	572.090027 	578.921997 
28.000000 	123.002998 	573.000000 	572.090027 	578.921997 
28.100000 	123.002998 	573.000000 	572.090027 	578.921997 
28.200000 	123.002998 	573.000000 	572.090027 	578.921997 
28.300000 	123.002998 	573.000000 	572.090027 	578.921997 
28.400000 	123.002998 	573.000000 	572.090027 	578.921997 
28.500000 	123.019997 	573.000000 	572.088013 	578.939026 
28.600000 	123.019997 	573.000000 	572.088013 	578.939026 
28.700000 	123.019997 	573.000000 	572.088013 	578.939026 
28.800000 	123.019997 	573.000000 	572.088013 	578.939026 
28.900000 	123.019997 	573.000000 	572.088013 	578.939026 
29.000000 	123.019997 	573.000000 	572.088013 	578.939026 
29.100000 	123.019997 	573.000000 	572.088013 	578.939026 
29.200000 	123.019997 	573.000000 	572.088013 	578.939026 
29.300000 	123.019997 	573.000000 	572.088013 	578.939026 
29.400000 	123.019997 	573.000000 	572.088013 	578.939026 
29.500000 	123.035004 	573.000000 	572.085022 	578.955994 
29.600000 	123.035004 	573.000000 	572.085022 	578.955994 
29.700000 	123.035004 	573.000000 	572.085022 	578.955994 
29.800000 	123.035004 	573.000000 	572.085022 	578.955994 
29.900000 	123.035004 	573.000000 	572.085022 	578.955994 
30.000000 	123.035004 	573.000000 	572.085022 	578.955994 
30.100000 	123.035004 	573.000000 	572.085022 	578.955994 
30.200000 	123.035004 	573.000000 	572.085022 	578.955994 
30.300000 	123.035004 	573.000000 	572.085022 	578.955994 
30.400000 	123.035004 	573.000000 	572.085022 	578.955994 
30.500000 	123.050003 	573.000000 	572.083008 	578.971985 
30.600000 	123.050003 	573.000000 	572.083008 	578.971985 
30.700000 	123.050003 	573.000000 	572.083008 	578.971985 
30.800000 	123.050003 	573.000000 	572.083008 	578.971985 
30.900000 	123.050003 	573.000000 	572.083008 	578.971985 
31.000000 	123.050003 	573.000000 	572.083008 	578.971985 
31.100000 	123.050003 	573.000000 	572.083008 	578.971985 
31.200000 	123.050003 	573.000000 	572.083008 	578.971985 
31.300000 	123.050003 	573.000000 	572.083008 	578.971985 
31.400000 	123.050003 	573.000000 	572.083008 	578.971985 
31.500000 	123.064003 	573.000000 	572.080017 	578.987976 
31.600000 	123.064003 	573.000000 	572.080017 	578.987976 
31.700000 	123.064003 	573.000000 	572.080017 	578.987976 
31.800000 	123.064003 	573.000000 	572.080017 	578.987976 
31.900000 	123.064003 	573.000000 	572.080017 	578.987976 
32.000000 	123.064003 	573.000000 	572.080017 	578.987976 
32.100000 	123.064003 	573.000000 	572.080017 	578.987976 
32.200000 	123.064003 	573.000000 	572.080017 	578.987976 
32.300000 	123.064003 	573.000000 	572.080017 	578.987976 
32.400000 	123.064003 	573.000000 	572.080017 	578.987976 
32.500000 	123.075996 	573.000000 	572.077026 	579.005005 
32.600000 	123.075996 	573.000000 	572.077026 	579.005005 
32.700000 	123.075996 	573.000000 	572.077026 	579.005005 
32.800000 	123.075996 	573.000000 	572.077026 	579.005005 
32.900000 	123.075996 	573.000000 	572.077026 	579.005005 
33.000000 	123.075996 	573.000000 	572.077026 	579.005005 
33.100000 	123.075996 	573.000000 	572.077026 	579.005005 
33.200000 	123.075996 	573.000000 	572.077026 	579.005005 
33.300000 	123.075996 	573.000000 	572.077026 	579.005005 
33.400000 	123.075996 	573.000000 	572.077026 	579.005005 
33.500000 	123.088997 	573.000000 	572.075012 	579.020996 
33.600000 	123.088997 	573.000000 	572.075012 	579.020996 
33.700000 	123.088997 	573.000000 	572.075012 	579.020996 
33.800000 	123.088997 	573.000000 	572.075012 	579.020996 
33.900000 	123.088997 	573.000000 	572.075012 	579.020996 
34.000000 	123.088997 	573.000000 	572.075012 	579.020996 
34.100000 	123.088997 	573.000000 	572.075012 	579.020996 
34.200000 	123.088997 	573.000000 	572.075012 	579.020996 
34.300000 	123.088997 	573.000000 	572.075012 	579.020996 
34.400000 	123.088997 	573.000000 	572.075012 	579.020996 
34.500000 	123.099998 	573.000000 	572.072021 	579.036987 
34.600000 	123.099998 	573.000000 	572.072021 	579.036987 
34.700000 	123.099998 	573.000000 	572.072021 	579.036987 
34.800000 	123.099998 	573.000000 	572.072021 	579.036987 
34.900000 	123.099998 	573.000000 	572.072021 	579.036987 
35.000000 	123.099998 	573.000000 	572.072021 	579.036987 
35.100000 	123.099998 	573.000000 	572.072021 	579.036987 
35.200000 	123.099998 	573.000000 	572.072021 	579.036987 
35.300000 	123.099998 	573.000000 	572.072021 	579.036987 
35.400000 	123.099998 	573.000000 	572.072021 	579.036987 
35.500000 	123.111000 	573.000000 	572.068970 	579.052979 
35.600000 	123.111000 	573.000000 	572.068970 	579.052979 
35.700000 	123.111000 	573.000000 	572.068970 	579.052979 
35.800000 	123.111000 	573.000000 	572.068970 	579.052979 
35.900000 	123.111000 	573.000000 	572.068970 	579.052979 
36.000000 	123.111000 	573.000000 	572.068970 	579.052979 
36.100000 	123.111000 	573.000000 	572.068970 	579.052979 
36.200000 	123.111000 	573.000000 	572.068970 	579.052979 
36.300000 	123.111000 	573.000000 	572.068970 	579.052979 
36.400000 	123.111000 	573.000000 	572.068970 	579.052979 
36.500000 	123.122002 	573.000000 	572.065979 	579.068970 
36.600000 	123.122002 	573.000000 	572.065979 	579.068970 
36.700000 	123.122002 	573.000000 	572.065979 	579.068970 
36.800000 	123.122002 	573.000000 	572.065979 	579.068970 
36.900000 	123.122002 	573.000000 	572.065979 	579.068970 
37.000000 	123.122002 	573.000000 	572.065979 	579.068970 
37.100000 	123.122002 	573.000000 	572.065979 	579.068970 
37.200000 	123.122002 	573.000000 	572.065979 	579.068970 
37.300000 	123.122002 	573.000000 	572.065979 	579.068970 
37.400000 	123.122002 	573.000000 	572.065979 	579.068970 
37.500000 	123.132004 	573.000000 	572.062988 	579.083984 
37.600000 	123.132004 	573.000000 	572.062988 	579.083984 
37.700000 	123.132004 	573.000000 	572.062988 	579.083984 
37.800000 	123.132004 	573.000000 	572.062988 	579.083984 
37.900000 	123.132004 	573.000000 	572.062988 	579.083984 
38.000000 	123.132004 	573.000000 	572.062988 	579.083984 
38.100000 	123.132004 	573.000000 	572.062988 	579.083984 
38.200000 	123.132004 	573.000000 	572.062988 	579.083984 
38.300000 	123.132004 	573.000000 	572.062988 	579.083984 
38.400000 	123.132004 	573.000000 	572.062988 	579.083984 
38.500000 	123.140999 	573.000000 	572.059998 	579.099976 
38.600000 	123.140999 	573.000000 	572.059998 	579.099976 
38.700000 	123.140999 	573.000000 	572.059998 	579.099976 
38.800000 	123.140999 	573.000000 	572.059998 	579.099976 
38.900000 	123.140999 	573.000000 	572.059998 	579.099976 
39.000000 	123.140999 	573.000000 	572.059998 	579.099976 
39.100000 	123.140999 	573.000000 	572.059998 	579.099976 
39.200000 	123.140999 	573.000000 	572.059998 	579.099976 
39.300000 	123.140999 	573.000000 	572.059998 	579.099976 
39.400000 	123.140999 	573.000000 	572.059998 	579.099976 
39.500000 	123.150002 	573.000000 	572.057007 	579.114990 
39.600000 	123.150002 	573.000000 	572.057007 	579.114990 
39.700000 	123.150002 	573.000000 	572.057007 	579.114990 
39.800000 	123.150002 	573.000000 	572.057007 	579.114990 
39.900000 	123.150002 	573.000000 	572.057007 	579.114990 
40.000000 	123.150002 	573.000000 	572.057007 	579.114990 
40.100000 	123.150002 	573.000000 	572.057007 	579.114990 
40.200000 	123.150002 	573.000000 	572.057007 	579.114990 
40.300000 	123.150002 	573.000000 	572.057007 	579.114990 
40.400000 	123.150002 	573.000000 	572.057007 	579.114990 
40.500000 	123.158997 	573.000000 	572.054016 	579.130005 
40.600000 	123.158997 	573.000000 	572.054016 	579.130005 
40.700000 	123.158997 	573.000000 	572.054016 	579.130005 
40.800000 	123.158997 	573.000000 	572.054016 	579.130005 
40.900000 	123.158997 	573.000000 	572.054016 	579.130005 
41.000000 	123.158997 	573.000000 	572.054016 	579.130005 
41.100000 	123.158997 	573.000000 	572.054016 	579.130005 
41.200000 	123.158997 	573.000000 	572.054016 	579.130005 
41.300000 	123.158997 	573.000000 	572.054016 	579.130005 
41.400000 	123.158997 	573.000000 	572.054016 	579.130005 
41.500000 	123.167999 	573.000000 	572.049988 	579.145020 
41.600000 	123.167999 	573.000000 	572.049988 	579.145020 
41.700000 	123.167999 	573.000000 	572.049988 	579.145020 
41.800000 	123.167999 	573.000000 	572.049988 	579.145020 
41.900000 	123.167999 	573.000000 	572.049988 	579.145020 
42.000000 	123.167999 	573.000000 	572.049988 	579.145020 
42.100000 	123.167999 	573.000000 	572.049988 	579.145020 
42.200000 	123.167999 	573.000000 	572.049988 	579.145020 
42.300000 	123.167999 	573.000000 	572.049988 	579.145020 
42.400000 	123.167999 	573.000000 	572.049988 	579.145020 
42.500000 	123.176003 	573.000000 	572.046997 	579.158997 
42.600000 	123.176003 	573.000000 	572.046997 	579.158997 
42.700000 	123.176003 	573.000000 	572.046997 	579.158997 
42.800000 	123.176003 	573.000000 	572.046997 	579.158997 
42.900000 	123.176003 	573.000000 	572.046997 	579.158997 
43.000000 	123.176003 	573.000000 	572.046997 	579.158997 
43.100000 	123.176003 	573.000000 	572.046997 	579.158997 
43.200000 	123.176003 	573.000000 	572.046997 	579.158997 
43.300000 	123.176003 	573.000000 	572.046997 	579.158997 
43.400000 	123.176003 	573.000000 	572.046997 	579.158997 
43.500000 	123.183998 	573.000000 	572.043030 	579.174011 
43.600000 	123.183998 	573.000000 	572.043030 	579.174011 
43.700000 	123.183998 	573.000000 	572.043030 	579.174011 
43.800000 	123.183998 	573.000000 	572.043030 	579.174011 
43.900000 	123.183998 	573.000000 	572.043030 	579.174011 
44.000000 	123.183998 	573.000000 	572.043030 	579.174011 
44.100000 	123.183998 	573.000000 	572.043030 	579.174011 
44.200000 	123.183998 	573.000000 	572.043030 	579.174011 
44.300000 	123.183998 	573.000000 	572.043030 	579.174011 
44.400000 	123.183998 	573.000000 	572.043030 	579.174011 
44.500000 	123.192001 	573.000000 	572.039001 	579.187988 
44.600000 	123.192001 	573.000000 	572.039001 	579.187988 
44.700000 	123.192001 	573.000000 	572.039001 	579.187988 
44.800000 	123.192001 	573.000000 	572.039001 	579.187988 
44.900000 	123.192001 	573.000000 	572.039001 	579.187988 
45.000000 	123.192001 	573.000000 	572.039001 	579.187988 
45.100000 	123.192001 	573.000000 	572.039001 	579.187988 
45.200000 	123.192001 	573.000000 	572.039001 	579.187988 
45.300000 	123.192001 	573.000000 	572.039001 	579.187988 
45.400000 	123.192001 	573.000000 	572.039001 	579.187988 
45.500000 	123.198997 	573.000000 	572.034973 	579.202026 
45.600000 	123.198997 	573.000000 	572.034973 	579.202026 
45.700000 	123.198997 	573.000000 	572.034973 	579.202026 
45.800000 	123.198997 	573.000000 	572.034973 	579.202026 
45.900000 	123.198997 	573.000000 	572.034973 	579.202026 
46.000000 	123.198997 	573.000000 	572.034973 	579.202026 
46.100000 	123.198997 	573.000000 	572.034973 	579.202026 
46.200000 	123.198997 	573.000000 	572.034973 	579.202026 
46.300000 	123.198997 	573.000000 	572.034973 	579.202026 
46.400000 	123.198997 	573.000000 	572.034973 	579.202026 
46.500000 	123.206001 	573.000000 	572.031006 	579.215027 
46.600000 	123.206001 	573.000000 	572.031006 	579.215027 
46.700000 	123.206001 	573.000000 	572.031006 	579.215027 
46.800000 	123.206001 	573.000000 	572.031006 	579.215027 
46.900000 	123.206001 	573.000000 	572.031006 	579.215027 
47.000000 	123.206001 	573.000000 	572.031006 	579.215027 
47.100000 	123.206001 	573.000000 	572.031006 	579.215027 
47.200000 	123.206001 	573.000000 	572.031006 	579.215027 
47.300000 	123.206001 	573.000000 	572.031006 	579.215027 
47.400000 	123.206001 	573.000000 	572.031006 	579.215027 
47.500000 	123.212997 	573.000000 	572.026001 	579.229004 
47.600000 	123.212997 	573.000000 	572.026001 	579.229004 
47.700000 	123.212997 	573.000000 	572.026001 	579.229004 
47.800000 	123.212997 	573.000000 	572.026001 	579.229004 
47.900000 	123.212997 	573.000000 	572.026001 	579.229004 
48.000000 	123.212997 	573.000000 	572.026001 	579.229004 
48.100000 	123.212997 	573.000000 	572.026001 	579.229004 
48.200000 	123.212997 	573.000000 	572.026001 	579.229004 
48.300000 	123.212997 	573.000000 	572.026001 	579.229004 
48.400000 	123.212997 	573.000000 	572.026001 	579.229004 
48.500000 	123.220001 	573.000000 	572.021973 	579.242004 
48.600000 	123.220001 	573.000000 	572.021973 	579.242004 
48.700000 	123.220001 	573.000000 	572.021973 	579.242004 
48.800000 	123.220001 	573.000000 	572.021973 	579.242004 
48.900000 	123.220001 	573.000000 	572.021973 	579.242004 
49.000000 	123.220001 	573.000000 	572.021973 	579.242004 
49.100000 	123.220001 	573.000000 	572.021973 	579.242004 
49.200000 	123.220001 	573.000000 	572.021973 	579.242004 
49.300000 	123.220001 	573.000000 	572.021973 	579.242004 
49.400000 	123.220001 	573.000000 	572.021973 	579.242004 
49.500000 	123.226997 	573.000000 	572.017029 	579.255005 
49.600000 	123.226997 	573.000000 	572.017029 	579.255005 
49.700000 	123.226997 	573.000000 	572.017029 	579.255005 
49.800000 	123.226997 	573.000000 	572.017029 	579.255005 
49.900000 	123.226997 	573.000000 	572.017029 	579.255005 
50.000000 	123.226997 	573.000000 	572.017029 	579.255005 
50.100000 	123.226997 	573.000000 	572.017029 	579.255005 
50.200000 	123.226997 	573.000000 	572.017029 	579.255005 
50.300000 	123.226997 	573.000000 	572.017029 	579.255005 
50.400000 	123.226997 	573.000000 	572.017029 	579.255005 
50.500000 	123.234001 	573.000000 	572.012024 	1006.030029 
50.600000 	123.234001 	573.000000 	572.012024 	1006.030029 
50.700000 	123.234001 	573.000000 	572.012024 	1006.030029 
50.800000 	123.234001 	573.000000 	572.012024 	1006.030029 
50.900000 	123.234001 	573.000000 	572.012024 	1006.030029 
51.000000 	123.234001 	573.000000 	572.012024 	1006.030029 
51.100000 	123.234001 	573.000000 	572.012024 	1006.030029 
51.200000 	123.234001 	573.000000 	572.012024 	1006.030029 
51.300000 	123.234001 	573.000000 	572.012024 	1006.030029 
51.400000 	123.234001 	573.000000 	572.012024 	1006.030029 
51.500000 	123.239998 	573.000000 	572.007019 	1006.030029 
51.600000 	123.239998 	573.000000 	572.007019 	1006.030029 
51.700000 	123.239998 	573.000000 	572.007019 	1006.030029 
51.800000 	123.239998 	573.000000 	572.007019 	1006.030029 
51.900000 	123.239998 	573.000000 	572.007019 	1006.030029 
52.000000 	123.239998 	573.000000 	572.007019 	1006.030029 
52.100000 	123.239998 	573.000000 	572.007019 	1006.030029 
52.200000 	123.239998 	573.000000 	572.007019 	1006.030029 
52.300000 	123.239998 	573.000000 	572.007019 	1006.030029 
52.400000 	123.239998 	573.000000 	572.007019 	1006.030029 
52.500000 	123.246002 	573.000000 	572.002014 	1006.030029 
52.600000 	123.246002 	573.000000 	572.002014 	1006.030029 
52.700000 	123.246002 	573.000000 	572.002014 	1006.030029 
52.800000 	123.246002 	573.000000 	572.002014 	1006.030029 
52.900000 	123.246002 	573.000000 	572.002014 	1006.030029 
53.000000 	123.246002 	573.000000 	572.002014 	1006.030029 
53.100000 	123.246002 	573.000000 	572.002014 	1006.030029 
53.200000 	123.246002 	573.000000 	572.002014 	1006.030029 
53.300000 	123.246002 	573.000000 	572.002014 	1006.030029 
53.400000 	123.246002 	573.000000 	572.002014 	1006.030029 
53.500000 	123.251999 	573.000000 	571.997009 	1006.030029 
53.600000 	123.251999 	573.000000 	571.997009 	1006.030029 
53.700000 	123.251999 	573.000000 	571.997009 	1006.030029 
53.800000 	123.251999 	573.000000 	571.997009 	1006.030029 
53.900000 	123.251999 	573.000000 	571.997009 	1006.030029 
54.000000 	123.251999 	573.000000 	571.997009 	1006.030029 
54.100000 	123.251999 	573.000000 	571.997009 	1006.030029 
54.200000 	123.251999 	573.000000 	571.997009 	1006.030029 
54.300000 	123.251999 	573.000000 	571.997009 	1006.030029 
54.400000 	123.251999 	573.000000 	571.997009 	1006.030029 
54.500000 	123.258003 	573.000000 	571.991028 	1006.030029 
54.600000 	123.258003 	573.000000 	571.991028 	1006.030029 
54.700000 	123.258003 	573.000000 	571.991028 	1006.030029 
54.800000 	123.258003 	573.000000 	571.991028 	1006.030029 
54.900000 	123.258003 	573.000000 	571.991028 	1006.030029 
55.000000 	123.258003 	573.000000 	571.991028 	1006.030029 
55.100000 	123.258003 	573.000000 	571.991028 	1006.030029 
55.200000 	123.258003 	573.000000 	571.991028 	1006.030029 
55.300000 	123.258003 	573.000000 	571.991028 	1006.030029 
55.400000 	123.258003 	573.000000 	571.991028 	1006.030029 
55.500000 	123.264000 	573.000000 	571.986023 	1006.030029 
55.600000 	123.264000 	573.000000 	571.986023 	1006.030029 
55.700000 	123.264000 	573.000000 	571.986023 	1006.030029 
55.800000 	123.264000 	573.000000 	571.986023 	1006.030029 
55.900000 	123.264000 	573.000000 	571.986023 	1006.030029 
56.000000 	123.264000 	573.000000 	571.986023 	1006.030029 
56.100000 	123.264000 	573.000000 	571.986023 	1006.030029 
56.200000 	123.264000 	573.000000 	571.986023 	1006.030029 
56.300000 	123.264000 	573.000000 	571.986023 	1006.030029 
56.400000 	123.264000 	573.000000 	571.986023 	1006.030029 
56.500000 	123.269997 	573.000000 	571.979980 	1006.030029 
56.600000 	123.269997 	573.000000 	571.979980 	1006.030029 
56.700000 	123.269997 	573.000000 	571.979980 	1006.030029 
56.800000 	123.269997 	573.000000 	571.979980 	1006.030029 
56.900000 	123.269997 	573.000000 	571.979980 	1006.030029 
57.000000 	123.269997 	573.000000 	571.979980 	1006.030029 
57.100000 	123.269997 	573.000000 	571.979980 	1006.030029 
57.200000 	123.269997 	573.000000 	571.979980 	1006.030029 
57.300000 	123.269997 	573.000000 	571.979980 	1006.030029 
57.400000 	123.269997 	573.000000 	571.979980 	1006.030029 
57.500000 	123.276001 	573.000000 	571.973999 	1006.030029 
57.600000 	123.276001 	573.000000 	571.973999 	1006.030029 
57.700000 	123.276001 	573.000000 	571.973999 	1006.030029 
57.800000 	123.276001 	573.000000 	571.973999 	1006.030029 
57.900000 	123.276001 	573.000000 	571.973999 	1006.030029 
58.000000 	123.276001 	573.000000 	571.973999 	1006.030029 
58.100000 	123.276001 	573.000000 	571.973999 	1006.030029 
58.200000 	123.276001 	573.000000 	571.973999 	1006.030029 
58.300000 	123.276001 	573.000000 	571.973999 	1006.030029 
58.400000 	123.276001 	573.000000 	571.973999 	1006.030029 
58.500000 	123.280998 	573.000000 	571.966980 	1006.030029 
58.600000 	123.280998 	573.000000 	571.966980 	1006.030029 
58.700000 	123.280998 	573.000000 	571.966980 	1006.030029 
58.800000 	123.280998 	573.000000 	571.966980 	1006.030029 
58.900000 	123.280998 	573.000000 	571.966980 	1006.030029 
59.000000 	123.280998 	573.000000 	571.966980 	1006.030029 
59.100000 	123.280998 	573.000000 	571.966980 	1006.030029 
59.200000 	123.280998 	573.000000 	571.966980 	1006.030029 
59.300000 	123.280998 	573.000000 	571.966980 	1006.030029 
59.400000 	123.280998 	573.000000 	571.966980 	1006.030029 
59.500000 	123.287003 	573.000000 	571.960999 	1006.030029 
59.600000 	123.287003 	573.000000 	571.960999 	1006.030029 
59.700000 	123.287003 	573.000000 	571.960999 	1006.030029 
59.800000 	123.287003 	573.000000 	571.960999 	1006.030029 
59.900000 	123.287003 	573.000000 	571.960999 	1006.030029 
60.000000 	123.287003 	573.000000 	571.960999 	1006.030029 
