0.500000 	89.722198 	868.000000 	873.090027 	840.146973 
0.600000 	89.722198 	868.000000 	873.090027 	840.146973 
0.700000 	89.722198 	868.000000 	873.090027 	840.146973 
0.800000 	89.722198 	868.000000 	873.090027 	840.146973 
0.900000 	89.722198 	868.000000 	873.090027 	840.146973 
1.000000 	89.722198 	868.000000 	873.090027 	840.146973 
1.100000 	89.722198 	868.000000 	873.090027 	840.146973 
1.200000 	89.722198 	868.000000 	873.090027 	840.146973 
1.300000 	89.722198 	868.000000 	873.090027 	840.146973 
1.400000 	89.722198 	868.000000 	873.090027 	840.146973 
1.500000 	100.925003 	868.000000 	871.119019 	866.747009 
1.600000 	100.925003 	868.000000 	871.119019 	866.747009 
1.700000 	100.925003 	868.000000 	871.119019 	866.747009 
1.800000 	100.925003 	868.000000 	871.119019 	866.747009 
1.900000 	100.925003 	868.000000 	871.119019 	866.747009 
2.000000 	100.925003 	868.000000 	871.119019 	866.747009 
2.100000 	100.925003 	868.000000 	871.119019 	866.747009 
2.200000 	100.925003 	868.000000 	871.119019 	866.747009 
2.300000 	100.925003 	868.000000 	871.119019 	866.747009 
2.400000 	100.925003 	868.000000 	871.119019 	866.747009 
2.500000 	110.944000 	868.000000 	869.379028 	868.671021 
2.600000 	110.944000 	868.000000 	869.379028 	868.671021 
2.700000 	110.944000 	868.000000 	869.379028 	868.671021 
2.800000 	110.944000 	868.000000 	869.379028 	868.671021 
2.900000 	110.944000 	868.000000 	869.379028 	868.671021 
3.000000 	110.944000 	868.000000 	869.379028 	868.671021 
3.100000 	110.944000 	868.000000 	869.379028 	868.671021 
3.200000 	110.944000 	868.000000 	869.379028 	868.671021 
3.300000 	110.944000 	868.000000 	869.379028 	868.671021 
3.400000 	110.944000 	868.000000 	869.379028 	868.671021 
3.500000 	115.702003 	868.000000 	868.572021 	869.346008 
3.600000 	115.702003 	868.000000 	868.572021 	869.346008 
3.700000 	115.702003 	868.000000 	868.572021 	869.346008 
3.800000 	115.702003 	868.000000 	868.572021 	869.346008 
3.900000 	115.702003 	868.000000 	868.572021 	869.346008 
4.000000 	115.702003 	868.000000 	868.572021 	869.346008 
4.100000 	115.702003 	868.000000 	868.572021 	869.346008 
4.200000 	115.702003 	868.000000 	868.572021 	869.346008 
4.300000 	115.702003 	868.000000 	868.572021 	869.346008 
4.400000 	115.702003 	868.000000 	868.572021 	869.346008 
4.500000 	118.177002 	868.000000 	868.156982 	869.681030 
4.600000 	118.177002 	868.000000 	868.156982 	869.681030 
4.700000 	118.177002 	868.000000 	868.156982 	869.681030 
4.800000 	118.177002 	868.000000 	868.156982 	869.681030 
4.900000 	118.177002 	868.000000 	868.156982 	869.681030 
5.000000 	118.177002 	868.000000 	868.156982 	869.681030 
5.100000 	118.177002 	868.000000 	868.156982 	869.681030 
5.200000 	118.177002 	868.000000 	868.156982 	869.681030 
5.300000 	118.177002 	868.000000 	868.156982 	869.681030 
5.400000 	118.177002 	868.000000 	868.156982 	869.681030 
5.500000 	119.601997 	868.000000 	867.921021 	869.877991 
5.600000 	119.601997 	868.000000 	867.921021 	869.877991 
5.700000 	119.601997 	868.000000 	867.921021 	869.877991 
5.800000 	119.601997 	868.000000 	867.921021 	869.877991 
5.900000 	119.601997 	868.000000 	867.921021 	869.877991 
6.000000 	119.601997 	868.000000 	867.921021 	869.877991 
6.100000 	119.601997 	868.000000 	867.921021 	869.877991 
6.200000 	119.601997 	868.000000 	867.921021 	869.877991 
6.300000 	119.601997 	868.000000 	867.921021 	869.877991 
6.400000 	119.601997 	868.000000 	867.921021 	869.877991 
6.500000 	120.492996 	868.000000 	867.773987 	870.004028 
6.600000 	120.492996 	868.000000 	867.773987 	870.004028 
6.700000 	120.492996 	868.000000 	867.773987 	870.004028 
6.800000 	120.492996 	868.000000 	867.773987 	870.004028 
6.900000 	120.492996 	868.000000 	867.773987 	870.004028 
7.000000 	120.492996 	868.000000 	867.773987 	870.004028 
7.100000 	120.492996 	868.000000 	867.773987 	870.004028 
7.200000 	120.492996 	868.000000 	867.773987 	870.004028 
7.300000 	120.492996 	868.000000 	867.773987 	870.004028 
7.400000 	120.492996 	868.000000 	867.773987 	870.004028 
7.500000 	121.084000 	868.000000 	867.677002 	870.086975 
7.600000 	121.084000 	868.000000 	867.677002 	870.086975 
7.700000 	121.084000 	868.000000 	867.677002 	870.086975 
7.800000 	121.084000 	868.000000 	867.677002 	870.086975 
7.900000 	121.084000 	868.000000 	867.677002 	870.086975 
8.000000 	121.084000 	868.000000 	867.677002 	870.086975 
8.100000 	121.084000 	868.000000 	867.677002 	870.086975 
8.200000 	121.084000 	868.000000 	867.677002 	870.086975 
8.300000 	121.084000 	868.000000 	867.677002 	870.086975 
8.400000 	121.084000 	868.000000 	867.677002 	870.086975 
8.500000 	121.498001 	868.000000 	867.609985 	870.062012 
8.600000 	121.498001 	868.000000 	867.609985 	870.062012 
8.700000 	121.498001 	868.000000 	867.609985 	870.062012 
8.800000 	121.498001 	868.000000 	867.609985 	870.062012 
8.900000 	121.498001 	868.000000 	867.609985 	870.062012 
9.000000 	121.498001 	868.000000 	867.609985 	870.062012 
9.100000 	121.498001 	868.000000 	867.609985 	870.062012 
9.200000 	121.498001 	868.000000 	867.609985 	870.062012 
9.300000 	121.498001 	868.000000 	867.609985 	870.062012 
9.400000 	121.498001 	868.000000 	867.609985 	870.062012 
9.500000 	121.797997 	868.000000 	867.560974 	870.111023 
9.600000 	121.797997 	868.000000 	867.560974 	870.111023 
9.700000 	121.797997 	868.000000 	867.560974 	870.111023 
9.800000 	121.797997 	868.000000 	867.560974 	870.111023 
9.900000 	121.797997 	868.000000 	867.560974 	870.111023 
10.000000 	121.797997 	868.000000 	867.560974 	870.111023 
10.100000 	121.797997 	868.000000 	867.560974 	870.111023 
10.200000 	121.797997 	868.000000 	867.560974 	870.111023 
10.300000 	121.797997 	868.000000 	867.560974 	870.111023 
10.400000 	121.797997 	868.000000 	867.560974 	870.111023 
10.500000 	122.023003 	868.000000 	867.523987 	870.168030 
10.600000 	122.023003 	868.000000 	867.523987 	870.168030 
10.700000 	122.023003 	868.000000 	867.523987 	870.168030 
10.800000 	122.023003 	868.000000 	867.523987 	870.168030 
10.900000 	122.023003 	868.000000 	867.523987 	870.168030 
11.000000 	122.023003 	868.000000 	867.523987 	870.168030 
11.100000 	122.023003 	868.000000 	867.523987 	870.168030 
11.200000 	122.023003 	868.000000 	867.523987 	870.168030 
11.300000 	122.023003 	868.000000 	867.523987 	870.168030 
11.400000 	122.023003 	868.000000 	867.523987 	870.168030 
11.500000 	122.195999 	868.000000 	867.494995 	870.203003 
11.600000 	122.195999 	868.000000 	867.494995 	870.203003 
11.700000 	122.195999 	868.000000 	867.494995 	870.203003 
11.800000 	122.195999 	868.000000 	867.494995 	870.203003 
11.900000 	122.195999 	868.000000 	867.494995 	870.203003 
12.000000 	122.195999 	868.000000 	867.494995 	870.203003 
12.100000 	122.195999 	868.000000 	867.494995 	870.203003 
12.200000 	122.195999 	868.000000 	867.494995 	870.203003 
12.300000 	122.195999 	868.000000 	867.494995 	870.203003 
12.400000 	122.195999 	868.000000 	867.494995 	870.203003 
12.500000 	122.333000 	868.000000 	867.471985 	870.226990 
12.600000 	122.333000 	868.000000 	867.471985 	870.226990 
12.700000 	122.333000 	868.000000 	867.471985 	870.226990 
12.800000 	122.333000 	868.000000 	867.471985 	870.226990 
12.900000 	122.333000 	868.000000 	867.471985 	870.226990 
13.000000 	122.333000 	868.000000 	867.471985 	870.226990 
13.100000 	122.333000 	868.000000 	867.471985 	870.226990 
13.200000 	122.333000 	868.000000 	867.471985 	870.226990 
13.300000 	122.333000 	868.000000 	867.471985 	870.226990 
13.400000 	122.333000 	868.000000 	867.471985 	870.226990 
13.500000 	122.443001 	868.000000 	867.453003 	870.244019 
13.600000 	122.443001 	868.000000 	867.453003 	870.244019 
13.700000 	122.443001 	868.000000 	867.453003 	870.244019 
13.800000 	122.443001 	868.000000 	867.453003 	870.244019 
13.900000 	122.443001 	868.000000 	867.453003 	870.244019 
14.000000 	122.443001 	868.000000 	867.453003 	870.244019 
14.100000 	122.443001 	868.000000 	867.453003 	870.244019 
14.200000 	122.443001 	868.000000 	867.453003 	870.244019 
14.300000 	122.443001 	868.000000 	867.453003 	870.244019 
14.400000 	122.443001 	868.000000 	867.453003 	870.244019 
14.500000 	122.532997 	868.000000 	867.437012 	870.255005 
14.600000 	122.532997 	868.000000 	867.437012 	870.255005 
14.700000 	122.532997 	868.000000 	867.437012 	870.255005 
14.800000 	122.532997 	868.000000 	867.437012 	870.255005 
14.900000 	122.532997 	868.000000 	867.437012 	870.255005 
15.000000 	122.532997 	868.000000 	867.437012 	870.255005 
15.100000 	122.532997 	868.000000 	867.437012 	870.255005 
15.200000 	122.532997 	868.000000 	867.437012 	870.255005 
15.300000 	122.532997 	868.000000 	867.437012 	870.255005 
15.400000 	122.532997 	868.000000 	867.437012 	870.255005 
15.500000 	122.608002 	868.000000 	867.424011 	870.260986 
15.600000 	122.608002 	868.000000 	867.424011 	870.260986 
15.700000 	122.608002 	868.000000 	867.424011 	870.260986 
15.800000 	122.608002 	868.000000 	867.424011 	870.260986 
15.900000 	122.608002 	868.000000 	867.424011 	870.260986 
16.000000 	122.608002 	868.000000 	867.424011 	870.260986 
16.100000 	122.608002 	868.000000 	867.424011 	870.260986 
16.200000 	122.608002 	868.000000 	867.424011 	870.260986 
16.300000 	122.608002 	868.000000 	867.424011 	870.260986 
16.400000 	122.608002 	868.000000 	867.424011 	870.260986 
16.500000 	122.670998 	868.000000 	867.411987 	870.263977 
16.600000 	122.670998 	868.000000 	867.411987 	870.263977 
16.700000 	122.670998 	868.000000 	867.411987 	870.263977 
16.800000 	122.670998 	868.000000 	867.411987 	870.263977 
16.900000 	122.670998 	868.000000 	867.411987 	870.263977 
17.000000 	122.670998 	868.000000 	867.411987 	870.263977 
17.100000 	122.670998 	868.000000 	867.411987 	870.263977 
17.200000 	122.670998 	868.000000 	867.411987 	870.263977 
17.300000 	122.670998 	868.000000 	867.411987 	870.263977 
17.400000 	122.670998 	868.000000 	867.411987 	870.263977 
17.500000 	122.723999 	868.000000 	867.401001 	870.263977 
17.600000 	122.723999 	868.000000 	867.401001 	870.263977 
17.700000 	122.723999 	868.000000 	867.401001 	870.263977 
17.800000 	122.723999 	868.000000 	867.401001 	870.263977 
17.900000 	122.723999 	868.000000 	867.401001 	870.263977 
18.000000 	122.723999 	868.000000 	867.401001 	870.263977 
18.100000 	122.723999 	868.000000 	867.401001 	870.263977 
18.200000 	122.723999 	868.000000 	867.401001 	870.263977 
18.300000 	122.723999 	868.000000 	867.401001 	870.263977 
18.400000 	122.723999 	868.000000 	867.401001 	870.263977 
18.500000 	122.769997 	868.000000 	867.390991 	870.260986 
18.600000 	122.769997 	868.000000 	867.390991 	870.260986 
18.700000 	122.769997 	868.000000 	867.390991 	870.260986 
18.800000 	122.769997 	868.000000 	867.390991 	870.260986 
18.900000 	122.769997 	868.000000 	867.390991 	870.260986 
19.000000 	122.769997 	868.000000 	867.390991 	870.260986 
19.100000 	122.769997 	868.000000 	867.390991 	870.260986 
19.200000 	122.769997 	868.000000 	867.390991 	870.260986 
19.300000 	122.769997 	868.000000 	867.390991 	870.260986 
19.400000 	122.769997 	868.000000 	867.390991 	870.260986 
19.500000 	122.809998 	868.000000 	867.380981 	870.255005 
19.600000 	122.809998 	868.000000 	867.380981 	870.255005 
19.700000 	122.809998 	868.000000 	867.380981 	870.255005 
19.800000 	122.809998 	868.000000 	867.380981 	870.255005 
19.900000 	122.809998 	868.000000 	867.380981 	870.255005 
20.000000 	122.809998 	868.000000 	867.380981 	870.255005 
20.100000 	122.809998 	868.000000 	867.380981 	870.255005 
20.200000 	122.809998 	868.000000 	867.380981 	870.255005 
20.300000 	122.809998 	868.000000 	867.380981 	870.255005 
20.400000 	122.809998 	868.000000 	867.380981 	870.255005 
20.500000 	122.846001 	868.000000 	867.372986 	870.247986 
20.600000 	122.846001 	868.000000 	867.372986 	870.247986 
20.700000 	122.846001 	868.000000 	867.372986 	870.247986 
20.800000 	122.846001 	868.000000 	867.372986 	870.247986 
20.900000 	122.846001 	868.000000 	867.372986 	870.247986 
21.000000 	122.846001 	868.000000 	867.372986 	870.247986 
21.100000 	122.846001 	868.000000 	867.372986 	870.247986 
21.200000 	122.846001 	868.000000 	867.372986 	870.247986 
21.300000 	122.846001 	868.000000 	867.372986 	870.247986 
21.400000 	122.846001 	868.000000 	867.372986 	870.247986 
21.500000 	122.876999 	868.000000 	867.364014 	870.237976 
21.600000 	122.876999 	868.000000 	867.364014 	870.237976 
21.700000 	122.876999 	868.000000 	867.364014 	870.237976 
21.800000 	122.876999 	868.000000 	867.364014 	870.237976 
21.900000 	122.876999 	868.000000 	867.364014 	870.237976 
22.000000 	122.876999 	868.000000 	867.364014 	870.237976 
22.100000 	122.876999 	868.000000 	867.364014 	870.237976 
22.200000 	122.876999 	868.000000 	867.364014 	870.237976 
22.300000 	122.876999 	868.000000 	867.364014 	870.237976 
22.400000 	122.876999 	868.000000 	867.364014 	870.237976 
22.500000 	122.904999 	868.000000 	867.356018 	870.226990 
22.600000 	122.904999 	868.000000 	867.356018 	870.226990 
22.700000 	122.904999 	868.000000 	867.356018 	870.226990 
22.800000 	122.904999 	868.000000 	867.356018 	870.226990 
22.900000 	122.904999 	868.000000 	867.356018 	870.226990 
23.000000 	122.904999 	868.000000 	867.356018 	870.226990 
23.100000 	122.904999 	868.000000 	867.356018 	870.226990 
23.200000 	122.904999 	868.000000 	867.356018 	870.226990 
23.300000 	122.904999 	868.000000 	867.356018 	870.226990 
23.400000 	122.904999 	868.000000 	867.356018 	870.226990 
23.500000 	122.930000 	868.000000 	867.348022 	870.213989 
23.600000 	122.930000 	868.000000 	867.348022 	870.213989 
23.700000 	122.930000 	868.000000 	867.348022 	870.213989 
23.800000 	122.930000 	868.000000 	867.348022 	870.213989 
23.900000 	122.930000 	868.000000 	867.348022 	870.213989 
24.000000 	122.930000 	868.000000 	867.348022 	870.213989 
24.100000 	122.930000 	868.000000 	867.348022 	870.213989 
24.200000 	122.930000 	868.000000 	867.348022 	870.213989 
24.300000 	122.930000 	868.000000 	867.348022 	870.213989 
24.400000 	122.930000 	868.000000 	867.348022 	870.213989 
24.500000 	122.952003 	868.000000 	867.340027 	870.200012 
24.600000 	122.952003 	868.000000 	867.340027 	870.200012 
24.700000 	122.952003 	868.000000 	867.340027 	870.200012 
24.800000 	122.952003 	868.000000 	867.340027 	870.200012 
24.900000 	122.952003 	868.000000 	867.340027 	870.200012 
25.000000 	122.952003 	868.000000 	867.340027 	870.200012 
25.100000 	122.952003 	868.000000 	867.340027 	870.200012 
25.200000 	122.952003 	868.000000 	867.340027 	870.200012 
25.300000 	122.952003 	868.000000 	867.340027 	870.200012 
25.400000 	122.952003 	868.000000 	867.340027 	870.200012 
25.500000 	122.973000 	868.000000 	867.331970 	870.184021 
25.600000 	122.973000 	868.000000 	867.331970 	870.184021 
25.700000 	122.973000 	868.000000 	867.331970 	870.184021 
25.800000 	122.973000 	868.000000 	867.331970 	870.184021 
25.900000 	122.973000 	868.000000 	867.331970 	870.184021 
26.000000 	122.973000 	868.000000 	867.331970 	870.184021 
26.100000 	122.973000 	868.000000 	867.331970 	870.184021 
26.200000 	122.973000 	868.000000 	867.331970 	870.184021 
26.300000 	122.973000 	868.000000 	867.331970 	870.184021 
26.400000 	122.973000 	868.000000 	867.331970 	870.184021 
26.500000 	122.991997 	868.000000 	867.325012 	870.166992 
26.600000 	122.991997 	868.000000 	867.325012 	870.166992 
26.700000 	122.991997 	868.000000 	867.325012 	870.166992 
26.800000 	122.991997 	868.000000 	867.325012 	870.166992 
26.900000 	122.991997 	868.000000 	867.325012 	870.166992 
27.000000 	122.991997 	868.000000 	867.325012 	870.166992 
27.100000 	122.991997 	868.000000 	867.325012 	870.166992 
27.200000 	122.991997 	868.000000 	867.325012 	870.166992 
27.300000 	122.991997 	868.000000 	867.325012 	870.166992 
27.400000 	122.991997 	868.000000 	867.325012 	870.166992 
27.500000 	123.009003 	868.000000 	867.317017 	870.148010 
27.600000 	123.009003 	868.000000 	867.317017 	870.148010 
27.700000 	123.009003 	868.000000 	867.317017 	870.148010 
27.800000 	123.009003 	868.000000 	867.317017 	870.148010 
27.900000 	123.009003 	868.000000 	867.317017 	870.148010 
28.000000 	123.009003 	868.000000 	867.317017 	870.148010 
28.100000 	123.009003 	868.000000 	867.317017 	870.148010 
28.200000 	123.009003 	868.000000 	867.317017 	870.148010 
28.300000 	123.009003 	868.000000 	867.317017 	870.148010 
28.400000 	123.009003 	868.000000 	867.317017 	870.148010 
28.500000 	123.025002 	868.000000 	867.309021 	870.127991 
28.600000 	123.025002 	868.000000 	867.309021 	870.127991 
28.700000 	123.025002 	868.000000 	867.309021 	870.127991 
28.800000 	123.025002 	868.000000 	867.309021 	870.127991 
28.900000 	123.025002 	868.000000 	867.309021 	870.127991 
29.000000 	123.025002 	868.000000 	867.309021 	870.127991 
29.100000 	123.025002 	868.000000 	867.309021 	870.127991 
29.200000 	123.025002 	868.000000 	867.309021 	870.127991 
29.300000 	123.025002 	868.000000 	867.309021 	870.127991 
29.400000 	123.025002 	868.000000 	867.309021 	870.127991 
29.500000 	123.040001 	868.000000 	867.301025 	870.106995 
29.600000 	123.040001 	868.000000 	867.301025 	870.106995 
29.700000 	123.040001 	868.000000 	867.301025 	870.106995 
29.800000 	123.040001 	868.000000 	867.301025 	870.106995 
29.900000 	123.040001 	868.000000 	867.301025 	870.106995 
30.000000 	123.040001 	868.000000 	867.301025 	870.106995 
30.100000 	123.040001 	868.000000 	867.301025 	870.106995 
30.200000 	123.040001 	868.000000 	867.301025 	870.106995 
30.300000 	123.040001 	868.000000 	867.301025 	870.106995 
30.400000 	123.040001 	868.000000 	867.301025 	870.106995 
30.500000 	123.054001 	868.000000 	867.293030 	870.085022 
30.600000 	123.054001 	868.000000 	867.293030 	870.085022 
30.700000 	123.054001 	868.000000 	867.293030 	870.085022 
30.800000 	123.054001 	868.000000 	867.293030 	870.085022 
30.900000 	123.054001 	868.000000 	867.293030 	870.085022 
31.000000 	123.054001 	868.000000 	867.293030 	870.085022 
31.100000 	123.054001 	868.000000 	867.293030 	870.085022 
31.200000 	123.054001 	868.000000 	867.293030 	870.085022 
31.300000 	123.054001 	868.000000 	867.293030 	870.085022 
31.400000 	123.054001 	868.000000 	867.293030 	870.085022 
31.500000 	123.067001 	868.000000 	867.283997 	870.060974 
31.600000 	123.067001 	868.000000 	867.283997 	870.060974 
31.700000 	123.067001 	868.000000 	867.283997 	870.060974 
31.800000 	123.067001 	868.000000 	867.283997 	870.060974 
31.900000 	123.067001 	868.000000 	867.283997 	870.060974 
32.000000 	123.067001 	868.000000 	867.283997 	870.060974 
32.100000 	123.067001 	868.000000 	867.283997 	870.060974 
32.200000 	123.067001 	868.000000 	867.283997 	870.060974 
32.300000 	123.067001 	868.000000 	867.283997 	870.060974 
32.400000 	123.067001 	868.000000 	867.283997 	870.060974 
32.500000 	123.079002 	868.000000 	867.276001 	870.036011 
32.600000 	123.079002 	868.000000 	867.276001 	870.036011 
32.700000 	123.079002 	868.000000 	867.276001 	870.036011 
32.800000 	123.079002 	868.000000 	867.276001 	870.036011 
32.900000 	123.079002 	868.000000 	867.276001 	870.036011 
33.000000 	123.079002 	868.000000 	867.276001 	870.036011 
33.100000 	123.079002 	868.000000 	867.276001 	870.036011 
33.200000 	123.079002 	868.000000 	867.276001 	870.036011 
33.300000 	123.079002 	868.000000 	867.276001 	870.036011 
33.400000 	123.079002 	868.000000 	867.276001 	870.036011 
33.500000 	123.089996 	868.000000 	867.267029 	870.010010 
33.600000 	123.089996 	868.000000 	867.267029 	870.010010 
33.700000 	123.089996 	868.000000 	867.267029 	870.010010 
33.800000 	123.089996 	868.000000 	867.267029 	870.010010 
33.900000 	123.089996 	868.000000 	867.267029 	870.010010 
34.000000 	123.089996 	868.000000 	867.267029 	870.010010 
34.100000 	123.089996 	868.000000 	867.267029 	870.010010 
34.200000 	123.089996 	868.000000 	867.267029 	870.010010 
34.300000 	123.089996 	868.000000 	867.267029 	870.010010 
34.400000 	123.089996 	868.000000 	867.267029 	870.010010 
34.500000 	123.100998 	868.000000 	867.257996 	869.982971 
34.600000 	123.100998 	868.000000 	867.257996 	869.982971 
34.700000 	123.100998 	868.000000 	867.257996 	869.982971 
34.800000 	123.100998 	868.000000 	867.257996 	869.982971 
34.900000 	123.100998 	868.000000 	867.257996 	869.982971 
35.000000 	123.100998 	868.000000 	867.257996 	869.982971 
35.100000 	123.100998 	868.000000 	867.257996 	869.982971 
35.200000 	123.100998 	868.000000 	867.257996 	869.982971 
35.300000 	123.100998 	868.000000 	867.257996 	869.982971 
35.400000 	123.100998 	868.000000 	867.257996 	869.982971 
35.500000 	123.112000 	868.000000 	867.249023 	869.953979 
35.600000 	123.112000 	868.000000 	867.249023 	869.953979 
35.700000 	123.112000 	868.000000 	867.249023 	869.953979 
35.800000 	123.112000 	868.000000 	867.249023 	869.953979 
35.900000 	123.112000 	868.000000 	867.249023 	869.953979 
36.000000 	123.112000 	868.000000 	867.249023 	869.953979 
36.100000 	123.112000 	868.000000 	867.249023 	869.953979 
36.200000 	123.112000 	868.000000 	867.249023 	869.953979 
36.300000 	123.112000 	868.000000 	867.249023 	869.953979 
36.400000 	123.112000 	868.000000 	867.249023 	869.953979 
36.500000 	123.122002 	868.000000 	867.239990 	869.924011 
36.600000 	123.122002 	868.000000 	867.239990 	869.924011 
36.700000 	123.122002 	868.000000 	867.239990 	869.924011 
36.800000 	123.122002 	868.000000 	867.239990 	869.924011 
36.900000 	123.122002 	868.000000 	867.239990 	869.924011 
37.000000 	123.122002 	868.000000 	867.239990 	869.924011 
37.100000 	123.122002 	868.000000 	867.239990 	869.924011 
37.200000 	123.122002 	868.000000 	867.239990 	869.924011 
37.300000 	123.122002 	868.000000 	867.239990 	869.924011 
37.400000 	123.122002 	868.000000 	867.239990 	869.924011 
37.500000 	123.130997 	868.000000 	867.231018 	869.893005 
37.600000 	123.130997 	868.000000 	867.231018 	869.893005 
37.700000 	123.130997 	868.000000 	867.231018 	869.893005 
37.800000 	123.130997 	868.000000 	867.231018 	869.893005 
37.900000 	123.130997 	868.000000 	867.231018 	869.893005 
38.000000 	123.130997 	868.000000 	867.231018 	869.893005 
38.100000 	123.130997 	868.000000 	867.231018 	869.893005 
38.200000 	123.130997 	868.000000 	867.231018 	869.893005 
38.300000 	123.130997 	868.000000 	867.231018 	869.893005 
38.400000 	123.130997 	868.000000 	867.231018 	869.893005 
38.500000 	123.139999 	868.000000 	867.221008 	869.859985 
38.600000 	123.139999 	868.000000 	867.221008 	869.859985 
38.700000 	123.139999 	868.000000 	867.221008 	869.859985 
38.800000 	123.139999 	868.000000 	867.221008 	869.859985 
38.900000 	123.139999 	868.000000 	867.221008 	869.859985 
39.000000 	123.139999 	868.000000 	867.221008 	869.859985 
39.100000 	123.139999 	868.000000 	867.221008 	869.859985 
39.200000 	123.139999 	868.000000 	867.221008 	869.859985 
39.300000 	123.139999 	868.000000 	867.221008 	869.859985 
39.400000 	123.139999 	868.000000 	867.221008 	869.859985 
39.500000 	123.149002 	868.000000 	867.210999 	869.825989 
39.600000 	123.149002 	868.000000 	867.210999 	869.825989 
39.700000 	123.149002 	868.000000 	867.210999 	869.825989 
39.800000 	123.149002 	868.000000 	867.210999 	869.825989 
39.900000 	123.149002 	868.000000 	867.210999 	869.825989 
40.000000 	123.149002 	868.000000 	867.210999 	869.825989 
40.100000 	123.149002 	868.000000 	867.210999 	869.825989 
40.200000 	123.149002 	868.000000 	867.210999 	869.825989 
40.300000 	123.149002 	868.000000 	867.210999 	869.825989 
40.400000 	123.149002 	868.000000 	867.210999 	869.825989 
40.500000 	123.156998 	868.000000 	867.200989 	869.791016 
40.600000 	123.156998 	868.000000 	867.200989 	869.791016 
40.700000 	123.156998 	868.000000 	867.200989 	869.791016 
40.800000 	123.156998 	868.000000 	867.200989 	869.791016 
40.900000 	123.156998 	868.000000 	867.200989 	869.791016 
41.000000 	123.156998 	868.000000 	867.200989 	869.791016 
41.100000 	123.156998 	868.000000 	867.200989 	869.791016 
41.200000 	123.156998 	868.000000 	867.200989 	869.791016 
41.300000 	123.156998 	868.000000 	867.200989 	869.791016 
41.400000 	123.156998 	868.000000 	867.200989 	869.791016 
41.500000 	123.165001 	868.000000 	867.190002 	869.754028 
41.600000 	123.165001 	868.000000 	867.190002 	869.754028 
41.700000 	123.165001 	868.000000 	867.190002 	869.754028 
41.800000 	123.165001 	868.000000 	867.190002 	869.754028 
41.900000 	123.165001 	868.000000 	867.190002 	869.754028 
42.000000 	123.165001 	868.000000 	867.190002 	869.754028 
42.100000 	123.165001 	868.000000 	867.190002 	869.754028 
42.200000 	123.165001 	868.000000 	867.190002 	869.754028 
42.300000 	123.165001 	868.000000 	867.190002 	869.754028 
42.400000 	123.165001 	868.000000 	867.190002 	869.754028 
42.500000 	123.171997 	868.000000 	867.179016 	869.715027 
42.600000 	123.171997 	868.000000 	867.179016 	869.715027 
42.700000 	123.171997 	868.000000 	867.179016 	869.715027 
42.800000 	123.171997 	868.000000 	867.179016 	869.715027 
42.900000 	123.171997 	868.000000 	867.179016 	869.715027 
43.000000 	123.171997 	868.000000 	867.179016 	869.715027 
43.100000 	123.171997 	868.000000 	867.179016 	869.715027 
43.200000 	123.171997 	868.000000 	867.179016 	869.715027 
43.300000 	123.171997 	868.000000 	867.179016 	869.715027 
43.400000 	123.171997 	868.000000 	867.179016 	869.715027 
43.500000 	123.180000 	868.000000 	867.168030 	869.674988 
43.600000 	123.180000 	868.000000 	867.168030 	869.674988 
43.700000 	123.180000 	868.000000 	867.168030 	869.674988 
43.800000 	123.180000 	868.000000 	867.168030 	869.674988 
43.900000 	123.180000 	868.000000 	867.168030 	869.674988 
44.000000 	123.180000 	868.000000 	867.168030 	869.674988 
44.100000 	123.180000 	868.000000 	867.168030 	869.674988 
44.200000 	123.180000 	868.000000 	867.168030 	869.674988 
44.300000 	123.180000 	868.000000 	867.168030 	869.674988 
44.400000 	123.180000 	868.000000 	867.168030 	869.674988 
44.500000 	123.186996 	868.000000 	867.156982 	869.632996 
44.600000 	123.186996 	868.000000 	867.156982 	869.632996 
44.700000 	123.186996 	868.000000 	867.156982 	869.632996 
44.800000 	123.186996 	868.000000 	867.156982 	869.632996 
44.900000 	123.186996 	868.000000 	867.156982 	869.632996 
45.000000 	123.186996 	868.000000 	867.156982 	869.632996 
45.100000 	123.186996 	868.000000 	867.156982 	869.632996 
45.200000 	123.186996 	868.000000 	867.156982 	869.632996 
45.300000 	123.186996 	868.000000 	867.156982 	869.632996 
45.400000 	123.186996 	868.000000 	867.156982 	869.632996 
45.500000 	123.194000 	868.000000 	867.145996 	869.588013 
45.600000 	123.194000 	868.000000 	867.145996 	869.588013 
45.700000 	123.194000 	868.000000 	867.145996 	869.588013 
45.800000 	123.194000 	868.000000 	867.145996 	869.588013 
45.900000 	123.194000 	868.000000 	867.145996 	869.588013 
46.000000 	123.194000 	868.000000 	867.145996 	869.588013 
46.100000 	123.194000 	868.000000 	867.145996 	869.588013 
46.200000 	123.194000 	868.000000 	867.145996 	869.588013 
46.300000 	123.194000 	868.000000 	867.145996 	869.588013 
46.400000 	123.194000 	868.000000 	867.145996 	869.588013 
46.500000 	123.200996 	868.000000 	867.133972 	869.541992 
46.600000 	123.200996 	868.000000 	867.133972 	869.541992 
46.700000 	123.200996 	868.000000 	867.133972 	869.541992 
46.800000 	123.200996 	868.000000 	867.133972 	869.541992 
46.900000 	123.200996 	868.000000 	867.133972 	869.541992 
47.000000 	123.200996 	868.000000 	867.133972 	869.541992 
47.100000 	123.200996 	868.000000 	867.133972 	869.541992 
47.200000 	123.200996 	868.000000 	867.133972 	869.541992 
47.300000 	123.200996 	868.000000 	867.133972 	869.541992 
47.400000 	123.200996 	868.000000 	867.133972 	869.541992 
47.500000 	123.207001 	868.000000 	867.120972 	869.494019 
47.600000 	123.207001 	868.000000 	867.120972 	869.494019 
47.700000 	123.207001 	868.000000 	867.120972 	869.494019 
47.800000 	123.207001 	868.000000 	867.120972 	869.494019 
47.900000 	123.207001 	868.000000 	867.120972 	869.494019 
48.000000 	123.207001 	868.000000 	867.120972 	869.494019 
48.100000 	123.207001 	868.000000 	867.120972 	869.494019 
48.200000 	123.207001 	868.000000 	867.120972 	869.494019 
48.300000 	123.207001 	868.000000 	867.120972 	869.494019 
48.400000 	123.207001 	868.000000 	867.120972 	869.494019 
48.500000 	123.213997 	868.000000 	867.109009 	869.442993 
48.600000 	123.213997 	868.000000 	867.109009 	869.442993 
48.700000 	123.213997 	868.000000 	867.109009 	869.442993 
48.800000 	123.213997 	868.000000 	867.109009 	869.442993 
48.900000 	123.213997 	868.000000 	867.109009 	869.442993 
49.000000 	123.213997 	868.000000 	867.109009 	869.442993 
49.100000 	123.213997 	868.000000 	867.109009 	869.442993 
49.200000 	123.213997 	868.000000 	867.109009 	869.442993 
49.300000 	123.213997 	868.000000 	867.109009 	869.442993 
49.400000 	123.213997 	868.000000 	867.109009 	869.442993 
49.500000 	123.220001 	868.000000 	867.096008 	869.388977 
49.600000 	123.220001 	868.000000 	867.096008 	869.388977 
49.700000 	123.220001 	868.000000 	867.096008 	869.388977 
49.800000 	123.220001 	868.000000 	867.096008 	869.388977 
49.900000 	123.220001 	868.000000 	867.096008 	869.388977 
50.000000 	123.220001 	868.000000 	867.096008 	869.388977 
50.100000 	123.220001 	868.000000 	867.096008 	869.388977 
50.200000 	123.220001 	868.000000 	867.096008 	869.388977 
50.300000 	123.220001 	868.000000 	867.096008 	869.388977 
50.400000 	123.220001 	868.000000 	867.096008 	869.388977 
50.500000 	123.225998 	868.000000 	867.083008 	1006.030029 
50.600000 	123.225998 	868.000000 	867.083008 	1006.030029 
50.700000 	123.225998 	868.000000 	867.083008 	1006.030029 
50.800000 	123.225998 	868.000000 	867.083008 	1006.030029 
50.900000 	123.225998 	868.000000 	867.083008 	1006.030029 
51.000000 	123.225998 	868.000000 	867.083008 	1006.030029 
51.100000 	123.225998 	868.000000 	867.083008 	1006.030029 
51.200000 	123.225998 	868.000000 	867.083008 	1006.030029 
51.300000 	123.225998 	868.000000 	867.083008 	1006.030029 
51.400000 	123.225998 	868.000000 	867.083008 	1006.030029 
51.500000 	123.232002 	868.000000 	867.070007 	1006.030029 
51.600000 	123.232002 	868.000000 	867.070007 	1006.030029 
51.700000 	123.232002 	868.000000 	867.070007 	1006.030029 
51.800000 	123.232002 	868.000000 	867.070007 	1006.030029 
51.900000 	123.232002 	868.000000 	867.070007 	1006.030029 
52.000000 	123.232002 	868.000000 	867.070007 	1006.030029 
52.100000 	123.232002 	868.000000 	867.070007 	1006.030029 
52.200000 	123.232002 	868.000000 	867.070007 	1006.030029 
52.300000 	123.232002 	868.000000 	867.070007 	1006.030029 
52.400000 	123.232002 	868.000000 	867.070007 	1006.030029 
52.500000 	123.237999 	868.000000 	867.056030 	1006.030029 
52.600000 	123.237999 	868.000000 	867.056030 	1006.030029 
52.700000 	123.237999 	868.000000 	867.056030 	1006.030029 
52.800000 	123.237999 	868.000000 	867.056030 	1006.030029 
52.900000 	123.237999 	868.000000 	867.056030 	1006.030029 
53.000000 	123.237999 	868.000000 	867.056030 	1006.030029 
53.100000 	123.237999 	868.000000 	867.056030 	1006.030029 
53.200000 	123.237999 	868.000000 	867.056030 	1006.030029 
53.300000 	123.237999 	868.000000 	867.056030 	1006.030029 
53.400000 	123.237999 	868.000000 	867.056030 	1006.030029 
53.500000 	123.244003 	868.000000 	867.041992 	1006.030029 
53.600000 	123.244003 	868.000000 	867.041992 	1006.030029 
53.700000 	123.244003 	868.000000 	867.041992 	1006.030029 
53.800000 	123.244003 	868.000000 	867.041992 	1006.030029 
53.900000 	123.244003 	868.000000 	867.041992 	1006.030029 
54.000000 	123.244003 	868.000000 	867.041992 	1006.030029 
54.100000 	123.244003 	868.000000 	867.041992 	1006.030029 
54.200000 	123.244003 	868.000000 	867.041992 	1006.030029 
54.300000 	123.244003 	868.000000 	867.041992 	1006.030029 
54.400000 	123.244003 	868.000000 	867.041992 	1006.030029 
54.500000 	123.249001 	868.000000 	867.026978 	1006.030029 
54.600000 	123.249001 	868.000000 	867.026978 	1006.030029 
54.700000 	123.249001 	868.000000 	867.026978 	1006.030029 
54.800000 	123.249001 	868.000000 	867.026978 	1006.030029 
54.900000 	123.249001 	868.000000 	867.026978 	1006.030029 
55.000000 	123.249001 	868.000000 	867.026978 	1006.030029 
55.100000 	123.249001 	868.000000 	867.026978 	1006.030029 
55.200000 	123.249001 	868.000000 	867.026978 	1006.030029 
55.300000 	123.249001 	868.000000 	867.026978 	1006.030029 
55.400000 	123.249001 	868.000000 	867.026978 	1006.030029 
55.500000 	123.254997 	868.000000 	867.012024 	1006.030029 
55.600000 	123.254997 	868.000000 	867.012024 	1006.030029 
55.700000 	123.254997 	868.000000 	867.012024 	1006.030029 
55.800000 	123.254997 	868.000000 	867.012024 	1006.030029 
55.900000 	123.254997 	868.000000 	867.012024 	1006.030029 
56.000000 	123.254997 	868.000000 	867.012024 	1006.030029 
56.100000 	123.254997 	868.000000 	867.012024 	1006.030029 
56.200000 	123.254997 	868.000000 	867.012024 	1006.030029 
56.300000 	123.254997 	868.000000 	867.012024 	1006.030029 
56.400000 	123.254997 	868.000000 	867.012024 	1006.030029 
56.500000 	123.260002 	868.000000 	866.997009 	1006.030029 
56.600000 	123.260002 	868.000000 	866.997009 	1006.030029 
56.700000 	123.260002 	868.000000 	866.997009 	1006.030029 
56.800000 	123.260002 	868.000000 	866.997009 	1006.030029 
56.900000 	123.260002 	868.000000 	866.997009 	1006.030029 
57.000000 	123.260002 	868.000000 	866.997009 	1006.030029 
57.100000 	123.260002 	868.000000 	866.997009 	1006.030029 
57.200000 	123.260002 	868.000000 	866.997009 	1006.030029 
57.300000 	123.260002 	868.000000 	866.997009 	1006.030029 
57.400000 	123.260002 	868.000000 	866.997009 	1006.030029 
57.500000 	123.264999 	868.000000 	866.981995 	1006.030029 
57.600000 	123.264999 	868.000000 	866.981995 	1006.030029 
57.700000 	123.264999 	868.000000 	866.981995 	1006.030029 
57.800000 	123.264999 	868.000000 	866.981995 	1006.030029 
57.900000 	123.264999 	868.000000 	866.981995 	1006.030029 
58.000000 	123.264999 	868.000000 	866.981995 	1006.030029 
58.100000 	123.264999 	868.000000 	866.981995 	1006.030029 
58.200000 	123.264999 	868.000000 	866.981995 	1006.030029 
58.300000 	123.264999 	868.000000 	866.981995 	1006.030029 
58.400000 	123.264999 	868.000000 	866.981995 	1006.030029 
58.500000 	123.269997 	868.000000 	866.966003 	1006.030029 
58.600000 	123.269997 	868.000000 	866.966003 	1006.030029 
58.700000 	123.269997 	868.000000 	866.966003 	1006.030029 
58.800000 	123.269997 	868.000000 	866.966003 	1006.030029 
58.900000 	123.269997 	868.000000 	866.966003 	1006.030029 
59.000000 	123.269997 	868.000000 	866.966003 	1006.030029 
59.100000 	123.269997 	868.000000 	866.966003 	1006.030029 
59.200000 	123.269997 	868.000000 	866.966003 	1006.030029 
59.300000 	123.269997 	868.000000 	866.966003 	1006.030029 
59.400000 	123.269997 	868.000000 	866.966003 	1006.030029 
59.500000 	123.275002 	868.000000 	866.950012 	1006.030029 
59.600000 	123.275002 	868.000000 	866.950012 	1006.030029 
59.700000 	123.275002 	868.000000 	866.950012 	1006.030029 
59.800000 	123.275002 	868.000000 	866.950012 	1006.030029 
59.900000 	123.275002 	868.000000 	866.950012 	1006.030029 
60.000000 	123.275002 	868.000000 	866.950012 	1006.030029 
